"sample" "plan" "start" "end" "min" "max" "mean" "temperature (C)" "humidity (%RH)" "pressure (mbar)" "planmts" "startmts" "endmts" "minmts" "maxmts" "meanmts" "profile"
"241" 1 14500 14417 14467 14389 14560 14462 6.24 56.41 598.1 4419.6 4394.3016 4409.5416 4385.7672 4437.888 4408.0176 "ALF_2011_01_24"
"242" 2 13000 12881 12921 12876 12962 12934 9.79 51.69 632.9 3962.4 3926.1288 3938.3208 3924.6048 3950.8176 3942.2832 "ALF_2011_01_24"
"243" 3 11500 11490 11338 11285 11465 11363 11.89 51.86 670.9 3505.2 3502.152 3455.8224 3439.668 3494.532 3463.4424 "ALF_2011_01_24"
"244" 4 10000 9968 9988 9979 10081 10035 14.09 51.73 705.3 3048 3038.2464 3044.3424 3041.5992 3072.6888 3058.668 "ALF_2011_01_24"
"245" 5 8500 8525 8425 8438 8512 8462 16 60.91 746.1 2590.8 2598.42 2567.94 2571.9024 2594.4576 2579.2176 "ALF_2011_01_24"
"246" 6 7000 6962 6854 6918 7014 6973 18.64 60.44 789.4 2133.6 2122.0176 2089.0992 2108.6064 2137.8672 2125.3704 "ALF_2011_01_24"
"247" 7 6000 5957 6025 5826 5952 5897 19.9 59.85 813.7 1828.8 1815.6936 1836.42 1775.7648 1814.1696 1797.4056 "ALF_2011_01_24"
"248" 8 5000 4955 4959 4960 5076 5028 21.05 70.85 844.8 1524 1510.284 1511.5032 1511.808 1547.1648 1532.5344 "ALF_2011_01_24"
"249" 9 4000 3954 4083 3947 4035 3993 23.21 63.03 872 1219.2 1205.1792 1244.4984 1203.0456 1229.868 1217.0664 "ALF_2011_01_24"
"250" 10 3000 2960 3053 2992 3110 3062 25.43 64.79 903.3 914.4 902.208 930.5544 911.9616 947.928 933.2976 "ALF_2011_01_24"
"251" 11 2000 1961 2024 1949 2128 2054 27.78 63.87 937.1 609.6 597.7128 616.9152 594.0552 648.6144 626.0592 "ALF_2011_01_24"
"252" 12 1500 1467 1462 1447 1512 1486 29.31 57.56 955.1 457.2 447.1416 445.6176 441.0456 460.8576 452.9328 "ALF_2011_01_24"
"265" 1 14500 14534 14346 14375 14529 14444 6.73 66.33 599.3 4419.6 4429.9632 4372.6608 4381.5 4428.4392 4402.5312 "ALF_2011_05_17"
"266" 2 13000 12902 12978 12843 13022 12938 9.54 66.74 631.2 3962.4 3932.5296 3955.6944 3914.5464 3969.1056 3943.5024 "ALF_2011_05_17"
"267" 3 11500 11382 11254 11281 11424 11349 11.92 59.67 672.4 3505.2 3469.2336 3430.2192 3438.4488 3482.0352 3459.1752 "ALF_2011_05_17"
"268" 4 10000 9988 9972 10001 10086 10042 14.16 58.07 704.8 3048 3044.3424 3039.4656 3048.3048 3074.2128 3060.8016 "ALF_2011_05_17"
"269" 5 8500 8461 8426 8415 8497 8460 15.44 62.86 745.8 2590.8 2578.9128 2568.2448 2564.892 2589.8856 2578.608 "ALF_2011_05_17"
"270" 6 7000 6940 6868 6803 6926 6868 18.37 57.49 788.6 2133.6 2115.312 2093.3664 2073.5544 2111.0448 2093.3664 "ALF_2011_05_17"
"271" 7 6000 6003 6015 5997 6115 6045 19.38 69.26 813.1 1828.8 1829.7144 1833.372 1827.8856 1863.852 1842.516 "ALF_2011_05_17"
"272" 8 5000 5001 4949 4899 5022 4964 20.75 70.02 844.8 1524 1524.3048 1508.4552 1493.2152 1530.7056 1513.0272 "ALF_2011_05_17"
"273" 9 4000 3985 3763 3763 3957 3836 22.42 72.29 881 1219.2 1214.628 1146.9624 1146.9624 1206.0936 1169.2128 "ALF_2011_05_17"
"274" 10 3000 2968 3000 2953 3040 2986 23.71 74.83 905.2 914.4 904.6464 914.4 900.0744 926.592 910.1328 "ALF_2011_05_17"
"275" 11 2000 1974 2022 1948 1993 1966 25.63 67.93 937.2 609.6 601.6752 616.3056 593.7504 607.4664 599.2368 "ALF_2011_05_17"
"276" 12 1500 1484 1390 1342 1468 1384 26.6 67.07 960.6 457.2 452.3232 423.672 409.0416 447.4464 421.8432 "ALF_2011_05_17"
"277" 1 14500 14469 14534 14406 14480 14432 7.8 14.09 598.2 4419.6 4410.1512 4429.9632 4390.9488 4413.504 4398.8736 "ALF_2011_06_19"
"278" 2 13000 12955 12721 12655 12944 12804 10.85 17.02 639.2 3962.4 3948.684 3877.3608 3857.244 3945.3312 3902.6592 "ALF_2011_06_19"
"279" 3 11500 11513 11342 11321 11485 11377 13.7 11.69 672.4 3505.2 3509.1624 3457.0416 3450.6408 3500.628 3467.7096 "ALF_2011_06_19"
"280" 4 10000 9995 10001 9990 10103 10035 14.4 20.25 706.6 3048 3046.476 3048.3048 3044.952 3079.3944 3058.668 "ALF_2011_06_19"
"281" 5 8500 8464 8499 8455 8535 8501 16.21 39.86 745.9 2590.8 2579.8272 2590.4952 2577.084 2601.468 2591.1048 "ALF_2011_06_19"
"282" 6 7000 6983 7008 6913 7062 7001 17.73 59.56 787.8 2133.6 2128.4184 2136.0384 2107.0824 2152.4976 2133.9048 "ALF_2011_06_19"
"283" 7 6000 5947 5944 5963 6063 6001 19.35 67.51 817.9 1828.8 1812.6456 1811.7312 1817.5224 1848.0024 1829.1048 "ALF_2011_06_19"
"284" 8 5000 4968 5024 4949 5010 4979 21.68 61.63 844.8 1524 1514.2464 1531.3152 1508.4552 1527.048 1517.5992 "ALF_2011_06_19"
"285" 9 4000 4000 4083 3953 4035 3990 24.18 54.28 874.4 1219.2 1219.2 1244.4984 1204.8744 1229.868 1216.152 "ALF_2011_06_19"
"286" 10 3000 2948 3019 2971 3033 3008 26.61 51.37 907 914.4 898.5504 920.1912 905.5608 924.4584 916.8384 "ALF_2011_06_19"
"287" 11 2000 1959 2081 1938 2110 2013 28.81 48.72 937 609.6 597.1032 634.2888 590.7024 643.128 613.5624 "ALF_2011_06_19"
"288" 12 1500 1457 1624 1433 1637 1541 30.21 47.55 952.9 457.2 444.0936 494.9952 436.7784 498.9576 469.6968 "ALF_2011_06_19"
"289" 1 14500 14491 14231 14349 14614 14487 7.28 13.24 604.1 4419.6 4416.8568 4337.6088 4373.5752 4454.3472 4415.6376 "ALF_2011_07_20"
"290" 2 13000 12990 12939 12868 13034 12929 8.75 12.04 634.6 3962.4 3959.352 3943.8072 3922.1664 3972.7632 3940.7592 "ALF_2011_07_20"
"291" 3 11500 11460 11402 11396 11505 11433 10.83 22.78 671.4 3505.2 3493.008 3475.3296 3473.5008 3506.724 3484.7784 "ALF_2011_07_20"
"292" 4 10000 10020 9720 9788 10020 9894 12.81 39.66 714.3 3048 3054.096 2962.656 2983.3824 3054.096 3015.6912 "ALF_2011_07_20"
"293" 5 8500 8468 8526 8459 8543 8495 15.84 35.5 746.7 2590.8 2581.0464 2598.7248 2578.3032 2603.9064 2589.276 "ALF_2011_07_20"
"294" 6 7000 6904 6992 6867 6958 6897 18.55 51.89 788.9 2133.6 2104.3392 2131.1616 2093.0616 2120.7984 2102.2056 "ALF_2011_07_20"
"295" 7 6000 5958 5947 5933 6010 5979 20.92 50.76 818.9 1828.8 1815.9984 1812.6456 1808.3784 1831.848 1822.3992 "ALF_2011_07_20"
"296" 8 5000 4976 5300 4935 5303 5123 22.85 48.81 838 1524 1516.6848 1615.44 1504.188 1616.3544 1561.4904 "ALF_2011_07_20"
"297" 9 4000 3956 4040 3837 4017 3902 25.7 49.23 875.8 1219.2 1205.7888 1231.392 1169.5176 1224.3816 1189.3296 "ALF_2011_07_20"
"298" 10 3000 2972 3076 2912 3129 2992 28.05 44.17 906 914.4 905.8656 937.5648 887.5776 953.7192 911.9616 "ALF_2011_07_20"
"299" 11 2000 1979 1948 1960 2033 2000 30.83 39.24 941.1 609.6 603.1992 593.7504 597.408 619.6584 609.6 "ALF_2011_07_20"
"300" 12 1500 1483 1587 1395 1599 1497 32.34 36.54 954.2 457.2 452.0184 483.7176 425.196 487.3752 456.2856 "ALF_2011_07_20"
"325" 1 14500 14508 14469 14439 14528 14484 7.48 51.73 599.3 4419.6 4422.0384 4410.1512 4401.0072 4428.1344 4414.7232 "ALF_2011_11_02"
"326" 2 13000 13030 13008 12984 13035 13005 9.57 54.89 633 3962.4 3971.544 3964.8384 3957.5232 3973.068 3963.924 "ALF_2011_11_02"
"327" 3 11500 11426 11505 11410 11526 11473 11.96 59.09 668.7 3505.2 3482.6448 3506.724 3477.768 3513.1248 3496.9704 "ALF_2011_11_02"
"328" 4 10000 10164 10075 9983 10151 10064 13.4 63.23 705.3 3048 3097.9872 3070.86 3042.8184 3094.0248 3067.5072 "ALF_2011_11_02"
"329" 5 8500 8584 8512 8370 8572 8445 15.9 62.77 747.1 2590.8 2616.4032 2594.4576 2551.176 2612.7456 2574.036 "ALF_2011_11_02"
"330" 6 7000 7080 7023 7061 7085 7073 17.75 67.6 788.1 2133.6 2157.984 2140.6104 2152.1928 2159.508 2155.8504 "ALF_2011_11_02"
"331" 7 6000 6158 6024 5948 6137 6009 18.92 66.39 817.4 1828.8 1876.9584 1836.1152 1812.9504 1870.5576 1831.5432 "ALF_2011_11_02"
"332" 8 5000 5103 4886 4970 5092 5017 20.9 70.16 850.7 1524 1555.3944 1489.2528 1514.856 1552.0416 1529.1816 "ALF_2011_11_02"
"333" 9 4000 4052 3946 3919 4026 3956 22.45 76.53 879.9 1219.2 1235.0496 1202.7408 1194.5112 1227.1248 1205.7888 "ALF_2011_11_02"
"334" 10 3000 3098 2949 2991 3072 3010 24.71 68.03 911.2 914.4 944.2704 898.8552 911.6568 936.3456 917.448 "ALF_2011_11_02"
"335" 11 2000 2085 2038 1991 2058 2018 26.94 64.08 939.5 609.6 635.508 621.1824 606.8568 627.2784 615.0864 "ALF_2011_11_02"
"336" 12 1500 1562 1536 1530 1556 1548 26.88 65.86 956.5 457.2 476.0976 468.1728 466.344 474.2688 471.8304 "ALF_2011_11_02"
"337" 1 14500 14554 14596 14465 14584 14537 7.45 61.94 595.4 4419.6 4436.0592 4448.8608 4408.932 4445.2032 4430.8776 "ALF_2011_12_18"
"338" 2 13000 12787 13095 12807 13053 12978 7.84 77.13 629.8 3962.4 3897.4776 3991.356 3903.5736 3978.5544 3955.6944 "ALF_2011_12_18"
"339" 3 11500 11500 11425 11255 11466 11315 11.13 73.33 669.8 3505.2 3505.2 3482.34 3430.524 3494.8368 3448.812 "ALF_2011_12_18"
"340" 4 10000 10106 10260 9989 10215 10101 12.87 68.15 699.5 3048 3080.3088 3127.248 3044.6472 3113.532 3078.7848 "ALF_2011_12_18"
"341" 5 8500 8574 8430 8520 8650 8562 14.85 67.89 747.6 2590.8 2613.3552 2569.464 2596.896 2636.52 2609.6976 "ALF_2011_12_18"
"342" 6 7000 6940 6940 6904 6947 6917 16.79 77.33 788.7 2133.6 2115.312 2115.312 2104.3392 2117.4456 2108.3016 "ALF_2011_12_18"
"343" 7 6000 5974 5960 5835 5953 5882 18.82 71.23 817.8 1828.8 1820.8752 1816.608 1778.508 1814.4744 1792.8336 "ALF_2011_12_18"
"344" 8 5000 4960 5046 4949 5091 5022 20.7 68.99 844.5 1524 1511.808 1538.0208 1508.4552 1551.7368 1530.7056 "ALF_2011_12_18"
"345" 9 4000 4048 4094 3997 4101 4057 22.11 77.44 874 1219.2 1233.8304 1247.8512 1218.2856 1249.9848 1236.5736 "ALF_2011_12_18"
"346" 10 3000 3005 2956 2924 3023 2976 23.59 78.22 910.1 914.4 915.924 900.9888 891.2352 921.4104 907.0848 "ALF_2011_12_18"
"347" 11 2000 2039 1923 2012 2060 2034 24.43 83.53 942.7 609.6 621.4872 586.1304 613.2576 627.888 619.9632 "ALF_2011_12_18"
"348" 12 1500 1495 1529 1489 1502 1496 25.8 78.87 956.5 457.2 455.676 466.0392 453.8472 457.8096 455.9808 "ALF_2011_12_18"
"349" 1 14500 14398 14460 14366 14441 14399 6.61 66.03 596.9 4419.6 4388.5104 4407.408 4378.7568 4401.6168 4388.8152 "ALF_2011_03_01"
"350" 2 13000 12868 12914 12869 12980 12912 9.56 58.07 632 3962.4 3922.1664 3936.1872 3922.4712 3956.304 3935.5776 "ALF_2011_03_01"
"351" 3 11500 11413 11366 11414 11515 11475 12.22 62.3 669 3505.2 3478.6824 3464.3568 3478.9872 3509.772 3497.58 "ALF_2011_03_01"
"352" 4 10000 9988 10004 9932 10033 9969 14.33 61.65 703.2 3048 3044.3424 3049.2192 3027.2736 3058.0584 3038.5512 "ALF_2011_03_01"
"353" 5 8500 8466 8453 8425 8490 8462 16.43 61.38 743.7 2590.8 2580.4368 2576.4744 2567.94 2587.752 2579.2176 "ALF_2011_03_01"
"354" 6 7000 6948 7034 6914 6982 6960 18.2 68.39 783.2 2133.6 2117.7504 2143.9632 2107.3872 2128.1136 2121.408 "ALF_2011_03_01"
"355" 7 6000 5969 5882 5825 5977 5916 19.02 72.34 815.6 1828.8 1819.3512 1792.8336 1775.46 1821.7896 1803.1968 "ALF_2011_03_01"
"356" 8 5000 4967 4857 4915 4960 4945 21.82 65.01 845.7 1524 1513.9416 1480.4136 1498.092 1511.808 1507.236 "ALF_2011_03_01"
"357" 9 4000 3941 3985 3974 4085 4031 23.57 72.76 872.3 1219.2 1201.2168 1214.628 1211.2752 1245.108 1228.6488 "ALF_2011_03_01"
"358" 10 3000 2979 2936 2913 3025 2980 25.49 66.18 905.2 914.4 907.9992 894.8928 887.8824 922.02 908.304 "ALF_2011_03_01"
"359" 11 2000 1990 1934 1932 1986 1951 28.04 60.89 937.3 609.6 606.552 589.4832 588.8736 605.3328 594.6648 "ALF_2011_03_01"
"360" 12 1500 1444 1518 1426 1488 1461 29.47 55.84 950.3 457.2 440.1312 462.6864 434.6448 453.5424 445.3128 "ALF_2011_03_01"
"361" 1 14500 14475 14178 14173 14467 14317 8.27 22.48 604.5 4419.6 4411.98 4321.4544 4319.9304 4409.5416 4363.8216 "ALF_2011_04_16"
"362" 2 13000 12987 12988 12889 13054 12958 10.21 24.95 632 3962.4 3958.4376 3958.7424 3928.5672 3978.8592 3949.5984 "ALF_2011_04_16"
"363" 3 11500 11395 11475 11411 11517 11472 12.85 29.82 668.1 3505.2 3473.196 3497.58 3478.0728 3510.3816 3496.6656 "ALF_2011_04_16"
"364" 4 10000 9926 9853 9893 9978 9936 13.13 23.03 709.2 3048 3025.4448 3003.1944 3015.3864 3041.2944 3028.4928 "ALF_2011_04_16"
"365" 5 8500 8429 8511 8311 8434 8375 16.01 62.56 743.5 2590.8 2569.1592 2594.1528 2533.1928 2570.6832 2552.7 "ALF_2011_04_16"
"366" 6 7000 6929 6885 6937 7043 6999 18.61 55.95 788.8 2133.6 2111.9592 2098.548 2114.3976 2146.7064 2133.2952 "ALF_2011_04_16"
"367" 7 6000 5912 6045 5880 6058 5967 20.37 65.37 813.8 1828.8 1801.9776 1842.516 1792.224 1846.4784 1818.7416 "ALF_2011_04_16"
"368" 8 5000 4871 4875 4815 4905 4867 23.12 61.29 847.6 1524 1484.6808 1485.9 1467.612 1495.044 1483.4616 "ALF_2011_04_16"
"369" 9 4000 3921 3901 3761 3928 3840 25.53 53.34 877.5 1219.2 1195.1208 1189.0248 1146.3528 1197.2544 1170.432 "ALF_2011_04_16"
"370" 10 3000 2915 3090 2943 3073 3027 27.9 51.91 902 914.4 888.492 941.832 897.0264 936.6504 922.6296 "ALF_2011_04_16"
"371" 11 2000 1926 1955 1958 2021 2002 30.72 45.52 937.7 609.6 587.0448 595.884 596.7984 616.0008 610.2096 "ALF_2011_04_16"
"372" 12 1500 1426 1502 1383 1502 1427 31.98 40.68 953.1 457.2 434.6448 457.8096 421.5384 457.8096 434.9496 "ALF_2011_04_16"
"409" 1 14500 14420 14505 14447 14696 14566 7.48 15.36 598.9 4419.6 4395.216 4421.124 4403.4456 4479.3408 4439.7168 "ALF_2011_08_23"
"410" 2 13000 12954 12917 12876 12955 12922 7.9 39.49 635.7 3962.4 3948.3792 3937.1016 3924.6048 3948.684 3938.6256 "ALF_2011_08_23"
"411" 3 11500 11447 11500 11456 11503 11475 10.4 41.25 670.2 3505.2 3489.0456 3505.2 3491.7888 3506.1144 3497.58 "ALF_2011_08_23"
"412" 4 10000 9941 9875 9910 10006 9948 13.81 34.18 711.1 3048 3030.0168 3009.9 3020.568 3049.8288 3032.1504 "ALF_2011_08_23"
"413" 5 8500 8450 8732 8502 8765 8677 16.49 26.15 742 2590.8 2575.56 2661.5136 2591.4096 2671.572 2644.7496 "ALF_2011_08_23"
"414" 6 7000 6986 7123 7012 7132 7075 18.47 58.72 785.5 2133.6 2129.3328 2171.0904 2137.2576 2173.8336 2156.46 "ALF_2011_08_23"
"415" 7 6000 5975 5914 5974 6044 6006 20.93 52.39 820.1 1828.8 1821.18 1802.5872 1820.8752 1842.2112 1830.6288 "ALF_2011_08_23"
"416" 8 5000 4977 5050 4924 5120 5052 23.13 49.22 846 1524 1516.9896 1539.24 1500.8352 1560.576 1539.8496 "ALF_2011_08_23"
"417" 9 4000 3963 3956 3931 4074 4012 24.69 46.9 878.2 1219.2 1207.9224 1205.7888 1198.1688 1241.7552 1222.8576 "ALF_2011_08_23"
"418" 10 3000 3054 3267 2920 3198 3053 26.96 39.74 901 914.4 930.8592 995.7816 890.016 974.7504 930.5544 "ALF_2011_08_23"
"419" 11 2000 1947 2248 1937 2300 2151 29.37 36.41 933 609.6 593.4456 685.1904 590.3976 701.04 655.6248 "ALF_2011_08_23"
"420" 12 1500 1485 1466 1429 1525 1479 31.37 32.2 958 457.2 452.628 446.8368 435.5592 464.82 450.7992 "ALF_2011_08_23"
"421" 1 14500 14469 14635 14464 14671 14598 7.85 30.78 595.5 4419.6 4410.1512 4460.748 4408.6272 4471.7208 4449.4704 "ALF_2011_09_17"
"422" 2 13000 13078 12857 12801 13098 12962 10.66 29.75 635.9 3962.4 3986.1744 3918.8136 3901.7448 3992.2704 3950.8176 "ALF_2011_09_17"
"423" 3 11500 11469 11342 11397 11540 11463 11.92 9.77 672.1 3505.2 3495.7512 3457.0416 3473.8056 3517.392 3493.9224 "ALF_2011_09_17"
"424" 4 10000 9899 9909 9928 9987 9964 13.15 48.56 708.7 3048 3017.2152 3020.2632 3026.0544 3044.0376 3037.0272 "ALF_2011_09_17"
"425" 5 8500 8431 8365 8369 8477 8406 16.18 52.07 749.8 2590.8 2569.7688 2549.652 2550.8712 2583.7896 2562.1488 "ALF_2011_09_17"
"426" 6 7000 6946 6923 6912 6977 6948 19.52 55.15 790.1 2133.6 2117.1408 2110.1304 2106.7776 2126.5896 2117.7504 "ALF_2011_09_17"
"427" 7 6000 5931 5971 5862 6003 5945 22.26 53.04 816.9 1828.8 1807.7688 1819.9608 1786.7376 1829.7144 1812.036 "ALF_2011_09_17"
"428" 8 5000 4947 4945 4904 4946 4919 24.41 51.99 847.7 1524 1507.8456 1507.236 1494.7392 1507.5408 1499.3112 "ALF_2011_09_17"
"429" 9 4000 3952 4031 3913 4069 3991 26.91 48.32 875.5 1219.2 1204.5696 1228.6488 1192.6824 1240.2312 1216.4568 "ALF_2011_09_17"
"430" 10 3000 2956 3037 2867 2969 2931 29.61 43.94 906.3 914.4 900.9888 925.6776 873.8616 904.9512 893.3688 "ALF_2011_09_17"
"431" 11 2000 1957 2027 1864 2039 1944 31.85 43.76 937.6 609.6 596.4936 617.8296 568.1472 621.4872 592.5312 "ALF_2011_09_17"
"432" 12 1500 1440 1514 1439 1511 1485 33.6 39.85 954.4 457.2 438.912 461.4672 438.6072 460.5528 452.628 "ALF_2011_09_17"
"433" 1 14500 14507 14472 14488 14576 14524 7.08 50.44 598.4 4419.6 4421.7336 4411.0656 4415.9424 4442.7648 4426.9152 "ALF_2011_10_24"
"434" 2 13000 12967 12989 13015 13094 13054 9.08 58.22 632.9 3962.4 3952.3416 3959.0472 3966.972 3991.0512 3978.8592 "ALF_2011_10_24"
"435" 3 11500 11440 11576 11471 11571 11534 10.88 55.55 666.6 3505.2 3486.912 3528.3648 3496.3608 3526.8408 3515.5632 "ALF_2011_10_24"
"436" 4 10000 10031 10000 9938 10205 10077 12.72 62.59 706.1 3048 3057.4488 3048 3029.1024 3110.484 3071.4696 "ALF_2011_10_24"
"437" 5 8500 8508 8502 8441 8569 8491 15.39 59.17 747.1 2590.8 2593.2384 2591.4096 2572.8168 2611.8312 2588.0568 "ALF_2011_10_24"
"438" 6 7000 7030 7000 6937 7125 7050 17.93 64.06 788.2 2133.6 2142.744 2133.6 2114.3976 2171.7 2148.84 "ALF_2011_10_24"
"439" 7 6000 6057 5994 5954 6103 6021 20.11 71.54 816.6 1828.8 1846.1736 1826.9712 1814.7792 1860.1944 1835.2008 "ALF_2011_10_24"
"440" 8 5000 4979 5073 5000 5047 5034 22.06 67.5 844 1524 1517.5992 1546.2504 1524 1538.3256 1534.3632 "ALF_2011_10_24"
"441" 9 4000 4007 4003 4000 4020 4010 24.6 62.01 875.8 1219.2 1221.3336 1220.1144 1219.2 1225.296 1222.248 "ALF_2011_10_24"
"442" 10 3000 2967 2997 3026 3264 3119 27.03 57.58 907 914.4 904.3416 913.4856 922.3248 994.8672 950.6712 "ALF_2011_10_24"
"443" 11 2000 1992 2028 1949 2059 2006 29.09 53.52 939.2 609.6 607.1616 618.1344 594.0552 627.5832 611.4288 "ALF_2011_10_24"
"444" 12 1500 1530 1523 1513 1578 1560 30.22 50.64 955.9 457.2 466.344 464.2104 461.1624 480.9744 475.488 "ALF_2011_10_24"
