     3     1
    GDAS    11    12     1     0     0
    GDAS    11    12     8     0     0
    GDAS    11    12    15     0     0
     1 BACKWARD OMEGA   
  2011    12    18    15   -8.850  -56.760  1828.8
     1 PRESSURE
     1     1    11    12    18    15     0     3     0.0   -8.850  -56.760   1828.8    798.9
     1     1    11    12    18    14     0     2    -1.0   -8.643  -56.758   1828.9    794.5
     1     1    11    12    18    13     0     1    -2.0   -8.450  -56.736   1808.9    792.3
     1     1    11    12    18    12     0     0    -3.0   -8.264  -56.690   1764.2    792.6
     1     1    11    12    18    11     0     1    -4.0   -8.083  -56.648   1700.9    795.3
     1     1    11    12    18    10     0     2    -5.0   -7.906  -56.636   1631.7    802.1
     1     1    11    12    18     9     0     3    -6.0   -7.734  -56.652   1566.9    811.8
     1     1    11    12    18     8     0     2    -7.0   -7.559  -56.670   1523.7    820.4
     1     1    11    12    18     7     0     1    -8.0   -7.377  -56.669   1511.4    824.4
     1     1    11    12    18     6     0     0    -9.0   -7.191  -56.651   1523.7    826.0
     1     1    11    12    18     5     0     1   -10.0   -7.011  -56.620   1551.6    826.1
     1     1    11    12    18     4     0     2   -11.0   -6.847  -56.577   1581.4    824.1
     1     1    11    12    18     3     0     3   -12.0   -6.697  -56.524   1606.4    822.7
     1     1    11    12    18     2     0     2   -13.0   -6.553  -56.463   1621.3    821.6
     1     1    11    12    18     1     0     1   -14.0   -6.406  -56.394   1624.5    822.3
     1     1    11    12    18     0     0     0   -15.0   -6.260  -56.317   1621.4    823.6
     1     1    11    12    17    23     0     1   -16.0   -6.116  -56.228   1616.2    824.4
     1     1    11    12    17    22     0     2   -17.0   -5.981  -56.124   1613.9    825.0
     1     1    11    12    17    21     0     3   -18.0   -5.855  -56.007   1611.7    823.2
     1     1    11    12    17    20     0     2   -19.0   -5.734  -55.883   1596.5    822.9
     1     1    11    12    17    19     0     1   -20.0   -5.619  -55.760   1566.1    825.6
     1     1    11    12    17    18     0     0   -21.0   -5.511  -55.638   1528.8    829.0
     1     1    11    12    17    17     0     1   -22.0   -5.399  -55.511   1491.7    832.8
     1     1    11    12    17    16     0     2   -23.0   -5.275  -55.373   1455.1    835.7
     1     1    11    12    17    15     0     3   -24.0   -5.142  -55.227   1409.0    839.7
     1     1    11    12    17    14     0     2   -25.0   -5.002  -55.068   1360.6    845.7
     1     1    11    12    17    13     0     1   -26.0   -4.856  -54.891   1321.7    850.5
     1     1    11    12    17    12     0     0   -27.0   -4.705  -54.697   1288.3    854.9
     1     1    11    12    17    11     0     1   -28.0   -4.554  -54.495   1256.6    858.4
     1     1    11    12    17    10     0     2   -29.0   -4.402  -54.293   1227.1    861.9
     1     1    11    12    17     9     0     3   -30.0   -4.248  -54.093   1204.0    864.5
     1     1    11    12    17     8     0     2   -31.0   -4.087  -53.894   1175.1    867.5
     1     1    11    12    17     7     0     1   -32.0   -3.918  -53.694   1121.0    874.5
     1     1    11    12    17     6     0     0   -33.0   -3.739  -53.492   1036.6    884.0
     1     1    11    12    17     5     0     1   -34.0   -3.554  -53.279    932.1    896.8
     1     1    11    12    17     4     0     2   -35.0   -3.362  -53.050    834.6    909.2
     1     1    11    12    17     3     0     3   -36.0   -3.150  -52.813    765.8    916.8
     1     1    11    12    17     2     0     2   -37.0   -2.939  -52.576    720.6    921.3
     1     1    11    12    17     1     0     1   -38.0   -2.753  -52.335    661.8    926.5
     1     1    11    12    17     0     0     0   -39.0   -2.580  -52.085    571.4    938.6
     1     1    11    12    16    23     0     1   -40.0   -2.400  -51.849    493.7    951.8
     1     1    11    12    16    22     0     2   -41.0   -2.219  -51.641    441.8    956.3
     1     1    11    12    16    21     0     3   -42.0   -2.063  -51.458    389.3    960.7
     1     1    11    12    16    20     0     2   -43.0   -1.932  -51.288    342.1    967.6
     1     1    11    12    16    19     0     1   -44.0   -1.813  -51.119    308.8    971.3
     1     1    11    12    16    18     0     0   -45.0   -1.714  -50.957    284.6    974.1
     1     1    11    12    16    17     0     1   -46.0   -1.634  -50.798    264.0    977.3
     1     1    11    12    16    16     0     2   -47.0   -1.566  -50.637    244.5    980.2
     1     1    11    12    16    15     0     3   -48.0   -1.512  -50.475    225.8    983.1
     1     1    11    12    16    14     0     2   -49.0   -1.461  -50.316    210.8    985.5
     1     1    11    12    16    13     0     1   -50.0   -1.402  -50.165    202.1    986.9
     1     1    11    12    16    12     0     0   -51.0   -1.336  -50.021    199.2    987.7
     1     1    11    12    16    11     0     1   -52.0   -1.269  -49.872    200.7    986.7
     1     1    11    12    16    10     0     2   -53.0   -1.207  -49.705    204.8    985.5
     1     1    11    12    16     9     0     3   -54.0   -1.151  -49.520    209.5    984.3
     1     1    11    12    16     8     0     2   -55.0   -1.098  -49.317    210.2    983.4
     1     1    11    12    16     7     0     1   -56.0   -1.042  -49.099    202.4    983.9
     1     1    11    12    16     6     0     0   -57.0   -0.987  -48.871    189.3    985.5
     1     1    11    12    16     5     0     1   -58.0   -0.933  -48.638    180.2    987.8
     1     1    11    12    16     4     0     2   -59.0   -0.880  -48.396    180.7    988.2
     1     1    11    12    16     3     0     3   -60.0   -0.831  -48.140    191.5    987.5
     1     1    11    12    16     2     0     2   -61.0   -0.779  -47.863    211.8    985.0
     1     1    11    12    16     1     0     1   -62.0   -0.718  -47.559    232.9    982.2
     1     1    11    12    16     0     0     0   -63.0   -0.652  -47.235    248.4    980.6
     1     1    11    12    15    23     0     1   -64.0   -0.590  -46.903    255.4    979.1
     1     1    11    12    15    22     0     2   -65.0   -0.535  -46.575    255.8    978.9
     1     1    11    12    15    21     0     3   -66.0   -0.490  -46.249    253.6    978.5
     1     1    11    12    15    20     0     2   -67.0   -0.452  -45.922    248.8    979.4
     1     1    11    12    15    19     0     1   -68.0   -0.416  -45.594    241.4    980.5
     1     1    11    12    15    18     0     0   -69.0   -0.383  -45.261    230.6    981.9
     1     1    11    12    15    17     0     1   -70.0   -0.360  -44.923    219.0    984.1
     1     1    11    12    15    16     0     2   -71.0   -0.349  -44.586    208.9    985.8
     1     1    11    12    15    15     0     3   -72.0   -0.347  -44.251    199.4    987.4
     1     1    11    12    15    14     0     2   -73.0   -0.343  -43.916    191.1    988.4
     1     1    11    12    15    13     0     1   -74.0   -0.328  -43.579    186.4    988.9
     1     1    11    12    15    12     0     0   -75.0   -0.305  -43.240    185.1    988.8
     1     1    11    12    15    11     0     1   -76.0   -0.284  -42.902    185.1    988.3
     1     1    11    12    15    10     0     2   -77.0   -0.271  -42.568    185.1    987.9
     1     1    11    12    15     9     0     3   -78.0   -0.263  -42.237    185.1    987.6
     1     1    11    12    15     8     0     2   -79.0   -0.261  -41.907    185.0    987.5
     1     1    11    12    15     7     0     1   -80.0   -0.266  -41.578    184.4    987.3
     1     1    11    12    15     6     0     0   -81.0   -0.278  -41.249    182.4    987.2
     1     1    11    12    15     5     0     1   -82.0   -0.302  -40.914    179.6    988.0
     1     1    11    12    15     4     0     2   -83.0   -0.341  -40.568    177.5    988.6
     1     1    11    12    15     3     0     3   -84.0   -0.393  -40.216    176.7    989.1
     1     1    11    12    15     2     0     2   -85.0   -0.453  -39.858    177.6    989.1
     1     1    11    12    15     1     0     1   -86.0   -0.513  -39.494    180.3    988.8
     1     1    11    12    15     0     0     0   -87.0   -0.575  -39.124    185.1    988.4
     1     1    11    12    14    23     0     1   -88.0   -0.640  -38.759    192.4    986.9
     1     1    11    12    14    22     0     2   -89.0   -0.709  -38.412    200.8    985.2
     1     1    11    12    14    21     0     3   -90.0   -0.781  -38.082    208.2    983.6
     1     1    11    12    14    20     0     2   -91.0   -0.857  -37.755    214.7    983.2
     1     1    11    12    14    19     0     1   -92.0   -0.936  -37.424    222.3    982.6
     1     1    11    12    14    18     0     0   -93.0   -1.016  -37.096    230.9    981.8
     1     1    11    12    14    17     0     1   -94.0   -1.097  -36.774    238.0    981.5
     1     1    11    12    14    16     0     2   -95.0   -1.187  -36.457    241.3    981.7
     1     1    11    12    14    15     0     3   -96.0   -1.288  -36.141    240.9    982.4
     1     1    11    12    14    14     0     2   -97.0   -1.392  -35.820    238.7    983.2
     1     1    11    12    14    13     0     1   -98.0   -1.489  -35.494    238.0    983.6
     1     1    11    12    14    12     0     0   -99.0   -1.580  -35.166    240.6    983.8
     1     1    11    12    14    11     0     1  -100.0   -1.662  -34.836    247.1    982.3
     1     1    11    12    14    10     0     2  -101.0   -1.735  -34.496    255.7    980.8
     1     1    11    12    14     9     0     3  -102.0   -1.801  -34.148    266.2    979.2
     1     1    11    12    14     8     0     2  -103.0   -1.865  -33.800    275.5    977.9
     1     1    11    12    14     7     0     1  -104.0   -1.929  -33.459    279.8    977.6
     1     1    11    12    14     6     0     0  -105.0   -1.997  -33.121    280.9    977.8
     1     1    11    12    14     5     0     1  -106.0   -2.069  -32.789    282.3    978.2
     1     1    11    12    14     4     0     2  -107.0   -2.146  -32.462    284.1    978.0
     1     1    11    12    14     3     0     3  -108.0   -2.228  -32.141    281.4    978.4
     1     1    11    12    14     2     0     2  -109.0   -2.316  -31.827    275.6    979.6
     1     1    11    12    14     1     0     1  -110.0   -2.408  -31.517    270.7    980.6
     1     1    11    12    14     0     0     0  -111.0   -2.502  -31.214    266.6    981.1
     1     1    11    12    13    23     0     1  -112.0   -2.598  -30.913    263.0    981.1
     1     1    11    12    13    22     0     2  -113.0   -2.699  -30.611    261.6    980.7
     1     1    11    12    13    21     0     3  -114.0   -2.808  -30.310    263.9    980.0
     1     1    11    12    13    20     0     2  -115.0   -2.922  -30.016    268.7    979.4
     1     1    11    12    13    19     0     1  -116.0   -3.035  -29.734    272.7    978.8
     1     1    11    12    13    18     0     0  -117.0   -3.145  -29.464    273.9    978.7
     1     1    11    12    13    17     0     1  -118.0   -3.247  -29.202    273.7    979.3
     1     1    11    12    13    16     0     2  -119.0   -3.333  -28.945    274.0    979.6
     1     1    11    12    13    15     0     3  -120.0   -3.403  -28.694    275.4    979.8
     1     1    11    12    13    14     0     2  -121.0   -3.469  -28.440    277.5    979.9
     1     1    11    12    13    13     0     1  -122.0   -3.542  -28.179    279.1    980.2
     1     1    11    12    13    12     0     0  -123.0   -3.624  -27.912    279.7    980.6
     1     1    11    12    13    11     0     1  -124.0   -3.709  -27.641    281.2    980.5
     1     1    11    12    13    10     0     2  -125.0   -3.793  -27.364    285.8    979.7
     1     1    11    12    13     9     0     3  -126.0   -3.880  -27.084    293.3    978.6
     1     1    11    12    13     8     0     2  -127.0   -3.978  -26.802    301.8    976.9
     1     1    11    12    13     7     0     1  -128.0   -4.090  -26.525    309.4    975.6
     1     1    11    12    13     6     0     0  -129.0   -4.216  -26.255    315.9    974.4
     1     1    11    12    13     5     0     1  -130.0   -4.347  -25.993    322.3    974.1
     1     1    11    12    13     4     0     2  -131.0   -4.477  -25.740    329.7    973.6
     1     1    11    12    13     3     0     3  -132.0   -4.604  -25.496    337.6    973.1
     1     1    11    12    13     2     0     2  -133.0   -4.729  -25.254    343.7    972.3
     1     1    11    12    13     1     0     1  -134.0   -4.853  -25.008    345.5    972.4
     1     1    11    12    13     0     0     0  -135.0   -4.974  -24.754    344.0    972.8
     1     1    11    12    12    23     0     1  -136.0   -5.093  -24.500    342.6    973.0
     1     1    11    12    12    22     0     2  -137.0   -5.211  -24.260    342.9    972.6
     1     1    11    12    12    21     0     3  -138.0   -5.326  -24.033    343.2    972.3
     1     1    11    12    12    20     0     2  -139.0   -5.436  -23.810    343.3    971.9
     1     1    11    12    12    19     0     1  -140.0   -5.544  -23.580    343.3    971.5
     1     1    11    12    12    18     0     0  -141.0   -5.649  -23.345    343.3    971.1
     1     1    11    12    12    17     0     1  -142.0   -5.752  -23.102    343.4    971.5
     1     1    11    12    12    16     0     2  -143.0   -5.852  -22.850    343.8    971.8
     1     1    11    12    12    15     0     3  -144.0   -5.949  -22.592    344.7    972.2
     1     1    11    12    12    14     0     2  -145.0   -6.048  -22.334    346.6    972.4
     1     1    11    12    12    13     0     1  -146.0   -6.153  -22.081    349.6    972.5
     1     1    11    12    12    12     0     0  -147.0   -6.265  -21.832    353.1    972.5
     1     1    11    12    12    11     0     1  -148.0   -6.376  -21.595    355.6    972.1
     1     1    11    12    12    10     0     2  -149.0   -6.482  -21.374    356.4    971.9
     1     1    11    12    12     9     0     3  -150.0   -6.584  -21.165    355.4    971.9
     1     1    11    12    12     8     0     2  -151.0   -6.686  -20.959    353.7    971.7
     1     1    11    12    12     7     0     1  -152.0   -6.786  -20.749    353.4    971.3
     1     1    11    12    12     6     0     0  -153.0   -6.885  -20.535    355.7    970.6
     1     1    11    12    12     5     0     1  -154.0   -6.984  -20.314    359.5    970.1
     1     1    11    12    12     4     0     2  -155.0   -7.086  -20.085    362.8    969.9
     1     1    11    12    12     3     0     3  -156.0   -7.188  -19.845    365.3    969.8
     1     1    11    12    12     2     0     2  -157.0   -7.294  -19.604    368.4    969.9
     1     1    11    12    12     1     0     1  -158.0   -7.406  -19.369    373.3    969.7
     1     1    11    12    12     0     0     0  -159.0   -7.524  -19.141    380.4    969.3
     1     1    11    12    11    23     0     1  -160.0   -7.649  -18.917    391.7    968.0
     1     1    11    12    11    22     0     2  -161.0   -7.780  -18.696    407.7    966.1
     1     1    11    12    11    21     0     3  -162.0   -7.916  -18.479    428.6    964.0
     1     1    11    12    11    20     0     2  -163.0   -8.048  -18.269    449.1    960.6
     1     1    11    12    11    19     0     1  -164.0   -8.167  -18.070    462.0    958.6
     1     1    11    12    11    18     0     0  -165.0   -8.278  -17.881    466.5    957.7
     1     1    11    12    11    17     0     1  -166.0   -8.386  -17.700    466.6    958.5
     1     1    11    12    11    16     0     2  -167.0   -8.497  -17.525    467.5    958.8
     1     1    11    12    11    15     0     3  -168.0   -8.609  -17.357    471.1    958.8
     1     1    11    12    11    14     0     2  -169.0   -8.718  -17.194    477.3    958.3
     1     1    11    12    11    13     0     1  -170.0   -8.824  -17.035    483.4    957.8
     1     1    11    12    11    12     0     0  -171.0   -8.927  -16.880    486.9    957.7
     1     1    11    12    11    11     0     1  -172.0   -9.025  -16.726    491.2    957.7
     1     1    11    12    11    10     0     2  -173.0   -9.119  -16.570    500.8    956.7
     1     1    11    12    11     9     0     3  -174.0   -9.209  -16.411    515.1    955.1
     1     1    11    12    11     8     0     2  -175.0   -9.301  -16.253    530.6    952.6
     1     1    11    12    11     7     0     1  -176.0   -9.398  -16.098    544.1    950.7
     1     1    11    12    11     6     0     0  -177.0   -9.500  -15.947    555.6    949.1
     1     1    11    12    11     5     0     1  -178.0   -9.601  -15.792    564.7    948.1
     1     1    11    12    11     4     0     2  -179.0   -9.696  -15.628    570.7    947.4
     1     1    11    12    11     3     0     3  -180.0   -9.785  -15.454    573.1    947.1
     1     1    11    12    11     2     0     2  -181.0   -9.874  -15.274    574.8    947.5
     1     1    11    12    11     1     0     1  -182.0   -9.967  -15.088    579.2    947.4
     1     1    11    12    11     0     0     0  -183.0  -10.063  -14.899    586.2    947.0
     1     1    11    12    10    23     0     1  -184.0  -10.164  -14.704    593.8    945.7
     1     1    11    12    10    22     0     2  -185.0  -10.268  -14.503    599.4    944.8
     1     1    11    12    10    21     0     3  -186.0  -10.375  -14.296    602.0    944.3
     1     1    11    12    10    20     0     2  -187.0  -10.481  -14.082    601.3    943.7
     1     1    11    12    10    19     0     1  -188.0  -10.583  -13.858    599.3    943.5
     1     1    11    12    10    18     0     0  -189.0  -10.683  -13.625    599.5    943.0
     1     1    11    12    10    17     0     1  -190.0  -10.784  -13.387    605.1    943.0
     1     1    11    12    10    16     0     2  -191.0  -10.892  -13.151    617.8    942.0
     1     1    11    12    10    15     0     3  -192.0  -11.005  -12.921    637.3    940.4
     1     1    11    12    10    14     0     2  -193.0  -11.123  -12.694    658.0    937.8
     1     1    11    12    10    13     0     1  -194.0  -11.246  -12.467    674.9    936.3
     1     1    11    12    10    12     0     0  -195.0  -11.374  -12.237    688.3    935.2
     1     1    11    12    10    11     0     1  -196.0  -11.500  -12.003    700.3    934.1
     1     1    11    12    10    10     0     2  -197.0  -11.625  -11.765    711.3    932.8
     1     1    11    12    10     9     0     3  -198.0  -11.749  -11.524    721.6    931.9
     1     1    11    12    10     8     0     2  -199.0  -11.875  -11.286    733.4    930.3
     1     1    11    12    10     7     0     1  -200.0  -12.000  -11.057    747.6    928.4
     1     1    11    12    10     6     0     0  -201.0  -12.127  -10.833    763.1    926.2
     1     1    11    12    10     5     0     1  -202.0  -12.253  -10.612    776.7    924.5
     1     1    11    12    10     4     0     2  -203.0  -12.378  -10.388    785.0    923.5
     1     1    11    12    10     3     0     3  -204.0  -12.504  -10.165    785.4    923.4
     1     1    11    12    10     2     0     2  -205.0  -12.634   -9.935    782.2    924.5
     1     1    11    12    10     1     0     1  -206.0  -12.767   -9.695    780.6    924.9
     1     1    11    12    10     0     0     0  -207.0  -12.903   -9.449    780.1    925.1
     1     1    11    12     9    23     0     1  -208.0  -13.037   -9.201    785.8    925.2
     1     1    11    12     9    22     0     2  -209.0  -13.164   -8.954    804.3    923.5
     1     1    11    12     9    21     0     3  -210.0  -13.284   -8.710    835.7    920.2
     1     1    11    12     9    20     0     2  -211.0  -13.395   -8.471    873.6    915.3
     1     1    11    12     9    19     0     1  -212.0  -13.496   -8.243    912.3    910.6
     1     1    11    12     9    18     0     0  -213.0  -13.585   -8.030    950.6    905.8
     1     1    11    12     9    17     0     1  -214.0  -13.665   -7.822    983.0    902.0
     1     1    11    12     9    16     0     2  -215.0  -13.737   -7.606   1006.1    899.8
     1     1    11    12     9    15     0     3  -216.0  -13.802   -7.380   1023.1    898.4
     1     1    11    12     9    14     0     2  -217.0  -13.865   -7.142   1037.9    897.3
     1     1    11    12     9    13     0     1  -218.0  -13.927   -6.888   1054.1    896.0
     1     1    11    12     9    12     0     0  -219.0  -13.989   -6.623   1073.5    894.3
     1     1    11    12     9    11     0     1  -220.0  -14.059   -6.350   1093.0    892.2
     1     1    11    12     9    10     0     2  -221.0  -14.144   -6.070   1109.3    890.7
     1     1    11    12     9     9     0     3  -222.0  -14.243   -5.784   1121.5    889.6
     1     1    11    12     9     8     0     2  -223.0  -14.359   -5.494   1130.0    888.4
     1     1    11    12     9     7     0     1  -224.0  -14.489   -5.210   1137.1    887.3
     1     1    11    12     9     6     0     0  -225.0  -14.634   -4.931   1144.9    886.2
     1     1    11    12     9     5     0     1  -226.0  -14.789   -4.654   1151.6    885.0
     1     1    11    12     9     4     0     2  -227.0  -14.948   -4.373   1152.1    884.7
     1     1    11    12     9     3     0     3  -228.0  -15.112   -4.089   1146.9    885.3
     1     1    11    12     9     2     0     2  -229.0  -15.281   -3.800   1149.2    886.6
     1     1    11    12     9     1     0     1  -230.0  -15.454   -3.505   1170.0    884.8
     1     1    11    12     9     0     0     0  -231.0  -15.629   -3.208   1206.1    881.1
     1     1    11    12     8    23     0     1  -232.0  -15.800   -2.914   1242.3    876.0
     1     1    11    12     8    22     0     2  -233.0  -15.966   -2.625   1263.9    873.6
     1     1    11    12     8    21     0     3  -234.0  -16.130   -2.333   1270.6    873.2
     1     1    11    12     8    20     0     2  -235.0  -16.296   -2.037   1269.9    873.4
     1     1    11    12     8    19     0     1  -236.0  -16.465   -1.743   1268.3    873.1
     1     1    11    12     8    18     0     0  -237.0  -16.637   -1.452   1265.6    872.8
     1     1    11    12     8    17     0     1  -238.0  -16.802   -1.161   1261.4    873.4
     1     1    11    12     8    16     0     2  -239.0  -16.947   -0.865   1255.4    874.1
     1     1    11    12     8    15     0     3  -240.0  -17.073   -0.563   1246.5    875.2
     1     1    11    12     8    14     0     2  -241.0  -17.193   -0.258   1241.1    876.7
     1     1    11    12     8    13     0     1  -242.0  -17.319    0.039   1244.8    876.3
     1     1    11    12     8    12     0     0  -243.0  -17.446    0.329   1255.7    875.3
     1     1    11    12     8    11     0     1  -244.0  -17.571    0.622   1266.7    873.9
     1     1    11    12     8    10     0     2  -245.0  -17.692    0.929   1272.1    873.8
     1     1    11    12     8     9     0     3  -246.0  -17.810    1.249   1273.4    874.0
     1     1    11    12     8     8     0     2  -247.0  -17.933    1.576   1273.6    874.0
     1     1    11    12     8     7     0     1  -248.0  -18.067    1.901   1275.4    873.6
     1     1    11    12     8     6     0     0  -249.0  -18.211    2.226   1280.4    873.0
     1     1    11    12     8     5     0     1  -250.0  -18.365    2.546   1286.3    871.9
     1     1    11    12     8     4     0     2  -251.0  -18.533    2.855   1287.8    871.6
     1     1    11    12     8     3     0     3  -252.0  -18.718    3.156   1282.5    872.1
     1     1    11    12     8     2     0     2  -253.0  -18.918    3.451   1273.8    873.7
     1     1    11    12     8     1     0     1  -254.0  -19.126    3.736   1265.0    874.7
     1     1    11    12     8     0     0     0  -255.0  -19.343    4.012   1254.7    875.9
     1     1    11    12     7    23     0     1  -256.0  -19.570    4.280   1245.1    877.4
     1     1    11    12     7    22     0     2  -257.0  -19.800    4.543   1239.5    878.3
     1     1    11    12     7    21     0     3  -258.0  -20.033    4.798   1239.0    878.6
     1     1    11    12     7    20     0     2  -259.0  -20.264    5.040   1240.7    877.7
     1     1    11    12     7    19     0     1  -260.0  -20.491    5.263   1242.3    877.3
     1     1    11    12     7    18     0     0  -261.0  -20.713    5.471   1246.7    876.7
     1     1    11    12     7    17     0     1  -262.0  -20.925    5.673   1254.4    875.9
     1     1    11    12     7    16     0     2  -263.0  -21.123    5.876   1263.9    875.0
     1     1    11    12     7    15     0     3  -264.0  -21.303    6.077   1274.4    874.0
     1     1    11    12     7    14     0     2  -265.0  -21.469    6.276   1284.0    873.1
     1     1    11    12     7    13     0     1  -266.0  -21.622    6.475   1292.1    872.4
     1     1    11    12     7    12     0     0  -267.0  -21.765    6.677   1299.9    871.9
     1     1    11    12     7    11     0     1  -268.0  -21.904    6.877   1307.6    871.1
     1     1    11    12     7    10     0     2  -269.0  -22.047    7.070   1313.1    870.5
     1     1    11    12     7     9     0     3  -270.0  -22.194    7.251   1315.2    870.4
     1     1    11    12     7     8     0     2  -271.0  -22.348    7.420   1317.5    870.3
     1     1    11    12     7     7     0     1  -272.0  -22.511    7.576   1323.8    869.4
     1     1    11    12     7     6     0     0  -273.0  -22.683    7.717   1333.6    868.1
     1     1    11    12     7     5     0     1  -274.0  -22.863    7.841   1346.3    866.6
     1     1    11    12     7     4     0     2  -275.0  -23.047    7.942   1361.9    864.9
     1     1    11    12     7     3     0     3  -276.0  -23.233    8.018   1379.6    862.8
     1     1    11    12     7     2     0     2  -277.0  -23.421    8.066   1389.0    861.0
     1     1    11    12     7     1     0     1  -278.0  -23.611    8.091   1381.1    862.0
     1     1    11    12     7     0     0     0  -279.0  -23.806    8.098   1355.8    864.6
     1     1    11    12     6    23     0     1  -280.0  -24.000    8.089   1327.1    869.2
     1     1    11    12     6    22     0     2  -281.0  -24.179    8.060   1312.5    871.2
     1     1    11    12     6    21     0     3  -282.0  -24.337    8.012   1316.1    871.1
     1     1    11    12     6    20     0     2  -283.0  -24.476    7.946   1336.8    868.4
     1     1    11    12     6    19     0     1  -284.0  -24.600    7.864   1371.3    864.3
     1     1    11    12     6    18     0     0  -285.0  -24.711    7.764   1416.7    859.2
     1     1    11    12     6    17     0     1  -286.0  -24.807    7.646   1465.0    853.7
     1     1    11    12     6    16     0     2  -287.0  -24.891    7.511   1508.8    849.2
     1     1    11    12     6    15     0     3  -288.0  -24.967    7.357   1546.3    845.3
     1     1    11    12     6    14     0     2  -289.0  -25.032    7.190   1571.7    842.2
     1     1    11    12     6    13     0     1  -290.0  -25.083    7.020   1580.4    841.4
     1     1    11    12     6    12     0     0  -291.0  -25.117    6.851   1573.8    842.1
     1     1    11    12     6    11     0     1  -292.0  -25.140    6.688   1561.6    844.4
     1     1    11    12     6    10     0     2  -293.0  -25.153    6.527   1554.2    845.2
     1     1    11    12     6     9     0     3  -294.0  -25.159    6.369   1552.8    845.4
     1     1    11    12     6     8     0     2  -295.0  -25.161    6.219   1563.3    844.7
     1     1    11    12     6     7     0     1  -296.0  -25.163    6.077   1590.6    841.5
     1     1    11    12     6     6     0     0  -297.0  -25.164    5.939   1632.2    836.9
     1     1    11    12     6     5     0     1  -298.0  -25.161    5.792   1671.2    831.4
     1     1    11    12     6     4     0     2  -299.0  -25.156    5.635   1693.6    829.2
     1     1    11    12     6     3     0     3  -300.0  -25.150    5.474   1703.7    828.2
     1     1    11    12     6     2     0     2  -301.0  -25.145    5.311   1714.5    828.6
     1     1    11    12     6     1     0     1  -302.0  -25.144    5.147   1735.1    826.9
     1     1    11    12     6     0     0     0  -303.0  -25.146    4.979   1762.8    824.4
     1     1    11    12     5    23     0     1  -304.0  -25.148    4.808   1792.1    821.1
     1     1    11    12     5    22     0     2  -305.0  -25.144    4.635   1819.7    818.5
     1     1    11    12     5    21     0     3  -306.0  -25.134    4.460   1847.2    815.9
     1     1    11    12     5    20     0     2  -307.0  -25.120    4.281   1872.3    812.9
     1     1    11    12     5    19     0     1  -308.0  -25.105    4.101   1893.5    810.7
     1     1    11    12     5    18     0     0  -309.0  -25.088    3.920   1913.2    808.7
     1     1    11    12     5    17     0     1  -310.0  -25.070    3.738   1932.1    806.7
     1     1    11    12     5    16     0     2  -311.0  -25.047    3.554   1948.6    804.9
     1     1    11    12     5    15     0     3  -312.0  -25.020    3.370   1959.9    803.5
     1     1    11    12     5    14     0     2  -313.0  -24.985    3.195   1970.7    803.1
     1     1    11    12     5    13     0     1  -314.0  -24.940    3.037   1989.5    801.4
     1     1    11    12     5    12     0     0  -315.0  -24.887    2.895   2019.6    798.7
     1     1    11    12     5    11     0     1  -316.0  -24.832    2.770   2055.6    794.9
     1     1    11    12     5    10     0     2  -317.0  -24.784    2.663   2091.0    791.9
     1     1    11    12     5     9     0     3  -318.0  -24.747    2.572   2125.9    788.9
     1     1    11    12     5     8     0     2  -319.0  -24.720    2.488   2153.5    785.4
     1     1    11    12     5     7     0     1  -320.0  -24.704    2.402   2166.7    783.9
     1     1    11    12     5     6     0     0  -321.0  -24.699    2.314   2165.8    783.8
     1     1    11    12     5     5     0     1  -322.0  -24.699    2.237   2155.9    785.1
     1     1    11    12     5     4     0     2  -323.0  -24.696    2.181   2141.2    786.5
     1     1    11    12     5     3     0     3  -324.0  -24.691    2.147   2121.1    788.4
     1     1    11    12     5     2     0     2  -325.0  -24.689    2.124   2102.9    790.9
     1     1    11    12     5     1     0     1  -326.0  -24.692    2.101   2093.9    791.9
     1     1    11    12     5     0     0     0  -327.0  -24.700    2.076   2094.2    792.0
     1     1    11    12     4    23     0     1  -328.0  -24.714    2.043   2104.0    791.3
     1     1    11    12     4    22     0     2  -329.0  -24.735    1.994   2123.5    789.7
     1     1    11    12     4    21     0     3  -330.0  -24.762    1.928   2153.6    787.2
     1     1    11    12     4    20     0     2  -331.0  -24.791    1.850   2188.5    783.1
     1     1    11    12     4    19     0     1  -332.0  -24.817    1.766   2220.2    779.8
     1     1    11    12     4    18     0     0  -333.0  -24.839    1.677   2246.8    777.0
     1     1    11    12     4    17     0     1  -334.0  -24.859    1.585   2265.9    775.3
     1     1    11    12     4    16     0     2  -335.0  -24.878    1.490   2276.8    774.4
     1     1    11    12     4    15     0     3  -336.0  -24.895    1.392   2280.5    774.3
