     3     1
    GDAS    11     4     1     0     0
    GDAS    11     4     8     0     0
    GDAS    11     4    15     0     0
     1 BACKWARD OMEGA   
  2011     4    16    16   -8.900  -56.740  3962.4
     1 PRESSURE
     1     1    11     4    16    16     0     2     0.0   -8.900  -56.740   3962.4    618.4
     1     1    11     4    16    15     0     3    -1.0   -8.824  -56.525   3909.6    619.7
     1     1    11     4    16    14     0     2    -2.0   -8.747  -56.295   3875.6    621.9
     1     1    11     4    16    13     0     1    -3.0   -8.672  -56.057   3886.6    618.3
     1     1    11     4    16    12     0     0    -4.0   -8.596  -55.822   3939.6    611.6
     1     1    11     4    16    11     0     1    -5.0   -8.530  -55.592   4009.1    602.1
     1     1    11     4    16    10     0     2    -6.0   -8.483  -55.370   4073.5    596.0
     1     1    11     4    16     9     0     3    -7.0   -8.456  -55.162   4140.8    590.1
     1     1    11     4    16     8     0     2    -8.0   -8.442  -54.967   4211.9    584.4
     1     1    11     4    16     7     0     1    -9.0   -8.431  -54.774   4281.3    579.3
     1     1    11     4    16     6     0     0   -10.0   -8.423  -54.580   4343.5    575.1
     1     1    11     4    16     5     0     1   -11.0   -8.414  -54.378   4401.9    571.7
     1     1    11     4    16     4     0     2   -12.0   -8.399  -54.164   4455.0    568.0
     1     1    11     4    16     3     0     3   -13.0   -8.375  -53.936   4494.5    565.6
     1     1    11     4    16     2     0     2   -14.0   -8.345  -53.700   4514.9    564.8
     1     1    11     4    16     1     0     1   -15.0   -8.314  -53.463   4517.2    565.9
     1     1    11     4    16     0     0     0   -16.0   -8.285  -53.222   4510.1    567.8
     1     1    11     4    15    23     0     1   -17.0   -8.265  -52.977   4516.7    569.6
     1     1    11     4    15    22     0     2   -18.0   -8.252  -52.733   4549.9    566.8
     1     1    11     4    15    21     0     3   -19.0   -8.244  -52.491   4605.1    562.5
     1     1    11     4    15    20     0     2   -20.0   -8.240  -52.250   4664.5    557.5
     1     1    11     4    15    19     0     1   -21.0   -8.241  -52.012   4714.8    554.3
     1     1    11     4    15    18     0     0   -22.0   -8.248  -51.776   4755.3    551.3
     1     1    11     4    15    17     0     1   -23.0   -8.252  -51.536   4785.6    549.1
     1     1    11     4    15    16     0     2   -24.0   -8.249  -51.284   4812.1    547.6
     1     1    11     4    15    15     0     3   -25.0   -8.243  -51.020   4849.0    545.4
     1     1    11     4    15    14     0     2   -26.0   -8.235  -50.743   4883.9    542.6
     1     1    11     4    15    13     0     1   -27.0   -8.226  -50.453   4886.4    543.9
     1     1    11     4    15    12     0     0   -28.0   -8.217  -50.152   4855.5    547.5
     1     1    11     4    15    11     0     1   -29.0   -8.209  -49.851   4821.9    553.0
     1     1    11     4    15    10     0     2   -30.0   -8.208  -49.558   4820.6    554.1
     1     1    11     4    15     9     0     3   -31.0   -8.211  -49.273   4858.0    552.5
     1     1    11     4    15     8     0     2   -32.0   -8.220  -48.994   4922.9    548.3
     1     1    11     4    15     7     0     1   -33.0   -8.240  -48.712   4988.2    543.7
     1     1    11     4    15     6     0     0   -34.0   -8.272  -48.421   5030.8    540.7
     1     1    11     4    15     5     0     1   -35.0   -8.310  -48.119   5040.6    541.2
     1     1    11     4    15     4     0     2   -36.0   -8.349  -47.804   5031.5    541.3
     1     1    11     4    15     3     0     3   -37.0   -8.386  -47.477   5026.1    537.2
     1     1    11     4    15     2     0     2   -38.0   -8.425  -47.141   5023.2    531.9
     1     1    11     4    15     1     0     1   -39.0   -8.472  -46.801   5027.8    529.5
     1     1    11     4    15     0     0     0   -40.0   -8.530  -46.459   5038.9    529.3
     1     1    11     4    14    23     0     1   -41.0   -8.601  -46.116   5048.6    529.4
     1     1    11     4    14    22     0     2   -42.0   -8.688  -45.774   5038.8    528.5
     1     1    11     4    14    21     0     3   -43.0   -8.790  -45.437   5003.7    528.3
     1     1    11     4    14    20     0     2   -44.0   -8.901  -45.109   4948.7    529.0
     1     1    11     4    14    19     0     1   -45.0   -9.015  -44.785   4893.6    534.2
     1     1    11     4    14    18     0     0   -46.0   -9.133  -44.461   4844.5    541.2
     1     1    11     4    14    17     0     1   -47.0   -9.258  -44.140   4810.4    546.9
     1     1    11     4    14    16     0     2   -48.0   -9.392  -43.820   4790.1    546.3
     1     1    11     4    14    15     0     3   -49.0   -9.527  -43.500   4789.5    543.0
     1     1    11     4    14    14     0     2   -50.0   -9.657  -43.183   4812.0    539.3
     1     1    11     4    14    13     0     1   -51.0   -9.781  -42.871   4847.8    536.9
     1     1    11     4    14    12     0     0   -52.0   -9.903  -42.560   4870.9    534.7
     1     1    11     4    14    11     0     1   -53.0  -10.017  -42.252   4859.4    534.2
     1     1    11     4    14    10     0     2   -54.0  -10.123  -41.956   4820.5    535.1
     1     1    11     4    14     9     0     3   -55.0  -10.223  -41.674   4769.1    534.3
     1     1    11     4    14     8     0     2   -56.0  -10.321  -41.406   4729.9    533.5
     1     1    11     4    14     7     0     1   -57.0  -10.415  -41.145   4707.3    532.2
     1     1    11     4    14     6     0     0   -58.0  -10.503  -40.890   4714.0    532.9
     1     1    11     4    14     5     0     1   -59.0  -10.583  -40.636   4744.0    535.7
     1     1    11     4    14     4     0     2   -60.0  -10.656  -40.381   4776.5    539.3
     1     1    11     4    14     3     0     3   -61.0  -10.723  -40.119   4816.5    542.5
     1     1    11     4    14     2     0     2   -62.0  -10.791  -39.853   4862.6    543.1
     1     1    11     4    14     1     0     1   -63.0  -10.867  -39.591   4911.0    541.3
     1     1    11     4    14     0     0     0   -64.0  -10.952  -39.334   4955.1    539.9
     1     1    11     4    13    23     0     1   -65.0  -11.043  -39.090   4997.8    539.0
     1     1    11     4    13    22     0     2   -66.0  -11.131  -38.866   5054.0    536.3
     1     1    11     4    13    21     0     3   -67.0  -11.212  -38.658   5134.1    531.6
     1     1    11     4    13    20     0     2   -68.0  -11.282  -38.463   5225.8    525.5
     1     1    11     4    13    19     0     1   -69.0  -11.342  -38.277   5309.5    520.9
     1     1    11     4    13    18     0     0   -70.0  -11.391  -38.096   5378.5    517.4
     1     1    11     4    13    17     0     1   -71.0  -11.431  -37.916   5432.0    515.8
     1     1    11     4    13    16     0     2   -72.0  -11.463  -37.732   5469.8    516.2
     1     1    11     4    13    15     0     3   -73.0  -11.488  -37.545   5489.6    517.5
     1     1    11     4    13    14     0     2   -74.0  -11.507  -37.356   5497.4    520.1
     1     1    11     4    13    13     0     1   -75.0  -11.522  -37.166   5498.1    522.6
     1     1    11     4    13    12     0     0   -76.0  -11.532  -36.977   5489.9    525.4
     1     1    11     4    13    11     0     1   -77.0  -11.542  -36.784   5459.1    526.4
     1     1    11     4    13    10     0     2   -78.0  -11.556  -36.587   5409.9    529.5
     1     1    11     4    13     9     0     3   -79.0  -11.572  -36.390   5351.2    533.2
     1     1    11     4    13     8     0     2   -80.0  -11.584  -36.193   5302.3    537.5
     1     1    11     4    13     7     0     1   -81.0  -11.588  -35.994   5273.4    539.1
     1     1    11     4    13     6     0     0   -82.0  -11.583  -35.794   5257.4    540.0
     1     1    11     4    13     5     0     1   -83.0  -11.567  -35.588   5246.2    540.5
     1     1    11     4    13     4     0     2   -84.0  -11.542  -35.370   5231.7    541.6
     1     1    11     4    13     3     0     3   -85.0  -11.510  -35.140   5209.4    543.1
     1     1    11     4    13     2     0     2   -86.0  -11.473  -34.902   5185.3    545.5
     1     1    11     4    13     1     0     1   -87.0  -11.437  -34.660   5170.4    546.8
     1     1    11     4    13     0     0     0   -88.0  -11.401  -34.414   5168.1    547.2
     1     1    11     4    12    23     0     1   -89.0  -11.365  -34.164   5174.0    546.1
     1     1    11     4    12    22     0     2   -90.0  -11.330  -33.910   5179.5    545.2
     1     1    11     4    12    21     0     3   -91.0  -11.296  -33.651   5179.3    544.8
     1     1    11     4    12    20     0     2   -92.0  -11.265  -33.391   5174.6    545.4
     1     1    11     4    12    19     0     1   -93.0  -11.237  -33.131   5171.4    545.9
     1     1    11     4    12    18     0     0   -94.0  -11.211  -32.872   5173.1    545.9
     1     1    11     4    12    17     0     1   -95.0  -11.186  -32.610   5187.4    545.5
     1     1    11     4    12    16     0     2   -96.0  -11.160  -32.344   5221.7    543.3
     1     1    11     4    12    15     0     3   -97.0  -11.133  -32.071   5277.1    539.7
     1     1    11     4    12    14     0     2   -98.0  -11.106  -31.795   5326.9    534.7
     1     1    11     4    12    13     0     1   -99.0  -11.082  -31.518   5343.4    533.8
     1     1    11     4    12    12     0     0  -100.0  -11.060  -31.240   5326.2    535.1
     1     1    11     4    12    11     0     1  -101.0  -11.041  -30.961   5307.5    538.2
     1     1    11     4    12    10     0     2  -102.0  -11.022  -30.682   5316.7    536.9
     1     1    11     4    12     9     0     3  -103.0  -10.998  -30.402   5346.4    534.2
     1     1    11     4    12     8     0     2  -104.0  -10.973  -30.124   5380.1    531.0
     1     1    11     4    12     7     0     1  -105.0  -10.951  -29.850   5412.1    529.1
     1     1    11     4    12     6     0     0  -106.0  -10.929  -29.581   5445.5    526.6
     1     1    11     4    12     5     0     1  -107.0  -10.905  -29.317   5485.0    524.8
     1     1    11     4    12     4     0     2  -108.0  -10.879  -29.059   5537.8    521.6
     1     1    11     4    12     3     0     3  -109.0  -10.856  -28.804   5596.5    517.6
     1     1    11     4    12     2     0     2  -110.0  -10.842  -28.546   5632.6    513.9
     1     1    11     4    12     1     0     1  -111.0  -10.836  -28.277   5626.5    514.5
     1     1    11     4    12     0     0     0  -112.0  -10.837  -27.995   5580.6    517.6
     1     1    11     4    11    23     0     1  -113.0  -10.838  -27.709   5538.2    523.0
     1     1    11     4    11    22     0     2  -114.0  -10.833  -27.432   5537.9    522.7
     1     1    11     4    11    21     0     3  -115.0  -10.822  -27.167   5572.9    520.0
     1     1    11     4    11    20     0     2  -116.0  -10.808  -26.909   5613.3    515.6
     1     1    11     4    11    19     0     1  -117.0  -10.798  -26.650   5627.5    514.2
     1     1    11     4    11    18     0     0  -118.0  -10.788  -26.388   5606.6    515.3
     1     1    11     4    11    17     0     1  -119.0  -10.778  -26.123   5570.1    519.3
     1     1    11     4    11    16     0     2  -120.0  -10.769  -25.860   5551.8    521.3
     1     1    11     4    11    15     0     3  -121.0  -10.761  -25.601   5567.4    520.8
     1     1    11     4    11    14     0     2  -122.0  -10.760  -25.345   5604.8    517.5
     1     1    11     4    11    13     0     1  -123.0  -10.767  -25.087   5646.0    514.9
     1     1    11     4    11    12     0     0  -124.0  -10.780  -24.823   5686.6    512.2
     1     1    11     4    11    11     0     1  -125.0  -10.793  -24.555   5722.5    509.6
     1     1    11     4    11    10     0     2  -126.0  -10.805  -24.291   5754.8    507.4
     1     1    11     4    11     9     0     3  -127.0  -10.816  -24.031   5786.3    505.2
     1     1    11     4    11     8     0     2  -128.0  -10.829  -23.768   5802.1    502.9
     1     1    11     4    11     7     0     1  -129.0  -10.848  -23.497   5793.5    503.7
     1     1    11     4    11     6     0     0  -130.0  -10.871  -23.221   5775.5    505.2
     1     1    11     4    11     5     0     1  -131.0  -10.895  -22.943   5755.5    506.7
     1     1    11     4    11     4     0     2  -132.0  -10.917  -22.669   5732.2    508.3
     1     1    11     4    11     3     0     3  -133.0  -10.939  -22.401   5706.4    510.4
     1     1    11     4    11     2     0     2  -134.0  -10.967  -22.142   5687.8    512.3
     1     1    11     4    11     1     0     1  -135.0  -11.002  -21.890   5683.4    512.8
     1     1    11     4    11     0     0     0  -136.0  -11.042  -21.643   5687.6    512.4
     1     1    11     4    10    23     0     1  -137.0  -11.082  -21.405   5693.4    511.9
     1     1    11     4    10    22     0     2  -138.0  -11.121  -21.175   5703.1    511.6
     1     1    11     4    10    21     0     3  -139.0  -11.157  -20.955   5725.2    510.4
     1     1    11     4    10    20     0     2  -140.0  -11.189  -20.742   5761.1    507.8
     1     1    11     4    10    19     0     1  -141.0  -11.220  -20.537   5807.3    504.7
     1     1    11     4    10    18     0     0  -142.0  -11.249  -20.338   5861.8    501.0
     1     1    11     4    10    17     0     1  -143.0  -11.276  -20.146   5922.9    497.2
     1     1    11     4    10    16     0     2  -144.0  -11.303  -19.959   5991.4    493.1
     1     1    11     4    10    15     0     3  -145.0  -11.330  -19.776   6066.6    488.3
     1     1    11     4    10    14     0     2  -146.0  -11.357  -19.589   6132.7    483.5
     1     1    11     4    10    13     0     1  -147.0  -11.386  -19.396   6178.9    480.8
     1     1    11     4    10    12     0     0  -148.0  -11.420  -19.197   6209.5    479.1
     1     1    11     4    10    11     0     1  -149.0  -11.457  -18.996   6234.5    477.9
     1     1    11     4    10    10     0     2  -150.0  -11.494  -18.803   6263.9    476.2
     1     1    11     4    10     9     0     3  -151.0  -11.531  -18.621   6299.2    473.9
     1     1    11     4    10     8     0     2  -152.0  -11.569  -18.452   6342.3    471.3
     1     1    11     4    10     7     0     1  -153.0  -11.609  -18.298   6394.1    467.9
     1     1    11     4    10     6     0     0  -154.0  -11.650  -18.157   6451.5    464.2
     1     1    11     4    10     5     0     1  -155.0  -11.689  -18.016   6494.5    460.7
     1     1    11     4    10     4     0     2  -156.0  -11.724  -17.864   6505.1    460.3
     1     1    11     4    10     3     0     3  -157.0  -11.758  -17.702   6488.0    461.7
     1     1    11     4    10     2     0     2  -158.0  -11.791  -17.537   6467.8    464.3
     1     1    11     4    10     1     0     1  -159.0  -11.821  -17.371   6462.6    464.6
     1     1    11     4    10     0     0     0  -160.0  -11.848  -17.204   6469.1    464.3
     1     1    11     4     9    23     0     1  -161.0  -11.868  -17.038   6484.8    463.3
     1     1    11     4     9    22     0     2  -162.0  -11.878  -16.871   6507.3    461.9
     1     1    11     4     9    21     0     3  -163.0  -11.877  -16.703   6533.6    460.3
     1     1    11     4     9    20     0     2  -164.0  -11.869  -16.532   6557.8    458.3
     1     1    11     4     9    19     0     1  -165.0  -11.861  -16.361   6577.9    457.0
     1     1    11     4     9    18     0     0  -166.0  -11.853  -16.189   6599.1    455.6
     1     1    11     4     9    17     0     1  -167.0  -11.845  -16.016   6623.9    454.1
     1     1    11     4     9    16     0     2  -168.0  -11.838  -15.841   6651.1    452.5
     1     1    11     4     9    15     0     3  -169.0  -11.833  -15.665   6680.8    450.8
     1     1    11     4     9    14     0     2  -170.0  -11.833  -15.485   6713.7    449.1
     1     1    11     4     9    13     0     1  -171.0  -11.840  -15.296   6748.7    447.1
     1     1    11     4     9    12     0     0  -172.0  -11.859  -15.097   6781.4    445.2
     1     1    11     4     9    11     0     1  -173.0  -11.890  -14.889   6805.9    443.4
     1     1    11     4     9    10     0     2  -174.0  -11.931  -14.676   6824.6    442.5
     1     1    11     4     9     9     0     3  -175.0  -11.984  -14.463   6850.0    441.2
     1     1    11     4     9     8     0     2  -176.0  -12.046  -14.258   6888.9    438.8
     1     1    11     4     9     7     0     1  -177.0  -12.117  -14.066   6934.4    435.6
     1     1    11     4     9     6     0     0  -178.0  -12.198  -13.887   6975.9    432.9
     1     1    11     4     9     5     0     1  -179.0  -12.287  -13.718   7002.9    431.2
     1     1    11     4     9     4     0     2  -180.0  -12.383  -13.555   7010.8    431.0
     1     1    11     4     9     3     0     3  -181.0  -12.487  -13.400   7003.1    431.7
     1     1    11     4     9     2     0     2  -182.0  -12.599  -13.255   6995.7    433.1
     1     1    11     4     9     1     0     1  -183.0  -12.717  -13.119   7003.5    433.0
     1     1    11     4     9     0     0     0  -184.0  -12.840  -12.990   7026.8    431.9
     1     1    11     4     8    23     0     1  -185.0  -12.966  -12.864   7056.4    429.8
     1     1    11     4     8    22     0     2  -186.0  -13.089  -12.738   7084.4    428.4
     1     1    11     4     8    21     0     3  -187.0  -13.210  -12.614   7113.0    426.9
     1     1    11     4     8    20     0     2  -188.0  -13.329  -12.494   7145.9    424.9
     1     1    11     4     8    19     0     1  -189.0  -13.448  -12.377   7183.7    422.4
     1     1    11     4     8    18     0     0  -190.0  -13.569  -12.264   7221.6    419.9
     1     1    11     4     8    17     0     1  -191.0  -13.698  -12.148   7252.5    417.9
     1     1    11     4     8    16     0     2  -192.0  -13.838  -12.025   7267.9    416.8
     1     1    11     4     8    15     0     3  -193.0  -13.987  -11.898   7260.1    417.0
     1     1    11     4     8    14     0     2  -194.0  -14.152  -11.772   7249.9    418.9
     1     1    11     4     8    13     0     1  -195.0  -14.337  -11.655   7264.6    418.4
     1     1    11     4     8    12     0     0  -196.0  -14.538  -11.544   7313.7    416.1
     1     1    11     4     8    11     0     1  -197.0  -14.745  -11.445   7391.8    411.0
     1     1    11     4     8    10     0     2  -198.0  -14.953  -11.362   7490.0    405.6
     1     1    11     4     8     9     0     3  -199.0  -15.161  -11.289   7601.2    398.9
     1     1    11     4     8     8     0     2  -200.0  -15.380  -11.224   7700.8    392.7
     1     1    11     4     8     7     0     1  -201.0  -15.619  -11.164   7774.0    388.7
     1     1    11     4     8     6     0     0  -202.0  -15.879  -11.109   7820.5    386.1
     1     1    11     4     8     5     0     1  -203.0  -16.160  -11.055   7858.1    385.3
     1     1    11     4     8     4     0     2  -204.0  -16.468  -11.000   7907.1    383.1
     1     1    11     4     8     3     0     3  -205.0  -16.802  -10.941   7968.9    380.0
     1     1    11     4     8     2     0     2  -206.0  -17.163  -10.887   8042.9    376.4
     1     1    11     4     8     1     0     1  -207.0  -17.549  -10.840   8141.0    372.1
     1     1    11     4     8     0     0     0  -208.0  -17.959  -10.794   8284.9    365.5
     1     1    11     4     7    23     0     1  -209.0  -18.398  -10.747   8462.7    355.5
     1     1    11     4     7    22     0     2  -210.0  -18.873  -10.705   8638.7    346.8
     1     1    11     4     7    21     0     3  -211.0  -19.395  -10.662   8792.5    339.0
     1     1    11     4     7    20     0     2  -212.0  -19.958  -10.624   8915.6    333.2
     1     1    11     4     7    19     0     1  -213.0  -20.557  -10.594   9038.3    328.3
     1     1    11     4     7    18     0     0  -214.0  -21.207  -10.558   9174.4    321.2
     1     1    11     4     7    17     0     1  -215.0  -21.898  -10.510   9294.4    314.8
     1     1    11     4     7    16     0     2  -216.0  -22.605  -10.458   9386.3    310.6
     1     1    11     4     7    15     0     3  -217.0  -23.334  -10.400   9456.9    307.7
     1     1    11     4     7    14     0     2  -218.0  -24.092  -10.325   9505.3    305.2
     1     1    11     4     7    13     0     1  -219.0  -24.868  -10.235   9526.8    304.8
     1     1    11     4     7    12     0     0  -220.0  -25.652  -10.144   9520.4    304.9
     1     1    11     4     7    11     0     1  -221.0  -26.435  -10.040   9494.0    306.7
     1     1    11     4     7    10     0     2  -222.0  -27.197   -9.918   9530.6    305.1
     1     1    11     4     7     9     0     3  -223.0  -27.948   -9.787   9634.9    300.2
     1     1    11     4     7     8     0     2  -224.0  -28.703   -9.649   9746.5    294.6
     1     1    11     4     7     7     0     1  -225.0  -29.473   -9.500   9843.3    290.6
     1     1    11     4     7     6     0     0  -226.0  -30.250   -9.333   9913.2    287.1
     1     1    11     4     7     5     0     1  -227.0  -31.055   -9.169   9931.3    286.7
     1     1    11     4     7     4     0     2  -228.0  -31.913   -9.028   9942.1    286.5
     1     1    11     4     7     3     0     3  -229.0  -32.824   -8.937  10004.1    284.4
     1     1    11     4     7     2     0     2  -230.0  -33.771   -8.966  10119.0    278.9
     1     1    11     4     7     1     0     1  -231.0  -34.709   -9.141  10222.5    274.6
