     3     1
    GDAS    11     6     1     0     0
    GDAS    11     6     8     0     0
    GDAS    11     6    15     0     0
     1 BACKWARD OMEGA   
  2011     6    19    15   -8.860  -56.840  4419.6
     1 PRESSURE
     1     1    11     6    19    15     0     3     0.0   -8.860  -56.840   4419.6    585.9
     1     1    11     6    19    14     0     2    -1.0   -8.927  -56.714   4461.5    582.4
     1     1    11     6    19    13     0     1    -2.0   -8.998  -56.607   4490.5    580.4
     1     1    11     6    19    12     0     0    -3.0   -9.069  -56.517   4503.0    578.5
     1     1    11     6    19    11     0     1    -4.0   -9.138  -56.426   4507.5    577.3
     1     1    11     6    19    10     0     2    -5.0   -9.205  -56.315   4508.9    576.0
     1     1    11     6    19     9     0     3    -6.0   -9.269  -56.186   4507.0    574.9
     1     1    11     6    19     8     0     2    -7.0   -9.326  -56.051   4508.6    574.4
     1     1    11     6    19     7     0     1    -8.0   -9.375  -55.922   4518.3    572.7
     1     1    11     6    19     6     0     0    -9.0   -9.417  -55.798   4535.6    570.5
     1     1    11     6    19     5     0     1   -10.0   -9.459  -55.675   4559.0    568.1
     1     1    11     6    19     4     0     2   -11.0   -9.506  -55.550   4587.0    565.7
     1     1    11     6    19     3     0     3   -12.0   -9.560  -55.423   4620.6    563.1
     1     1    11     6    19     2     0     2   -13.0   -9.621  -55.299   4663.6    559.9
     1     1    11     6    19     1     0     1   -14.0   -9.686  -55.181   4718.0    556.0
     1     1    11     6    19     0     0     0   -15.0   -9.754  -55.071   4781.1    551.7
     1     1    11     6    18    23     0     1   -16.0   -9.835  -54.966   4837.9    547.2
     1     1    11     6    18    22     0     2   -17.0   -9.934  -54.867   4875.5    545.0
     1     1    11     6    18    21     0     3   -18.0  -10.050  -54.773   4897.9    543.2
     1     1    11     6    18    20     0     2   -19.0  -10.177  -54.685   4921.1    541.9
     1     1    11     6    18    19     0     1   -20.0  -10.308  -54.602   4956.8    539.0
     1     1    11     6    18    18     0     0   -21.0  -10.445  -54.526   4997.8    536.0
     1     1    11     6    18    17     0     1   -22.0  -10.589  -54.456   5035.3    533.5
     1     1    11     6    18    16     0     2   -23.0  -10.741  -54.394   5064.8    532.3
     1     1    11     6    18    15     0     3   -24.0  -10.903  -54.340   5087.3    531.8
     1     1    11     6    18    14     0     2   -25.0  -11.072  -54.300   5101.9    531.2
     1     1    11     6    18    13     0     1   -26.0  -11.244  -54.275   5108.7    530.8
     1     1    11     6    18    12     0     0   -27.0  -11.417  -54.267   5109.7    530.6
     1     1    11     6    18    11     0     1   -28.0  -11.584  -54.280   5107.1    530.7
     1     1    11     6    18    10     0     2   -29.0  -11.740  -54.317   5100.5    530.3
     1     1    11     6    18     9     0     3   -30.0  -11.884  -54.379   5083.6    530.3
     1     1    11     6    18     8     0     2   -31.0  -12.014  -54.457   5060.4    531.2
     1     1    11     6    18     7     0     1   -32.0  -12.132  -54.540   5041.9    531.9
     1     1    11     6    18     6     0     0   -33.0  -12.240  -54.630   5028.2    532.1
     1     1    11     6    18     5     0     1   -34.0  -12.340  -54.723   5020.6    532.4
     1     1    11     6    18     4     0     2   -35.0  -12.437  -54.817   5021.9    532.1
     1     1    11     6    18     3     0     3   -36.0  -12.529  -54.913   5032.8    531.3
     1     1    11     6    18     2     0     2   -37.0  -12.618  -55.015   5051.4    529.6
     1     1    11     6    18     1     0     1   -38.0  -12.705  -55.128   5077.8    528.5
     1     1    11     6    18     0     0     0   -39.0  -12.789  -55.251   5108.1    526.8
     1     1    11     6    17    23     0     1   -40.0  -12.868  -55.380   5143.9    525.0
     1     1    11     6    17    22     0     2   -41.0  -12.942  -55.511   5188.6    522.2
     1     1    11     6    17    21     0     3   -42.0  -13.012  -55.645   5242.2    518.6
     1     1    11     6    17    20     0     2   -43.0  -13.079  -55.784   5290.2    514.4
     1     1    11     6    17    19     0     1   -44.0  -13.142  -55.927   5319.9    512.3
     1     1    11     6    17    18     0     0   -45.0  -13.199  -56.076   5329.2    511.4
     1     1    11     6    17    17     0     1   -46.0  -13.254  -56.227   5332.1    511.7
     1     1    11     6    17    16     0     2   -47.0  -13.310  -56.380   5344.2    510.5
     1     1    11     6    17    15     0     3   -48.0  -13.365  -56.535   5365.5    508.6
     1     1    11     6    17    14     0     2   -49.0  -13.413  -56.694   5386.7    505.7
     1     1    11     6    17    13     0     1   -50.0  -13.447  -56.857   5396.1    504.1
     1     1    11     6    17    12     0     0   -51.0  -13.465  -57.020   5389.9    503.5
     1     1    11     6    17    11     0     1   -52.0  -13.474  -57.190   5380.7    503.9
     1     1    11     6    17    10     0     2   -53.0  -13.483  -57.378   5381.6    502.3
     1     1    11     6    17     9     0     3   -54.0  -13.492  -57.585   5386.1    500.4
     1     1    11     6    17     8     0     2   -55.0  -13.496  -57.805   5376.2    499.0
     1     1    11     6    17     7     0     1   -56.0  -13.489  -58.027   5337.6    500.5
     1     1    11     6    17     6     0     0   -57.0  -13.472  -58.246   5280.7    505.0
     1     1    11     6    17     5     0     1   -58.0  -13.445  -58.461   5230.8    510.1
     1     1    11     6    17     4     0     2   -59.0  -13.401  -58.669   5204.9    512.3
     1     1    11     6    17     3     0     3   -60.0  -13.342  -58.872   5196.7    513.5
     1     1    11     6    17     2     0     2   -61.0  -13.272  -59.064   5212.0    513.9
     1     1    11     6    17     1     0     1   -62.0  -13.200  -59.247   5257.4    511.3
     1     1    11     6    17     0     0     0   -63.0  -13.126  -59.424   5329.0    506.3
     1     1    11     6    16    23     0     1   -64.0  -13.050  -59.601   5404.6    499.0
     1     1    11     6    16    22     0     2   -65.0  -12.971  -59.785   5465.3    493.7
     1     1    11     6    16    21     0     3   -66.0  -12.890  -59.979   5517.1    489.7
     1     1    11     6    16    20     0     2   -67.0  -12.809  -60.174   5564.8    488.7
     1     1    11     6    16    19     0     1   -68.0  -12.730  -60.365   5593.7    489.7
     1     1    11     6    16    18     0     0   -69.0  -12.652  -60.548   5606.5    491.6
     1     1    11     6    16    17     0     1   -70.0  -12.576  -60.729   5619.3    494.3
     1     1    11     6    16    16     0     2   -71.0  -12.504  -60.915   5640.2    495.2
     1     1    11     6    16    15     0     3   -72.0  -12.438  -61.104   5654.2    495.4
     1     1    11     6    16    14     0     2   -73.0  -12.371  -61.293   5662.9    495.1
     1     1    11     6    16    13     0     1   -74.0  -12.301  -61.479   5678.7    493.5
     1     1    11     6    16    12     0     0   -75.0  -12.231  -61.666   5705.9    490.7
     1     1    11     6    16    11     0     1   -76.0  -12.166  -61.859   5727.2    486.4
     1     1    11     6    16    10     0     2   -77.0  -12.101  -62.056   5724.8    485.4
     1     1    11     6    16     9     0     3   -78.0  -12.034  -62.250   5702.0    488.2
     1     1    11     6    16     8     0     2   -79.0  -11.966  -62.427   5667.5    493.9
     1     1    11     6    16     7     0     1   -80.0  -11.902  -62.586   5640.8    498.1
     1     1    11     6    16     6     0     0   -81.0  -11.845  -62.730   5623.9    500.9
     1     1    11     6    16     5     0     1   -82.0  -11.795  -62.866   5613.6    502.7
     1     1    11     6    16     4     0     2   -83.0  -11.755  -63.000   5605.7    504.4
     1     1    11     6    16     3     0     3   -84.0  -11.725  -63.135   5593.9    504.8
     1     1    11     6    16     2     0     2   -85.0  -11.702  -63.267   5575.8    505.0
     1     1    11     6    16     1     0     1   -86.0  -11.685  -63.389   5546.5    506.6
     1     1    11     6    16     0     0     0   -87.0  -11.675  -63.500   5509.8    508.7
     1     1    11     6    15    23     0     1   -88.0  -11.665  -63.607   5478.5    511.0
     1     1    11     6    15    22     0     2   -89.0  -11.651  -63.715   5463.2    511.5
     1     1    11     6    15    21     0     3   -90.0  -11.635  -63.825   5463.8    510.9
     1     1    11     6    15    20     0     2   -91.0  -11.622  -63.936   5476.2    509.8
     1     1    11     6    15    19     0     1   -92.0  -11.617  -64.049   5495.4    508.8
     1     1    11     6    15    18     0     0   -93.0  -11.619  -64.165   5516.5    508.0
     1     1    11     6    15    17     0     1   -94.0  -11.620  -64.282   5533.2    507.4
     1     1    11     6    15    16     0     2   -95.0  -11.616  -64.400   5544.7    507.4
     1     1    11     6    15    15     0     3   -96.0  -11.608  -64.518   5554.2    507.5
     1     1    11     6    15    14     0     2   -97.0  -11.598  -64.635   5558.1    507.3
     1     1    11     6    15    13     0     1   -98.0  -11.589  -64.748   5547.7    508.1
     1     1    11     6    15    12     0     0   -99.0  -11.582  -64.854   5516.2    510.2
     1     1    11     6    15    11     0     1  -100.0  -11.575  -64.954   5483.3    514.0
     1     1    11     6    15    10     0     2  -101.0  -11.565  -65.053   5476.0    514.6
     1     1    11     6    15     9     0     3  -102.0  -11.553  -65.151   5501.4    512.7
     1     1    11     6    15     8     0     2  -103.0  -11.545  -65.243   5528.7    508.9
     1     1    11     6    15     7     0     1  -104.0  -11.543  -65.323   5523.6    509.4
     1     1    11     6    15     6     0     0  -105.0  -11.548  -65.393   5484.0    512.1
     1     1    11     6    15     5     0     1  -106.0  -11.563  -65.462   5448.4    517.2
     1     1    11     6    15     4     0     2  -107.0  -11.589  -65.535   5454.5    516.9
     1     1    11     6    15     3     0     3  -108.0  -11.629  -65.609   5501.3    514.0
     1     1    11     6    15     2     0     2  -109.0  -11.686  -65.684   5542.6    508.1
     1     1    11     6    15     1     0     1  -110.0  -11.765  -65.763   5532.6    508.5
     1     1    11     6    15     0     0     0  -111.0  -11.865  -65.845   5472.0    512.1
     1     1    11     6    14    23     0     1  -112.0  -11.973  -65.935   5399.2    518.7
     1     1    11     6    14    22     0     2  -113.0  -12.080  -66.030   5355.0    521.3
     1     1    11     6    14    21     0     3  -114.0  -12.188  -66.126   5343.5    522.0
     1     1    11     6    14    20     0     2  -115.0  -12.292  -66.222   5359.2    520.8
     1     1    11     6    14    19     0     1  -116.0  -12.388  -66.314   5396.3    518.6
     1     1    11     6    14    18     0     0  -117.0  -12.482  -66.401   5454.8    515.0
     1     1    11     6    14    17     0     1  -118.0  -12.583  -66.482   5513.6    510.0
     1     1    11     6    14    16     0     2  -119.0  -12.697  -66.562   5550.5    507.8
     1     1    11     6    14    15     0     3  -120.0  -12.823  -66.640   5562.5    507.2
     1     1    11     6    14    14     0     2  -121.0  -12.957  -66.721   5565.4    507.9
     1     1    11     6    14    13     0     1  -122.0  -13.093  -66.813   5578.3    507.0
     1     1    11     6    14    12     0     0  -123.0  -13.228  -66.916   5607.5    504.9
     1     1    11     6    14    11     0     1  -124.0  -13.361  -67.024   5644.1    501.1
     1     1    11     6    14    10     0     2  -125.0  -13.486  -67.129   5671.6    497.5
     1     1    11     6    14     9     0     3  -126.0  -13.604  -67.235   5688.1    494.2
     1     1    11     6    14     8     0     2  -127.0  -13.714  -67.345   5695.2    491.8
     1     1    11     6    14     7     0     1  -128.0  -13.817  -67.462   5693.5    489.1
     1     1    11     6    14     6     0     0  -129.0  -13.911  -67.582   5680.6    486.8
     1     1    11     6    14     5     0     1  -130.0  -13.996  -67.708   5657.3    485.0
     1     1    11     6    14     4     0     2  -131.0  -14.071  -67.845   5625.8    483.2
     1     1    11     6    14     3     0     3  -132.0  -14.139  -67.995   5592.3    481.2
     1     1    11     6    14     2     0     2  -133.0  -14.194  -68.162   5497.3    470.7
     1     1    11     6    14     1     0     1  -134.0  -14.232  -68.348   5350.9    461.8
     1     1    11     6    14     0     0     0  -135.0  -14.254  -68.548   5168.5    453.1
     1     1    11     6    13    23     0     1  -136.0  -14.263  -68.762   4982.6    444.5
     1     1    11     6    13    22     0     2  -137.0  -14.264  -68.996   4816.7    432.1
     1     1    11     6    13    21     0     3  -138.0  -14.258  -69.260   4697.3    419.1
     1     1    11     6    13    20     0     2  -139.0  -14.248  -69.565   4609.3    398.5
     1     1    11     6    13    19     0     1  -140.0  -14.234  -69.912   4508.7    375.3
     1     1    11     6    13    18     0     0  -141.0  -14.213  -70.301   4401.7    357.2
     1     1    11     6    13    17     0     1  -142.0  -14.184  -70.734   4293.7    339.6
     1     1    11     6    13    16     0     2  -143.0  -14.145  -71.209   4286.4    333.5
     1     1    11     6    13    15     0     3  -144.0  -14.097  -71.665   4401.8    349.6
     1     1    11     6    13    14     0     2  -145.0  -14.045  -72.080   4498.4    363.9
     1     1    11     6    13    13     0     1  -146.0  -13.988  -72.488   4516.5    362.5
     1     1    11     6    13    12     0     0  -147.0  -13.922  -72.912   4540.0    360.9
     1     1    11     6    13    11     0     1  -148.0  -13.845  -73.345   4579.2    362.0
     1     1    11     6    13    10     0     2  -149.0  -13.761  -73.781   4603.3    364.1
     1     1    11     6    13     9     0     3  -150.0  -13.665  -74.227   4596.6    362.7
     1     1    11     6    13     8     0     2  -151.0  -13.548  -74.685   4553.5    355.0
     1     1    11     6    13     7     0     1  -152.0  -13.407  -75.133   4595.4    359.1
     1     1    11     6    13     6     0     0  -153.0  -13.263  -75.522   4837.8    391.2
     1     1    11     6    13     5     0     1  -154.0  -13.135  -75.840   5038.2    409.4
     1     1    11     6    13     4     0     2  -155.0  -13.026  -76.110   5184.7    423.7
     1     1    11     6    13     3     0     3  -156.0  -12.928  -76.338   5300.2    439.8
     1     1    11     6    13     2     0     2  -157.0  -12.831  -76.530   5402.0    454.8
     1     1    11     6    13     1     0     1  -158.0  -12.729  -76.688   5493.7    467.2
     1     1    11     6    13     0     0     0  -159.0  -12.623  -76.817   5572.2    478.0
     1     1    11     6    12    23     0     1  -160.0  -12.511  -76.922   5639.0    487.0
     1     1    11     6    12    22     0     2  -161.0  -12.393  -77.007   5690.4    494.0
     1     1    11     6    12    21     0     3  -162.0  -12.269  -77.084   5687.3    492.3
     1     1    11     6    12    20     0     2  -163.0  -12.142  -77.156   5684.5    491.1
     1     1    11     6    12    19     0     1  -164.0  -12.012  -77.220   5681.1    490.0
     1     1    11     6    12    18     0     0  -165.0  -11.880  -77.282   5628.0    481.5
     1     1    11     6    12    17     0     1  -166.0  -11.755  -77.349   5569.8    475.9
     1     1    11     6    12    16     0     2  -167.0  -11.640  -77.420   5512.4    474.2
     1     1    11     6    12    15     0     3  -168.0  -11.534  -77.488   5455.2    475.5
     1     1    11     6    12    14     0     2  -169.0  -11.435  -77.547   5413.1    478.1
     1     1    11     6    12    13     0     1  -170.0  -11.342  -77.597   5398.8    478.6
     1     1    11     6    12    12     0     0  -171.0  -11.256  -77.639   5406.9    478.5
     1     1    11     6    12    11     0     1  -172.0  -11.174  -77.689   5418.2    479.7
     1     1    11     6    12    10     0     2  -173.0  -11.094  -77.752   5411.2    487.1
     1     1    11     6    12     9     0     3  -174.0  -11.015  -77.816   5384.8    497.9
     1     1    11     6    12     8     0     2  -175.0  -10.938  -77.876   5349.7    509.1
     1     1    11     6    12     7     0     1  -176.0  -10.860  -77.929   5330.4    516.4
     1     1    11     6    12     6     0     0  -177.0  -10.784  -77.981   5327.7    521.9
     1     1    11     6    12     5     0     1  -178.0  -10.700  -78.029   5310.0    522.0
     1     1    11     6    12     4     0     2  -179.0  -10.604  -78.073   5279.2    520.1
     1     1    11     6    12     3     0     3  -180.0  -10.496  -78.115   5252.9    517.6
     1     1    11     6    12     2     0     2  -181.0  -10.380  -78.159   5253.6    514.3
     1     1    11     6    12     1     0     1  -182.0  -10.258  -78.209   5301.2    507.3
     1     1    11     6    12     0     0     0  -183.0  -10.129  -78.267   5394.7    498.1
     1     1    11     6    11    23     0     1  -184.0   -9.989  -78.328   5511.1    487.0
     1     1    11     6    11    22     0     2  -185.0   -9.840  -78.388   5605.7    473.7
     1     1    11     6    11    21     0     3  -186.0   -9.681  -78.444   5701.0    462.0
     1     1    11     6    11    20     0     2  -187.0   -9.519  -78.496   5785.9    451.4
     1     1    11     6    11    19     0     1  -188.0   -9.360  -78.543   5844.5    444.8
     1     1    11     6    11    18     0     0  -189.0   -9.203  -78.581   5873.6    440.6
     1     1    11     6    11    17     0     1  -190.0   -9.050  -78.607   5902.3    437.6
     1     1    11     6    11    16     0     2  -191.0   -8.903  -78.628   5966.3    431.9
     1     1    11     6    11    15     0     3  -192.0   -8.760  -78.654   6059.8    425.9
     1     1    11     6    11    14     0     2  -193.0   -8.624  -78.692   6152.5    420.5
     1     1    11     6    11    13     0     1  -194.0   -8.495  -78.740   6216.3    420.1
     1     1    11     6    11    12     0     0  -195.0   -8.372  -78.789   6248.7    421.8
     1     1    11     6    11    11     0     1  -196.0   -8.260  -78.836   6276.3    425.5
     1     1    11     6    11    10     0     2  -197.0   -8.165  -78.887   6329.8    427.1
     1     1    11     6    11     9     0     3  -198.0   -8.089  -78.942   6412.8    428.4
     1     1    11     6    11     8     0     2  -199.0   -8.029  -78.998   6524.0    429.2
     1     1    11     6    11     7     0     1  -200.0   -7.980  -79.056   6623.0    423.3
     1     1    11     6    11     6     0     0  -201.0   -7.941  -79.124   6743.6    415.9
     1     1    11     6    11     5     0     1  -202.0   -7.915  -79.208   6872.3    408.8
     1     1    11     6    11     4     0     2  -203.0   -7.904  -79.306   6982.1    406.1
     1     1    11     6    11     3     0     3  -204.0   -7.910  -79.413   7069.7    406.0
     1     1    11     6    11     2     0     2  -205.0   -7.921  -79.526   7147.6    407.2
     1     1    11     6    11     1     0     1  -206.0   -7.925  -79.646   7229.1    406.9
     1     1    11     6    11     0     0     0  -207.0   -7.922  -79.774   7309.3    406.7
     1     1    11     6    10    23     0     1  -208.0   -7.910  -79.903   7387.9    407.0
     1     1    11     6    10    22     0     2  -209.0   -7.893  -80.028   7466.0    406.5
     1     1    11     6    10    21     0     3  -210.0   -7.876  -80.154   7534.3    402.9
     1     1    11     6    10    20     0     2  -211.0   -7.873  -80.279   7600.1    398.8
     1     1    11     6    10    19     0     1  -212.0   -7.889  -80.399   7648.8    396.5
     1     1    11     6    10    18     0     0  -213.0   -7.920  -80.512   7683.0    395.1
     1     1    11     6    10    17     0     1  -214.0   -7.968  -80.619   7712.0    394.2
     1     1    11     6    10    16     0     2  -215.0   -8.034  -80.725   7742.7    392.6
     1     1    11     6    10    15     0     3  -216.0   -8.117  -80.830   7772.8    391.0
     1     1    11     6    10    14     0     2  -217.0   -8.212  -80.934   7818.4    389.3
     1     1    11     6    10    13     0     1  -218.0   -8.316  -81.049   7897.3    385.0
     1     1    11     6    10    12     0     0  -219.0   -8.433  -81.182   8008.1    379.1
     1     1    11     6    10    11     0     1  -220.0   -8.578  -81.343   8113.0    372.0
     1     1    11     6    10    10     0     2  -221.0   -8.757  -81.527   8170.7    369.0
     1     1    11     6    10     9     0     3  -222.0   -8.967  -81.729   8177.6    368.7
     1     1    11     6    10     8     0     2  -223.0   -9.190  -81.930   8158.6    371.0
     1     1    11     6    10     7     0     1  -224.0   -9.413  -82.120   8137.3    372.0
     1     1    11     6    10     6     0     0  -225.0   -9.639  -82.299   8112.4    373.4
     1     1    11     6    10     5     0     1  -226.0   -9.873  -82.464   8114.0    375.0
     1     1    11     6    10     4     0     2  -227.0  -10.117  -82.626   8166.7    372.3
     1     1    11     6    10     3     0     3  -228.0  -10.374  -82.796   8263.8    367.4
     1     1    11     6    10     2     0     2  -229.0  -10.641  -82.977   8378.8    360.3
     1     1    11     6    10     1     0     1  -230.0  -10.907  -83.159   8490.3    354.9
     1     1    11     6    10     0     0     0  -231.0  -11.164  -83.352   8608.7    349.4
     1     1    11     6     9    23     0     1  -232.0  -11.415  -83.566   8734.3    343.2
     1     1    11     6     9    22     0     2  -233.0  -11.664  -83.805   8857.8    337.3
     1     1    11     6     9    21     0     3  -234.0  -11.905  -84.069   8971.4    331.8
     1     1    11     6     9    20     0     2  -235.0  -12.133  -84.364   9058.5    327.3
     1     1    11     6     9    19     0     1  -236.0  -12.339  -84.686   9108.6    325.2
     1     1    11     6     9    18     0     0  -237.0  -12.522  -85.021   9124.4    324.7
     1     1    11     6     9    17     0     1  -238.0  -12.683  -85.356   9141.3    325.6
     1     1    11     6     9    16     0     2  -239.0  -12.820  -85.702   9191.6    323.3
     1     1    11     6     9    15     0     3  -240.0  -12.920  -86.068   9273.1    319.7
     1     1    11     6     9    14     0     2  -241.0  -12.987  -86.463   9356.7    314.3
     1     1    11     6     9    13     0     1  -242.0  -13.034  -86.872   9412.1    311.7
     1     1    11     6     9    12     0     0  -243.0  -13.066  -87.279   9436.2    310.2
     1     1    11     6     9    11     0     1  -244.0  -13.082  -87.677   9435.2    310.9
     1     1    11     6     9    10     0     2  -245.0  -13.078  -88.065   9419.7    311.7
     1     1    11     6     9     9     0     3  -246.0  -13.057  -88.439   9386.4    313.1
     1     1    11     6     9     8     0     2  -247.0  -13.020  -88.797   9344.0    315.7
     1     1    11     6     9     7     0     1  -248.0  -12.963  -89.147   9307.9    317.6
     1     1    11     6     9     6     0     0  -249.0  -12.882  -89.490   9281.9    319.0
     1     1    11     6     9     5     0     1  -250.0  -12.772  -89.820   9266.7    319.7
     1     1    11     6     9     4     0     2  -251.0  -12.636  -90.130   9257.6    320.0
     1     1    11     6     9     3     0     3  -252.0  -12.477  -90.426   9245.2    320.4
     1     1    11     6     9     2     0     2  -253.0  -12.305  -90.708   9226.6    321.1
     1     1    11     6     9     1     0     1  -254.0  -12.127  -90.979   9210.7    322.0
     1     1    11     6     9     0     0     0  -255.0  -11.939  -91.247   9213.9    322.1
     1     1    11     6     8    23     0     1  -256.0  -11.734  -91.521   9228.0    320.7
     1     1    11     6     8    22     0     2  -257.0  -11.515  -91.799   9237.6    320.4
     1     1    11     6     8    21     0     3  -258.0  -11.282  -92.076   9243.0    320.2
     1     1    11     6     8    20     0     2  -259.0  -11.035  -92.357   9235.6    320.2
     1     1    11     6     8    19     0     1  -260.0  -10.777  -92.636   9202.0    321.6
     1     1    11     6     8    18     0     0  -261.0  -10.519  -92.899   9143.2    324.7
     1     1    11     6     8    17     0     1  -262.0  -10.264  -93.149   9086.4    328.2
     1     1    11     6     8    16     0     2  -263.0  -10.007  -93.407   9050.9    329.8
     1     1    11     6     8    15     0     3  -264.0   -9.749  -93.674   9032.4    330.5
     1     1    11     6     8    14     0     2  -265.0   -9.489  -93.941   9027.7    330.4
     1     1    11     6     8    13     0     1  -266.0   -9.225  -94.205   9035.3    329.7
     1     1    11     6     8    12     0     0  -267.0   -8.957  -94.470   9054.5    328.6
     1     1    11     6     8    11     0     1  -268.0   -8.677  -94.731   9079.1    327.2
     1     1    11     6     8    10     0     2  -269.0   -8.381  -94.973   9098.4    326.3
     1     1    11     6     8     9     0     3  -270.0   -8.071  -95.192   9107.6    325.9
     1     1    11     6     8     8     0     2  -271.0   -7.755  -95.383   9118.1    326.1
     1     1    11     6     8     7     0     1  -272.0   -7.436  -95.553   9147.9    325.0
     1     1    11     6     8     6     0     0  -273.0   -7.113  -95.704   9205.7    322.6
     1     1    11     6     8     5     0     1  -274.0   -6.780  -95.838   9269.6    318.6
     1     1    11     6     8     4     0     2  -275.0   -6.441  -95.946   9314.3    316.6
     1     1    11     6     8     3     0     3  -276.0   -6.101  -96.021   9344.3    315.4
     1     1    11     6     8     2     0     2  -277.0   -5.774  -96.074   9374.0    314.4
     1     1    11     6     8     1     0     1  -278.0   -5.466  -96.122   9416.1    312.6
     1     1    11     6     8     0     0     0  -279.0   -5.180  -96.164   9475.0    310.0
     1     1    11     6     7    23     0     1  -280.0   -4.910  -96.204   9540.5    306.7
     1     1    11     6     7    22     0     2  -281.0   -4.650  -96.237   9597.4    304.1
     1     1    11     6     7    21     0     3  -282.0   -4.401  -96.260   9641.1    302.2
     1     1    11     6     7    20     0     2  -283.0   -4.164  -96.283   9671.0    301.1
     1     1    11     6     7    19     0     1  -284.0   -3.939  -96.312   9686.7    300.4
     1     1    11     6     7    18     0     0  -285.0   -3.724  -96.343   9686.8    300.5
     1     1    11     6     7    17     0     1  -286.0   -3.514  -96.364   9694.3    301.1
     1     1    11     6     7    16     0     2  -287.0   -3.304  -96.369   9729.9    299.5
     1     1    11     6     7    15     0     3  -288.0   -3.093  -96.362   9788.0    296.9
     1     1    11     6     7    14     0     2  -289.0   -2.881  -96.348   9854.5    293.4
     1     1    11     6     7    13     0     1  -290.0   -2.669  -96.332   9920.3    290.6
     1     1    11     6     7    12     0     0  -291.0   -2.457  -96.317   9990.7    287.6
     1     1    11     6     7    11     0     1  -292.0   -2.241  -96.309  10063.9    284.4
     1     1    11     6     7    10     0     2  -293.0   -2.018  -96.309  10136.3    281.5
     1     1    11     6     7     9     0     3  -294.0   -1.791  -96.318  10206.9    278.6
