     3     1
    GDAS    11     8     8     0     0
    GDAS    11     8    15     0     0
    GDAS    11     8    22     0     0
     1 BACKWARD OMEGA   
  2011     8    23    15   -8.900  -56.760  4419.6
     1 PRESSURE
     1     1    11     8    23    15     0     3     0.0   -8.900  -56.760   4419.6    586.1
     1     1    11     8    23    14     0     2    -1.0   -8.920  -56.800   4479.0    582.7
     1     1    11     8    23    13     0     1    -2.0   -8.930  -56.838   4554.8    577.4
     1     1    11     8    23    12     0     0    -3.0   -8.931  -56.875   4650.6    570.7
     1     1    11     8    23    11     0     1    -4.0   -8.935  -56.910   4737.8    562.3
     1     1    11     8    23    10     0     2    -5.0   -8.945  -56.944   4780.4    559.1
     1     1    11     8    23     9     0     3    -6.0   -8.958  -56.978   4772.1    559.6
     1     1    11     8    23     8     0     2    -7.0   -8.968  -57.014   4742.3    564.2
     1     1    11     8    23     7     0     1    -8.0   -8.968  -57.056   4724.0    565.5
     1     1    11     8    23     6     0     0    -9.0   -8.960  -57.103   4718.9    565.5
     1     1    11     8    23     5     0     1   -10.0   -8.943  -57.154   4722.5    565.0
     1     1    11     8    23     4     0     2   -11.0   -8.917  -57.203   4731.5    564.4
     1     1    11     8    23     3     0     3   -12.0   -8.884  -57.251   4747.7    563.3
     1     1    11     8    23     2     0     2   -13.0   -8.840  -57.295   4777.3    561.2
     1     1    11     8    23     1     0     1   -14.0   -8.785  -57.333   4822.4    557.4
     1     1    11     8    23     0     0     0   -15.0   -8.720  -57.365   4877.0    553.0
     1     1    11     8    22    23     0     1   -16.0   -8.645  -57.396   4920.3    548.3
     1     1    11     8    22    22     0     2   -17.0   -8.556  -57.436   4936.0    547.0
     1     1    11     8    22    21     0     3   -18.0   -8.452  -57.488   4929.1    547.6
     1     1    11     8    22    20     0     2   -19.0   -8.338  -57.539   4913.5    549.7
     1     1    11     8    22    19     0     1   -20.0   -8.219  -57.576   4898.1    551.0
     1     1    11     8    22    18     0     0   -21.0   -8.098  -57.598   4880.7    552.5
     1     1    11     8    22    17     0     1   -22.0   -7.977  -57.611   4870.4    554.5
     1     1    11     8    22    16     0     2   -23.0   -7.857  -57.617   4876.0    554.7
     1     1    11     8    22    15     0     3   -24.0   -7.737  -57.615   4892.5    554.1
     1     1    11     8    22    14     0     2   -25.0   -7.612  -57.601   4915.5    552.4
     1     1    11     8    22    13     0     1   -26.0   -7.479  -57.568   4944.5    550.5
     1     1    11     8    22    12     0     0   -27.0   -7.341  -57.515   4983.1    547.9
     1     1    11     8    22    11     0     1   -28.0   -7.201  -57.444   5030.9    544.3
     1     1    11     8    22    10     0     2   -29.0   -7.063  -57.354   5092.1    540.7
     1     1    11     8    22     9     0     3   -30.0   -6.928  -57.245   5175.5    535.3
     1     1    11     8    22     8     0     2   -31.0   -6.796  -57.124   5261.3    528.4
     1     1    11     8    22     7     0     1   -32.0   -6.665  -57.003   5324.3    524.4
     1     1    11     8    22     6     0     0   -33.0   -6.531  -56.881   5361.3    522.2
     1     1    11     8    22     5     0     1   -34.0   -6.396  -56.749   5392.3    522.0
     1     1    11     8    22     4     0     2   -35.0   -6.262  -56.591   5442.0    519.6
     1     1    11     8    22     3     0     3   -36.0   -6.124  -56.403   5515.0    515.3
     1     1    11     8    22     2     0     2   -37.0   -5.986  -56.194   5582.3    509.3
     1     1    11     8    22     1     0     1   -38.0   -5.855  -55.994   5607.7    506.7
     1     1    11     8    22     0     0     0   -39.0   -5.737  -55.808   5600.1    506.6
     1     1    11     8    21    23     0     1   -40.0   -5.632  -55.626   5576.8    506.7
     1     1    11     8    21    22     0     2   -41.0   -5.544  -55.439   5540.6    508.0
     1     1    11     8    21    21     0     3   -42.0   -5.467  -55.251   5497.2    510.0
     1     1    11     8    21    20     0     2   -43.0   -5.392  -55.055   5457.4    512.5
     1     1    11     8    21    19     0     1   -44.0   -5.309  -54.838   5429.9    514.5
     1     1    11     8    21    18     0     0   -45.0   -5.214  -54.600   5405.9    516.6
     1     1    11     8    21    17     0     1   -46.0   -5.109  -54.344   5399.2    518.8
     1     1    11     8    21    16     0     2   -47.0   -5.004  -54.069   5420.7    517.3
     1     1    11     8    21    15     0     3   -48.0   -4.901  -53.774   5462.0    515.4
     1     1    11     8    21    14     0     2   -49.0   -4.801  -53.467   5496.4    512.8
     1     1    11     8    21    13     0     1   -50.0   -4.706  -53.149   5509.4    513.6
     1     1    11     8    21    12     0     0   -51.0   -4.614  -52.819   5509.9    513.9
     1     1    11     8    21    11     0     1   -52.0   -4.525  -52.486   5514.7    513.0
     1     1    11     8    21    10     0     2   -53.0   -4.443  -52.159   5537.1    510.6
     1     1    11     8    21     9     0     3   -54.0   -4.372  -51.831   5575.1    507.4
     1     1    11     8    21     8     0     2   -55.0   -4.306  -51.506   5609.8    504.2
     1     1    11     8    21     7     0     1   -56.0   -4.242  -51.192   5626.5    503.3
     1     1    11     8    21     6     0     0   -57.0   -4.182  -50.889   5630.3    503.8
     1     1    11     8    21     5     0     1   -58.0   -4.127  -50.597   5626.7    505.9
     1     1    11     8    21     4     0     2   -59.0   -4.076  -50.312   5612.6    508.1
     1     1    11     8    21     3     0     3   -60.0   -4.031  -50.037   5584.0    511.0
     1     1    11     8    21     2     0     2   -61.0   -3.998  -49.768   5549.8    514.3
     1     1    11     8    21     1     0     1   -62.0   -3.984  -49.500   5525.1    516.0
     1     1    11     8    21     0     0     0   -63.0   -3.994  -49.236   5511.5    516.7
     1     1    11     8    20    23     0     1   -64.0   -4.025  -48.972   5504.8    516.5
     1     1    11     8    20    22     0     2   -65.0   -4.067  -48.697   5499.5    515.3
     1     1    11     8    20    21     0     3   -66.0   -4.118  -48.406   5498.8    513.6
     1     1    11     8    20    20     0     2   -67.0   -4.170  -48.110   5501.3    512.2
     1     1    11     8    20    19     0     1   -68.0   -4.215  -47.820   5508.6    511.1
     1     1    11     8    20    18     0     0   -69.0   -4.257  -47.541   5515.5    510.4
     1     1    11     8    20    17     0     1   -70.0   -4.292  -47.274   5509.5    510.4
     1     1    11     8    20    16     0     2   -71.0   -4.318  -47.021   5483.8    512.3
     1     1    11     8    20    15     0     3   -72.0   -4.332  -46.782   5444.8    516.2
     1     1    11     8    20    14     0     2   -73.0   -4.331  -46.558   5412.5    520.8
     1     1    11     8    20    13     0     1   -74.0   -4.316  -46.348   5409.0    522.1
     1     1    11     8    20    12     0     0   -75.0   -4.287  -46.148   5436.1    521.5
     1     1    11     8    20    11     0     1   -76.0   -4.260  -45.951   5473.9    518.4
     1     1    11     8    20    10     0     2   -77.0   -4.250  -45.759   5499.5    516.9
     1     1    11     8    20     9     0     3   -78.0   -4.256  -45.568   5513.1    516.2
     1     1    11     8    20     8     0     2   -79.0   -4.270  -45.382   5523.0    516.6
     1     1    11     8    20     7     0     1   -80.0   -4.289  -45.208   5535.0    516.1
     1     1    11     8    20     6     0     0   -81.0   -4.312  -45.047   5545.5    515.8
     1     1    11     8    20     5     0     1   -82.0   -4.337  -44.887   5557.8    515.4
     1     1    11     8    20     4     0     2   -83.0   -4.365  -44.713   5579.8    513.7
     1     1    11     8    20     3     0     3   -84.0   -4.395  -44.524   5614.3    511.1
     1     1    11     8    20     2     0     2   -85.0   -4.428  -44.319   5640.8    507.3
     1     1    11     8    20     1     0     1   -86.0   -4.463  -44.107   5638.1    506.6
     1     1    11     8    20     0     0     0   -87.0   -4.502  -43.891   5608.4    508.1
     1     1    11     8    19    23     0     1   -88.0   -4.547  -43.685   5573.7    511.4
     1     1    11     8    19    22     0     2   -89.0   -4.599  -43.498   5551.8    512.4
     1     1    11     8    19    21     0     3   -90.0   -4.657  -43.327   5539.6    512.8
     1     1    11     8    19    20     0     2   -91.0   -4.721  -43.171   5530.2    513.1
     1     1    11     8    19    19     0     1   -92.0   -4.786  -43.030   5520.9    513.9
     1     1    11     8    19    18     0     0   -93.0   -4.856  -42.901   5515.8    513.9
     1     1    11     8    19    17     0     1   -94.0   -4.920  -42.776   5526.9    513.2
     1     1    11     8    19    16     0     2   -95.0   -4.968  -42.646   5562.4    510.3
     1     1    11     8    19    15     0     3   -96.0   -5.000  -42.512   5619.2    506.1
     1     1    11     8    19    14     0     2   -97.0   -5.014  -42.362   5674.8    500.5
     1     1    11     8    19    13     0     1   -98.0   -5.010  -42.191   5710.4    497.7
     1     1    11     8    19    12     0     0   -99.0   -4.983  -42.003   5728.5    495.9
     1     1    11     8    19    11     0     1  -100.0   -4.942  -41.799   5721.5    493.5
     1     1    11     8    19    10     0     2  -101.0   -4.898  -41.585   5694.0    492.1
     1     1    11     8    19     9     0     3  -102.0   -4.851  -41.365   5648.0    491.5
     1     1    11     8    19     8     0     2  -103.0   -4.798  -41.144   5600.5    491.8
     1     1    11     8    19     7     0     1  -104.0   -4.738  -40.918   5571.3    490.4
     1     1    11     8    19     6     0     0  -105.0   -4.671  -40.687   5568.8    489.4
     1     1    11     8    19     5     0     1  -106.0   -4.599  -40.458   5585.1    487.9
     1     1    11     8    19     4     0     2  -107.0   -4.526  -40.235   5612.9    487.1
     1     1    11     8    19     3     0     3  -108.0   -4.453  -40.020   5647.8    486.7
     1     1    11     8    19     2     0     2  -109.0   -4.383  -39.802   5687.4    487.7
     1     1    11     8    19     1     0     1  -110.0   -4.312  -39.574   5722.2    488.8
     1     1    11     8    19     0     0     0  -111.0   -4.244  -39.333   5755.6    489.4
     1     1    11     8    18    23     0     1  -112.0   -4.178  -39.081   5791.1    489.0
     1     1    11     8    18    22     0     2  -113.0   -4.116  -38.825   5833.4    488.9
     1     1    11     8    18    21     0     3  -114.0   -4.062  -38.570   5880.4    489.6
     1     1    11     8    18    20     0     2  -115.0   -4.010  -38.319   5920.8    490.2
     1     1    11     8    18    19     0     1  -116.0   -3.955  -38.074   5943.2    492.4
     1     1    11     8    18    18     0     0  -117.0   -3.895  -37.834   5940.0    493.8
     1     1    11     8    18    17     0     1  -118.0   -3.834  -37.594   5929.8    495.4
     1     1    11     8    18    16     0     2  -119.0   -3.778  -37.348   5928.0    495.7
     1     1    11     8    18    15     0     3  -120.0   -3.727  -37.094   5934.1    495.5
     1     1    11     8    18    14     0     2  -121.0   -3.678  -36.827   5934.4    494.6
     1     1    11     8    18    13     0     1  -122.0   -3.629  -36.548   5916.2    495.8
     1     1    11     8    18    12     0     0  -123.0   -3.579  -36.261   5880.9    498.1
     1     1    11     8    18    11     0     1  -124.0   -3.527  -35.972   5850.3    501.0
     1     1    11     8    18    10     0     2  -125.0   -3.472  -35.682   5844.2    500.9
     1     1    11     8    18     9     0     3  -126.0   -3.417  -35.390   5858.4    499.5
     1     1    11     8    18     8     0     2  -127.0   -3.365  -35.093   5882.8    497.5
     1     1    11     8    18     7     0     1  -128.0   -3.317  -34.793   5910.9    495.9
     1     1    11     8    18     6     0     0  -129.0   -3.272  -34.490   5946.8    493.8
     1     1    11     8    18     5     0     1  -130.0   -3.233  -34.178   5984.7    491.1
     1     1    11     8    18     4     0     2  -131.0   -3.202  -33.853   6010.8    489.4
     1     1    11     8    18     3     0     3  -132.0   -3.182  -33.515   6014.9    489.1
     1     1    11     8    18     2     0     2  -133.0   -3.180  -33.166   6010.8    490.6
     1     1    11     8    18     1     0     1  -134.0   -3.204  -32.805   6021.0    490.4
     1     1    11     8    18     0     0     0  -135.0   -3.251  -32.428   6047.4    488.6
     1     1    11     8    17    23     0     1  -136.0   -3.320  -32.041   6058.9    485.9
     1     1    11     8    17    22     0     2  -137.0   -3.400  -31.660   6043.2    487.6
     1     1    11     8    17    21     0     3  -138.0   -3.486  -31.292   6020.9    489.2
     1     1    11     8    17    20     0     2  -139.0   -3.583  -30.941   6004.0    490.7
     1     1    11     8    17    19     0     1  -140.0   -3.695  -30.607   5993.1    491.2
     1     1    11     8    17    18     0     0  -141.0   -3.829  -30.289   5984.9    491.9
     1     1    11     8    17    17     0     1  -142.0   -3.978  -29.982   5982.7    492.2
     1     1    11     8    17    16     0     2  -143.0   -4.132  -29.681   5984.6    492.0
     1     1    11     8    17    15     0     3  -144.0   -4.282  -29.386   5988.6    491.9
     1     1    11     8    17    14     0     2  -145.0   -4.428  -29.094   5991.5    491.6
     1     1    11     8    17    13     0     1  -146.0   -4.569  -28.802   5985.6    491.9
     1     1    11     8    17    12     0     0  -147.0   -4.707  -28.512   5965.5    493.2
     1     1    11     8    17    11     0     1  -148.0   -4.847  -28.237   5942.5    495.2
     1     1    11     8    17    10     0     2  -149.0   -4.996  -27.988   5930.1    495.7
     1     1    11     8    17     9     0     3  -150.0   -5.156  -27.764   5939.6    495.5
     1     1    11     8    17     8     0     2  -151.0   -5.319  -27.554   5969.8    492.8
     1     1    11     8    17     7     0     1  -152.0   -5.479  -27.353   6002.8    490.5
     1     1    11     8    17     6     0     0  -153.0   -5.635  -27.167   6031.3    488.5
     1     1    11     8    17     5     0     1  -154.0   -5.786  -26.992   6064.3    487.4
     1     1    11     8    17     4     0     2  -155.0   -5.929  -26.821   6111.1    484.5
     1     1    11     8    17     3     0     3  -156.0   -6.064  -26.651   6166.3    481.2
     1     1    11     8    17     2     0     2  -157.0   -6.195  -26.479   6213.9    477.5
     1     1    11     8    17     1     0     1  -158.0   -6.326  -26.306   6241.7    476.1
     1     1    11     8    17     0     0     0  -159.0   -6.456  -26.135   6252.2    475.7
     1     1    11     8    16    23     0     1  -160.0   -6.583  -25.971   6251.1    475.8
     1     1    11     8    16    22     0     2  -161.0   -6.709  -25.821   6241.6    476.1
     1     1    11     8    16    21     0     3  -162.0   -6.833  -25.685   6220.6    477.1
     1     1    11     8    16    20     0     2  -163.0   -6.954  -25.562   6208.8    479.1
     1     1    11     8    16    19     0     1  -164.0   -7.070  -25.445   6230.1    477.8
     1     1    11     8    16    18     0     0  -165.0   -7.183  -25.333   6285.2    474.4
     1     1    11     8    16    17     0     1  -166.0   -7.302  -25.224   6347.4    469.2
     1     1    11     8    16    16     0     2  -167.0   -7.432  -25.116   6387.4    466.7
     1     1    11     8    16    15     0     3  -168.0   -7.573  -25.008   6399.1    466.0
     1     1    11     8    16    14     0     2  -169.0   -7.725  -24.904   6391.3    467.2
     1     1    11     8    16    13     0     1  -170.0   -7.888  -24.803   6381.6    468.2
     1     1    11     8    16    12     0     0  -171.0   -8.059  -24.707   6382.8    468.6
     1     1    11     8    16    11     0     1  -172.0   -8.231  -24.615   6398.3    467.3
     1     1    11     8    16    10     0     2  -173.0   -8.396  -24.528   6423.7    465.4
     1     1    11     8    16     9     0     3  -174.0   -8.555  -24.447   6455.7    463.1
     1     1    11     8    16     8     0     2  -175.0   -8.712  -24.382   6481.4    460.9
     1     1    11     8    16     7     0     1  -176.0   -8.872  -24.337   6489.8    460.4
     1     1    11     8    16     6     0     0  -177.0   -9.031  -24.312   6483.5    460.8
     1     1    11     8    16     5     0     1  -178.0   -9.184  -24.299   6478.7    462.1
     1     1    11     8    16     4     0     2  -179.0   -9.324  -24.292   6486.9    461.7
     1     1    11     8    16     3     0     3  -180.0   -9.453  -24.293   6503.2    460.8
     1     1    11     8    16     2     0     2  -181.0   -9.576  -24.300   6526.3    459.7
     1     1    11     8    16     1     0     1  -182.0   -9.701  -24.314   6557.1    458.1
     1     1    11     8    16     0     0     0  -183.0   -9.827  -24.335   6595.0    456.1
     1     1    11     8    15    23     0     1  -184.0   -9.963  -24.368   6639.5    453.2
     1     1    11     8    15    22     0     2  -185.0  -10.115  -24.415   6689.7    449.9
     1     1    11     8    15    21     0     3  -186.0  -10.286  -24.473   6743.9    446.4
     1     1    11     8    15    20     0     2  -187.0  -10.471  -24.543   6793.7    442.9
     1     1    11     8    15    19     0     1  -188.0  -10.663  -24.630   6837.9    440.5
     1     1    11     8    15    18     0     0  -189.0  -10.860  -24.739   6889.2    437.8
     1     1    11     8    15    17     0     1  -190.0  -11.059  -24.865   6952.3    434.1
     1     1    11     8    15    16     0     2  -191.0  -11.252  -24.996   7018.5    430.1
     1     1    11     8    15    15     0     3  -192.0  -11.438  -25.135   7070.3    426.7
     1     1    11     8    15    14     0     2  -193.0  -11.620  -25.281   7104.8    425.3
     1     1    11     8    15    13     0     1  -194.0  -11.801  -25.437   7133.4    424.1
     1     1    11     8    15    12     0     0  -195.0  -11.982  -25.610   7165.0    422.8
     1     1    11     8    15    11     0     1  -196.0  -12.158  -25.797   7200.8    420.4
     1     1    11     8    15    10     0     2  -197.0  -12.322  -25.996   7236.2    418.2
     1     1    11     8    15     9     0     3  -198.0  -12.474  -26.210   7270.9    416.1
     1     1    11     8    15     8     0     2  -199.0  -12.608  -26.433   7308.5    414.1
     1     1    11     8    15     7     0     1  -200.0  -12.723  -26.660   7351.7    411.7
     1     1    11     8    15     6     0     0  -201.0  -12.820  -26.892   7399.2    408.9
     1     1    11     8    15     5     0     1  -202.0  -12.899  -27.118   7445.9    406.3
     1     1    11     8    15     4     0     2  -203.0  -12.960  -27.324   7486.2    404.1
     1     1    11     8    15     3     0     3  -204.0  -13.002  -27.509   7514.6    402.4
     1     1    11     8    15     2     0     2  -205.0  -13.038  -27.678   7532.9    401.8
     1     1    11     8    15     1     0     1  -206.0  -13.078  -27.838   7547.6    401.2
     1     1    11     8    15     0     0     0  -207.0  -13.123  -27.988   7561.6    400.7
     1     1    11     8    14    23     0     1  -208.0  -13.171  -28.135   7579.0    399.7
     1     1    11     8    14    22     0     2  -209.0  -13.225  -28.283   7601.8    398.3
     1     1    11     8    14    21     0     3  -210.0  -13.283  -28.432   7627.6    396.7
     1     1    11     8    14    20     0     2  -211.0  -13.342  -28.580   7653.1    395.2
     1     1    11     8    14    19     0     1  -212.0  -13.399  -28.723   7678.6    393.9
     1     1    11     8    14    18     0     0  -213.0  -13.456  -28.864   7709.6    392.4
     1     1    11     8    14    17     0     1  -214.0  -13.511  -29.005   7743.5    390.3
     1     1    11     8    14    16     0     2  -215.0  -13.563  -29.150   7772.6    388.7
     1     1    11     8    14    15     0     3  -216.0  -13.613  -29.299   7793.5    387.6
     1     1    11     8    14    14     0     2  -217.0  -13.662  -29.451   7805.4    387.2
     1     1    11     8    14    13     0     1  -218.0  -13.711  -29.600   7809.7    387.2
     1     1    11     8    14    12     0     0  -219.0  -13.757  -29.745   7808.9    387.4
     1     1    11     8    14    11     0     1  -220.0  -13.800  -29.893   7807.1    387.4
     1     1    11     8    14    10     0     2  -221.0  -13.845  -30.051   7807.2    387.2
     1     1    11     8    14     9     0     3  -222.0  -13.892  -30.218   7809.6    386.8
     1     1    11     8    14     8     0     2  -223.0  -13.940  -30.389   7812.8    386.6
     1     1    11     8    14     7     0     1  -224.0  -13.990  -30.563   7814.0    386.6
     1     1    11     8    14     6     0     0  -225.0  -14.044  -30.737   7812.3    386.7
     1     1    11     8    14     5     0     1  -226.0  -14.100  -30.910   7811.4    387.1
     1     1    11     8    14     4     0     2  -227.0  -14.157  -31.080   7814.4    387.1
     1     1    11     8    14     3     0     3  -228.0  -14.218  -31.247   7818.2    387.0
     1     1    11     8    14     2     0     2  -229.0  -14.284  -31.409   7825.8    386.9
     1     1    11     8    14     1     0     1  -230.0  -14.358  -31.563   7842.3    386.2
     1     1    11     8    14     0     0     0  -231.0  -14.443  -31.716   7866.7    385.0
     1     1    11     8    13    23     0     1  -232.0  -14.543  -31.865   7897.6    383.2
     1     1    11     8    13    22     0     2  -233.0  -14.665  -32.006   7935.3    381.1
     1     1    11     8    13    21     0     3  -234.0  -14.809  -32.141   7981.7    378.7
     1     1    11     8    13    20     0     2  -235.0  -14.971  -32.270   8036.3    375.8
     1     1    11     8    13    19     0     1  -236.0  -15.143  -32.402   8099.4    372.6
     1     1    11     8    13    18     0     0  -237.0  -15.319  -32.548   8174.2    368.8
     1     1    11     8    13    17     0     1  -238.0  -15.500  -32.714   8234.2    364.6
     1     1    11     8    13    16     0     2  -239.0  -15.694  -32.884   8250.8    363.8
     1     1    11     8    13    15     0     3  -240.0  -15.908  -33.031   8221.6    365.3
     1     1    11     8    13    14     0     2  -241.0  -16.136  -33.170   8170.1    369.3
     1     1    11     8    13    13     0     1  -242.0  -16.368  -33.331   8124.2    372.0
     1     1    11     8    13    12     0     0  -243.0  -16.605  -33.504   8093.8    374.0
     1     1    11     8    13    11     0     1  -244.0  -16.856  -33.678   8098.6    374.0
     1     1    11     8    13    10     0     2  -245.0  -17.127  -33.856   8150.7    370.8
     1     1    11     8    13     9     0     3  -246.0  -17.415  -34.037   8237.5    365.5
     1     1    11     8    13     8     0     2  -247.0  -17.724  -34.224   8335.9    360.0
     1     1    11     8    13     7     0     1  -248.0  -18.062  -34.415   8431.0    355.1
     1     1    11     8    13     6     0     0  -249.0  -18.444  -34.608   8518.2    350.6
     1     1    11     8    13     5     0     1  -250.0  -18.865  -34.835   8599.9    346.9
     1     1    11     8    13     4     0     2  -251.0  -19.327  -35.107   8721.8    343.1
     1     1    11     8    13     3     0     3  -252.0  -19.864  -35.401   8955.6    333.3
     1     1    11     8    13     2     0     2  -253.0  -20.450  -35.746   9228.8    315.8
     1     1    11     8    13     1     0     1  -254.0  -21.093  -36.154   9480.5    305.8
     1     1    11     8    13     0     0     0  -255.0  -21.844  -36.601   9777.2    294.1
     1     1    11     8    12    23     0     1  -256.0  -22.665  -37.113  10097.0    277.9
