     3     1
    GDAS    11     5     1     0     0
    GDAS    11     5     8     0     0
    GDAS    11     5    15     0     0
     1 BACKWARD OMEGA   
  2011     5    17    16   -8.880  -56.740  3505.2
     1 PRESSURE
     1     1    11     5    17    16     0     2     0.0   -8.880  -56.740   3505.2    653.4
     1     1    11     5    17    15     0     3    -1.0   -8.706  -56.814   3488.7    653.9
     1     1    11     5    17    14     0     2    -2.0   -8.536  -56.858   3475.6    651.4
     1     1    11     5    17    13     0     1    -3.0   -8.366  -56.879   3454.3    650.6
     1     1    11     5    17    12     0     0    -4.0   -8.188  -56.882   3428.0    650.1
     1     1    11     5    17    11     0     1    -5.0   -8.003  -56.893   3402.3    649.3
     1     1    11     5    17    10     0     2    -6.0   -7.820  -56.932   3385.2    652.8
     1     1    11     5    17     9     0     3    -7.0   -7.646  -56.997   3364.5    657.4
     1     1    11     5    17     8     0     2    -8.0   -7.477  -57.069   3345.5    662.5
     1     1    11     5    17     7     0     1    -9.0   -7.312  -57.132   3331.4    666.7
     1     1    11     5    17     6     0     0   -10.0   -7.149  -57.186   3325.3    669.7
     1     1    11     5    17     5     0     1   -11.0   -6.991  -57.234   3318.4    671.9
     1     1    11     5    17     4     0     2   -12.0   -6.841  -57.275   3298.3    674.7
     1     1    11     5    17     3     0     3   -13.0   -6.701  -57.306   3262.6    678.5
     1     1    11     5    17     2     0     2   -14.0   -6.567  -57.330   3216.5    683.5
     1     1    11     5    17     1     0     1   -15.0   -6.438  -57.350   3169.8    688.0
     1     1    11     5    17     0     0     0   -16.0   -6.313  -57.367   3125.9    692.1
     1     1    11     5    16    23     0     1   -17.0   -6.198  -57.376   3098.8    695.5
     1     1    11     5    16    22     0     2   -18.0   -6.097  -57.370   3099.9    695.4
     1     1    11     5    16    21     0     3   -19.0   -6.009  -57.352   3129.4    693.0
     1     1    11     5    16    20     0     2   -20.0   -5.927  -57.328   3167.9    688.5
     1     1    11     5    16    19     0     1   -21.0   -5.844  -57.303   3195.9    686.3
     1     1    11     5    16    18     0     0   -22.0   -5.763  -57.275   3211.0    685.1
     1     1    11     5    16    17     0     1   -23.0   -5.696  -57.237   3221.0    685.6
     1     1    11     5    16    16     0     2   -24.0   -5.656  -57.183   3236.5    685.0
     1     1    11     5    16    15     0     3   -25.0   -5.640  -57.116   3258.1    683.7
     1     1    11     5    16    14     0     2   -26.0   -5.647  -57.048   3268.2    681.3
     1     1    11     5    16    13     0     1   -27.0   -5.674  -56.989   3250.1    682.6
     1     1    11     5    16    12     0     0   -28.0   -5.721  -56.933   3205.9    686.0
     1     1    11     5    16    11     0     1   -29.0   -5.776  -56.880   3167.8    691.3
     1     1    11     5    16    10     0     2   -30.0   -5.831  -56.834   3168.8    690.8
     1     1    11     5    16     9     0     3   -31.0   -5.888  -56.800   3212.0    687.0
     1     1    11     5    16     8     0     2   -32.0   -5.948  -56.780   3265.5    679.8
     1     1    11     5    16     7     0     1   -33.0   -6.007  -56.763   3293.5    677.2
     1     1    11     5    16     6     0     0   -34.0   -6.064  -56.747   3287.3    676.8
     1     1    11     5    16     5     0     1   -35.0   -6.127  -56.721   3245.2    680.5
     1     1    11     5    16     4     0     2   -36.0   -6.204  -56.680   3164.8    686.5
     1     1    11     5    16     3     0     3   -37.0   -6.292  -56.621   3037.3    696.2
     1     1    11     5    16     2     0     2   -38.0   -6.382  -56.549   2890.0    710.2
     1     1    11     5    16     1     0     1   -39.0   -6.473  -56.479   2761.3    721.1
     1     1    11     5    16     0     0     0   -40.0   -6.567  -56.417   2668.8    728.9
     1     1    11     5    15    23     0     1   -41.0   -6.666  -56.357   2622.7    731.6
     1     1    11     5    15    22     0     2   -42.0   -6.772  -56.293   2624.6    730.3
     1     1    11     5    15    21     0     3   -43.0   -6.885  -56.231   2680.5    724.4
     1     1    11     5    15    20     0     2   -44.0   -7.002  -56.184   2754.9    713.3
     1     1    11     5    15    19     0     1   -45.0   -7.118  -56.151   2789.4    706.8
     1     1    11     5    15    18     0     0   -46.0   -7.235  -56.126   2770.4    706.3
     1     1    11     5    15    17     0     1   -47.0   -7.349  -56.100   2734.4    710.9
     1     1    11     5    15    16     0     2   -48.0   -7.456  -56.071   2717.4    711.0
     1     1    11     5    15    15     0     3   -49.0   -7.553  -56.040   2722.7    709.3
     1     1    11     5    15    14     0     2   -50.0   -7.643  -56.008   2748.5    705.1
     1     1    11     5    15    13     0     1   -51.0   -7.727  -55.976   2790.4    700.1
     1     1    11     5    15    12     0     0   -52.0   -7.803  -55.946   2847.5    694.1
     1     1    11     5    15    11     0     1   -53.0   -7.874  -55.926   2902.0    686.6
     1     1    11     5    15    10     0     2   -54.0   -7.944  -55.920   2935.1    682.3
     1     1    11     5    15     9     0     3   -55.0   -8.016  -55.926   2947.4    680.1
     1     1    11     5    15     8     0     2   -56.0   -8.092  -55.936   2955.3    681.6
     1     1    11     5    15     7     0     1   -57.0   -8.172  -55.945   2971.9    681.4
     1     1    11     5    15     6     0     0   -58.0   -8.256  -55.955   2997.4    680.4
     1     1    11     5    15     5     0     1   -59.0   -8.339  -55.975   3031.9    679.0
     1     1    11     5    15     4     0     2   -60.0   -8.420  -56.013   3074.7    677.0
     1     1    11     5    15     3     0     3   -61.0   -8.498  -56.071   3120.4    674.8
     1     1    11     5    15     2     0     2   -62.0   -8.576  -56.143   3165.5    672.5
     1     1    11     5    15     1     0     1   -63.0   -8.659  -56.221   3211.4    670.3
     1     1    11     5    15     0     0     0   -64.0   -8.744  -56.308   3260.2    668.1
     1     1    11     5    14    23     0     1   -65.0   -8.828  -56.398   3306.2    665.4
     1     1    11     5    14    22     0     2   -66.0   -8.906  -56.484   3343.1    663.9
     1     1    11     5    14    21     0     3   -67.0   -8.977  -56.565   3371.5    663.1
     1     1    11     5    14    20     0     2   -68.0   -9.038  -56.647   3394.9    662.3
     1     1    11     5    14    19     0     1   -69.0   -9.089  -56.737   3416.9    660.9
     1     1    11     5    14    18     0     0   -70.0   -9.127  -56.836   3435.8    659.8
     1     1    11     5    14    17     0     1   -71.0   -9.155  -56.941   3448.8    659.6
     1     1    11     5    14    16     0     2   -72.0   -9.176  -57.049   3454.6    659.8
     1     1    11     5    14    15     0     3   -73.0   -9.190  -57.160   3458.2    659.6
     1     1    11     5    14    14     0     2   -74.0   -9.198  -57.275   3463.4    658.5
     1     1    11     5    14    13     0     1   -75.0   -9.203  -57.395   3468.2    657.4
     1     1    11     5    14    12     0     0   -76.0   -9.205  -57.518   3470.2    656.6
     1     1    11     5    14    11     0     1   -77.0   -9.212  -57.632   3475.3    655.8
     1     1    11     5    14    10     0     2   -78.0   -9.230  -57.732   3490.9    653.6
     1     1    11     5    14     9     0     3   -79.0   -9.258  -57.819   3517.1    650.6
     1     1    11     5    14     8     0     2   -80.0   -9.293  -57.898   3534.0    647.3
     1     1    11     5    14     7     0     1   -81.0   -9.332  -57.967   3520.6    648.0
     1     1    11     5    14     6     0     0   -82.0   -9.376  -58.023   3475.0    651.4
     1     1    11     5    14     5     0     1   -83.0   -9.428  -58.071   3413.6    658.0
     1     1    11     5    14     4     0     2   -84.0   -9.487  -58.119   3352.9    663.0
     1     1    11     5    14     3     0     3   -85.0   -9.554  -58.169   3290.7    668.2
     1     1    11     5    14     2     0     2   -86.0   -9.626  -58.224   3236.7    673.3
     1     1    11     5    14     1     0     1   -87.0   -9.698  -58.290   3203.8    676.1
     1     1    11     5    14     0     0     0   -88.0   -9.767  -58.369   3195.5    676.8
     1     1    11     5    13    23     0     1   -89.0   -9.830  -58.458   3201.9    675.0
     1     1    11     5    13    22     0     2   -90.0   -9.884  -58.555   3213.5    673.9
     1     1    11     5    13    21     0     3   -91.0   -9.930  -58.662   3231.4    672.2
     1     1    11     5    13    20     0     2   -92.0   -9.971  -58.780   3252.2    670.7
     1     1    11     5    13    19     0     1   -93.0  -10.011  -58.911   3272.0    669.5
     1     1    11     5    13    18     0     0   -94.0  -10.046  -59.055   3289.2    668.7
     1     1    11     5    13    17     0     1   -95.0  -10.075  -59.194   3307.8    668.1
     1     1    11     5    13    16     0     2   -96.0  -10.100  -59.315   3328.6    666.6
     1     1    11     5    13    15     0     3   -97.0  -10.120  -59.416   3346.5    665.3
     1     1    11     5    13    14     0     2   -98.0  -10.134  -59.502   3358.3    664.5
     1     1    11     5    13    13     0     1   -99.0  -10.145  -59.577   3364.8    664.3
     1     1    11     5    13    12     0     0  -100.0  -10.151  -59.641   3368.4    664.2
     1     1    11     5    13    11     0     1  -101.0  -10.161  -59.703   3373.0    663.8
     1     1    11     5    13    10     0     2  -102.0  -10.184  -59.769   3381.6    662.8
     1     1    11     5    13     9     0     3  -103.0  -10.221  -59.843   3395.7    661.4
     1     1    11     5    13     8     0     2  -104.0  -10.261  -59.914   3406.1    659.8
     1     1    11     5    13     7     0     1  -105.0  -10.291  -59.974   3401.9    660.2
     1     1    11     5    13     6     0     0  -106.0  -10.310  -60.020   3382.0    661.9
     1     1    11     5    13     5     0     1  -107.0  -10.320  -60.057   3350.1    664.9
     1     1    11     5    13     4     0     2  -108.0  -10.326  -60.085   3310.9    668.2
     1     1    11     5    13     3     0     3  -109.0  -10.327  -60.106   3264.2    672.1
     1     1    11     5    13     2     0     2  -110.0  -10.332  -60.123   3229.5    676.5
     1     1    11     5    13     1     0     1  -111.0  -10.349  -60.144   3228.6    676.5
     1     1    11     5    13     0     0     0  -112.0  -10.376  -60.168   3262.7    673.6
     1     1    11     5    12    23     0     1  -113.0  -10.408  -60.198   3309.9    667.6
     1     1    11     5    12    22     0     2  -114.0  -10.441  -60.235   3346.2    664.2
     1     1    11     5    12    21     0     3  -115.0  -10.475  -60.280   3369.6    661.8
     1     1    11     5    12    20     0     2  -116.0  -10.505  -60.332   3367.7    661.1
     1     1    11     5    12    19     0     1  -117.0  -10.529  -60.392   3329.7    664.4
     1     1    11     5    12    18     0     0  -118.0  -10.548  -60.457   3257.7    670.5
     1     1    11     5    12    17     0     1  -119.0  -10.563  -60.516   3186.4    679.5
     1     1    11     5    12    16     0     2  -120.0  -10.573  -60.563   3149.0    682.9
     1     1    11     5    12    15     0     3  -121.0  -10.574  -60.597   3144.0    683.8
     1     1    11     5    12    14     0     2  -122.0  -10.564  -60.630   3166.7    681.5
     1     1    11     5    12    13     0     1  -123.0  -10.538  -60.669   3213.3    677.7
     1     1    11     5    12    12     0     0  -124.0  -10.495  -60.713   3285.5    672.0
     1     1    11     5    12    11     0     1  -125.0  -10.446  -60.755   3365.8    663.9
     1     1    11     5    12    10     0     2  -126.0  -10.400  -60.786   3433.3    658.3
     1     1    11     5    12     9     0     3  -127.0  -10.358  -60.802   3485.2    654.1
     1     1    11     5    12     8     0     2  -128.0  -10.315  -60.804   3526.6    651.6
     1     1    11     5    12     7     0     1  -129.0  -10.265  -60.789   3563.4    649.1
     1     1    11     5    12     6     0     0  -130.0  -10.209  -60.757   3595.5    647.0
     1     1    11     5    12     5     0     1  -131.0  -10.149  -60.710   3617.4    645.3
     1     1    11     5    12     4     0     2  -132.0  -10.090  -60.655   3619.2    645.3
     1     1    11     5    12     3     0     3  -133.0  -10.033  -60.591   3589.6    647.5
     1     1    11     5    12     2     0     2  -134.0   -9.982  -60.525   3536.9    653.0
     1     1    11     5    12     1     0     1  -135.0   -9.934  -60.462   3482.1    657.8
     1     1    11     5    12     0     0     0  -136.0   -9.887  -60.404   3432.7    662.0
     1     1    11     5    11    23     0     1  -137.0   -9.836  -60.351   3400.6    665.1
     1     1    11     5    11    22     0     2  -138.0   -9.776  -60.301   3393.6    665.3
     1     1    11     5    11    21     0     3  -139.0   -9.706  -60.252   3407.4    663.8
     1     1    11     5    11    20     0     2  -140.0   -9.618  -60.200   3410.8    661.7
     1     1    11     5    11    19     0     1  -141.0   -9.506  -60.143   3375.4    665.0
     1     1    11     5    11    18     0     0  -142.0   -9.373  -60.082   3299.9    671.5
     1     1    11     5    11    17     0     1  -143.0   -9.228  -60.017   3224.1    681.6
     1     1    11     5    11    16     0     2  -144.0   -9.075  -59.944   3200.1    685.1
     1     1    11     5    11    15     0     3  -145.0   -8.916  -59.863   3237.4    682.8
     1     1    11     5    11    14     0     2  -146.0   -8.763  -59.779   3291.0    675.4
     1     1    11     5    11    13     0     1  -147.0   -8.625  -59.696   3323.1    673.9
     1     1    11     5    11    12     0     0  -148.0   -8.506  -59.612   3344.4    672.8
     1     1    11     5    11    11     0     1  -149.0   -8.401  -59.531   3365.2    671.5
     1     1    11     5    11    10     0     2  -150.0   -8.305  -59.457   3389.6    669.1
     1     1    11     5    11     9     0     3  -151.0   -8.216  -59.392   3414.2    666.7
     1     1    11     5    11     8     0     2  -152.0   -8.133  -59.326   3433.0    665.0
     1     1    11     5    11     7     0     1  -153.0   -8.052  -59.256   3440.4    664.4
     1     1    11     5    11     6     0     0  -154.0   -7.973  -59.186   3435.6    664.9
     1     1    11     5    11     5     0     1  -155.0   -7.891  -59.108   3417.9    666.5
     1     1    11     5    11     4     0     2  -156.0   -7.805  -59.015   3393.2    669.3
     1     1    11     5    11     3     0     3  -157.0   -7.714  -58.909   3367.6    671.9
     1     1    11     5    11     2     0     2  -158.0   -7.622  -58.791   3331.9    674.4
     1     1    11     5    11     1     0     1  -159.0   -7.533  -58.671   3280.8    678.8
     1     1    11     5    11     0     0     0  -160.0   -7.448  -58.551   3217.4    684.1
     1     1    11     5    10    23     0     1  -161.0   -7.367  -58.437   3155.9    689.9
     1     1    11     5    10    22     0     2  -162.0   -7.289  -58.334   3104.8    693.1
     1     1    11     5    10    21     0     3  -163.0   -7.218  -58.242   3054.6    696.3
     1     1    11     5    10    20     0     2  -164.0   -7.150  -58.155   2999.2    700.8
     1     1    11     5    10    19     0     1  -165.0   -7.075  -58.070   2941.4    706.0
     1     1    11     5    10    18     0     0  -166.0   -6.986  -57.987   2891.7    710.5
     1     1    11     5    10    17     0     1  -167.0   -6.891  -57.897   2868.8    713.8
     1     1    11     5    10    16     0     2  -168.0   -6.798  -57.793   2877.1    712.8
     1     1    11     5    10    15     0     3  -169.0   -6.698  -57.679   2903.9    710.3
     1     1    11     5    10    14     0     2  -170.0   -6.597  -57.555   2931.4    707.2
     1     1    11     5    10    13     0     1  -171.0   -6.501  -57.419   2956.6    705.8
     1     1    11     5    10    12     0     0  -172.0   -6.406  -57.273   2991.1    703.4
     1     1    11     5    10    11     0     1  -173.0   -6.311  -57.121   3025.6    699.2
     1     1    11     5    10    10     0     2  -174.0   -6.222  -56.962   3046.4    697.3
     1     1    11     5    10     9     0     3  -175.0   -6.143  -56.792   3052.2    696.2
     1     1    11     5    10     8     0     2  -176.0   -6.077  -56.609   3053.8    696.9
     1     1    11     5    10     7     0     1  -177.0   -6.025  -56.415   3065.5    696.0
     1     1    11     5    10     6     0     0  -178.0   -5.988  -56.212   3093.2    693.5
     1     1    11     5    10     5     0     1  -179.0   -5.967  -56.003   3138.9    689.4
     1     1    11     5    10     4     0     2  -180.0   -5.960  -55.790   3194.8    682.6
     1     1    11     5    10     3     0     3  -181.0   -5.963  -55.571   3253.2    675.5
     1     1    11     5    10     2     0     2  -182.0   -5.969  -55.347   3296.2    668.6
     1     1    11     5    10     1     0     1  -183.0   -5.973  -55.123   3314.7    664.9
     1     1    11     5    10     0     0     0  -184.0   -5.982  -54.899   3322.9    664.1
     1     1    11     5     9    23     0     1  -185.0   -5.994  -54.677   3335.4    664.2
     1     1    11     5     9    22     0     2  -186.0   -6.005  -54.456   3356.2    663.5
     1     1    11     5     9    21     0     3  -187.0   -6.018  -54.236   3388.4    661.8
     1     1    11     5     9    20     0     2  -188.0   -6.029  -54.015   3431.4    659.5
     1     1    11     5     9    19     0     1  -189.0   -6.036  -53.795   3464.9    654.4
     1     1    11     5     9    18     0     0  -190.0   -6.039  -53.581   3482.3    651.9
     1     1    11     5     9    17     0     1  -191.0   -6.036  -53.361   3490.4    650.2
     1     1    11     5     9    16     0     2  -192.0   -6.030  -53.126   3489.7    648.6
     1     1    11     5     9    15     0     3  -193.0   -6.017  -52.873   3479.9    648.5
     1     1    11     5     9    14     0     2  -194.0   -6.009  -52.610   3476.5    649.4
     1     1    11     5     9    13     0     1  -195.0   -6.018  -52.350   3492.3    647.6
     1     1    11     5     9    12     0     0  -196.0   -6.045  -52.094   3526.6    644.5
     1     1    11     5     9    11     0     1  -197.0   -6.090  -51.848   3562.0    640.5
     1     1    11     5     9    10     0     2  -198.0   -6.151  -51.614   3577.4    640.0
     1     1    11     5     9     9     0     3  -199.0   -6.225  -51.391   3574.1    641.1
     1     1    11     5     9     8     0     2  -200.0   -6.304  -51.173   3550.6    643.3
     1     1    11     5     9     7     0     1  -201.0   -6.377  -50.958   3504.1    647.4
     1     1    11     5     9     6     0     0  -202.0   -6.443  -50.745   3440.1    652.1
     1     1    11     5     9     5     0     1  -203.0   -6.505  -50.531   3385.0    657.8
     1     1    11     5     9     4     0     2  -204.0   -6.565  -50.316   3358.8    659.9
     1     1    11     5     9     3     0     3  -205.0   -6.625  -50.102   3361.3    659.7
     1     1    11     5     9     2     0     2  -206.0   -6.687  -49.891   3382.9    658.0
     1     1    11     5     9     1     0     1  -207.0   -6.754  -49.684   3413.4    657.4
     1     1    11     5     9     0     0     0  -208.0   -6.824  -49.479   3453.9    655.6
     1     1    11     5     8    23     0     1  -209.0   -6.896  -49.277   3498.5    652.3
     1     1    11     5     8    22     0     2  -210.0   -6.963  -49.077   3537.2    649.4
     1     1    11     5     8    21     0     3  -211.0   -7.026  -48.876   3561.5    647.0
     1     1    11     5     8    20     0     2  -212.0   -7.085  -48.675   3565.7    646.8
     1     1    11     5     8    19     0     1  -213.0   -7.137  -48.476   3551.2    648.5
     1     1    11     5     8    18     0     0  -214.0   -7.184  -48.276   3525.5    651.1
     1     1    11     5     8    17     0     1  -215.0   -7.224  -48.081   3503.5    654.4
     1     1    11     5     8    16     0     2  -216.0   -7.251  -47.894   3492.7    654.8
     1     1    11     5     8    15     0     3  -217.0   -7.264  -47.716   3488.8    653.8
     1     1    11     5     8    14     0     2  -218.0   -7.261  -47.539   3486.9    652.3
     1     1    11     5     8    13     0     1  -219.0   -7.240  -47.357   3484.5    651.0
     1     1    11     5     8    12     0     0  -220.0   -7.202  -47.170   3484.1    649.5
     1     1    11     5     8    11     0     1  -221.0   -7.156  -46.976   3489.9    647.3
     1     1    11     5     8    10     0     2  -222.0   -7.120  -46.779   3508.3    645.1
     1     1    11     5     8     9     0     3  -223.0   -7.098  -46.586   3543.2    641.7
     1     1    11     5     8     8     0     2  -224.0   -7.091  -46.398   3588.9    637.0
     1     1    11     5     8     7     0     1  -225.0   -7.098  -46.215   3632.8    633.0
     1     1    11     5     8     6     0     0  -226.0   -7.120  -46.035   3667.5    629.6
     1     1    11     5     8     5     0     1  -227.0   -7.151  -45.856   3697.0    628.5
     1     1    11     5     8     4     0     2  -228.0   -7.183  -45.680   3725.6    627.3
     1     1    11     5     8     3     0     3  -229.0   -7.217  -45.503   3752.6    626.0
     1     1    11     5     8     2     0     2  -230.0   -7.252  -45.323   3779.2    624.8
     1     1    11     5     8     1     0     1  -231.0   -7.289  -45.135   3805.0    623.3
     1     1    11     5     8     0     0     0  -232.0   -7.327  -44.938   3826.3    622.1
     1     1    11     5     7    23     0     1  -233.0   -7.369  -44.730   3832.9    620.8
     1     1    11     5     7    22     0     2  -234.0   -7.419  -44.514   3818.1    622.1
     1     1    11     5     7    21     0     3  -235.0   -7.478  -44.291   3786.7    624.5
     1     1    11     5     7    20     0     2  -236.0   -7.544  -44.065   3755.6    628.4
     1     1    11     5     7    19     0     1  -237.0   -7.620  -43.840   3734.6    629.8
     1     1    11     5     7    18     0     0  -238.0   -7.711  -43.620   3718.2    630.9
     1     1    11     5     7    17     0     1  -239.0   -7.821  -43.403   3706.9    631.6
     1     1    11     5     7    16     0     2  -240.0   -7.954  -43.189   3701.8    631.2
     1     1    11     5     7    15     0     3  -241.0   -8.108  -42.980   3705.0    629.3
     1     1    11     5     7    14     0     2  -242.0   -8.269  -42.779   3721.4    626.1
     1     1    11     5     7    13     0     1  -243.0   -8.426  -42.587   3746.1    623.1
     1     1    11     5     7    12     0     0  -244.0   -8.584  -42.406   3773.7    620.8
     1     1    11     5     7    11     0     1  -245.0   -8.742  -42.234   3811.8    619.0
     1     1    11     5     7    10     0     2  -246.0   -8.905  -42.072   3867.1    615.4
     1     1    11     5     7     9     0     3  -247.0   -9.074  -41.923   3923.5    609.8
     1     1    11     5     7     8     0     2  -248.0   -9.247  -41.789   3969.2    603.2
     1     1    11     5     7     7     0     1  -249.0   -9.420  -41.667   4004.4    597.0
     1     1    11     5     7     6     0     0  -250.0   -9.595  -41.559   4027.5    591.4
     1     1    11     5     7     5     0     1  -251.0   -9.770  -41.459   4026.6    586.8
     1     1    11     5     7     4     0     2  -252.0   -9.939  -41.356   3994.0    585.1
     1     1    11     5     7     3     0     3  -253.0  -10.101  -41.248   3943.3    586.7
     1     1    11     5     7     2     0     2  -254.0  -10.256  -41.140   3895.0    590.5
     1     1    11     5     7     1     0     1  -255.0  -10.408  -41.041   3864.8    592.4
     1     1    11     5     7     0     0     0  -256.0  -10.554  -40.953   3859.8    594.5
     1     1    11     5     6    23     0     1  -257.0  -10.704  -40.877   3876.3    595.3
     1     1    11     5     6    22     0     2  -258.0  -10.867  -40.811   3902.3    595.2
     1     1    11     5     6    21     0     3  -259.0  -11.045  -40.757   3927.4    594.7
     1     1    11     5     6    20     0     2  -260.0  -11.229  -40.712   3949.6    593.6
     1     1    11     5     6    19     0     1  -261.0  -11.409  -40.676   3974.1    591.8
     1     1    11     5     6    18     0     0  -262.0  -11.579  -40.651   3996.0    590.0
     1     1    11     5     6    17     0     1  -263.0  -11.738  -40.630   4000.0    588.8
     1     1    11     5     6    16     0     2  -264.0  -11.885  -40.609   3971.7    590.9
     1     1    11     5     6    15     0     3  -265.0  -12.018  -40.586   3910.4    595.8
     1     1    11     5     6    14     0     2  -266.0  -12.134  -40.555   3848.0    604.0
     1     1    11     5     6    13     0     1  -267.0  -12.236  -40.512   3814.3    607.8
     1     1    11     5     6    12     0     0  -268.0  -12.326  -40.458   3810.5    609.4
     1     1    11     5     6    11     0     1  -269.0  -12.412  -40.399   3827.4    607.6
     1     1    11     5     6    10     0     2  -270.0  -12.497  -40.338   3853.9    605.6
     1     1    11     5     6     9     0     3  -271.0  -12.585  -40.275   3889.0    602.6
     1     1    11     5     6     8     0     2  -272.0  -12.665  -40.212   3931.5    599.3
     1     1    11     5     6     7     0     1  -273.0  -12.732  -40.146   3980.4    595.5
     1     1    11     5     6     6     0     0  -274.0  -12.783  -40.079   4036.1    591.0
     1     1    11     5     6     5     0     1  -275.0  -12.829  -40.010   4093.6    586.3
     1     1    11     5     6     4     0     2  -276.0  -12.880  -39.944   4149.7    583.4
     1     1    11     5     6     3     0     3  -277.0  -12.935  -39.879   4199.7    581.4
     1     1    11     5     6     2     0     2  -278.0  -13.004  -39.815   4234.3    580.0
     1     1    11     5     6     1     0     1  -279.0  -13.094  -39.749   4245.0    582.5
     1     1    11     5     6     0     0     0  -280.0  -13.202  -39.681   4225.4    587.6
     1     1    11     5     5    23     0     1  -281.0  -13.318  -39.620   4203.8    594.1
     1     1    11     5     5    22     0     2  -282.0  -13.433  -39.579   4209.6    596.1
     1     1    11     5     5    21     0     3  -283.0  -13.549  -39.559   4245.3    595.1
     1     1    11     5     5    20     0     2  -284.0  -13.662  -39.557   4292.9    591.5
     1     1    11     5     5    19     0     1  -285.0  -13.762  -39.562   4330.4    589.7
     1     1    11     5     5    18     0     0  -286.0  -13.850  -39.575   4354.8    588.6
     1     1    11     5     5    17     0     1  -287.0  -13.921  -39.593   4369.6    588.6
     1     1    11     5     5    16     0     2  -288.0  -13.973  -39.615   4380.1    588.4
     1     1    11     5     5    15     0     3  -289.0  -14.005  -39.641   4387.2    588.1
     1     1    11     5     5    14     0     2  -290.0  -14.026  -39.666   4395.2    587.5
     1     1    11     5     5    13     0     1  -291.0  -14.047  -39.691   4409.7    586.2
     1     1    11     5     5    12     0     0  -292.0  -14.068  -39.715   4431.9    584.3
     1     1    11     5     5    11     0     3  -293.0  -14.089  -39.748   4465.9    581.1
     1     1    11     5     5    10     0     6  -294.0  -14.111  -39.806   4515.5    575.8
     1     1    11     5     5     9     0     9  -295.0  -14.136  -39.891   4577.6    569.1
     1     1    11     5     5     8     0     8  -296.0  -14.162  -39.996   4645.8    561.8
     1     1    11     5     5     7     0     7  -297.0  -14.187  -40.110   4716.8    555.7
     1     1    11     5     5     6     0     6  -298.0  -14.213  -40.231   4783.2    549.8
     1     1    11     5     5     5     0     5  -299.0  -14.237  -40.351   4840.0    544.5
     1     1    11     5     5     4     0     4  -300.0  -14.256  -40.459   4887.0    540.2
     1     1    11     5     5     3     0     3  -301.0  -14.270  -40.556   4928.3    536.4
     1     1    11     5     5     2     0     2  -302.0  -14.277  -40.643   4960.2    532.9
     1     1    11     5     5     1     0     1  -303.0  -14.276  -40.716   4976.3    531.1
     1     1    11     5     5     0     0     0  -304.0  -14.264  -40.776   4975.3    530.8
     1     1    11     5     4    23     0     1  -305.0  -14.245  -40.828   4970.5    531.7
     1     1    11     5     4    22     0     2  -306.0  -14.222  -40.877   4977.0    531.2
     1     1    11     5     4    21     0     3  -307.0  -14.193  -40.922   4995.9    530.1
     1     1    11     5     4    20     0     2  -308.0  -14.160  -40.965   5022.2    528.7
     1     1    11     5     4    19     0     1  -309.0  -14.126  -41.005   5049.3    527.7
     1     1    11     5     4    18     0     0  -310.0  -14.093  -41.043   5075.1    526.7
     1     1    11     5     4    17     0     1  -311.0  -14.060  -41.074   5102.5    526.1
     1     1    11     5     4    16     0     2  -312.0  -14.029  -41.094   5135.5    524.9
     1     1    11     5     4    15     0     3  -313.0  -14.000  -41.103   5174.1    523.4
     1     1    11     5     4    14     0     2  -314.0  -13.967  -41.102   5198.7    520.5
     1     1    11     5     4    13     0     1  -315.0  -13.925  -41.088   5198.7    520.2
     1     1    11     5     4    12     0     0  -316.0  -13.871  -41.060   5173.9    521.7
     1     1    11     5     4    11     0     3  -317.0  -13.811  -41.025   5141.2    524.5
     1     1    11     5     4    10     0     6  -318.0  -13.748  -40.990   5116.5    525.7
     1     1    11     5     4     9     0     9  -319.0  -13.685  -40.956   5099.4    525.9
     1     1    11     5     4     8     0     8  -320.0  -13.622  -40.925   5087.9    525.9
     1     1    11     5     4     7     0     7  -321.0  -13.559  -40.897   5077.9    526.0
     1     1    11     5     4     6     0     6  -322.0  -13.497  -40.871   5069.2    526.1
     1     1    11     5     4     5     0     5  -323.0  -13.439  -40.846   5066.3    526.3
     1     1    11     5     4     4     0     4  -324.0  -13.386  -40.820   5074.4    525.5
     1     1    11     5     4     3     0     3  -325.0  -13.336  -40.795   5094.7    524.0
     1     1    11     5     4     2     0     2  -326.0  -13.290  -40.777   5126.4    521.3
     1     1    11     5     4     1     0     1  -327.0  -13.249  -40.775   5167.2    518.2
     1     1    11     5     4     0     0     0  -328.0  -13.214  -40.789   5216.5    514.7
     1     1    11     5     3    23     0     1  -329.0  -13.182  -40.815   5244.5    510.4
     1     1    11     5     3    22     0     2  -330.0  -13.146  -40.848   5217.0    511.5
     1     1    11     5     3    21     0     3  -331.0  -13.107  -40.881   5123.7    516.6
     1     1    11     5     3    20     0     2  -332.0  -13.056  -40.904   5013.5    527.1
     1     1    11     5     3    19     0     1  -333.0  -12.990  -40.914   4950.6    531.0
     1     1    11     5     3    18     0     0  -334.0  -12.908  -40.915   4942.8    530.6
     1     1    11     5     3    17     0     1  -335.0  -12.814  -40.908   4954.9    526.3
     1     1    11     5     3    16     0     2  -336.0  -12.712  -40.890   4951.9    525.5
