     3     1
    GDAS    11     8     8     0     0
    GDAS    11     8    15     0     0
    GDAS    11     8    22     0     0
     1 BACKWARD OMEGA   
  2011     8    23    16   -8.850  -56.760  2590.8
     1 PRESSURE
     1     1    11     8    23    16     0     2     0.0   -8.850  -56.760   2590.8    731.5
     1     1    11     8    23    15     0     3    -1.0   -8.899  -56.508   2651.1    725.8
     1     1    11     8    23    14     0     2    -2.0   -8.942  -56.268   2717.1    718.5
     1     1    11     8    23    13     0     1    -3.0   -8.984  -56.046   2781.6    710.9
     1     1    11     8    23    12     0     0    -4.0   -9.025  -55.847   2828.2    703.4
     1     1    11     8    23    11     0     1    -5.0   -9.049  -55.665   2857.2    698.4
     1     1    11     8    23    10     0     2    -6.0   -9.037  -55.494   2874.2    693.8
     1     1    11     8    23     9     0     3    -7.0   -8.985  -55.324   2871.9    690.5
     1     1    11     8    23     8     0     2    -8.0   -8.911  -55.154   2856.2    690.3
     1     1    11     8    23     7     0     1    -9.0   -8.833  -54.983   2843.4    690.5
     1     1    11     8    23     6     0     0   -10.0   -8.752  -54.803   2836.0    692.0
     1     1    11     8    23     5     0     1   -11.0   -8.677  -54.622   2821.8    694.3
     1     1    11     8    23     4     0     2   -12.0   -8.612  -54.450   2804.5    697.1
     1     1    11     8    23     3     0     3   -13.0   -8.549  -54.283   2796.2    699.4
     1     1    11     8    23     2     0     2   -14.0   -8.482  -54.127   2792.2    699.1
     1     1    11     8    23     1     0     1   -15.0   -8.411  -53.988   2784.7    700.3
     1     1    11     8    23     0     0     0   -16.0   -8.338  -53.868   2784.0    701.2
     1     1    11     8    22    23     0     1   -17.0   -8.270  -53.754   2774.6    700.9
     1     1    11     8    22    22     0     2   -18.0   -8.212  -53.637   2741.8    704.5
     1     1    11     8    22    21     0     3   -19.0   -8.166  -53.515   2690.7    709.8
     1     1    11     8    22    20     0     2   -20.0   -8.134  -53.386   2650.8    716.5
     1     1    11     8    22    19     0     1   -21.0   -8.115  -53.248   2643.5    717.7
     1     1    11     8    22    18     0     0   -22.0   -8.109  -53.106   2655.7    717.1
     1     1    11     8    22    17     0     1   -23.0   -8.115  -52.959   2665.6    715.9
     1     1    11     8    22    16     0     2   -24.0   -8.128  -52.804   2657.7    716.5
     1     1    11     8    22    15     0     3   -25.0   -8.145  -52.646   2640.8    718.4
     1     1    11     8    22    14     0     2   -26.0   -8.165  -52.496   2609.0    719.6
     1     1    11     8    22    13     0     1   -27.0   -8.186  -52.360   2546.2    724.5
     1     1    11     8    22    12     0     0   -28.0   -8.213  -52.234   2448.2    732.6
     1     1    11     8    22    11     0     1   -29.0   -8.243  -52.111   2322.5    744.3
     1     1    11     8    22    10     0     2   -30.0   -8.274  -51.988   2180.1    756.8
     1     1    11     8    22     9     0     3   -31.0   -8.308  -51.860   2038.5    770.2
     1     1    11     8    22     8     0     2   -32.0   -8.340  -51.723   1937.3    781.1
     1     1    11     8    22     7     0     1   -33.0   -8.366  -51.582   1900.4    784.3
     1     1    11     8    22     6     0     0   -34.0   -8.385  -51.444   1926.3    781.2
     1     1    11     8    22     5     0     1   -35.0   -8.401  -51.309   1990.5    773.1
     1     1    11     8    22     4     0     2   -36.0   -8.420  -51.175   2069.0    765.4
     1     1    11     8    22     3     0     3   -37.0   -8.442  -51.039   2155.2    757.3
     1     1    11     8    22     2     0     2   -38.0   -8.462  -50.897   2240.8    749.9
     1     1    11     8    22     1     0     1   -39.0   -8.475  -50.749   2317.0    744.5
     1     1    11     8    22     0     0     0   -40.0   -8.484  -50.599   2385.2    740.3
     1     1    11     8    21    23     0     1   -41.0   -8.500  -50.453   2444.7    736.0
     1     1    11     8    21    22     0     2   -42.0   -8.532  -50.313   2492.2    733.1
     1     1    11     8    21    21     0     3   -43.0   -8.577  -50.177   2528.7    731.4
     1     1    11     8    21    20     0     2   -44.0   -8.631  -50.039   2554.4    731.3
     1     1    11     8    21    19     0     1   -45.0   -8.689  -49.892   2569.4    731.2
     1     1    11     8    21    18     0     0   -46.0   -8.749  -49.734   2580.2    730.7
     1     1    11     8    21    17     0     1   -47.0   -8.817  -49.572   2588.6    729.9
     1     1    11     8    21    16     0     2   -48.0   -8.897  -49.405   2590.5    729.3
     1     1    11     8    21    15     0     3   -49.0   -8.989  -49.233   2583.4    729.2
     1     1    11     8    21    14     0     2   -50.0   -9.087  -49.053   2587.2    729.1
     1     1    11     8    21    13     0     1   -51.0   -9.186  -48.866   2616.7    725.5
     1     1    11     8    21    12     0     0   -52.0   -9.289  -48.676   2657.1    721.5
     1     1    11     8    21    11     0     1   -53.0   -9.391  -48.496   2688.8    716.9
     1     1    11     8    21    10     0     2   -54.0   -9.487  -48.336   2698.5    715.1
     1     1    11     8    21     9     0     3   -55.0   -9.581  -48.199   2684.5    715.1
     1     1    11     8    21     8     0     2   -56.0   -9.677  -48.077   2649.3    717.8
     1     1    11     8    21     7     0     1   -57.0   -9.776  -47.964   2592.9    721.3
     1     1    11     8    21     6     0     0   -58.0   -9.879  -47.855   2515.4    726.9
     1     1    11     8    21     5     0     1   -59.0   -9.983  -47.747   2426.4    734.8
     1     1    11     8    21     4     0     2   -60.0  -10.086  -47.637   2333.1    742.6
     1     1    11     8    21     3     0     3   -61.0  -10.185  -47.527   2236.6    750.4
     1     1    11     8    21     2     0     2   -62.0  -10.276  -47.415   2142.1    757.8
     1     1    11     8    21     1     0     1   -63.0  -10.354  -47.299   2055.0    763.8
     1     1    11     8    21     0     0     0   -64.0  -10.426  -47.179   1964.0    769.8
     1     1    11     8    20    23     0     1   -65.0  -10.493  -47.061   1864.0    777.5
     1     1    11     8    20    22     0     2   -66.0  -10.554  -46.952   1768.3    784.5
     1     1    11     8    20    21     0     3   -67.0  -10.610  -46.848   1694.7    788.6
     1     1    11     8    20    20     0     2   -68.0  -10.660  -46.749   1650.4    789.8
     1     1    11     8    20    19     0     1   -69.0  -10.701  -46.652   1630.6    788.7
     1     1    11     8    20    18     0     0   -70.0  -10.736  -46.556   1628.4    786.0
     1     1    11     8    20    17     0     1   -71.0  -10.765  -46.465   1639.2    782.9
     1     1    11     8    20    16     0     2   -72.0  -10.790  -46.384   1661.2    779.0
     1     1    11     8    20    15     0     3   -73.0  -10.812  -46.319   1692.6    774.6
     1     1    11     8    20    14     0     2   -74.0  -10.835  -46.274   1730.9    769.6
     1     1    11     8    20    13     0     1   -75.0  -10.863  -46.254   1773.6    764.8
     1     1    11     8    20    12     0     0   -76.0  -10.893  -46.261   1818.9    760.1
     1     1    11     8    20    11     0     1   -77.0  -10.924  -46.282   1864.5    755.0
     1     1    11     8    20    10     0     2   -78.0  -10.955  -46.309   1909.7    750.1
     1     1    11     8    20     9     0     3   -79.0  -10.987  -46.344   1953.0    745.6
     1     1    11     8    20     8     0     2   -80.0  -11.017  -46.376   1984.7    742.4
     1     1    11     8    20     7     0     1   -81.0  -11.038  -46.396   1998.0    741.6
     1     1    11     8    20     6     0     0   -82.0  -11.050  -46.402   1993.9    742.1
     1     1    11     8    20     5     0     1   -83.0  -11.051  -46.392   1981.8    744.2
     1     1    11     8    20     4     0     2   -84.0  -11.037  -46.363   1973.8    745.1
     1     1    11     8    20     3     0     3   -85.0  -11.010  -46.319   1976.2    744.9
     1     1    11     8    20     2     0     2   -86.0  -10.976  -46.261   1995.6    742.7
     1     1    11     8    20     1     0     1   -87.0  -10.943  -46.192   2032.6    738.5
     1     1    11     8    20     0     0     0   -88.0  -10.911  -46.116   2083.9    732.9
     1     1    11     8    19    23     0     1   -89.0  -10.883  -46.045   2138.0    726.2
     1     1    11     8    19    22     0     2   -90.0  -10.860  -45.986   2180.0    721.4
     1     1    11     8    19    21     0     3   -91.0  -10.840  -45.934   2204.5    719.7
     1     1    11     8    19    20     0     2   -92.0  -10.820  -45.884   2216.8    720.7
     1     1    11     8    19    19     0     1   -93.0  -10.798  -45.832   2227.3    721.0
     1     1    11     8    19    18     0     0   -94.0  -10.773  -45.781   2237.3    721.4
     1     1    11     8    19    17     0     1   -95.0  -10.740  -45.729   2246.3    722.0
     1     1    11     8    19    16     0     2   -96.0  -10.691  -45.674   2254.7    723.0
     1     1    11     8    19    15     0     3   -97.0  -10.626  -45.617   2266.4    724.0
     1     1    11     8    19    14     0     2   -98.0  -10.554  -45.564   2287.6    723.9
     1     1    11     8    19    13     0     1   -99.0  -10.484  -45.520   2319.6    722.1
     1     1    11     8    19    12     0     0  -100.0  -10.414  -45.484   2359.2    719.5
     1     1    11     8    19    11     0     1  -101.0  -10.338  -45.456   2409.2    715.9
     1     1    11     8    19    10     0     2  -102.0  -10.248  -45.439   2475.0    710.7
     1     1    11     8    19     9     0     3  -103.0  -10.144  -45.436   2559.1    704.0
     1     1    11     8    19     8     0     2  -104.0  -10.026  -45.440   2648.9    696.5
     1     1    11     8    19     7     0     1  -105.0   -9.897  -45.437   2727.0    690.5
     1     1    11     8    19     6     0     0  -106.0   -9.760  -45.420   2788.1    686.3
     1     1    11     8    19     5     0     1  -107.0   -9.622  -45.381   2831.2    684.0
     1     1    11     8    19     4     0     2  -108.0   -9.490  -45.314   2859.6    682.9
     1     1    11     8    19     3     0     3  -109.0   -9.366  -45.224   2880.0    682.1
     1     1    11     8    19     2     0     2  -110.0   -9.248  -45.124   2896.7    680.6
     1     1    11     8    19     1     0     1  -111.0   -9.136  -45.023   2910.6    678.9
     1     1    11     8    19     0     0     0  -112.0   -9.029  -44.920   2922.5    679.1
     1     1    11     8    18    23     0     1  -113.0   -8.928  -44.818   2937.6    680.5
     1     1    11     8    18    22     0     2  -114.0   -8.835  -44.721   2963.7    680.1
     1     1    11     8    18    21     0     3  -115.0   -8.750  -44.628   3002.9    678.3
     1     1    11     8    18    20     0     2  -116.0   -8.671  -44.541   3048.4    675.6
     1     1    11     8    18    19     0     1  -117.0   -8.597  -44.460   3090.6    673.4
     1     1    11     8    18    18     0     0  -118.0   -8.526  -44.385   3126.4    671.4
     1     1    11     8    18    17     0     1  -119.0   -8.459  -44.313   3150.7    670.3
     1     1    11     8    18    16     0     2  -120.0   -8.396  -44.243   3159.2    670.5
     1     1    11     8    18    15     0     3  -121.0   -8.336  -44.175   3151.6    672.0
     1     1    11     8    18    14     0     2  -122.0   -8.276  -44.109   3135.6    674.3
     1     1    11     8    18    13     0     1  -123.0   -8.209  -44.046   3120.2    675.9
     1     1    11     8    18    12     0     0  -124.0   -8.132  -43.987   3108.4    676.9
     1     1    11     8    18    11     0     1  -125.0   -8.063  -43.924   3105.8    676.7
     1     1    11     8    18    10     0     2  -126.0   -8.023  -43.848   3114.3    675.3
     1     1    11     8    18     9     0     3  -127.0   -8.013  -43.756   3132.8    673.3
     1     1    11     8    18     8     0     2  -128.0   -8.020  -43.660   3165.3    671.0
     1     1    11     8    18     7     0     1  -129.0   -8.030  -43.572   3214.8    666.9
     1     1    11     8    18     6     0     0  -130.0   -8.043  -43.490   3280.1    661.4
     1     1    11     8    18     5     0     1  -131.0   -8.059  -43.406   3345.6    655.4
     1     1    11     8    18     4     0     2  -132.0   -8.074  -43.314   3398.3    651.6
     1     1    11     8    18     3     0     3  -133.0   -8.087  -43.218   3441.7    648.5
     1     1    11     8    18     2     0     2  -134.0   -8.101  -43.116   3476.6    645.2
     1     1    11     8    18     1     0     1  -135.0   -8.118  -43.005   3500.7    642.7
     1     1    11     8    18     0     0     0  -136.0   -8.137  -42.882   3515.2    641.5
     1     1    11     8    17    23     0     1  -137.0   -8.164  -42.755   3531.2    640.7
     1     1    11     8    17    22     0     2  -138.0   -8.203  -42.629   3555.7    638.0
     1     1    11     8    17    21     0     3  -139.0   -8.252  -42.501   3581.6    635.3
     1     1    11     8    17    20     0     2  -140.0   -8.304  -42.372   3602.7    633.8
     1     1    11     8    17    19     0     1  -141.0   -8.352  -42.245   3616.4    633.2
     1     1    11     8    17    18     0     0  -142.0   -8.397  -42.122   3622.7    633.3
     1     1    11     8    17    17     0     1  -143.0   -8.437  -41.998   3626.3    634.4
     1     1    11     8    17    16     0     2  -144.0   -8.468  -41.870   3630.0    633.5
     1     1    11     8    17    15     0     3  -145.0   -8.492  -41.736   3639.8    632.0
     1     1    11     8    17    14     0     2  -146.0   -8.513  -41.589   3635.5    629.6
     1     1    11     8    17    13     0     1  -147.0   -8.531  -41.419   3600.3    631.2
     1     1    11     8    17    12     0     0  -148.0   -8.545  -41.223   3540.9    634.5
     1     1    11     8    17    11     0     1  -149.0   -8.563  -41.023   3489.9    638.9
     1     1    11     8    17    10     0     2  -150.0   -8.599  -40.846   3475.5    639.4
     1     1    11     8    17     9     0     3  -151.0   -8.655  -40.697   3490.6    638.1
     1     1    11     8    17     8     0     2  -152.0   -8.717  -40.562   3512.2    635.3
     1     1    11     8    17     7     0     1  -153.0   -8.771  -40.421   3518.3    635.3
     1     1    11     8    17     6     0     0  -154.0   -8.814  -40.275   3508.8    636.6
     1     1    11     8    17     5     0     1  -155.0   -8.850  -40.123   3500.7    639.3
     1     1    11     8    17     4     0     2  -156.0   -8.879  -39.966   3512.9    639.4
     1     1    11     8    17     3     0     3  -157.0   -8.906  -39.802   3545.1    637.6
     1     1    11     8    17     2     0     2  -158.0   -8.926  -39.631   3586.4    634.3
     1     1    11     8    17     1     0     1  -159.0   -8.936  -39.454   3629.1    631.5
     1     1    11     8    17     0     0     0  -160.0   -8.934  -39.275   3674.4    628.4
     1     1    11     8    16    23     0     1  -161.0   -8.931  -39.093   3731.3    624.8
     1     1    11     8    16    22     0     2  -162.0   -8.934  -38.907   3807.4    618.6
     1     1    11     8    16    21     0     3  -163.0   -8.947  -38.718   3899.1    610.4
     1     1    11     8    16    20     0     2  -164.0   -8.969  -38.523   3975.8    602.0
     1     1    11     8    16    19     0     1  -165.0   -8.994  -38.320   4009.4    598.9
     1     1    11     8    16    18     0     0  -166.0   -9.015  -38.107   4000.5    599.0
     1     1    11     8    16    17     0     1  -167.0   -9.034  -37.885   3976.2    602.3
     1     1    11     8    16    16     0     2  -168.0   -9.056  -37.660   3954.5    603.6
     1     1    11     8    16    15     0     3  -169.0   -9.078  -37.433   3921.9    605.8
     1     1    11     8    16    14     0     2  -170.0   -9.102  -37.206   3862.1    609.6
     1     1    11     8    16    13     0     1  -171.0   -9.128  -36.980   3770.7    617.3
     1     1    11     8    16    12     0     0  -172.0   -9.158  -36.748   3676.3    627.7
     1     1    11     8    16    11     0     1  -173.0   -9.190  -36.509   3617.3    634.8
     1     1    11     8    16    10     0     2  -174.0   -9.221  -36.271   3604.8    636.9
     1     1    11     8    16     9     0     3  -175.0   -9.249  -36.038   3631.5    636.0
     1     1    11     8    16     8     0     2  -176.0   -9.276  -35.808   3685.6    636.3
     1     1    11     8    16     7     0     1  -177.0   -9.306  -35.571   3745.9    637.8
     1     1    11     8    16     6     0     0  -178.0   -9.336  -35.330   3808.9    638.8
     1     1    11     8    16     5     0     1  -179.0   -9.368  -35.082   3871.9    639.4
     1     1    11     8    16     4     0     2  -180.0   -9.402  -34.827   3921.9    637.2
     1     1    11     8    16     3     0     3  -181.0   -9.433  -34.562   3957.9    634.5
     1     1    11     8    16     2     0     2  -182.0   -9.462  -34.293   3990.3    632.6
     1     1    11     8    16     1     0     1  -183.0   -9.488  -34.025   4028.8    629.8
     1     1    11     8    16     0     0     0  -184.0   -9.509  -33.754   4075.9    626.3
     1     1    11     8    15    23     0     1  -185.0   -9.529  -33.479   4116.7    621.6
     1     1    11     8    15    22     0     2  -186.0   -9.551  -33.203   4138.0    619.7
     1     1    11     8    15    21     0     3  -187.0   -9.574  -32.927   4144.5    619.0
     1     1    11     8    15    20     0     2  -188.0   -9.598  -32.659   4146.9    619.5
     1     1    11     8    15    19     0     1  -189.0   -9.623  -32.402   4153.5    619.1
     1     1    11     8    15    18     0     0  -190.0   -9.648  -32.158   4164.4    618.3
     1     1    11     8    15    17     0     1  -191.0   -9.675  -31.918   4177.8    617.2
     1     1    11     8    15    16     0     2  -192.0   -9.707  -31.674   4191.1    616.2
     1     1    11     8    15    15     0     3  -193.0   -9.745  -31.423   4200.3    615.4
     1     1    11     8    15    14     0     2  -194.0   -9.790  -31.169   4204.2    615.4
     1     1    11     8    15    13     0     1  -195.0   -9.840  -30.914   4205.9    615.6
     1     1    11     8    15    12     0     0  -196.0   -9.897  -30.660   4205.4    615.7
     1     1    11     8    15    11     0     1  -197.0   -9.959  -30.416   4205.8    615.7
     1     1    11     8    15    10     0     2  -198.0  -10.023  -30.187   4213.6    615.0
     1     1    11     8    15     9     0     3  -199.0  -10.089  -29.970   4231.4    613.4
     1     1    11     8    15     8     0     2  -200.0  -10.158  -29.765   4252.0    611.2
     1     1    11     8    15     7     0     1  -201.0  -10.232  -29.570   4268.4    610.0
     1     1    11     8    15     6     0     0  -202.0  -10.309  -29.382   4283.1    608.9
     1     1    11     8    15     5     0     1  -203.0  -10.387  -29.198   4298.8    608.0
     1     1    11     8    15     4     0     2  -204.0  -10.463  -29.013   4317.3    606.7
     1     1    11     8    15     3     0     3  -205.0  -10.536  -28.823   4338.5    605.2
     1     1    11     8    15     2     0     2  -206.0  -10.609  -28.633   4365.5    603.6
     1     1    11     8    15     1     0     1  -207.0  -10.680  -28.444   4399.3    601.1
     1     1    11     8    15     0     0     0  -208.0  -10.750  -28.254   4435.9    598.4
     1     1    11     8    14    23     0     1  -209.0  -10.820  -28.067   4471.8    595.4
     1     1    11     8    14    22     0     2  -210.0  -10.893  -27.887   4506.7    592.8
     1     1    11     8    14    21     0     3  -211.0  -10.968  -27.712   4544.9    589.9
     1     1    11     8    14    20     0     2  -212.0  -11.048  -27.539   4579.1    586.6
     1     1    11     8    14    19     0     1  -213.0  -11.132  -27.371   4598.6    585.0
     1     1    11     8    14    18     0     0  -214.0  -11.221  -27.209   4601.2    584.6
     1     1    11     8    14    17     0     1  -215.0  -11.312  -27.046   4598.8    585.8
     1     1    11     8    14    16     0     2  -216.0  -11.404  -26.873   4604.0    585.4
     1     1    11     8    14    15     0     3  -217.0  -11.500  -26.689   4616.1    584.5
     1     1    11     8    14    14     0     2  -218.0  -11.601  -26.493   4629.6    583.3
     1     1    11     8    14    13     0     1  -219.0  -11.712  -26.287   4640.3    582.7
     1     1    11     8    14    12     0     0  -220.0  -11.830  -26.069   4648.2    582.2
     1     1    11     8    14    11     0     1  -221.0  -11.963  -25.845   4652.9    581.6
     1     1    11     8    14    10     0     2  -222.0  -12.118  -25.624   4655.5    581.3
     1     1    11     8    14     9     0     3  -223.0  -12.297  -25.411   4659.2    580.9
     1     1    11     8    14     8     0     2  -224.0  -12.504  -25.213   4662.5    580.3
     1     1    11     8    14     7     0     1  -225.0  -12.742  -25.031   4662.1    580.2
     1     1    11     8    14     6     0     0  -226.0  -13.012  -24.861   4656.9    580.4
     1     1    11     8    14     5     0     1  -227.0  -13.311  -24.712   4654.6    581.3
     1     1    11     8    14     4     0     2  -228.0  -13.634  -24.589   4666.8    580.8
     1     1    11     8    14     3     0     3  -229.0  -13.982  -24.481   4702.4    578.7
     1     1    11     8    14     2     0     2  -230.0  -14.351  -24.393   4755.2    574.3
     1     1    11     8    14     1     0     1  -231.0  -14.733  -24.335   4817.2    570.3
     1     1    11     8    14     0     0     0  -232.0  -15.129  -24.300   4892.0    565.0
     1     1    11     8    13    23     0     1  -233.0  -15.548  -24.299   4972.0    558.7
     1     1    11     8    13    22     0     2  -234.0  -15.995  -24.342   5050.8    553.0
     1     1    11     8    13    21     0     3  -235.0  -16.479  -24.426   5132.1    547.3
     1     1    11     8    13    20     0     2  -236.0  -17.012  -24.561   5234.7    540.9
     1     1    11     8    13    19     0     1  -237.0  -17.607  -24.756   5351.5    531.0
     1     1    11     8    13    18     0     0  -238.0  -18.274  -25.001   5459.4    523.5
     1     1    11     8    13    17     0     1  -239.0  -18.983  -25.317   5603.4    516.1
     1     1    11     8    13    16     0     2  -240.0  -19.715  -25.702   5798.6    502.1
     1     1    11     8    13    15     0     3  -241.0  -20.512  -26.127   6073.2    483.8
     1     1    11     8    13    14     0     2  -242.0  -21.362  -26.617   6381.3    463.5
     1     1    11     8    13    13     0     1  -243.0  -22.231  -27.133   6717.4    443.2
     1     1    11     8    13    12     0     0  -244.0  -23.202  -27.641   7004.6    424.8
     1     1    11     8    13    11     0     1  -245.0  -24.255  -28.176   7230.6    412.1
     1     1    11     8    13    10     0     2  -246.0  -25.370  -28.718   7491.9    395.8
     1     1    11     8    13     9     0     3  -247.0  -26.645  -29.274   7708.6    382.5
     1     1    11     8    13     8     0     2  -248.0  -27.930  -29.908   7904.3    371.9
     1     1    11     8    13     7     0     1  -249.0  -29.203  -30.573   8087.1    361.8
     1     1    11     8    13     6     0     0  -250.0  -30.535  -31.334   8286.2    350.9
     1     1    11     8    13     5     0     1  -251.0  -31.810  -32.255   8468.6    341.0
     1     1    11     8    13     4     0     2  -252.0  -32.983  -33.223   8630.8    333.3
     1     1    11     8    13     3     0     3  -253.0  -34.084  -34.294   8759.6    325.2
     1     1    11     8    13     2     0     2  -254.0  -35.115  -35.530   8854.5    321.4
     1     1    11     8    13     1     0     1  -255.0  -36.088  -36.974   8925.0    317.5
     1     1    11     8    13     0     0     0  -256.0  -36.945  -38.621   8965.7    314.7
     1     1    11     8    12    23     0     1  -257.0  -37.694  -40.455   8888.4    318.0
     1     1    11     8    12    22     0     2  -258.0  -38.288  -42.529   8794.3    321.3
     1     1    11     8    12    21     0     3  -259.0  -38.727  -44.856   8721.0    323.4
     1     1    11     8    12    20     0     2  -260.0  -39.017  -47.418   8609.1    328.5
     1     1    11     8    12    19     0     1  -261.0  -39.153  -50.107   8550.8    330.3
     1     1    11     8    12    18     0     0  -262.0  -39.145  -52.796   8392.7    338.6
     1     1    11     8    12    17     0     1  -263.0  -38.960  -55.437   8257.6    345.3
     1     1    11     8    12    16     0     2  -264.0  -38.682  -58.003   8166.4    347.9
     1     1    11     8    12    15     0     3  -265.0  -38.348  -60.511   8033.4    351.2
     1     1    11     8    12    14     0     2  -266.0  -37.865  -63.031   7946.7    351.0
     1     1    11     8    12    13     0     1  -267.0  -37.348  -65.455   7890.8    350.0
     1     1    11     8    12    12     0     0  -268.0  -36.892  -67.798   7699.5    347.4
     1     1    11     8    12    11     0     1  -269.0  -36.282  -70.380   7546.9    288.5
     1     1    11     8    12    10     0     2  -270.0  -35.569  -72.825   8068.1    356.4
     1     1    11     8    12     9     0     3  -271.0  -34.941  -74.891   7915.8    365.4
     1     1    11     8    12     8     0     2  -272.0  -34.317  -76.860   7785.8    373.0
     1     1    11     8    12     7     0     1  -273.0  -33.730  -78.818   7721.3    377.2
     1     1    11     8    12     6     0     0  -274.0  -33.209  -80.731   7756.3    376.0
     1     1    11     8    12     5     0     1  -275.0  -32.748  -82.600   7865.0    370.3
     1     1    11     8    12     4     0     2  -276.0  -32.377  -84.488   7965.0    365.8
     1     1    11     8    12     3     0     3  -277.0  -32.105  -86.394   8077.9    360.0
     1     1    11     8    12     2     0     2  -278.0  -31.879  -88.322   8167.5    355.3
     1     1    11     8    12     1     0     1  -279.0  -31.695  -90.274   8239.3    351.7
     1     1    11     8    12     0     0     0  -280.0  -31.555  -92.228   8304.5    348.5
     1     1    11     8    11    23     0     1  -281.0  -31.407  -94.194   8378.9    344.8
     1     1    11     8    11    22     0     2  -282.0  -31.268  -96.180   8420.4    343.0
     1     1    11     8    11    21     0     3  -283.0  -31.163  -98.157   8469.3    341.0
     1     1    11     8    11    20     0     2  -284.0  -31.067 -100.107   8539.7    337.8
     1     1    11     8    11    19     0     1  -285.0  -30.972 -102.050   8607.0    334.8
     1     1    11     8    11    18     0     0  -286.0  -30.879 -103.990   8694.5    331.0
     1     1    11     8    11    17     0     1  -287.0  -30.771 -105.900   8798.8    325.8
     1     1    11     8    11    16     0     2  -288.0  -30.637 -107.768   8867.7    323.0
     1     1    11     8    11    15     0     3  -289.0  -30.504 -109.616   8958.4    318.6
     1     1    11     8    11    14     0     2  -290.0  -30.355 -111.451   9058.4    314.1
     1     1    11     8    11    13     0     1  -291.0  -30.160 -113.253   9164.9    309.1
     1     1    11     8    11    12     0     0  -292.0  -29.953 -115.008   9231.3    306.3
     1     1    11     8    11    11     0     1  -293.0  -29.704 -116.721   9306.9    303.4
     1     1    11     8    11    10     0     2  -294.0  -29.383 -118.404   9418.0    298.6
     1     1    11     8    11     9     0     3  -295.0  -29.018 -120.023   9535.5    293.6
     1     1    11     8    11     8     0     2  -296.0  -28.651 -121.556   9600.0    291.8
     1     1    11     8    11     7     0     1  -297.0  -28.260 -123.069   9706.1    287.3
     1     1    11     8    11     6     0     0  -298.0  -27.890 -124.528   9791.9    283.6
     1     1    11     8    11     5     0     1  -299.0  -27.537 -125.958   9822.5    282.3
     1     1    11     8    11     4     0     2  -300.0  -27.183 -127.340   9831.4    282.2
     1     1    11     8    11     3     0     3  -301.0  -26.878 -128.636   9818.4    282.7
     1     1    11     8    11     2     0     2  -302.0  -26.587 -129.898   9813.1    283.3
     1     1    11     8    11     1     0     1  -303.0  -26.304 -131.091   9802.8    283.7
     1     1    11     8    11     0     0     0  -304.0  -26.063 -132.208   9767.9    285.4
     1     1    11     8    10    23     0     1  -305.0  -25.851 -133.282   9724.9    287.8
     1     1    11     8    10    22     0     2  -306.0  -25.667 -134.294   9719.3    288.2
     1     1    11     8    10    21     0     3  -307.0  -25.525 -135.224   9745.7    286.7
     1     1    11     8    10    20     0     2  -308.0  -25.415 -136.110   9743.4    287.0
     1     1    11     8    10    19     0     1  -309.0  -25.336 -136.981   9728.2    288.1
     1     1    11     8    10    18     0     0  -310.0  -25.293 -137.827   9678.4    290.0
     1     1    11     8    10    17     0     1  -311.0  -25.281 -138.674   9616.1    293.2
     1     1    11     8    10    16     0     2  -312.0  -25.327 -139.544   9600.8    293.6
     1     1    11     8    10    15     0     3  -313.0  -25.464 -140.431   9640.6    291.7
     1     1    11     8    10    14     0     2  -314.0  -25.590 -141.354   9733.5    287.4
     1     1    11     8    10    13     0     1  -315.0  -25.703 -142.327   9840.1    282.9
     1     1    11     8    10    12     0     0  -316.0  -25.895 -143.318   9978.2    276.8
     1     1    11     8    10    11     0     1  -317.0  -26.102 -144.329  10120.6    270.6
