     3     1
    GDAS    11     5     1     0     0
    GDAS    11     5     8     0     0
    GDAS    11     5    15     0     0
     1 BACKWARD OMEGA   
  2011     5    17    16   -8.960  -56.600   914.4
     1 PRESSURE
     1     1    11     5    17    16     0     2     0.0   -8.960  -56.600    914.4    889.0
     1     1    11     5    17    15     0     3    -1.0   -9.032  -56.457    930.7    888.0
     1     1    11     5    17    14     0     2    -2.0   -9.109  -56.314    956.0    882.6
     1     1    11     5    17    13     0     1    -3.0   -9.189  -56.166    982.3    877.9
     1     1    11     5    17    12     0     0    -4.0   -9.270  -56.014   1007.2    873.6
     1     1    11     5    17    11     0     1    -5.0   -9.348  -55.862   1030.5    868.8
     1     1    11     5    17    10     0     2    -6.0   -9.422  -55.710   1049.6    864.3
     1     1    11     5    17     9     0     3    -7.0   -9.493  -55.559   1057.0    861.5
     1     1    11     5    17     8     0     2    -8.0   -9.564  -55.413   1046.5    861.4
     1     1    11     5    17     7     0     1    -9.0   -9.641  -55.277   1015.6    864.1
     1     1    11     5    17     6     0     0   -10.0   -9.719  -55.154    963.7    869.5
     1     1    11     5    17     5     0     1   -11.0   -9.803  -55.047    894.3    878.2
     1     1    11     5    17     4     0     2   -12.0   -9.896  -54.956    817.0    887.9
     1     1    11     5    17     3     0     3   -13.0   -9.996  -54.879    742.6    896.9
     1     1    11     5    17     2     0     2   -14.0  -10.107  -54.813    671.9    902.7
     1     1    11     5    17     1     0     1   -15.0  -10.229  -54.760    603.0    909.2
     1     1    11     5    17     0     0     0   -16.0  -10.359  -54.719    539.9    915.1
     1     1    11     5    16    23     0     1   -17.0  -10.480  -54.686    490.1    920.2
     1     1    11     5    16    22     0     2   -18.0  -10.575  -54.655    456.2    923.0
     1     1    11     5    16    21     0     3   -19.0  -10.644  -54.627    433.7    924.9
     1     1    11     5    16    20     0     2   -20.0  -10.698  -54.602    416.6    926.5
     1     1    11     5    16    19     0     1   -21.0  -10.749  -54.576    400.7    928.4
     1     1    11     5    16    18     0     0   -22.0  -10.797  -54.551    386.6    930.2
     1     1    11     5    16    17     0     1   -23.0  -10.846  -54.513    371.7    932.5
     1     1    11     5    16    16     0     2   -24.0  -10.902  -54.453    354.3    935.7
     1     1    11     5    16    15     0     3   -25.0  -10.963  -54.372    335.9    939.4
     1     1    11     5    16    14     0     2   -26.0  -11.045  -54.284    318.8    942.1
     1     1    11     5    16    13     0     1   -27.0  -11.163  -54.208    304.9    944.3
     1     1    11     5    16    12     0     0   -28.0  -11.314  -54.149    294.3    946.2
     1     1    11     5    16    11     0     1   -29.0  -11.473  -54.103    286.7    947.5
     1     1    11     5    16    10     0     2   -30.0  -11.618  -54.059    280.9    948.7
     1     1    11     5    16     9     0     3   -31.0  -11.754  -54.015    276.3    949.8
     1     1    11     5    16     8     0     2   -32.0  -11.890  -53.967    270.1    950.8
     1     1    11     5    16     7     0     1   -33.0  -12.035  -53.918    261.1    952.1
     1     1    11     5    16     6     0     0   -34.0  -12.189  -53.865    249.5    952.4
     1     1    11     5    16     5     0     1   -35.0  -12.342  -53.804    231.3    953.5
     1     1    11     5    16     4     0     2   -36.0  -12.484  -53.737    207.9    956.0
     1     1    11     5    16     3     0     3   -37.0  -12.613  -53.664    185.8    958.5
     1     1    11     5    16     2     0     2   -38.0  -12.737  -53.587    169.5    960.1
     1     1    11     5    16     1     0     1   -39.0  -12.864  -53.507    159.6    960.8
     1     1    11     5    16     0     0     0   -40.0  -12.997  -53.423    155.8    961.0
     1     1    11     5    15    23     0     1   -41.0  -13.125  -53.341    165.2    957.6
     1     1    11     5    15    22     0     2   -42.0  -13.240  -53.262    190.3    951.6
     1     1    11     5    15    21     0     3   -43.0  -13.343  -53.192    225.3    945.4
     1     1    11     5    15    20     0     2   -44.0  -13.433  -53.127    258.9    939.9
     1     1    11     5    15    19     0     1   -45.0  -13.506  -53.062    279.7    935.9
     1     1    11     5    15    18     0     0   -46.0  -13.557  -52.998    281.7    934.6
     1     1    11     5    15    17     0     1   -47.0  -13.590  -52.928    274.0    937.1
     1     1    11     5    15    16     0     2   -48.0  -13.613  -52.846    266.2    938.6
     1     1    11     5    15    15     0     3   -49.0  -13.628  -52.752    257.2    940.2
     1     1    11     5    15    14     0     2   -50.0  -13.650  -52.653    250.0    940.9
     1     1    11     5    15    13     0     1   -51.0  -13.693  -52.555    248.0    940.6
     1     1    11     5    15    12     0     0   -52.0  -13.754  -52.458    250.6    939.7
     1     1    11     5    15    11     0     1   -53.0  -13.835  -52.360    253.7    937.6
     1     1    11     5    15    10     0     2   -54.0  -13.934  -52.263    250.4    936.2
     1     1    11     5    15     9     0     3   -55.0  -14.047  -52.173    236.6    936.8
     1     1    11     5    15     8     0     2   -56.0  -14.163  -52.092    216.1    940.7
     1     1    11     5    15     7     0     1   -57.0  -14.269  -52.019    193.6    944.7
     1     1    11     5    15     6     0     0   -58.0  -14.365  -51.951    172.5    948.9
     1     1    11     5    15     5     0     1   -59.0  -14.453  -51.883    153.4    952.9
     1     1    11     5    15     4     0     2   -60.0  -14.532  -51.811    136.2    956.7
     1     1    11     5    15     3     0     3   -61.0  -14.606  -51.736    122.6    959.7
     1     1    11     5    15     2     0     2   -62.0  -14.676  -51.662    114.0    961.5
     1     1    11     5    15     1     0     1   -63.0  -14.743  -51.589    110.8    962.7
     1     1    11     5    15     0     0     0   -64.0  -14.809  -51.517    112.8    963.2
     1     1    11     5    14    23     0     1   -65.0  -14.872  -51.451    120.2    962.7
     1     1    11     5    14    22     0     2   -66.0  -14.930  -51.395    132.3    961.7
     1     1    11     5    14    21     0     3   -67.0  -14.984  -51.347    149.3    959.8
     1     1    11     5    14    20     0     2   -68.0  -15.027  -51.309    168.2    957.0
     1     1    11     5    14    19     0     1   -69.0  -15.052  -51.281    184.4    954.8
     1     1    11     5    14    18     0     0   -70.0  -15.060  -51.264    195.4    953.5
     1     1    11     5    14    17     0     1   -71.0  -15.056  -51.247    204.4    953.8
     1     1    11     5    14    16     0     2   -72.0  -15.048  -51.224    215.2    953.7
     1     1    11     5    14    15     0     3   -73.0  -15.034  -51.192    228.8    953.4
     1     1    11     5    14    14     0     2   -74.0  -15.026  -51.148    244.1    952.1
     1     1    11     5    14    13     0     1   -75.0  -15.035  -51.089    258.1    950.7
     1     1    11     5    14    12     0     0   -76.0  -15.057  -51.009    269.8    949.2
     1     1    11     5    14    11     0     1   -77.0  -15.087  -50.919    280.2    943.6
     1     1    11     5    14    10     0     2   -78.0  -15.123  -50.826    292.3    937.1
     1     1    11     5    14     9     0     3   -79.0  -15.162  -50.727    308.0    930.1
     1     1    11     5    14     8     0     2   -80.0  -15.202  -50.624    326.0    923.2
     1     1    11     5    14     7     0     1   -81.0  -15.240  -50.520    342.5    916.7
     1     1    11     5    14     6     0     0   -82.0  -15.277  -50.422    354.6    911.0
     1     1    11     5    14     5     0     1   -83.0  -15.306  -50.329    361.3    906.7
     1     1    11     5    14     4     0     2   -84.0  -15.322  -50.241    361.0    903.3
     1     1    11     5    14     3     0     3   -85.0  -15.327  -50.158    351.5    901.2
     1     1    11     5    14     2     0     2   -86.0  -15.326  -50.084    338.2    900.2
     1     1    11     5    14     1     0     1   -87.0  -15.323  -50.017    327.1    898.9
     1     1    11     5    14     0     0     0   -88.0  -15.317  -49.959    318.0    898.9
     1     1    11     5    13    23     0     1   -89.0  -15.308  -49.902    310.1    899.1
     1     1    11     5    13    22     0     2   -90.0  -15.295  -49.842    302.2    899.5
     1     1    11     5    13    21     0     3   -91.0  -15.277  -49.780    293.3    899.9
     1     1    11     5    13    20     0     2   -92.0  -15.256  -49.715    282.1    901.2
     1     1    11     5    13    19     0     1   -93.0  -15.231  -49.645    267.8    903.1
     1     1    11     5    13    18     0     0   -94.0  -15.204  -49.570    251.2    905.2
     1     1    11     5    13    17     0     1   -95.0  -15.168  -49.482    232.0    907.7
     1     1    11     5    13    16     0     2   -96.0  -15.117  -49.372    207.1    911.0
     1     1    11     5    13    15     0     3   -97.0  -15.049  -49.243    172.3    915.9
     1     1    11     5    13    14     0     2   -98.0  -14.984  -49.108    133.0    922.8
     1     1    11     5    13    13     0     1   -99.0  -14.938  -48.979    104.0    926.1
     1     1    11     5    13    12     0     0  -100.0  -14.912  -48.853     93.0    924.7
     1     1    11     5    13    11     0     1  -101.0  -14.901  -48.716    101.2    919.6
     1     1    11     5    13    10     0     2  -102.0  -14.904  -48.558    127.7    912.3
     1     1    11     5    13     9     0     3  -103.0  -14.919  -48.372    175.4    901.4
     1     1    11     5    13     8     0     2  -104.0  -14.938  -48.152    246.2    887.5
     1     1    11     5    13     7     0     1  -105.0  -14.962  -47.899    346.8    875.5
     1     1    11     5    13     6     0     0  -106.0  -14.998  -47.631    487.4    868.8
     1     1    11     5    13     5     0     1  -107.0  -15.042  -47.360    665.3    859.2
     1     1    11     5    13     4     0     2  -108.0  -15.080  -47.087    868.2    846.6
     1     1    11     5    13     3     0     3  -109.0  -15.109  -46.810   1064.4    825.1
     1     1    11     5    13     2     0     2  -110.0  -15.140  -46.535   1233.1    806.1
     1     1    11     5    13     1     0     1  -111.0  -15.179  -46.276   1378.0    791.0
     1     1    11     5    13     0     0     0  -112.0  -15.227  -46.034   1503.6    778.9
     1     1    11     5    12    23     0     1  -113.0  -15.282  -45.809   1606.1    770.5
     1     1    11     5    12    22     0     2  -114.0  -15.344  -45.598   1683.2    766.0
     1     1    11     5    12    21     0     3  -115.0  -15.413  -45.394   1742.8    762.9
     1     1    11     5    12    20     0     2  -116.0  -15.490  -45.190   1782.6    761.1
     1     1    11     5    12    19     0     1  -117.0  -15.572  -44.983   1800.7    761.7
     1     1    11     5    12    18     0     0  -118.0  -15.658  -44.776   1794.2    763.0
     1     1    11     5    12    17     0     1  -119.0  -15.748  -44.583   1774.4    766.4
     1     1    11     5    12    16     0     2  -120.0  -15.837  -44.412   1759.6    766.9
     1     1    11     5    12    15     0     3  -121.0  -15.923  -44.264   1753.2    765.8
     1     1    11     5    12    14     0     2  -122.0  -16.018  -44.132   1745.4    762.7
     1     1    11     5    12    13     0     1  -123.0  -16.129  -44.010   1724.3    761.5
     1     1    11     5    12    12     0     0  -124.0  -16.253  -43.898   1692.4    761.8
     1     1    11     5    12    11     0     1  -125.0  -16.365  -43.786   1651.6    763.1
     1     1    11     5    12    10     0     2  -126.0  -16.445  -43.664   1609.4    765.5
     1     1    11     5    12     9     0     3  -127.0  -16.498  -43.529   1573.8    767.8
     1     1    11     5    12     8     0     2  -128.0  -16.544  -43.386   1551.7    769.4
     1     1    11     5    12     7     0     1  -129.0  -16.597  -43.240   1548.0    769.5
     1     1    11     5    12     6     0     0  -130.0  -16.656  -43.091   1566.3    767.9
     1     1    11     5    12     5     0     1  -131.0  -16.718  -42.942   1601.8    765.4
     1     1    11     5    12     4     0     2  -132.0  -16.778  -42.793   1642.4    764.6
     1     1    11     5    12     3     0     3  -133.0  -16.835  -42.646   1680.9    764.5
     1     1    11     5    12     2     0     2  -134.0  -16.882  -42.500   1721.4    764.7
     1     1    11     5    12     1     0     1  -135.0  -16.915  -42.354   1770.0    763.7
     1     1    11     5    12     0     0     0  -136.0  -16.930  -42.209   1827.9    761.6
     1     1    11     5    11    23     0     1  -137.0  -16.933  -42.060   1903.0    757.9
     1     1    11     5    11    22     0     2  -138.0  -16.929  -41.906   1998.5    750.5
     1     1    11     5    11    21     0     3  -139.0  -16.919  -41.748   2106.2    741.5
     1     1    11     5    11    20     0     2  -140.0  -16.896  -41.593   2208.2    732.6
     1     1    11     5    11    19     0     1  -141.0  -16.863  -41.438   2289.2    726.2
     1     1    11     5    11    18     0     0  -142.0  -16.820  -41.279   2347.9    722.1
     1     1    11     5    11    17     0     1  -143.0  -16.775  -41.109   2390.5    720.3
     1     1    11     5    11    16     0     2  -144.0  -16.740  -40.924   2421.3    719.7
     1     1    11     5    11    15     0     3  -145.0  -16.717  -40.727   2439.6    721.5
     1     1    11     5    11    14     0     2  -146.0  -16.710  -40.524   2458.1    724.6
     1     1    11     5    11    13     0     1  -147.0  -16.722  -40.313   2491.6    725.8
     1     1    11     5    11    12     0     0  -148.0  -16.756  -40.095   2544.7    725.4
     1     1    11     5    11    11     0     1  -149.0  -16.819  -39.874   2589.2    723.3
     1     1    11     5    11    10     0     2  -150.0  -16.911  -39.654   2597.9    728.6
     1     1    11     5    11     9     0     3  -151.0  -17.032  -39.427   2587.8    736.8
     1     1    11     5    11     8     0     2  -152.0  -17.174  -39.204   2585.4    745.1
     1     1    11     5    11     7     0     1  -153.0  -17.334  -39.003   2596.9    748.7
     1     1    11     5    11     6     0     0  -154.0  -17.512  -38.828   2608.5    747.2
     1     1    11     5    11     5     0     1  -155.0  -17.706  -38.682   2618.8    746.5
     1     1    11     5    11     4     0     2  -156.0  -17.915  -38.564   2628.0    745.9
     1     1    11     5    11     3     0     3  -157.0  -18.137  -38.465   2633.9    745.5
     1     1    11     5    11     2     0     2  -158.0  -18.355  -38.390   2639.3    745.5
     1     1    11     5    11     1     0     1  -159.0  -18.561  -38.337   2648.9    744.7
     1     1    11     5    11     0     0     0  -160.0  -18.759  -38.300   2662.6    743.5
     1     1    11     5    10    23     0     1  -161.0  -18.946  -38.270   2679.9    741.8
     1     1    11     5    10    22     0     2  -162.0  -19.120  -38.246   2699.7    739.8
     1     1    11     5    10    21     0     3  -163.0  -19.285  -38.228   2721.6    737.7
     1     1    11     5    10    20     0     2  -164.0  -19.440  -38.215   2742.6    735.3
     1     1    11     5    10    19     0     1  -165.0  -19.579  -38.206   2758.8    733.5
     1     1    11     5    10    18     0     0  -166.0  -19.707  -38.200   2769.2    732.3
     1     1    11     5    10    17     0     1  -167.0  -19.829  -38.190   2775.9    732.0
     1     1    11     5    10    16     0     2  -168.0  -19.949  -38.167   2780.3    731.6
     1     1    11     5    10    15     0     3  -169.0  -20.067  -38.133   2780.1    731.5
     1     1    11     5    10    14     0     2  -170.0  -20.189  -38.099   2781.2    732.2
     1     1    11     5    10    13     0     1  -171.0  -20.323  -38.071   2792.0    731.6
     1     1    11     5    10    12     0     0  -172.0  -20.470  -38.051   2816.9    729.8
     1     1    11     5    10    11     0     1  -173.0  -20.621  -38.037   2847.6    725.6
     1     1    11     5    10    10     0     2  -174.0  -20.767  -38.030   2870.8    722.8
     1     1    11     5    10     9     0     3  -175.0  -20.907  -38.028   2881.0    721.2
     1     1    11     5    10     8     0     2  -176.0  -21.047  -38.035   2882.5    721.7
     1     1    11     5    10     7     0     1  -177.0  -21.193  -38.057   2884.4    721.6
     1     1    11     5    10     6     0     0  -178.0  -21.342  -38.092   2886.5    721.3
     1     1    11     5    10     5     0     1  -179.0  -21.492  -38.140   2893.7    721.4
     1     1    11     5    10     4     0     2  -180.0  -21.644  -38.202   2912.6    719.9
     1     1    11     5    10     3     0     3  -181.0  -21.798  -38.278   2943.6    717.4
     1     1    11     5    10     2     0     2  -182.0  -21.950  -38.366   2980.6    713.7
     1     1    11     5    10     1     0     1  -183.0  -22.093  -38.465   3016.4    710.6
     1     1    11     5    10     0     0     0  -184.0  -22.228  -38.573   3051.8    707.7
     1     1    11     5     9    23     0     1  -185.0  -22.361  -38.689   3079.4    704.5
     1     1    11     5     9    22     0     2  -186.0  -22.501  -38.808   3090.2    703.4
     1     1    11     5     9    21     0     3  -187.0  -22.649  -38.928   3084.1    703.7
     1     1    11     5     9    20     0     2  -188.0  -22.800  -39.052   3070.8    705.5
     1     1    11     5     9    19     0     1  -189.0  -22.948  -39.192   3058.7    706.3
     1     1    11     5     9    18     0     0  -190.0  -23.093  -39.349   3047.3    707.2
     1     1    11     5     9    17     0     1  -191.0  -23.232  -39.512   3032.9    708.1
     1     1    11     5     9    16     0     2  -192.0  -23.363  -39.673   3012.6    709.9
     1     1    11     5     9    15     0     3  -193.0  -23.487  -39.836   2989.0    712.1
     1     1    11     5     9    14     0     2  -194.0  -23.614  -40.002   2972.5    714.6
     1     1    11     5     9    13     0     1  -195.0  -23.751  -40.168   2968.6    714.9
     1     1    11     5     9    12     0     0  -196.0  -23.891  -40.338   2970.8    714.7
     1     1    11     5     9    11     0     1  -197.0  -24.031  -40.514   2973.0    714.0
     1     1    11     5     9    10     0     2  -198.0  -24.171  -40.694   2972.0    714.0
     1     1    11     5     9     9     0     3  -199.0  -24.310  -40.879   2966.4    714.2
     1     1    11     5     9     8     0     2  -200.0  -24.446  -41.072   2964.4    715.1
     1     1    11     5     9     7     0     1  -201.0  -24.583  -41.274   2977.2    714.2
     1     1    11     5     9     6     0     0  -202.0  -24.720  -41.491   3011.3    711.5
     1     1    11     5     9     5     0     1  -203.0  -24.860  -41.726   3052.6    706.7
     1     1    11     5     9     4     0     2  -204.0  -25.004  -41.978   3080.8    704.4
     1     1    11     5     9     3     0     3  -205.0  -25.145  -42.246   3090.3    703.6
     1     1    11     5     9     2     0     2  -206.0  -25.281  -42.522   3093.9    704.8
     1     1    11     5     9     1     0     1  -207.0  -25.411  -42.802   3109.3    703.8
     1     1    11     5     9     0     0     0  -208.0  -25.533  -43.089   3138.8    701.5
     1     1    11     5     8    23     0     1  -209.0  -25.652  -43.382   3166.4    697.7
     1     1    11     5     8    22     0     2  -210.0  -25.772  -43.681   3173.5    696.7
     1     1    11     5     8    21     0     3  -211.0  -25.889  -43.984   3156.2    697.9
     1     1    11     5     8    20     0     2  -212.0  -26.000  -44.291   3126.5    701.6
     1     1    11     5     8    19     0     1  -213.0  -26.100  -44.604   3103.3    703.9
     1     1    11     5     8    18     0     0  -214.0  -26.188  -44.924   3094.3    705.0
     1     1    11     5     8    17     0     1  -215.0  -26.265  -45.242   3096.9    704.6
     1     1    11     5     8    16     0     2  -216.0  -26.332  -45.551   3104.5    704.3
     1     1    11     5     8    15     0     3  -217.0  -26.380  -45.853   3115.3    703.7
     1     1    11     5     8    14     0     2  -218.0  -26.412  -46.149   3144.4    702.8
     1     1    11     5     8    13     0     1  -219.0  -26.436  -46.434   3208.1    697.7
     1     1    11     5     8    12     0     0  -220.0  -26.454  -46.709   3304.8    689.6
     1     1    11     5     8    11     0     1  -221.0  -26.484  -46.988   3394.3    678.7
     1     1    11     5     8    10     0     2  -222.0  -26.529  -47.280   3434.4    674.8
     1     1    11     5     8     9     0     3  -223.0  -26.580  -47.580   3421.9    675.6
     1     1    11     5     8     8     0     2  -224.0  -26.625  -47.883   3389.9    680.8
     1     1    11     5     8     7     0     1  -225.0  -26.663  -48.187   3361.8    677.3
     1     1    11     5     8     6     0     0  -226.0  -26.700  -48.493   3344.5    669.7
     1     1    11     5     8     5     0     1  -227.0  -26.739  -48.794   3340.3    661.7
     1     1    11     5     8     4     0     2  -228.0  -26.783  -49.081   3340.4    655.0
     1     1    11     5     8     3     0     3  -229.0  -26.833  -49.351   3338.0    649.7
     1     1    11     5     8     2     0     2  -230.0  -26.897  -49.613   3329.9    645.1
     1     1    11     5     8     1     0     1  -231.0  -26.978  -49.883   3316.0    640.6
     1     1    11     5     8     0     0     0  -232.0  -27.075  -50.173   3293.7    632.6
     1     1    11     5     7    23     0     1  -233.0  -27.178  -50.499   3284.6    624.7
     1     1    11     5     7    22     0     2  -234.0  -27.277  -50.865   3305.6    617.5
     1     1    11     5     7    21     0     3  -235.0  -27.365  -51.265   3365.9    614.4
     1     1    11     5     7    20     0     2  -236.0  -27.431  -51.678   3423.4    613.2
     1     1    11     5     7    19     0     1  -237.0  -27.467  -52.086   3452.1    617.8
     1     1    11     5     7    18     0     0  -238.0  -27.469  -52.478   3466.6    626.2
     1     1    11     5     7    17     0     1  -239.0  -27.447  -52.844   3483.2    634.9
     1     1    11     5     7    16     0     2  -240.0  -27.418  -53.182   3510.0    637.9
     1     1    11     5     7    15     0     3  -241.0  -27.386  -53.495   3535.9    638.3
     1     1    11     5     7    14     0     2  -242.0  -27.353  -53.788   3555.6    639.1
     1     1    11     5     7    13     0     1  -243.0  -27.322  -54.064   3567.6    640.7
     1     1    11     5     7    12     0     0  -244.0  -27.292  -54.327   3578.6    642.6
     1     1    11     5     7    11     0     1  -245.0  -27.263  -54.582   3592.2    643.1
     1     1    11     5     7    10     0     2  -246.0  -27.237  -54.828   3613.5    643.4
     1     1    11     5     7     9     0     3  -247.0  -27.216  -55.061   3652.3    642.0
     1     1    11     5     7     8     0     2  -248.0  -27.204  -55.289   3698.6    639.3
     1     1    11     5     7     7     0     1  -249.0  -27.203  -55.515   3736.3    638.4
     1     1    11     5     7     6     0     0  -250.0  -27.215  -55.739   3764.3    638.3
     1     1    11     5     7     5     0     1  -251.0  -27.243  -55.960   3777.9    639.3
     1     1    11     5     7     4     0     2  -252.0  -27.289  -56.178   3772.1    641.0
     1     1    11     5     7     3     0     3  -253.0  -27.351  -56.395   3750.5    643.8
     1     1    11     5     7     2     0     2  -254.0  -27.419  -56.616   3733.7    647.3
     1     1    11     5     7     1     0     1  -255.0  -27.487  -56.849   3738.1    647.4
     1     1    11     5     7     0     0     0  -256.0  -27.555  -57.095   3757.4    646.2
     1     1    11     5     6    23     0     1  -257.0  -27.625  -57.357   3780.9    643.8
     1     1    11     5     6    22     0     2  -258.0  -27.704  -57.636   3802.9    642.1
     1     1    11     5     6    21     0     3  -259.0  -27.796  -57.935   3826.9    640.4
     1     1    11     5     6    20     0     2  -260.0  -27.893  -58.249   3865.1    638.6
     1     1    11     5     6    19     0     1  -261.0  -27.984  -58.571   3921.5    634.7
     1     1    11     5     6    18     0     0  -262.0  -28.066  -58.896   3984.2    630.0
     1     1    11     5     6    17     0     1  -263.0  -28.141  -59.220   4031.8    625.5
     1     1    11     5     6    16     0     2  -264.0  -28.211  -59.539   4055.2    623.7
     1     1    11     5     6    15     0     3  -265.0  -28.275  -59.850   4059.7    623.4
     1     1    11     5     6    14     0     2  -266.0  -28.334  -60.151   4062.2    623.9
     1     1    11     5     6    13     0     1  -267.0  -28.387  -60.443   4079.1    622.4
     1     1    11     5     6    12     0     0  -268.0  -28.434  -60.729   4115.9    619.4
     1     1    11     5     6    11     0     1  -269.0  -28.469  -61.024   4157.7    614.1
     1     1    11     5     6    10     0     2  -270.0  -28.487  -61.339   4178.6    611.0
     1     1    11     5     6     9     0     3  -271.0  -28.484  -61.667   4163.9    610.7
     1     1    11     5     6     8     0     2  -272.0  -28.463  -61.993   4119.7    614.6
     1     1    11     5     6     7     0     1  -273.0  -28.431  -62.306   4066.4    618.3
     1     1    11     5     6     6     0     0  -274.0  -28.388  -62.609   4015.1    621.5
     1     1    11     5     6     5     0     1  -275.0  -28.331  -62.889   3973.7    624.4
     1     1    11     5     6     4     0     2  -276.0  -28.262  -63.137   3947.1    626.0
     1     1    11     5     6     3     0     3  -277.0  -28.182  -63.359   3930.9    626.7
     1     1    11     5     6     2     0     2  -278.0  -28.093  -63.573   3913.5    627.2
     1     1    11     5     6     1     0     1  -279.0  -27.983  -63.792   3889.1    628.8
     1     1    11     5     6     0     0     0  -280.0  -27.837  -64.014   3854.3    630.1
     1     1    11     5     5    23     0     1  -281.0  -27.664  -64.229   3813.6    629.3
     1     1    11     5     5    22     0     2  -282.0  -27.479  -64.430   3802.5    627.3
     1     1    11     5     5    21     0     3  -283.0  -27.278  -64.612   3848.3    622.5
     1     1    11     5     5    20     0     2  -284.0  -27.065  -64.768   3961.7    612.5
     1     1    11     5     5    19     0     1  -285.0  -26.845  -64.905   4095.4    592.7
     1     1    11     5     5    18     0     0  -286.0  -26.609  -65.045   4189.2    563.9
     1     1    11     5     5    17     0     1  -287.0  -26.375  -65.197   4205.7    532.0
     1     1    11     5     5    16     0     2  -288.0  -26.158  -65.365   4178.8    507.9
     1     1    11     5     5    15     0     3  -289.0  -25.944  -65.543   4116.4    489.9
     1     1    11     5     5    14     0     2  -290.0  -25.726  -65.755   4019.3    469.7
     1     1    11     5     5    13     0     1  -291.0  -25.505  -66.038   3883.7    439.3
     1     1    11     5     5    12     0     0  -292.0  -25.249  -66.397   3712.5    413.9
     1     1    11     5     5    11     0     3  -293.0  -24.938  -66.830   3522.4    399.7
     1     1    11     5     5    10     0     6  -294.0  -24.598  -67.310   3461.7    405.1
     1     1    11     5     5     9     0     9  -295.0  -24.253  -67.782   3530.8    410.7
     1     1    11     5     5     8     0     8  -296.0  -23.909  -68.204   3622.8    424.0
     1     1    11     5     5     7     0     7  -297.0  -23.571  -68.572   3700.6    445.0
     1     1    11     5     5     6     0     6  -298.0  -23.244  -68.900   3758.0    460.5
     1     1    11     5     5     5     0     5  -299.0  -22.924  -69.209   3798.4    479.0
     1     1    11     5     5     4     0     4  -300.0  -22.610  -69.511   3755.3    501.5
     1     1    11     5     5     3     0     3  -301.0  -22.303  -69.789   3652.8    532.3
     1     1    11     5     5     2     0     2  -302.0  -22.006  -70.027   3531.9    560.0
     1     1    11     5     5     1     0     1  -303.0  -21.724  -70.208   3446.9    600.6
     1     1    11     5     5     0     0     0  -304.0  -21.457  -70.346   3370.8    629.5
     1     1    11     5     4    23     0     1  -305.0  -21.207  -70.462   3321.2    651.8
     1     1    11     5     4    22     0     2  -306.0  -20.975  -70.574   3299.6    665.1
     1     1    11     5     4    21     0     3  -307.0  -20.759  -70.692   3283.3    670.9
     1     1    11     5     4    20     0     2  -308.0  -20.552  -70.814   3285.7    677.1
     1     1    11     5     4    19     0     1  -309.0  -20.343  -70.936   3314.2    680.8
     1     1    11     5     4    18     0     0  -310.0  -20.130  -71.062   3363.9    679.7
     1     1    11     5     4    17     0     1  -311.0  -19.915  -71.194   3423.1    674.2
     1     1    11     5     4    16     0     2  -312.0  -19.703  -71.332   3481.0    669.4
     1     1    11     5     4    15     0     3  -313.0  -19.494  -71.475   3527.9    665.8
     1     1    11     5     4    14     0     2  -314.0  -19.287  -71.617   3566.7    663.6
     1     1    11     5     4    13     0     1  -315.0  -19.083  -71.755   3605.6    660.9
     1     1    11     5     4    12     0     0  -316.0  -18.881  -71.886   3648.3    657.6
     1     1    11     5     4    11     0     3  -317.0  -18.698  -72.026   3697.9    653.4
     1     1    11     5     4    10     0     6  -318.0  -18.550  -72.187   3751.2    648.8
     1     1    11     5     4     9     0     9  -319.0  -18.433  -72.364   3808.9    644.2
     1     1    11     5     4     8     0     8  -320.0  -18.330  -72.547   3867.1    639.6
     1     1    11     5     4     7     0     7  -321.0  -18.226  -72.731   3921.3    635.7
     1     1    11     5     4     6     0     6  -322.0  -18.119  -72.916   3969.8    632.3
     1     1    11     5     4     5     0     5  -323.0  -18.011  -73.105   4006.5    629.6
     1     1    11     5     4     4     0     4  -324.0  -17.910  -73.294   4026.3    628.3
     1     1    11     5     4     3     0     3  -325.0  -17.819  -73.478   4030.2    628.3
     1     1    11     5     4     2     0     2  -326.0  -17.732  -73.659   4024.0    629.0
     1     1    11     5     4     1     0     1  -327.0  -17.647  -73.840   4012.1    629.7
     1     1    11     5     4     0     0     0  -328.0  -17.560  -74.020   3994.5    630.9
     1     1    11     5     3    23     0     1  -329.0  -17.468  -74.200   3977.7    632.6
     1     1    11     5     3    22     0     2  -330.0  -17.367  -74.380   3968.3    633.2
     1     1    11     5     3    21     0     3  -331.0  -17.258  -74.559   3966.8    633.2
     1     1    11     5     3    20     0     2  -332.0  -17.142  -74.729   3978.8    632.9
     1     1    11     5     3    19     0     1  -333.0  -17.019  -74.882   4010.2    630.7
     1     1    11     5     3    18     0     0  -334.0  -16.890  -75.014   4058.5    627.0
     1     1    11     5     3    17     0     1  -335.0  -16.763  -75.129   4110.1    622.4
     1     1    11     5     3    16     0     2  -336.0  -16.640  -75.233   4156.0    619.2
