     3     1
    GDAS    11     2    15     0     0
    GDAS    11     2    22     0     0
    GDAS    11     3     1     0     0
     1 BACKWARD OMEGA   
  2011     3     1    15   -8.850  -56.820  3962.4
     1 PRESSURE
     1     1    11     3     1    15     0     3     0.0   -8.850  -56.820   3962.4    616.9
     1     1    11     3     1    14     0     2    -1.0   -8.744  -57.011   3873.4    624.0
     1     1    11     3     1    13     0     1    -2.0   -8.648  -57.206   3819.5    628.0
     1     1    11     3     1    12     0     0    -3.0   -8.562  -57.402   3808.2    628.6
     1     1    11     3     1    11     0     1    -4.0   -8.487  -57.593   3811.6    627.4
     1     1    11     3     1    10     0     2    -5.0   -8.434  -57.776   3798.3    629.1
     1     1    11     3     1     9     0     3    -6.0   -8.411  -57.954   3748.0    633.7
     1     1    11     3     1     8     0     2    -7.0   -8.411  -58.128   3677.7    642.3
     1     1    11     3     1     7     0     1    -8.0   -8.420  -58.291   3627.6    646.7
     1     1    11     3     1     6     0     0    -9.0   -8.436  -58.443   3601.8    648.7
     1     1    11     3     1     5     0     1   -10.0   -8.461  -58.585   3583.1    649.4
     1     1    11     3     1     4     0     2   -11.0   -8.497  -58.720   3550.9    651.8
     1     1    11     3     1     3     0     3   -12.0   -8.545  -58.851   3496.1    656.2
     1     1    11     3     1     2     0     2   -13.0   -8.609  -58.988   3416.0    662.5
     1     1    11     3     1     1     0     1   -14.0   -8.688  -59.136   3320.1    670.8
     1     1    11     3     1     0     0     0   -15.0   -8.776  -59.292   3219.2    678.8
     1     1    11     2    28    23     0     1   -16.0   -8.865  -59.462   3137.7    686.8
     1     1    11     2    28    22     0     2   -17.0   -8.950  -59.650   3089.1    689.3
     1     1    11     2    28    21     0     3   -18.0   -9.039  -59.853   3051.5    690.7
     1     1    11     2    28    20     0     2   -19.0   -9.133  -60.056   3000.2    694.2
     1     1    11     2    28    19     0     1   -20.0   -9.229  -60.247   2938.0    701.2
     1     1    11     2    28    18     0     0   -21.0   -9.322  -60.431   2889.2    706.6
     1     1    11     2    28    17     0     1   -22.0   -9.411  -60.605   2869.4    709.1
     1     1    11     2    28    16     0     2   -23.0   -9.497  -60.768   2875.0    708.0
     1     1    11     2    28    15     0     3   -24.0   -9.586  -60.926   2886.4    706.3
     1     1    11     2    28    14     0     2   -25.0   -9.688  -61.074   2885.7    705.0
     1     1    11     2    28    13     0     1   -26.0   -9.812  -61.209   2870.9    705.7
     1     1    11     2    28    12     0     0   -27.0   -9.957  -61.334   2850.4    706.8
     1     1    11     2    28    11     0     1   -28.0  -10.110  -61.437   2834.8    707.8
     1     1    11     2    28    10     0     2   -29.0  -10.266  -61.499   2823.9    707.4
     1     1    11     2    28     9     0     3   -30.0  -10.422  -61.523   2803.9    707.8
     1     1    11     2    28     8     0     2   -31.0  -10.576  -61.517   2761.1    710.6
     1     1    11     2    28     7     0     1   -32.0  -10.726  -61.492   2694.2    716.5
     1     1    11     2    28     6     0     0   -33.0  -10.868  -61.445   2616.4    723.2
     1     1    11     2    28     5     0     1   -34.0  -11.012  -61.380   2554.4    729.6
     1     1    11     2    28     4     0     2   -35.0  -11.171  -61.294   2532.3    730.9
     1     1    11     2    28     3     0     3   -36.0  -11.351  -61.187   2557.7    728.3
     1     1    11     2    28     2     0     2   -37.0  -11.550  -61.071   2616.9    721.4
     1     1    11     2    28     1     0     1   -38.0  -11.767  -60.964   2691.7    714.8
     1     1    11     2    28     0     0     0   -39.0  -11.994  -60.866   2781.6    705.8
     1     1    11     2    27    23     0     1   -40.0  -12.223  -60.773   2863.8    693.9
     1     1    11     2    27    22     0     2   -41.0  -12.439  -60.687   2907.3    687.0
     1     1    11     2    27    21     0     3   -42.0  -12.633  -60.612   2903.3    684.6
     1     1    11     2    27    20     0     2   -43.0  -12.811  -60.540   2871.6    687.1
     1     1    11     2    27    19     0     1   -44.0  -12.986  -60.467   2834.3    688.5
     1     1    11     2    27    18     0     0   -45.0  -13.156  -60.394   2805.3    692.8
     1     1    11     2    27    17     0     1   -46.0  -13.321  -60.318   2799.6    696.1
     1     1    11     2    27    16     0     2   -47.0  -13.481  -60.232   2829.0    695.9
     1     1    11     2    27    15     0     3   -48.0  -13.633  -60.129   2895.9    692.8
     1     1    11     2    27    14     0     2   -49.0  -13.783  -60.017   2950.4    686.4
     1     1    11     2    27    13     0     1   -50.0  -13.939  -59.914   2919.3    688.4
     1     1    11     2    27    12     0     0   -51.0  -14.104  -59.830   2788.1    698.1
     1     1    11     2    27    11     0     1   -52.0  -14.279  -59.771   2639.2    714.9
     1     1    11     2    27    10     0     2   -53.0  -14.468  -59.729   2547.8    721.2
     1     1    11     2    27     9     0     3   -54.0  -14.679  -59.700   2507.7    723.2
     1     1    11     2    27     8     0     2   -55.0  -14.899  -59.678   2504.1    722.7
     1     1    11     2    27     7     0     1   -56.0  -15.112  -59.655   2521.6    721.5
     1     1    11     2    27     6     0     0   -57.0  -15.314  -59.637   2547.7    720.4
     1     1    11     2    27     5     0     1   -58.0  -15.497  -59.622   2569.0    720.0
     1     1    11     2    27     4     0     2   -59.0  -15.660  -59.607   2581.4    720.8
     1     1    11     2    27     3     0     3   -60.0  -15.804  -59.585   2588.0    722.1
     1     1    11     2    27     2     0     2   -61.0  -15.934  -59.562   2601.4    722.9
     1     1    11     2    27     1     0     1   -62.0  -16.054  -59.539   2636.2    721.0
     1     1    11     2    27     0     0     0   -63.0  -16.163  -59.516   2693.6    716.0
     1     1    11     2    26    23     0     1   -64.0  -16.259  -59.502   2748.6    709.1
     1     1    11     2    26    22     0     2   -65.0  -16.336  -59.509   2781.6    706.1
     1     1    11     2    26    21     0     3   -66.0  -16.394  -59.538   2794.3    704.6
     1     1    11     2    26    20     0     2   -67.0  -16.438  -59.575   2800.0    705.7
     1     1    11     2    26    19     0     1   -68.0  -16.472  -59.606   2811.4    705.1
     1     1    11     2    26    18     0     0   -69.0  -16.496  -59.630   2829.1    704.1
     1     1    11     2    26    17     0     1   -70.0  -16.512  -59.640   2839.3    702.4
     1     1    11     2    26    16     0     2   -71.0  -16.521  -59.633   2828.0    703.7
     1     1    11     2    26    15     0     3   -72.0  -16.522  -59.608   2795.1    707.1
     1     1    11     2    26    14     0     2   -73.0  -16.523  -59.578   2760.3    711.8
     1     1    11     2    26    13     0     1   -74.0  -16.535  -59.558   2742.4    713.3
     1     1    11     2    26    12     0     0   -75.0  -16.556  -59.548   2741.1    713.4
     1     1    11     2    26    11     0     1   -76.0  -16.581  -59.555   2754.0    711.8
     1     1    11     2    26    10     0     2   -77.0  -16.604  -59.585   2778.6    709.2
     1     1    11     2    26     9     0     3   -78.0  -16.623  -59.637   2813.9    705.4
     1     1    11     2    26     8     0     2   -79.0  -16.636  -59.704   2853.9    701.2
     1     1    11     2    26     7     0     1   -80.0  -16.642  -59.780   2894.6    697.5
     1     1    11     2    26     6     0     0   -81.0  -16.640  -59.863   2938.2    693.4
     1     1    11     2    26     5     0     1   -82.0  -16.625  -59.957   2984.3    689.1
     1     1    11     2    26     4     0     2   -83.0  -16.592  -60.065   3028.9    685.0
     1     1    11     2    26     3     0     3   -84.0  -16.540  -60.188   3067.4    681.6
     1     1    11     2    26     2     0     2   -85.0  -16.477  -60.328   3094.3    678.4
     1     1    11     2    26     1     0     1   -86.0  -16.409  -60.487   3110.3    676.5
     1     1    11     2    26     0     0     0   -87.0  -16.339  -60.658   3123.6    674.6
     1     1    11     2    25    23     0     1   -88.0  -16.266  -60.836   3120.9    672.1
     1     1    11     2    25    22     0     2   -89.0  -16.192  -61.017   3082.1    673.6
     1     1    11     2    25    21     0     3   -90.0  -16.118  -61.207   3012.8    680.2
     1     1    11     2    25    20     0     2   -91.0  -16.040  -61.404   2932.7    689.8
     1     1    11     2    25    19     0     1   -92.0  -15.954  -61.608   2847.3    698.0
     1     1    11     2    25    18     0     0   -93.0  -15.862  -61.816   2739.4    709.0
     1     1    11     2    25    17     0     1   -94.0  -15.761  -62.026   2630.8    722.3
     1     1    11     2    25    16     0     2   -95.0  -15.643  -62.235   2539.7    730.0
     1     1    11     2    25    15     0     3   -96.0  -15.508  -62.441   2450.4    738.0
     1     1    11     2    25    14     0     2   -97.0  -15.357  -62.647   2376.6    746.3
     1     1    11     2    25    13     0     1   -98.0  -15.192  -62.853   2335.6    749.7
     1     1    11     2    25    12     0     0   -99.0  -15.009  -63.058   2322.1    750.6
     1     1    11     2    25    11     0     1  -100.0  -14.807  -63.261   2322.1    750.3
     1     1    11     2    25    10     0     2  -101.0  -14.583  -63.462   2322.9    750.9
     1     1    11     2    25     9     0     3  -102.0  -14.341  -63.661   2327.3    751.6
     1     1    11     2    25     8     0     2  -103.0  -14.083  -63.855   2339.8    751.9
     1     1    11     2    25     7     0     1  -104.0  -13.817  -64.038   2353.0    750.7
     1     1    11     2    25     6     0     0  -105.0  -13.550  -64.207   2343.5    750.3
     1     1    11     2    25     5     0     1  -106.0  -13.286  -64.359   2288.5    754.6
     1     1    11     2    25     4     0     2  -107.0  -13.020  -64.495   2200.9    764.3
     1     1    11     2    25     3     0     3  -108.0  -12.749  -64.615   2142.8    774.1
     1     1    11     2    25     2     0     2  -109.0  -12.480  -64.724   2136.0    774.0
     1     1    11     2    25     1     0     1  -110.0  -12.218  -64.828   2157.9    772.8
     1     1    11     2    25     0     0     0  -111.0  -11.961  -64.930   2198.0    769.6
     1     1    11     2    24    23     0     1  -112.0  -11.704  -65.026   2218.5    763.1
     1     1    11     2    24    22     0     2  -113.0  -11.449  -65.111   2178.2    763.1
     1     1    11     2    24    21     0     3  -114.0  -11.197  -65.184   2056.4    771.5
     1     1    11     2    24    20     0     2  -115.0  -10.947  -65.241   1893.1    790.6
     1     1    11     2    24    19     0     1  -116.0  -10.697  -65.281   1751.9    807.4
     1     1    11     2    24    18     0     0  -117.0  -10.449  -65.306   1645.4    818.7
     1     1    11     2    24    17     0     1  -118.0  -10.202  -65.321   1563.9    827.6
     1     1    11     2    24    16     0     2  -119.0   -9.953  -65.326   1495.4    835.1
     1     1    11     2    24    15     0     3  -120.0   -9.701  -65.316   1436.5    842.5
     1     1    11     2    24    14     0     2  -121.0   -9.455  -65.294   1396.5    847.6
     1     1    11     2    24    13     0     1  -122.0   -9.221  -65.262   1380.4    849.8
     1     1    11     2    24    12     0     0  -123.0   -8.999  -65.221   1388.0    849.5
     1     1    11     2    24    11     0     1  -124.0   -8.782  -65.180   1395.8    846.4
     1     1    11     2    24    10     0     2  -125.0   -8.567  -65.145   1380.2    848.1
     1     1    11     2    24     9     0     3  -126.0   -8.352  -65.116   1344.6    851.9
     1     1    11     2    24     8     0     2  -127.0   -8.138  -65.081   1303.3    857.9
     1     1    11     2    24     7     0     1  -128.0   -7.925  -65.030   1268.6    861.9
     1     1    11     2    24     6     0     0  -129.0   -7.712  -64.964   1241.0    864.8
     1     1    11     2    24     5     0     1  -130.0   -7.502  -64.888   1222.9    866.9
     1     1    11     2    24     4     0     2  -131.0   -7.296  -64.809   1217.2    867.6
     1     1    11     2    24     3     0     3  -132.0   -7.095  -64.723   1225.4    866.8
     1     1    11     2    24     2     0     2  -133.0   -6.907  -64.635   1255.4    864.6
     1     1    11     2    24     1     0     1  -134.0   -6.735  -64.549   1309.7    858.8
     1     1    11     2    24     0     0     0  -135.0   -6.574  -64.466   1378.3    851.8
     1     1    11     2    23    23     0     1  -136.0   -6.418  -64.386   1453.7    844.4
     1     1    11     2    23    22     0     2  -137.0   -6.263  -64.307   1532.1    836.9
     1     1    11     2    23    21     0     3  -138.0   -6.109  -64.228   1612.4    829.0
     1     1    11     2    23    20     0     2  -139.0   -5.950  -64.138   1687.3    822.3
     1     1    11     2    23    19     0     1  -140.0   -5.776  -64.029   1753.8    817.6
     1     1    11     2    23    18     0     0  -141.0   -5.582  -63.897   1802.0    813.1
     1     1    11     2    23    17     0     1  -142.0   -5.374  -63.741   1800.3    812.8
     1     1    11     2    23    16     0     2  -143.0   -5.160  -63.564   1759.9    819.7
     1     1    11     2    23    15     0     3  -144.0   -4.942  -63.364   1722.1    825.9
     1     1    11     2    23    14     0     2  -145.0   -4.725  -63.155   1703.1    827.5
     1     1    11     2    23    13     0     1  -146.0   -4.509  -62.948   1699.9    827.4
     1     1    11     2    23    12     0     0  -147.0   -4.298  -62.743   1710.5    826.1
     1     1    11     2    23    11     0     1  -148.0   -4.089  -62.517   1721.1    823.1
     1     1    11     2    23    10     0     2  -149.0   -3.883  -62.248   1723.6    823.0
     1     1    11     2    23     9     0     3  -150.0   -3.678  -61.939   1732.3    822.2
     1     1    11     2    23     8     0     2  -151.0   -3.480  -61.614   1744.7    820.6
     1     1    11     2    23     7     0     1  -152.0   -3.291  -61.293   1747.7    820.3
     1     1    11     2    23     6     0     0  -153.0   -3.114  -60.969   1735.4    821.7
     1     1    11     2    23     5     0     1  -154.0   -2.950  -60.647   1700.5    824.8
     1     1    11     2    23     4     0     2  -155.0   -2.805  -60.326   1666.6    830.7
     1     1    11     2    23     3     0     3  -156.0   -2.675  -59.990   1688.2    830.0
     1     1    11     2    23     2     0     2  -157.0   -2.553  -59.650   1731.8    818.7
     1     1    11     2    23     1     0     1  -158.0   -2.437  -59.324   1751.6    816.7
     1     1    11     2    23     0     0     0  -159.0   -2.330  -59.002   1771.9    815.0
     1     1    11     2    22    23     0     1  -160.0   -2.236  -58.674   1787.2    811.9
     1     1    11     2    22    22     0     2  -161.0   -2.155  -58.339   1772.8    813.0
     1     1    11     2    22    21     0     3  -162.0   -2.086  -57.999   1720.9    817.8
     1     1    11     2    22    20     0     2  -163.0   -2.019  -57.666   1656.0    827.0
     1     1    11     2    22    19     0     1  -164.0   -1.949  -57.344   1608.3    832.0
     1     1    11     2    22    18     0     0  -165.0   -1.879  -57.039   1580.9    834.9
     1     1    11     2    22    17     0     1  -166.0   -1.804  -56.729   1565.0    835.9
     1     1    11     2    22    16     0     2  -167.0   -1.721  -56.391   1551.5    837.3
     1     1    11     2    22    15     0     3  -168.0   -1.631  -56.015   1544.7    837.1
     1     1    11     2    22    14     0     2  -169.0   -1.543  -55.614   1557.1    834.4
     1     1    11     2    22    13     0     1  -170.0   -1.465  -55.200   1591.9    828.0
     1     1    11     2    22    12     0     0  -171.0   -1.397  -54.766   1631.5    820.0
     1     1    11     2    22    11     0     1  -172.0   -1.324  -54.341   1672.4    812.5
     1     1    11     2    22    10     0     2  -173.0   -1.241  -53.960   1728.2    803.8
     1     1    11     2    22     9     0     3  -174.0   -1.150  -53.614   1793.1    797.4
     1     1    11     2    22     8     0     2  -175.0   -1.057  -53.277   1847.8    794.4
     1     1    11     2    22     7     0     1  -176.0   -0.962  -52.930   1893.4    793.8
     1     1    11     2    22     6     0     0  -177.0   -0.858  -52.581   1930.0    794.3
     1     1    11     2    22     5     0     1  -178.0   -0.743  -52.231   1949.3    795.1
     1     1    11     2    22     4     0     2  -179.0   -0.622  -51.880   1955.0    797.5
     1     1    11     2    22     3     0     3  -180.0   -0.495  -51.530   1966.1    800.3
     1     1    11     2    22     2     0     2  -181.0   -0.366  -51.180   1979.1    801.3
     1     1    11     2    22     1     0     1  -182.0   -0.237  -50.827   1975.5    803.4
     1     1    11     2    22     0     0     0  -183.0   -0.111  -50.467   1956.1    805.7
     1     1    11     2    21    23     0     1  -184.0    0.014  -50.103   1933.4    808.0
     1     1    11     2    21    22     0     2  -185.0    0.132  -49.747   1923.9    809.4
     1     1    11     2    21    21     0     3  -186.0    0.238  -49.409   1945.2    807.8
     1     1    11     2    21    20     0     2  -187.0    0.332  -49.088   1991.3    802.3
     1     1    11     2    21    19     0     1  -188.0    0.411  -48.776   2036.8    797.1
     1     1    11     2    21    18     0     0  -189.0    0.476  -48.465   2065.0    794.2
     1     1    11     2    21    17     0     1  -190.0    0.535  -48.146   2067.4    794.1
     1     1    11     2    21    16     0     2  -191.0    0.590  -47.813   2043.5    797.2
     1     1    11     2    21    15     0     3  -192.0    0.642  -47.471   2011.4    802.0
     1     1    11     2    21    14     0     2  -193.0    0.688  -47.123   2006.4    804.4
     1     1    11     2    21    13     0     1  -194.0    0.729  -46.776   2049.2    800.0
     1     1    11     2    21    12     0     0  -195.0    0.770  -46.429   2129.7    791.7
     1     1    11     2    21    11     0     1  -196.0    0.809  -46.085   2209.2    781.2
     1     1    11     2    21    10     0     2  -197.0    0.842  -45.751   2256.9    776.5
     1     1    11     2    21     9     0     3  -198.0    0.868  -45.425   2282.2    774.5
     1     1    11     2    21     8     0     2  -199.0    0.889  -45.101   2307.1    773.4
     1     1    11     2    21     7     0     1  -200.0    0.902  -44.779   2343.3    769.9
     1     1    11     2    21     6     0     0  -201.0    0.911  -44.461   2385.5    765.5
     1     1    11     2    21     5     0     1  -202.0    0.920  -44.147   2423.3    761.9
     1     1    11     2    21     4     0     2  -203.0    0.931  -43.836   2452.3    759.8
     1     1    11     2    21     3     0     3  -204.0    0.943  -43.523   2474.3    758.3
     1     1    11     2    21     2     0     2  -205.0    0.954  -43.208   2495.6    756.8
     1     1    11     2    21     1     0     1  -206.0    0.962  -42.890   2521.1    754.3
     1     1    11     2    21     0     0     0  -207.0    0.968  -42.567   2546.8    751.6
     1     1    11     2    20    23     0     1  -208.0    0.972  -42.244   2565.4    749.1
     1     1    11     2    20    22     0     2  -209.0    0.975  -41.925   2576.6    748.0
     1     1    11     2    20    21     0     3  -210.0    0.975  -41.610   2586.5    746.8
     1     1    11     2    20    20     0     2  -211.0    0.975  -41.298   2599.4    746.0
     1     1    11     2    20    19     0     1  -212.0    0.978  -40.992   2627.6    744.2
     1     1    11     2    20    18     0     0  -213.0    0.984  -40.692   2661.3    739.6
     1     1    11     2    20    17     0     1  -214.0    0.989  -40.398   2676.9    738.3
     1     1    11     2    20    16     0     2  -215.0    0.992  -40.112   2684.4    739.4
     1     1    11     2    20    15     0     3  -216.0    0.997  -39.835   2712.6    738.4
     1     1    11     2    20    14     0     2  -217.0    1.001  -39.567   2752.3    733.0
     1     1    11     2    20    13     0     1  -218.0    0.999  -39.304   2784.9    730.7
     1     1    11     2    20    12     0     0  -219.0    0.987  -39.047   2821.8    728.1
     1     1    11     2    20    11     0     1  -220.0    0.966  -38.800   2859.0    723.5
     1     1    11     2    20    10     0     2  -221.0    0.943  -38.566   2885.3    720.4
     1     1    11     2    20     9     0     3  -222.0    0.914  -38.341   2896.8    718.7
     1     1    11     2    20     8     0     2  -223.0    0.882  -38.117   2899.1    719.1
     1     1    11     2    20     7     0     1  -224.0    0.848  -37.890   2901.2    719.1
     1     1    11     2    20     6     0     0  -225.0    0.811  -37.663   2914.8    718.7
     1     1    11     2    20     5     0     1  -226.0    0.773  -37.440   2929.8    716.0
     1     1    11     2    20     4     0     2  -227.0    0.738  -37.218   2925.1    716.6
     1     1    11     2    20     3     0     3  -228.0    0.711  -36.997   2898.8    719.1
     1     1    11     2    20     2     0     2  -229.0    0.687  -36.781   2851.2    723.5
     1     1    11     2    20     1     0     1  -230.0    0.663  -36.577   2794.4    729.7
     1     1    11     2    20     0     0     0  -231.0    0.638  -36.386   2749.6    734.7
     1     1    11     2    19    23     0     1  -232.0    0.611  -36.201   2720.1    736.3
     1     1    11     2    19    22     0     2  -233.0    0.579  -36.015   2694.1    737.4
     1     1    11     2    19    21     0     3  -234.0    0.545  -35.828   2656.4    739.3
     1     1    11     2    19    20     0     2  -235.0    0.510  -35.642   2607.2    744.3
     1     1    11     2    19    19     0     1  -236.0    0.476  -35.456   2555.7    748.9
     1     1    11     2    19    18     0     0  -237.0    0.443  -35.271   2503.8    753.6
     1     1    11     2    19    17     0     1  -238.0    0.416  -35.088   2457.1    758.6
     1     1    11     2    19    16     0     2  -239.0    0.394  -34.909   2416.6    762.3
     1     1    11     2    19    15     0     3  -240.0    0.375  -34.738   2365.6    765.9
     1     1    11     2    19    14     0     2  -241.0    0.361  -34.574   2266.4    773.1
     1     1    11     2    19    13     0     1  -242.0    0.358  -34.418   2096.5    788.9
     1     1    11     2    19    12     0     0  -243.0    0.373  -34.266   1864.4    811.8
     1     1    11     2    19    11     0     1  -244.0    0.408  -34.115   1610.9    838.8
     1     1    11     2    19    10     0     2  -245.0    0.461  -33.954   1374.0    862.5
     1     1    11     2    19     9     0     3  -246.0    0.526  -33.783   1182.1    883.7
     1     1    11     2    19     8     0     2  -247.0    0.598  -33.602   1050.5    896.7
     1     1    11     2    19     7     0     1  -248.0    0.667  -33.415    962.1    904.1
     1     1    11     2    19     6     0     0  -249.0    0.734  -33.225    892.0    910.6
     1     1    11     2    19     5     0     1  -250.0    0.802  -33.032    831.7    917.3
     1     1    11     2    19     4     0     2  -251.0    0.870  -32.840    787.1    923.0
     1     1    11     2    19     3     0     3  -252.0    0.938  -32.651    761.0    926.1
     1     1    11     2    19     2     0     2  -253.0    1.010  -32.463    742.2    927.3
     1     1    11     2    19     1     0     1  -254.0    1.091  -32.273    722.8    929.8
     1     1    11     2    19     0     0     0  -255.0    1.181  -32.082    707.3    932.1
     1     1    11     2    18    23     0     1  -256.0    1.273  -31.894    697.3    932.5
     1     1    11     2    18    22     0     2  -257.0    1.361  -31.716    686.3    932.6
     1     1    11     2    18    21     0     3  -258.0    1.446  -31.547    670.4    934.1
     1     1    11     2    18    20     0     2  -259.0    1.531  -31.386    651.7    936.3
     1     1    11     2    18    19     0     1  -260.0    1.618  -31.233    630.6    938.6
     1     1    11     2    18    18     0     0  -261.0    1.707  -31.089    604.5    940.9
     1     1    11     2    18    17     0     1  -262.0    1.796  -30.944    576.0    944.8
     1     1    11     2    18    16     0     2  -263.0    1.881  -30.787    549.3    948.1
     1     1    11     2    18    15     0     3  -264.0    1.960  -30.619    522.5    951.3
     1     1    11     2    18    14     0     2  -265.0    2.034  -30.446    496.9    954.9
     1     1    11     2    18    13     0     1  -266.0    2.105  -30.273    478.3    957.8
     1     1    11     2    18    12     0     0  -267.0    2.172  -30.098    470.1    959.2
     1     1    11     2    18    11     0     1  -268.0    2.238  -29.926    465.9    958.7
     1     1    11     2    18    10     0     2  -269.0    2.304  -29.762    459.6    959.3
     1     1    11     2    18     9     0     3  -270.0    2.370  -29.607    453.7    959.9
     1     1    11     2    18     8     0     2  -271.0    2.445  -29.457    448.2    960.1
     1     1    11     2    18     7     0     1  -272.0    2.537  -29.311    442.1    960.5
     1     1    11     2    18     6     0     0  -273.0    2.647  -29.169    435.9    960.9
     1     1    11     2    18     5     0     1  -274.0    2.771  -29.027    430.6    962.1
     1     1    11     2    18     4     0     2  -275.0    2.904  -28.881    427.5    962.8
     1     1    11     2    18     3     0     3  -276.0    3.044  -28.731    426.3    963.4
     1     1    11     2    18     2     0     2  -277.0    3.197  -28.577    426.6    963.5
     1     1    11     2    18     1     0     1  -278.0    3.365  -28.419    427.6    963.7
     1     1    11     2    18     0     0     0  -279.0    3.548  -28.259    430.3    963.8
     1     1    11     2    17    23     0     1  -280.0    3.734  -28.103    435.7    962.9
     1     1    11     2    17    22     0     2  -281.0    3.912  -27.957    443.3    961.5
     1     1    11     2    17    21     0     3  -282.0    4.080  -27.822    451.5    960.1
     1     1    11     2    17    20     0     2  -283.0    4.248  -27.698    457.8    958.9
     1     1    11     2    17    19     0     1  -284.0    4.425  -27.582    460.1    958.2
     1     1    11     2    17    18     0     0  -285.0    4.610  -27.475    457.5    958.2
     1     1    11     2    17    17     0     1  -286.0    4.799  -27.367    455.0    959.4
     1     1    11     2    17    16     0     2  -287.0    4.986  -27.249    458.6    959.3
     1     1    11     2    17    15     0     3  -288.0    5.168  -27.120    467.6    958.3
     1     1    11     2    17    14     0     2  -289.0    5.353  -26.981    476.0    957.0
     1     1    11     2    17    13     0     1  -290.0    5.547  -26.829    480.2    956.9
     1     1    11     2    17    12     0     0  -291.0    5.750  -26.665    482.1    956.9
     1     1    11     2    17    11     0     1  -292.0    5.957  -26.494    486.0    956.6
     1     1    11     2    17    10     0     2  -293.0    6.168  -26.318    493.9    955.4
     1     1    11     2    17     9     0     3  -294.0    6.382  -26.136    505.3    954.0
     1     1    11     2    17     8     0     2  -295.0    6.599  -25.951    518.6    952.0
     1     1    11     2    17     7     0     1  -296.0    6.814  -25.766    532.7    950.2
     1     1    11     2    17     6     0     0  -297.0    7.025  -25.586    547.7    948.3
     1     1    11     2    17     5     0     1  -298.0    7.234  -25.403    559.6    946.9
     1     1    11     2    17     4     0     2  -299.0    7.443  -25.212    565.4    946.6
     1     1    11     2    17     3     0     3  -300.0    7.650  -25.006    566.1    946.8
     1     1    11     2    17     2     0     2  -301.0    7.856  -24.787    562.9    947.5
     1     1    11     2    17     1     0     1  -302.0    8.060  -24.558    555.7    948.6
     1     1    11     2    17     0     0     0  -303.0    8.270  -24.317    545.6    950.2
     1     1    11     2    16    23     0     1  -304.0    8.489  -24.067    539.6    951.0
     1     1    11     2    16    22     0     2  -305.0    8.721  -23.812    541.7    950.2
     1     1    11     2    16    21     0     3  -306.0    8.962  -23.553    549.7    948.8
     1     1    11     2    16    20     0     2  -307.0    9.212  -23.287    559.7    947.0
     1     1    11     2    16    19     0     1  -308.0    9.473  -23.016    570.1    945.7
     1     1    11     2    16    18     0     0  -309.0    9.743  -22.742    581.7    944.1
     1     1    11     2    16    17     0     1  -310.0   10.012  -22.473    591.7    943.2
     1     1    11     2    16    16     0     2  -311.0   10.279  -22.210    598.0    942.9
     1     1    11     2    16    15     0     3  -312.0   10.545  -21.948    600.0    943.0
     1     1    11     2    16    14     0     2  -313.0   10.812  -21.683    596.8    943.6
     1     1    11     2    16    13     0     1  -314.0   11.083  -21.418    589.7    944.9
     1     1    11     2    16    12     0     0  -315.0   11.361  -21.149    579.7    946.3
     1     1    11     2    16    11     0     1  -316.0   11.643  -20.874    570.6    947.4
     1     1    11     2    16    10     0     2  -317.0   11.928  -20.592    565.7    947.6
     1     1    11     2    16     9     0     3  -318.0   12.218  -20.303    564.5    947.4
     1     1    11     2    16     8     0     2  -319.0   12.514  -20.005    564.7    946.8
     1     1    11     2    16     7     0     1  -320.0   12.809  -19.702    562.7    946.5
     1     1    11     2    16     6     0     0  -321.0   13.102  -19.397    555.0    946.8
     1     1    11     2    16     5     0     1  -322.0   13.396  -19.085    542.2    948.7
     1     1    11     2    16     4     0     2  -323.0   13.691  -18.752    528.3    950.7
     1     1    11     2    16     3     0     3  -324.0   13.975  -18.401    516.4    952.3
     1     1    11     2    16     2     0     2  -325.0   14.258  -18.043    509.4    953.7
     1     1    11     2    16     1     0     1  -326.0   14.549  -17.685    511.5    953.4
     1     1    11     2    16     0     0     0  -327.0   14.839  -17.323    525.9    951.0
     1     1    11     2    15    23     0     1  -328.0   15.116  -16.975    548.0    946.5
     1     1    11     2    15    22     0     2  -329.0   15.381  -16.661    555.1    944.3
     1     1    11     2    15    21     0     3  -330.0   15.647  -16.383    520.1    946.9
     1     1    11     2    15    20     0     2  -331.0   15.892  -16.144    450.7    955.8
     1     1    11     2    15    19     0     1  -332.0   16.085  -15.951    375.4    964.6
     1     1    11     2    15    18     0     0  -333.0   16.234  -15.804    309.7    972.4
     1     1    11     2    15    17     0     1  -334.0   16.369  -15.669    260.4    978.2
     1     1    11     2    15    16     0     2  -335.0   16.502  -15.509    226.0    981.9
     1     1    11     2    15    15     0     3  -336.0   16.627  -15.324    204.2    984.5
