     3     1
    GDAS    11     7     1     0     0
    GDAS    11     7     8     0     0
    GDAS    11     7    15     0     0
     1 BACKWARD OMEGA   
  2011     7    20    16   -8.830  -56.780  1219.2
     1 PRESSURE
     1     1    11     7    20    16     0     2     0.0   -8.830  -56.780   1219.2    859.8
     1     1    11     7    20    15     0     3    -1.0   -8.798  -56.618   1281.9    852.5
     1     1    11     7    20    14     0     2    -2.0   -8.751  -56.446   1340.9    843.2
     1     1    11     7    20    13     0     1    -3.0   -8.694  -56.261   1388.1    836.2
     1     1    11     7    20    12     0     0    -4.0   -8.632  -56.067   1428.7    830.0
     1     1    11     7    20    11     0     1    -5.0   -8.573  -55.865   1459.6    823.4
     1     1    11     7    20    10     0     2    -6.0   -8.524  -55.653   1476.3    819.6
     1     1    11     7    20     9     0     3    -7.0   -8.477  -55.435   1484.9    816.9
     1     1    11     7    20     8     0     2    -8.0   -8.434  -55.209   1488.9    815.5
     1     1    11     7    20     7     0     1    -9.0   -8.400  -54.972   1481.5    814.9
     1     1    11     7    20     6     0     0   -10.0   -8.381  -54.722   1461.3    817.7
     1     1    11     7    20     5     0     1   -11.0   -8.375  -54.465   1441.2    820.6
     1     1    11     7    20     4     0     2   -12.0   -8.384  -54.207   1421.8    822.1
     1     1    11     7    20     3     0     3   -13.0   -8.410  -53.947   1386.3    825.2
     1     1    11     7    20     2     0     2   -14.0   -8.447  -53.693   1345.2    831.9
     1     1    11     7    20     1     0     1   -15.0   -8.492  -53.452   1317.3    835.1
     1     1    11     7    20     0     0     0   -16.0   -8.548  -53.220   1295.2    837.0
     1     1    11     7    19    23     0     1   -17.0   -8.608  -53.003   1263.1    838.6
     1     1    11     7    19    22     0     2   -18.0   -8.663  -52.808   1216.3    843.8
     1     1    11     7    19    21     0     3   -19.0   -8.715  -52.635   1156.1    849.8
     1     1    11     7    19    20     0     2   -20.0   -8.763  -52.473   1092.3    857.9
     1     1    11     7    19    19     0     1   -21.0   -8.808  -52.310   1039.5    864.2
     1     1    11     7    19    18     0     0   -22.0   -8.850  -52.147   1001.3    869.3
     1     1    11     7    19    17     0     1   -23.0   -8.886  -51.982    979.1    873.3
     1     1    11     7    19    16     0     2   -24.0   -8.917  -51.807    971.5    873.2
     1     1    11     7    19    15     0     3   -25.0   -8.943  -51.623    979.3    871.5
     1     1    11     7    19    14     0     2   -26.0   -8.967  -51.417   1006.2    866.9
     1     1    11     7    19    13     0     1   -27.0   -8.994  -51.179   1056.3    859.3
     1     1    11     7    19    12     0     0   -28.0   -9.029  -50.913   1126.2    852.3
     1     1    11     7    19    11     0     1   -29.0   -9.072  -50.650   1190.1    849.5
     1     1    11     7    19    10     0     2   -30.0   -9.128  -50.414   1219.0    850.6
     1     1    11     7    19     9     0     3   -31.0   -9.200  -50.208   1198.8    855.9
     1     1    11     7    19     8     0     2   -32.0   -9.281  -50.025   1140.9    867.5
     1     1    11     7    19     7     0     1   -33.0   -9.360  -49.855   1079.0    874.5
     1     1    11     7    19     6     0     0   -34.0   -9.438  -49.700   1024.6    877.8
     1     1    11     7    19     5     0     1   -35.0   -9.516  -49.553    975.4    882.0
     1     1    11     7    19     4     0     2   -36.0   -9.595  -49.409    939.7    884.8
     1     1    11     7    19     3     0     3   -37.0   -9.680  -49.270    925.9    885.1
     1     1    11     7    19     2     0     2   -38.0   -9.773  -49.141    940.4    881.8
     1     1    11     7    19     1     0     1   -39.0   -9.868  -49.022    989.5    875.2
     1     1    11     7    19     0     0     0   -40.0   -9.962  -48.910   1061.5    865.4
     1     1    11     7    18    23     0     1   -41.0  -10.051  -48.801   1113.4    857.3
     1     1    11     7    18    22     0     2   -42.0  -10.134  -48.693   1125.7    856.4
     1     1    11     7    18    21     0     3   -43.0  -10.212  -48.592   1116.1    857.4
     1     1    11     7    18    20     0     2   -44.0  -10.285  -48.494   1093.4    859.2
     1     1    11     7    18    19     0     1   -45.0  -10.354  -48.396   1061.0    862.1
     1     1    11     7    18    18     0     0   -46.0  -10.418  -48.301   1025.9    865.3
     1     1    11     7    18    17     0     1   -47.0  -10.476  -48.205    991.6    868.3
     1     1    11     7    18    16     0     2   -48.0  -10.523  -48.101    958.9    871.2
     1     1    11     7    18    15     0     3   -49.0  -10.560  -47.987    929.9    873.8
     1     1    11     7    18    14     0     2   -50.0  -10.590  -47.853    905.3    875.2
     1     1    11     7    18    13     0     1   -51.0  -10.622  -47.689    889.1    875.9
     1     1    11     7    18    12     0     0   -52.0  -10.656  -47.496    890.4    874.6
     1     1    11     7    18    11     0     1   -53.0  -10.691  -47.291    912.0    869.5
     1     1    11     7    18    10     0     2   -54.0  -10.730  -47.088    951.9    862.7
     1     1    11     7    18     9     0     3   -55.0  -10.774  -46.889   1004.5    852.3
     1     1    11     7    18     8     0     2   -56.0  -10.823  -46.697   1055.5    841.6
     1     1    11     7    18     7     0     1   -57.0  -10.880  -46.508   1094.5    832.7
     1     1    11     7    18     6     0     0   -58.0  -10.936  -46.313   1115.1    825.3
     1     1    11     7    18     5     0     1   -59.0  -10.990  -46.102   1125.3    820.1
     1     1    11     7    18     4     0     2   -60.0  -11.047  -45.877   1133.0    818.4
     1     1    11     7    18     3     0     3   -61.0  -11.105  -45.646   1113.0    823.0
     1     1    11     7    18     2     0     2   -62.0  -11.174  -45.425   1061.1    833.0
     1     1    11     7    18     1     0     1   -63.0  -11.267  -45.223   1001.7    843.0
     1     1    11     7    18     0     0     0   -64.0  -11.390  -45.037    951.0    852.3
     1     1    11     7    17    23     0     1   -65.0  -11.525  -44.870    920.1    855.9
     1     1    11     7    17    22     0     2   -66.0  -11.655  -44.724    911.1    855.8
     1     1    11     7    17    21     0     3   -67.0  -11.785  -44.599    927.6    852.7
     1     1    11     7    17    20     0     2   -68.0  -11.912  -44.488    959.8    847.0
     1     1    11     7    17    19     0     1   -69.0  -12.033  -44.382    988.4    842.2
     1     1    11     7    17    18     0     0   -70.0  -12.149  -44.281   1000.3    840.2
     1     1    11     7    17    17     0     1   -71.0  -12.265  -44.170   1001.3    841.6
     1     1    11     7    17    16     0     2   -72.0  -12.391  -44.035   1005.9    842.4
     1     1    11     7    17    15     0     3   -73.0  -12.526  -43.876   1014.4    842.7
     1     1    11     7    17    14     0     2   -74.0  -12.673  -43.711   1034.0    841.7
     1     1    11     7    17    13     0     1   -75.0  -12.845  -43.556   1071.2    837.1
     1     1    11     7    17    12     0     0   -76.0  -13.045  -43.412   1123.6    830.9
     1     1    11     7    17    11     0     1   -77.0  -13.254  -43.275   1177.1    825.4
     1     1    11     7    17    10     0     2   -78.0  -13.451  -43.139   1223.0    822.5
     1     1    11     7    17     9     0     3   -79.0  -13.639  -43.009   1264.9    820.4
     1     1    11     7    17     8     0     2   -80.0  -13.820  -42.887   1284.4    818.6
     1     1    11     7    17     7     0     1   -81.0  -13.987  -42.762   1271.6    823.4
     1     1    11     7    17     6     0     0   -82.0  -14.133  -42.628   1243.0    825.6
     1     1    11     7    17     5     0     1   -83.0  -14.261  -42.485   1228.4    826.3
     1     1    11     7    17     4     0     2   -84.0  -14.381  -42.340   1238.9    822.4
     1     1    11     7    17     3     0     3   -85.0  -14.494  -42.206   1271.4    816.4
     1     1    11     7    17     2     0     2   -86.0  -14.609  -42.077   1316.2    808.0
     1     1    11     7    17     1     0     1   -87.0  -14.730  -41.944   1366.2    800.2
     1     1    11     7    17     0     0     0   -88.0  -14.859  -41.812   1425.8    791.4
     1     1    11     7    16    23     0     1   -89.0  -14.994  -41.702   1495.2    779.8
     1     1    11     7    16    22     0     2   -90.0  -15.131  -41.622   1564.9    771.8
     1     1    11     7    16    21     0     3   -91.0  -15.263  -41.556   1618.5    766.7
     1     1    11     7    16    20     0     2   -92.0  -15.391  -41.503   1656.1    764.8
     1     1    11     7    16    19     0     1   -93.0  -15.515  -41.464   1680.9    763.9
     1     1    11     7    16    18     0     0   -94.0  -15.637  -41.436   1691.9    764.4
     1     1    11     7    16    17     0     1   -95.0  -15.757  -41.413   1692.5    766.3
     1     1    11     7    16    16     0     2   -96.0  -15.871  -41.391   1688.9    768.5
     1     1    11     7    16    15     0     3   -97.0  -15.981  -41.374   1685.7    770.7
     1     1    11     7    16    14     0     2   -98.0  -16.085  -41.362   1681.2    772.5
     1     1    11     7    16    13     0     1   -99.0  -16.183  -41.354   1672.4    775.1
     1     1    11     7    16    12     0     0  -100.0  -16.277  -41.349   1661.0    777.8
     1     1    11     7    16    11     0     1  -101.0  -16.359  -41.344   1651.3    779.9
     1     1    11     7    16    10     0     2  -102.0  -16.419  -41.340   1645.6    780.9
     1     1    11     7    16     9     0     3  -103.0  -16.460  -41.338   1642.4    781.3
     1     1    11     7    16     8     0     2  -104.0  -16.485  -41.343   1644.9    781.7
     1     1    11     7    16     7     0     1  -105.0  -16.502  -41.361   1656.7    780.6
     1     1    11     7    16     6     0     0  -106.0  -16.510  -41.394   1677.8    778.2
     1     1    11     7    16     5     0     1  -107.0  -16.509  -41.441   1698.2    775.0
     1     1    11     7    16     4     0     2  -108.0  -16.500  -41.498   1705.9    773.4
     1     1    11     7    16     3     0     3  -109.0  -16.485  -41.562   1697.2    773.0
     1     1    11     7    16     2     0     2  -110.0  -16.462  -41.631   1673.6    774.0
     1     1    11     7    16     1     0     1  -111.0  -16.433  -41.701   1639.5    775.5
     1     1    11     7    16     0     0     0  -112.0  -16.397  -41.772   1597.8    777.6
     1     1    11     7    15    23     0     1  -113.0  -16.350  -41.836   1561.6    779.7
     1     1    11     7    15    22     0     2  -114.0  -16.292  -41.887   1543.1    779.1
     1     1    11     7    15    21     0     3  -115.0  -16.220  -41.931   1543.0    776.3
     1     1    11     7    15    20     0     2  -116.0  -16.142  -41.971   1549.5    772.1
     1     1    11     7    15    19     0     1  -117.0  -16.069  -42.007   1550.3    769.7
     1     1    11     7    15    18     0     0  -118.0  -16.001  -42.033   1543.5    768.6
     1     1    11     7    15    17     0     1  -119.0  -15.939  -42.047   1528.7    770.5
     1     1    11     7    15    16     0     2  -120.0  -15.884  -42.051   1505.2    773.4
     1     1    11     7    15    15     0     3  -121.0  -15.833  -42.043   1474.7    776.9
     1     1    11     7    15    14     0     2  -122.0  -15.787  -42.025   1452.0    780.7
     1     1    11     7    15    13     0     1  -123.0  -15.746  -42.002   1450.3    780.9
     1     1    11     7    15    12     0     0  -124.0  -15.710  -41.979   1469.7    779.5
     1     1    11     7    15    11     0     1  -125.0  -15.675  -41.959   1499.8    775.6
     1     1    11     7    15    10     0     2  -126.0  -15.634  -41.941   1530.8    772.5
     1     1    11     7    15     9     0     3  -127.0  -15.587  -41.924   1561.9    769.4
     1     1    11     7    15     8     0     2  -128.0  -15.539  -41.916   1590.6    766.9
     1     1    11     7    15     7     0     1  -129.0  -15.497  -41.926   1614.0    764.9
     1     1    11     7    15     6     0     0  -130.0  -15.459  -41.953   1630.4    763.4
     1     1    11     7    15     5     0     1  -131.0  -15.420  -41.998   1642.3    762.6
     1     1    11     7    15     4     0     2  -132.0  -15.377  -42.057   1654.9    762.1
     1     1    11     7    15     3     0     3  -133.0  -15.328  -42.130   1670.4    761.4
     1     1    11     7    15     2     0     2  -134.0  -15.273  -42.200   1687.5    760.5
     1     1    11     7    15     1     0     1  -135.0  -15.208  -42.250   1703.7    759.7
     1     1    11     7    15     0     0     0  -136.0  -15.136  -42.279   1717.5    759.2
     1     1    11     7    14    23     0     1  -137.0  -15.066  -42.287   1722.1    758.6
     1     1    11     7    14    22     0     2  -138.0  -15.007  -42.275   1710.1    759.7
     1     1    11     7    14    21     0     3  -139.0  -14.960  -42.242   1680.7    762.7
     1     1    11     7    14    20     0     2  -140.0  -14.915  -42.200   1638.7    767.8
     1     1    11     7    14    19     0     1  -141.0  -14.868  -42.162   1592.4    773.1
     1     1    11     7    14    18     0     0  -142.0  -14.820  -42.128   1547.1    778.6
     1     1    11     7    14    17     0     1  -143.0  -14.771  -42.095   1510.1    783.7
     1     1    11     7    14    16     0     2  -144.0  -14.723  -42.062   1483.8    787.2
     1     1    11     7    14    15     0     3  -145.0  -14.673  -42.028   1464.6    790.2
     1     1    11     7    14    14     0     2  -146.0  -14.624  -41.993   1452.1    792.8
     1     1    11     7    14    13     0     1  -147.0  -14.581  -41.954   1447.7    794.7
     1     1    11     7    14    12     0     0  -148.0  -14.543  -41.911   1451.5    795.8
     1     1    11     7    14    11     0     1  -149.0  -14.509  -41.878   1460.9    795.1
     1     1    11     7    14    10     0     2  -150.0  -14.477  -41.868   1473.1    794.2
     1     1    11     7    14     9     0     3  -151.0  -14.447  -41.882   1488.5    792.9
     1     1    11     7    14     8     0     2  -152.0  -14.418  -41.912   1507.4    791.6
     1     1    11     7    14     7     0     1  -153.0  -14.392  -41.945   1530.2    789.9
     1     1    11     7    14     6     0     0  -154.0  -14.369  -41.985   1557.7    787.5
     1     1    11     7    14     5     0     1  -155.0  -14.346  -42.030   1587.9    785.2
     1     1    11     7    14     4     0     2  -156.0  -14.323  -42.079   1618.3    783.3
     1     1    11     7    14     3     0     3  -157.0  -14.300  -42.132   1649.0    781.4
     1     1    11     7    14     2     0     2  -158.0  -14.278  -42.186   1672.7    779.2
     1     1    11     7    14     1     0     1  -159.0  -14.258  -42.235   1681.9    779.0
     1     1    11     7    14     0     0     0  -160.0  -14.240  -42.278   1678.4    779.9
     1     1    11     7    13    23     0     1  -161.0  -14.221  -42.319   1677.5    781.6
     1     1    11     7    13    22     0     2  -162.0  -14.198  -42.367   1695.7    780.4
     1     1    11     7    13    21     0     3  -163.0  -14.169  -42.426   1734.1    777.4
     1     1    11     7    13    20     0     2  -164.0  -14.138  -42.496   1794.2    772.8
     1     1    11     7    13    19     0     1  -165.0  -14.106  -42.576   1875.8    765.8
     1     1    11     7    13    18     0     0  -166.0  -14.074  -42.664   1976.1    757.1
     1     1    11     7    13    17     0     1  -167.0  -14.038  -42.761   2069.8    747.6
     1     1    11     7    13    16     0     2  -168.0  -14.001  -42.865   2133.5    743.0
     1     1    11     7    13    15     0     3  -169.0  -13.965  -42.974   2159.2    740.3
     1     1    11     7    13    14     0     2  -170.0  -13.924  -43.078   2167.7    741.2
     1     1    11     7    13    13     0     1  -171.0  -13.867  -43.173   2182.8    739.4
     1     1    11     7    13    12     0     0  -172.0  -13.792  -43.259   2210.8    736.3
     1     1    11     7    13    11     0     1  -173.0  -13.714  -43.342   2250.1    731.2
     1     1    11     7    13    10     0     2  -174.0  -13.646  -43.426   2295.2    726.1
     1     1    11     7    13     9     0     3  -175.0  -13.589  -43.512   2342.7    721.0
     1     1    11     7    13     8     0     2  -176.0  -13.533  -43.602   2402.3    716.6
     1     1    11     7    13     7     0     1  -177.0  -13.468  -43.699   2487.0    709.4
     1     1    11     7    13     6     0     0  -178.0  -13.392  -43.811   2602.3    699.8
     1     1    11     7    13     5     0     1  -179.0  -13.306  -43.938   2729.7    687.6
     1     1    11     7    13     4     0     2  -180.0  -13.214  -44.073   2846.6    677.1
     1     1    11     7    13     3     0     3  -181.0  -13.116  -44.209   2954.2    666.2
     1     1    11     7    13     2     0     2  -182.0  -13.008  -44.339   3038.3    655.8
     1     1    11     7    13     1     0     1  -183.0  -12.883  -44.456   3078.1    651.0
     1     1    11     7    13     0     0     0  -184.0  -12.742  -44.558   3072.5    651.4
     1     1    11     7    12    23     0     1  -185.0  -12.599  -44.648   3057.6    655.0
     1     1    11     7    12    22     0     2  -186.0  -12.464  -44.729   3066.8    654.8
     1     1    11     7    12    21     0     3  -187.0  -12.336  -44.805   3101.6    652.8
     1     1    11     7    12    20     0     2  -188.0  -12.217  -44.881   3132.7    649.3
     1     1    11     7    12    19     0     1  -189.0  -12.104  -44.954   3129.3    651.1
     1     1    11     7    12    18     0     0  -190.0  -11.999  -45.019   3089.6    655.5
     1     1    11     7    12    17     0     1  -191.0  -11.908  -45.078   3035.6    661.2
     1     1    11     7    12    16     0     2  -192.0  -11.832  -45.138   2990.7    664.1
     1     1    11     7    12    15     0     3  -193.0  -11.770  -45.201   2950.4    666.7
     1     1    11     7    12    14     0     2  -194.0  -11.719  -45.266   2919.1    668.6
     1     1    11     7    12    13     0     1  -195.0  -11.678  -45.333   2903.4    668.7
     1     1    11     7    12    12     0     0  -196.0  -11.646  -45.405   2904.3    667.4
     1     1    11     7    12    11     0     1  -197.0  -11.624  -45.482   2908.5    664.1
     1     1    11     7    12    10     0     2  -198.0  -11.611  -45.568   2905.0    662.5
     1     1    11     7    12     9     0     3  -199.0  -11.608  -45.661   2898.6    661.0
     1     1    11     7    12     8     0     2  -200.0  -11.607  -45.759   2898.5    659.8
     1     1    11     7    12     7     0     1  -201.0  -11.601  -45.858   2906.9    657.0
     1     1    11     7    12     6     0     0  -202.0  -11.590  -45.955   2914.2    654.4
     1     1    11     7    12     5     0     1  -203.0  -11.578  -46.043   2913.4    654.6
     1     1    11     7    12     4     0     2  -204.0  -11.569  -46.115   2900.4    657.8
     1     1    11     7    12     3     0     3  -205.0  -11.563  -46.169   2874.7    661.6
     1     1    11     7    12     2     0     2  -206.0  -11.562  -46.210   2842.3    665.7
     1     1    11     7    12     1     0     1  -207.0  -11.567  -46.248   2809.6    669.4
     1     1    11     7    12     0     0     0  -208.0  -11.580  -46.283   2777.7    672.9
     1     1    11     7    11    23     0     1  -209.0  -11.600  -46.309   2752.1    675.7
     1     1    11     7    11    22     0     2  -210.0  -11.628  -46.323   2736.4    676.9
     1     1    11     7    11    21     0     3  -211.0  -11.664  -46.326   2729.4    677.1
     1     1    11     7    11    20     0     2  -212.0  -11.704  -46.323   2721.0    676.9
     1     1    11     7    11    19     0     1  -213.0  -11.747  -46.317   2700.7    678.4
     1     1    11     7    11    18     0     0  -214.0  -11.793  -46.306   2667.0    680.9
     1     1    11     7    11    17     0     1  -215.0  -11.840  -46.289   2618.7    684.4
     1     1    11     7    11    16     0     2  -216.0  -11.890  -46.267   2556.2    689.0
     1     1    11     7    11    15     0     3  -217.0  -11.945  -46.238   2480.1    694.4
     1     1    11     7    11    14     0     2  -218.0  -12.008  -46.198   2404.4    700.6
     1     1    11     7    11    13     0     1  -219.0  -12.080  -46.147   2343.4    704.2
     1     1    11     7    11    12     0     0  -220.0  -12.161  -46.086   2295.8    706.3
     1     1    11     7    11    11     0     1  -221.0  -12.250  -46.016   2253.6    706.9
     1     1    11     7    11    10     0     2  -222.0  -12.351  -45.932   2219.0    710.6
     1     1    11     7    11     9     0     3  -223.0  -12.459  -45.836   2198.9    713.5
     1     1    11     7    11     8     0     2  -224.0  -12.565  -45.742   2194.6    715.0
     1     1    11     7    11     7     0     1  -225.0  -12.661  -45.660   2200.6    714.8
     1     1    11     7    11     6     0     0  -226.0  -12.749  -45.589   2209.6    714.2
     1     1    11     7    11     5     0     1  -227.0  -12.824  -45.523   2212.5    714.0
     1     1    11     7    11     4     0     2  -228.0  -12.884  -45.456   2205.3    715.4
     1     1    11     7    11     3     0     3  -229.0  -12.930  -45.391   2192.3    717.4
     1     1    11     7    11     2     0     2  -230.0  -12.965  -45.323   2182.8    719.5
     1     1    11     7    11     1     0     1  -231.0  -12.990  -45.248   2184.0    720.0
     1     1    11     7    11     0     0     0  -232.0  -13.007  -45.167   2194.7    719.9
     1     1    11     7    10    23     0     1  -233.0  -13.022  -45.079   2207.5    718.9
     1     1    11     7    10    22     0     2  -234.0  -13.042  -44.982   2215.1    719.1
     1     1    11     7    10    21     0     3  -235.0  -13.065  -44.876   2217.7    720.1
     1     1    11     7    10    20     0     2  -236.0  -13.091  -44.762   2222.2    722.3
     1     1    11     7    10    19     0     1  -237.0  -13.122  -44.643   2237.6    723.2
     1     1    11     7    10    18     0     0  -238.0  -13.159  -44.521   2267.0    722.9
     1     1    11     7    10    17     0     1  -239.0  -13.202  -44.397   2305.6    721.1
     1     1    11     7    10    16     0     2  -240.0  -13.253  -44.273   2344.1    719.8
     1     1    11     7    10    15     0     3  -241.0  -13.318  -44.151   2376.0    719.1
     1     1    11     7    10    14     0     2  -242.0  -13.389  -44.031   2400.5    719.5
     1     1    11     7    10    13     0     1  -243.0  -13.461  -43.911   2420.5    718.4
     1     1    11     7    10    12     0     0  -244.0  -13.533  -43.792   2437.3    716.9
     1     1    11     7    10    11     0     1  -245.0  -13.604  -43.673   2448.1    715.4
     1     1    11     7    10    10     0     2  -246.0  -13.670  -43.552   2452.0    714.8
     1     1    11     7    10     9     0     3  -247.0  -13.733  -43.435   2449.1    714.9
     1     1    11     7    10     8     0     2  -248.0  -13.792  -43.327   2443.0    716.1
     1     1    11     7    10     7     0     1  -249.0  -13.843  -43.231   2437.3    716.9
     1     1    11     7    10     6     0     0  -250.0  -13.888  -43.151   2430.9    717.8
     1     1    11     7    10     5     0     1  -251.0  -13.930  -43.086   2420.6    719.3
     1     1    11     7    10     4     0     2  -252.0  -13.972  -43.038   2401.4    721.6
     1     1    11     7    10     3     0     3  -253.0  -14.015  -43.008   2371.3    724.8
     1     1    11     7    10     2     0     2  -254.0  -14.052  -42.990   2342.0    727.8
     1     1    11     7    10     1     0     1  -255.0  -14.080  -42.975   2324.5    728.9
     1     1    11     7    10     0     0     0  -256.0  -14.099  -42.958   2318.2    729.2
     1     1    11     7     9    23     0     1  -257.0  -14.110  -42.933   2310.6    728.2
     1     1    11     7     9    22     0     2  -258.0  -14.117  -42.892   2288.6    729.7
     1     1    11     7     9    21     0     3  -259.0  -14.118  -42.835   2252.0    732.5
     1     1    11     7     9    20     0     2  -260.0  -14.114  -42.771   2217.8    737.2
     1     1    11     7     9    19     0     1  -261.0  -14.103  -42.709   2201.6    738.7
     1     1    11     7     9    18     0     0  -262.0  -14.088  -42.650   2201.2    738.9
     1     1    11     7     9    17     0     1  -263.0  -14.073  -42.596   2201.9    738.1
     1     1    11     7     9    16     0     2  -264.0  -14.059  -42.546   2190.9    739.5
     1     1    11     7     9    15     0     3  -265.0  -14.045  -42.498   2169.0    741.8
     1     1    11     7     9    14     0     2  -266.0  -14.034  -42.445   2134.8    744.9
     1     1    11     7     9    13     0     1  -267.0  -14.031  -42.379   2087.4    749.2
     1     1    11     7     9    12     0     0  -268.0  -14.034  -42.294   2028.9    754.5
     1     1    11     7     9    11     0     1  -269.0  -14.043  -42.185   1969.8    760.0
     1     1    11     7     9    10     0     2  -270.0  -14.057  -42.043   1918.8    763.7
     1     1    11     7     9     9     0     3  -271.0  -14.073  -41.875   1871.5    768.5
     1     1    11     7     9     8     0     2  -272.0  -14.087  -41.709   1820.7    775.1
     1     1    11     7     9     7     0     1  -273.0  -14.097  -41.565   1765.7    781.7
     1     1    11     7     9     6     0     0  -274.0  -14.104  -41.438   1705.8    788.5
     1     1    11     7     9     5     0     1  -275.0  -14.109  -41.322   1645.7    796.2
     1     1    11     7     9     4     0     2  -276.0  -14.109  -41.212   1592.0    803.1
     1     1    11     7     9     3     0     3  -277.0  -14.102  -41.110   1546.6    809.5
     1     1    11     7     9     2     0     2  -278.0  -14.092  -41.015   1508.8    814.8
     1     1    11     7     9     1     0     1  -279.0  -14.088  -40.928   1479.3    818.8
     1     1    11     7     9     0     0     0  -280.0  -14.094  -40.849   1460.0    820.9
     1     1    11     7     8    23     0     1  -281.0  -14.108  -40.777   1455.8    821.3
     1     1    11     7     8    22     0     2  -282.0  -14.128  -40.715   1472.8    819.1
     1     1    11     7     8    21     0     3  -283.0  -14.154  -40.670   1510.8    814.4
     1     1    11     7     8    20     0     2  -284.0  -14.185  -40.637   1554.3    808.2
     1     1    11     7     8    19     0     1  -285.0  -14.218  -40.602   1589.4    804.4
     1     1    11     7     8    18     0     0  -286.0  -14.255  -40.565   1618.0    801.3
     1     1    11     7     8    17     0     1  -287.0  -14.296  -40.534   1644.7    798.7
     1     1    11     7     8    16     0     2  -288.0  -14.344  -40.519   1670.3    795.4
     1     1    11     7     8    15     0     3  -289.0  -14.397  -40.518   1691.2    792.1
     1     1    11     7     8    14     0     2  -290.0  -14.455  -40.527   1705.5    789.4
     1     1    11     7     8    13     0     1  -291.0  -14.520  -40.541   1714.6    786.8
     1     1    11     7     8    12     0     0  -292.0  -14.590  -40.564   1721.8    784.1
     1     1    11     7     8    11     0     1  -293.0  -14.669  -40.604   1730.9    779.7
     1     1    11     7     8    10     0     2  -294.0  -14.760  -40.671   1743.9    773.2
     1     1    11     7     8     9     0     3  -295.0  -14.864  -40.766   1761.5    764.2
     1     1    11     7     8     8     0     2  -296.0  -14.975  -40.891   1780.3    752.9
     1     1    11     7     8     7     0     1  -297.0  -15.081  -41.042   1796.8    746.7
     1     1    11     7     8     6     0     0  -298.0  -15.181  -41.210   1804.4    748.0
     1     1    11     7     8     5     0     1  -299.0  -15.271  -41.386   1811.6    750.3
     1     1    11     7     8     4     0     2  -300.0  -15.347  -41.565   1832.0    748.8
     1     1    11     7     8     3     0     3  -301.0  -15.404  -41.744   1863.7    745.6
     1     1    11     7     8     2     0     2  -302.0  -15.450  -41.922   1899.6    740.8
     1     1    11     7     8     1     0     1  -303.0  -15.491  -42.095   1931.3    737.3
     1     1    11     7     8     0     0     0  -304.0  -15.531  -42.259   1954.2    735.3
     1     1    11     7     7    23     0     1  -305.0  -15.574  -42.410   1969.4    734.0
     1     1    11     7     7    22     0     2  -306.0  -15.624  -42.545   1980.1    732.6
     1     1    11     7     7    21     0     3  -307.0  -15.681  -42.667   1984.4    731.4
     1     1    11     7     7    20     0     2  -308.0  -15.744  -42.778   1977.5    730.8
     1     1    11     7     7    19     0     1  -309.0  -15.810  -42.883   1956.8    731.7
     1     1    11     7     7    18     0     0  -310.0  -15.881  -42.982   1924.7    733.4
     1     1    11     7     7    17     0     1  -311.0  -15.959  -43.087   1890.4    737.2
     1     1    11     7     7    16     0     2  -312.0  -16.048  -43.213   1860.6    741.4
     1     1    11     7     7    15     0     3  -313.0  -16.146  -43.364   1839.4    745.7
     1     1    11     7     7    14     0     2  -314.0  -16.252  -43.529   1823.6    748.2
     1     1    11     7     7    13     0     1  -315.0  -16.366  -43.693   1806.7    750.4
     1     1    11     7     7    12     0     0  -316.0  -16.489  -43.856   1786.8    752.0
     1     1    11     7     7    11     0     1  -317.0  -16.613  -44.027   1759.5    753.1
     1     1    11     7     7    10     0     2  -318.0  -16.735  -44.211   1731.6    758.5
     1     1    11     7     7     9     0     3  -319.0  -16.858  -44.410   1711.9    763.5
     1     1    11     7     7     8     0     2  -320.0  -16.983  -44.618   1712.7    768.6
     1     1    11     7     7     7     0     1  -321.0  -17.108  -44.830   1737.1    770.6
     1     1    11     7     7     6     0     0  -322.0  -17.231  -45.042   1771.1    770.6
     1     1    11     7     7     5     0     1  -323.0  -17.344  -45.256   1797.6    765.8
     1     1    11     7     7     4     0     2  -324.0  -17.441  -45.477   1817.0    762.0
     1     1    11     7     7     3     0     3  -325.0  -17.525  -45.713   1835.9    757.8
     1     1    11     7     7     2     0     2  -326.0  -17.600  -45.956   1868.1    752.2
     1     1    11     7     7     1     0     1  -327.0  -17.668  -46.197   1925.6    745.1
     1     1    11     7     7     0     0     0  -328.0  -17.729  -46.441   2005.5    736.8
     1     1    11     7     6    23     0     1  -329.0  -17.794  -46.699   2092.3    727.8
     1     1    11     7     6    22     0     2  -330.0  -17.869  -46.978   2173.2    721.3
     1     1    11     7     6    21     0     3  -331.0  -17.948  -47.268   2233.1    714.5
     1     1    11     7     6    20     0     2  -332.0  -18.020  -47.558   2258.3    711.3
     1     1    11     7     6    19     0     1  -333.0  -18.078  -47.848   2255.4    711.1
     1     1    11     7     6    18     0     0  -334.0  -18.120  -48.142   2245.7    713.6
     1     1    11     7     6    17     0     1  -335.0  -18.154  -48.440   2241.1    717.1
     1     1    11     7     6    16     0     2  -336.0  -18.184  -48.738   2238.4    720.2
