     3     1
    GDAS    11     2    15     0     0
    GDAS    11     2    22     0     0
    GDAS    11     3     1     0     0
     1 BACKWARD OMEGA   
  2011     3     1    16   -8.900  -56.690   914.4
     1 PRESSURE
     1     1    11     3     1    16     0     2     0.0   -8.900  -56.690    914.4    886.4
     1     1    11     3     1    15     0     3    -1.0   -8.678  -56.857    905.8    885.8
     1     1    11     3     1    14     0     2    -2.0   -8.461  -57.018    909.7    883.0
     1     1    11     3     1    13     0     1    -3.0   -8.253  -57.184    923.6    879.3
     1     1    11     3     1    12     0     0    -4.0   -8.049  -57.352    941.2    879.0
     1     1    11     3     1    11     0     1    -5.0   -7.852  -57.516    959.0    881.0
     1     1    11     3     1    10     0     2    -6.0   -7.674  -57.668    970.8    884.0
     1     1    11     3     1     9     0     3    -7.0   -7.517  -57.805    982.0    885.5
     1     1    11     3     1     8     0     2    -8.0   -7.381  -57.930    990.3    885.8
     1     1    11     3     1     7     0     1    -9.0   -7.264  -58.048    989.8    886.4
     1     1    11     3     1     6     0     0   -10.0   -7.162  -58.160    978.9    887.4
     1     1    11     3     1     5     0     1   -11.0   -7.068  -58.261    966.5    890.3
     1     1    11     3     1     4     0     2   -12.0   -6.978  -58.348    960.9    891.7
     1     1    11     3     1     3     0     3   -13.0   -6.894  -58.422    961.1    892.6
     1     1    11     3     1     2     0     2   -14.0   -6.821  -58.495    964.4    892.0
     1     1    11     3     1     1     0     1   -15.0   -6.762  -58.580    968.7    891.4
     1     1    11     3     1     0     0     0   -16.0   -6.715  -58.676    973.5    890.8
     1     1    11     2    28    23     0     1   -17.0   -6.668  -58.783    972.3    890.1
     1     1    11     2    28    22     0     2   -18.0   -6.611  -58.896    958.0    891.2
     1     1    11     2    28    21     0     3   -19.0   -6.544  -59.014    930.9    893.9
     1     1    11     2    28    20     0     2   -20.0   -6.473  -59.128    908.6    898.6
     1     1    11     2    28    19     0     1   -21.0   -6.405  -59.230    902.4    899.3
     1     1    11     2    28    18     0     0   -22.0   -6.342  -59.322    904.1    899.2
     1     1    11     2    28    17     0     1   -23.0   -6.282  -59.414    903.8    899.3
     1     1    11     2    28    16     0     2   -24.0   -6.227  -59.519    897.1    901.1
     1     1    11     2    28    15     0     3   -25.0   -6.179  -59.637    889.5    903.0
     1     1    11     2    28    14     0     2   -26.0   -6.141  -59.764    881.3    903.4
     1     1    11     2    28    13     0     1   -27.0   -6.111  -59.896    868.1    904.5
     1     1    11     2    28    12     0     0   -28.0   -6.087  -60.029    848.4    906.2
     1     1    11     2    28    11     0     1   -29.0   -6.059  -60.169    829.7    908.2
     1     1    11     2    28    10     0     2   -30.0   -6.022  -60.323    815.6    908.6
     1     1    11     2    28     9     0     3   -31.0   -5.972  -60.485    799.3    909.5
     1     1    11     2    28     8     0     2   -32.0   -5.928  -60.655    786.2    911.9
     1     1    11     2    28     7     0     1   -33.0   -5.912  -60.831    781.0    912.3
     1     1    11     2    28     6     0     0   -34.0   -5.933  -61.010    779.9    912.3
     1     1    11     2    28     5     0     1   -35.0   -5.963  -61.199    772.3    912.7
     1     1    11     2    28     4     0     2   -36.0   -5.969  -61.403    759.6    915.9
     1     1    11     2    28     3     0     3   -37.0   -5.958  -61.626    763.1    917.6
     1     1    11     2    28     2     0     2   -38.0   -5.950  -61.854    790.6    915.1
     1     1    11     2    28     1     0     1   -39.0   -5.958  -62.074    831.1    910.9
     1     1    11     2    28     0     0     0   -40.0   -5.971  -62.283    891.3    906.1
     1     1    11     2    27    23     0     1   -41.0   -5.990  -62.484    984.7    895.9
     1     1    11     2    27    22     0     2   -42.0   -6.022  -62.684   1116.8    881.8
     1     1    11     2    27    21     0     3   -43.0   -6.066  -62.884   1283.6    863.8
     1     1    11     2    27    20     0     2   -44.0   -6.106  -63.069   1449.1    845.1
     1     1    11     2    27    19     0     1   -45.0   -6.119  -63.224   1568.1    832.1
     1     1    11     2    27    18     0     0   -46.0   -6.099  -63.353   1629.6    826.7
     1     1    11     2    27    17     0     1   -47.0   -6.067  -63.464   1649.5    827.1
     1     1    11     2    27    16     0     2   -48.0   -6.055  -63.570   1637.1    828.4
     1     1    11     2    27    15     0     3   -49.0   -6.070  -63.670   1585.3    833.6
     1     1    11     2    27    14     0     2   -50.0   -6.109  -63.766   1523.9    842.8
     1     1    11     2    27    13     0     1   -51.0   -6.168  -63.853   1486.9    846.4
     1     1    11     2    27    12     0     0   -52.0   -6.248  -63.931   1480.8    846.8
     1     1    11     2    27    11     0     1   -53.0   -6.337  -64.013   1495.8    843.4
     1     1    11     2    27    10     0     2   -54.0   -6.424  -64.104   1507.0    840.4
     1     1    11     2    27     9     0     3   -55.0   -6.506  -64.202   1500.5    839.9
     1     1    11     2    27     8     0     2   -56.0   -6.585  -64.300   1477.4    842.7
     1     1    11     2    27     7     0     1   -57.0   -6.663  -64.392   1447.2    845.9
     1     1    11     2    27     6     0     0   -58.0   -6.741  -64.475   1418.3    849.1
     1     1    11     2    27     5     0     1   -59.0   -6.817  -64.557   1399.5    851.2
     1     1    11     2    27     4     0     2   -60.0   -6.892  -64.646   1394.3    851.5
     1     1    11     2    27     3     0     3   -61.0   -6.971  -64.738   1401.4    850.6
     1     1    11     2    27     2     0     2   -62.0   -7.059  -64.843   1417.9    848.4
     1     1    11     2    27     1     0     1   -63.0   -7.158  -64.966   1449.7    845.9
     1     1    11     2    27     0     0     0   -64.0   -7.265  -65.098   1513.8    840.4
     1     1    11     2    26    23     0     1   -65.0   -7.360  -65.221   1618.0    829.8
     1     1    11     2    26    22     0     2   -66.0   -7.429  -65.323   1755.5    816.0
     1     1    11     2    26    21     0     3   -67.0   -7.482  -65.410   1921.6    800.1
     1     1    11     2    26    20     0     2   -68.0   -7.518  -65.488   2093.6    782.5
     1     1    11     2    26    19     0     1   -69.0   -7.533  -65.564   2250.0    768.9
     1     1    11     2    26    18     0     0   -70.0   -7.531  -65.640   2388.5    756.4
     1     1    11     2    26    17     0     1   -71.0   -7.515  -65.713   2477.5    746.0
     1     1    11     2    26    16     0     2   -72.0   -7.487  -65.780   2485.2    745.1
     1     1    11     2    26    15     0     3   -73.0   -7.439  -65.845   2407.3    752.3
     1     1    11     2    26    14     0     2   -74.0   -7.358  -65.915   2349.4    766.8
     1     1    11     2    26    13     0     1   -75.0   -7.249  -65.985   2389.9    761.9
     1     1    11     2    26    12     0     0   -76.0   -7.126  -66.039   2534.6    749.1
     1     1    11     2    26    11     0     1   -77.0   -7.010  -66.051   2695.0    725.7
     1     1    11     2    26    10     0     2   -78.0   -6.904  -66.024   2772.1    718.7
     1     1    11     2    26     9     0     3   -79.0   -6.806  -65.968   2774.9    718.7
     1     1    11     2    26     8     0     2   -80.0   -6.718  -65.891   2742.7    724.6
     1     1    11     2    26     7     0     1   -81.0   -6.644  -65.798   2702.7    728.4
     1     1    11     2    26     6     0     0   -82.0   -6.582  -65.691   2653.2    732.9
     1     1    11     2    26     5     0     1   -83.0   -6.522  -65.570   2621.7    738.6
     1     1    11     2    26     4     0     2   -84.0   -6.462  -65.437   2633.7    737.8
     1     1    11     2    26     3     0     3   -85.0   -6.409  -65.292   2685.2    733.8
     1     1    11     2    26     2     0     2   -86.0   -6.360  -65.142   2745.2    726.1
     1     1    11     2    26     1     0     1   -87.0   -6.309  -64.997   2782.4    722.9
     1     1    11     2    26     0     0     0   -88.0   -6.255  -64.859   2796.3    721.6
     1     1    11     2    25    23     0     1   -89.0   -6.200  -64.730   2810.1    722.1
     1     1    11     2    25    22     0     2   -90.0   -6.148  -64.609   2844.9    718.7
     1     1    11     2    25    21     0     3   -91.0   -6.102  -64.496   2897.3    713.7
     1     1    11     2    25    20     0     2   -92.0   -6.055  -64.377   2973.3    708.6
     1     1    11     2    25    19     0     1   -93.0   -6.001  -64.239   3080.4    700.3
     1     1    11     2    25    18     0     0   -94.0   -5.945  -64.081   3212.6    689.5
     1     1    11     2    25    17     0     1   -95.0   -5.890  -63.910   3321.0    677.7
     1     1    11     2    25    16     0     2   -96.0   -5.830  -63.740   3388.8    674.5
     1     1    11     2    25    15     0     3   -97.0   -5.770  -63.572   3446.0    671.2
     1     1    11     2    25    14     0     2   -98.0   -5.713  -63.416   3508.1    666.5
     1     1    11     2    25    13     0     1   -99.0   -5.656  -63.283   3578.7    660.6
     1     1    11     2    25    12     0     0  -100.0   -5.597  -63.174   3659.1    654.2
     1     1    11     2    25    11     0     1  -101.0   -5.534  -63.074   3744.5    646.7
     1     1    11     2    25    10     0     2  -102.0   -5.462  -62.962   3821.3    639.7
     1     1    11     2    25     9     0     3  -103.0   -5.377  -62.836   3863.3    634.9
     1     1    11     2    25     8     0     2  -104.0   -5.277  -62.695   3873.3    635.5
     1     1    11     2    25     7     0     1  -105.0   -5.164  -62.533   3885.5    635.7
     1     1    11     2    25     6     0     0  -106.0   -5.046  -62.344   3926.7    633.1
     1     1    11     2    25     5     0     1  -107.0   -4.927  -62.138   3977.3    626.8
     1     1    11     2    25     4     0     2  -108.0   -4.800  -61.928   3997.4    624.8
     1     1    11     2    25     3     0     3  -109.0   -4.667  -61.710   3988.7    626.9
     1     1    11     2    25     2     0     2  -110.0   -4.533  -61.485   3988.1    629.0
     1     1    11     2    25     1     0     1  -111.0   -4.401  -61.258   4021.6    626.4
     1     1    11     2    25     0     0     0  -112.0   -4.268  -61.034   4090.0    621.3
     1     1    11     2    24    23     0     1  -113.0   -4.131  -60.808   4145.4    613.0
     1     1    11     2    24    22     0     2  -114.0   -3.991  -60.575   4130.1    612.8
     1     1    11     2    24    21     0     3  -115.0   -3.848  -60.340   4032.0    619.3
     1     1    11     2    24    20     0     2  -116.0   -3.706  -60.109   3897.0    633.6
     1     1    11     2    24    19     0     1  -117.0   -3.570  -59.886   3785.1    643.7
     1     1    11     2    24    18     0     0  -118.0   -3.444  -59.668   3700.7    650.4
     1     1    11     2    24    17     0     1  -119.0   -3.327  -59.452   3631.4    655.5
     1     1    11     2    24    16     0     2  -120.0   -3.219  -59.237   3576.4    660.2
     1     1    11     2    24    15     0     3  -121.0   -3.116  -59.022   3549.0    662.9
     1     1    11     2    24    14     0     2  -122.0   -3.015  -58.807   3554.4    662.3
     1     1    11     2    24    13     0     1  -123.0   -2.913  -58.588   3583.7    659.9
     1     1    11     2    24    12     0     0  -124.0   -2.804  -58.364   3634.3    655.9
     1     1    11     2    24    11     0     1  -125.0   -2.688  -58.123   3686.9    650.2
     1     1    11     2    24    10     0     2  -126.0   -2.569  -57.857   3705.0    646.9
     1     1    11     2    24     9     0     3  -127.0   -2.454  -57.572   3637.0    649.2
     1     1    11     2    24     8     0     2  -128.0   -2.336  -57.281   3467.4    663.6
     1     1    11     2    24     7     0     1  -129.0   -2.209  -56.986   3206.0    684.4
     1     1    11     2    24     6     0     0  -130.0   -2.066  -56.686   2909.0    714.8
     1     1    11     2    24     5     0     1  -131.0   -1.912  -56.386   2690.1    738.3
     1     1    11     2    24     4     0     2  -132.0   -1.758  -56.082   2599.9    744.3
     1     1    11     2    24     3     0     3  -133.0   -1.606  -55.775   2587.0    738.8
     1     1    11     2    24     2     0     2  -134.0   -1.454  -55.470   2587.9    734.2
     1     1    11     2    24     1     0     1  -135.0   -1.298  -55.169   2599.9    730.5
     1     1    11     2    24     0     0     0  -136.0   -1.138  -54.869   2632.0    723.3
     1     1    11     2    23    23     0     1  -137.0   -0.977  -54.572   2663.6    714.1
     1     1    11     2    23    22     0     2  -138.0   -0.818  -54.280   2672.6    711.0
     1     1    11     2    23    21     0     3  -139.0   -0.659  -53.997   2656.2    712.4
     1     1    11     2    23    20     0     2  -140.0   -0.508  -53.716   2630.8    719.5
     1     1    11     2    23    19     0     1  -141.0   -0.372  -53.429   2597.6    726.5
     1     1    11     2    23    18     0     0  -142.0   -0.251  -53.143   2554.3    734.4
     1     1    11     2    23    17     0     1  -143.0   -0.147  -52.848   2504.0    741.9
     1     1    11     2    23    16     0     2  -144.0   -0.061  -52.527   2454.6    746.6
     1     1    11     2    23    15     0     3  -145.0    0.007  -52.184   2409.5    750.0
     1     1    11     2    23    14     0     2  -146.0    0.066  -51.825   2369.0    755.4
     1     1    11     2    23    13     0     1  -147.0    0.121  -51.460   2317.2    764.0
     1     1    11     2    23    12     0     0  -148.0    0.171  -51.091   2222.0    776.4
     1     1    11     2    23    11     0     1  -149.0    0.229  -50.732   2081.3    791.6
     1     1    11     2    23    10     0     2  -150.0    0.310  -50.400   1916.9    806.7
     1     1    11     2    23     9     0     3  -151.0    0.422  -50.103   1726.0    824.3
     1     1    11     2    23     8     0     2  -152.0    0.558  -49.830   1536.0    846.3
     1     1    11     2    23     7     0     1  -153.0    0.704  -49.559   1387.5    862.3
     1     1    11     2    23     6     0     0  -154.0    0.860  -49.287   1298.7    871.8
     1     1    11     2    23     5     0     1  -155.0    1.026  -49.006   1286.3    874.6
     1     1    11     2    23     4     0     2  -156.0    1.188  -48.712   1298.6    867.5
     1     1    11     2    23     3     0     3  -157.0    1.346  -48.408   1281.0    870.5
     1     1    11     2    23     2     0     2  -158.0    1.505  -48.099   1250.1    874.6
     1     1    11     2    23     1     0     1  -159.0    1.663  -47.789   1229.8    878.3
     1     1    11     2    23     0     0     0  -160.0    1.817  -47.481   1237.7    877.8
     1     1    11     2    22    23     0     1  -161.0    1.961  -47.178   1267.7    873.4
     1     1    11     2    22    22     0     2  -162.0    2.090  -46.881   1300.6    868.6
     1     1    11     2    22    21     0     3  -163.0    2.206  -46.585   1320.2    865.6
     1     1    11     2    22    20     0     2  -164.0    2.315  -46.288   1328.6    865.8
     1     1    11     2    22    19     0     1  -165.0    2.415  -45.986   1336.6    865.7
     1     1    11     2    22    18     0     0  -166.0    2.508  -45.682   1347.1    864.8
     1     1    11     2    22    17     0     1  -167.0    2.597  -45.372   1349.3    864.2
     1     1    11     2    22    16     0     2  -168.0    2.688  -45.053   1335.9    866.5
     1     1    11     2    22    15     0     3  -169.0    2.780  -44.723   1312.3    869.7
     1     1    11     2    22    14     0     2  -170.0    2.878  -44.387   1285.5    872.8
     1     1    11     2    22    13     0     1  -171.0    2.984  -44.050   1255.2    875.4
     1     1    11     2    22    12     0     0  -172.0    3.099  -43.712   1221.8    879.3
     1     1    11     2    22    11     0     1  -173.0    3.219  -43.376   1200.4    882.2
     1     1    11     2    22    10     0     2  -174.0    3.332  -43.050   1201.9    881.7
     1     1    11     2    22     9     0     3  -175.0    3.432  -42.732   1220.9    878.5
     1     1    11     2    22     8     0     2  -176.0    3.513  -42.418   1243.1    875.4
     1     1    11     2    22     7     0     1  -177.0    3.578  -42.105   1261.8    873.5
     1     1    11     2    22     6     0     0  -178.0    3.629  -41.794   1279.8    871.9
     1     1    11     2    22     5     0     1  -179.0    3.673  -41.488   1299.9    870.4
     1     1    11     2    22     4     0     2  -180.0    3.714  -41.194   1324.6    868.5
     1     1    11     2    22     3     0     3  -181.0    3.749  -40.918   1355.1    865.8
     1     1    11     2    22     2     0     2  -182.0    3.773  -40.648   1381.8    862.2
     1     1    11     2    22     1     0     1  -183.0    3.784  -40.373   1398.1    860.7
     1     1    11     2    22     0     0     0  -184.0    3.786  -40.091   1407.4    860.0
     1     1    11     2    21    23     0     1  -185.0    3.788  -39.805   1412.6    859.1
     1     1    11     2    21    22     0     2  -186.0    3.796  -39.516   1415.5    858.4
     1     1    11     2    21    21     0     3  -187.0    3.812  -39.222   1417.8    857.9
     1     1    11     2    21    20     0     2  -188.0    3.835  -38.930   1423.2    857.7
     1     1    11     2    21    19     0     1  -189.0    3.858  -38.647   1435.5    856.8
     1     1    11     2    21    18     0     0  -190.0    3.880  -38.376   1456.8    854.9
     1     1    11     2    21    17     0     1  -191.0    3.888  -38.106   1480.5    852.2
     1     1    11     2    21    16     0     2  -192.0    3.870  -37.830   1497.1    850.7
     1     1    11     2    21    15     0     3  -193.0    3.830  -37.550   1506.8    850.4
     1     1    11     2    21    14     0     2  -194.0    3.785  -37.271   1517.8    850.2
     1     1    11     2    21    13     0     1  -195.0    3.749  -36.996   1534.5    848.6
     1     1    11     2    21    12     0     0  -196.0    3.722  -36.727   1552.6    846.8
     1     1    11     2    21    11     0     1  -197.0    3.705  -36.459   1569.4    844.5
     1     1    11     2    21    10     0     2  -198.0    3.699  -36.190   1587.3    842.4
     1     1    11     2    21     9     0     3  -199.0    3.700  -35.916   1610.8    839.7
     1     1    11     2    21     8     0     2  -200.0    3.699  -35.640   1634.0    836.4
     1     1    11     2    21     7     0     1  -201.0    3.691  -35.365   1649.3    834.7
     1     1    11     2    21     6     0     0  -202.0    3.677  -35.090   1658.4    833.6
     1     1    11     2    21     5     0     1  -203.0    3.660  -34.814   1665.3    833.5
     1     1    11     2    21     4     0     2  -204.0    3.641  -34.530   1672.2    833.1
     1     1    11     2    21     3     0     3  -205.0    3.625  -34.239   1679.8    832.8
     1     1    11     2    21     2     0     2  -206.0    3.608  -33.948   1694.8    832.1
     1     1    11     2    21     1     0     1  -207.0    3.588  -33.664   1722.3    829.6
     1     1    11     2    21     0     0     0  -208.0    3.566  -33.385   1756.8    826.1
     1     1    11     2    20    23     0     1  -209.0    3.548  -33.109   1787.7    822.3
     1     1    11     2    20    22     0     2  -210.0    3.535  -32.834   1810.6    819.8
     1     1    11     2    20    21     0     3  -211.0    3.530  -32.560   1828.5    818.0
     1     1    11     2    20    20     0     2  -212.0    3.529  -32.287   1840.1    816.3
     1     1    11     2    20    19     0     1  -213.0    3.530  -32.016   1842.3    815.8
     1     1    11     2    20    18     0     0  -214.0    3.536  -31.748   1837.0    816.2
     1     1    11     2    20    17     0     1  -215.0    3.544  -31.480   1838.9    817.6
     1     1    11     2    20    16     0     2  -216.0    3.551  -31.212   1861.2    815.8
     1     1    11     2    20    15     0     3  -217.0    3.555  -30.944   1902.7    812.0
     1     1    11     2    20    14     0     2  -218.0    3.554  -30.677   1951.4    806.5
     1     1    11     2    20    13     0     1  -219.0    3.548  -30.411   1994.3    802.5
     1     1    11     2    20    12     0     0  -220.0    3.539  -30.147   2029.2    799.4
     1     1    11     2    20    11     0     1  -221.0    3.523  -29.890   2044.7    796.6
     1     1    11     2    20    10     0     2  -222.0    3.499  -29.643   2029.2    797.5
     1     1    11     2    20     9     0     3  -223.0    3.468  -29.403   1981.2    801.6
     1     1    11     2    20     8     0     2  -224.0    3.435  -29.167   1917.3    809.1
     1     1    11     2    20     7     0     1  -225.0    3.405  -28.935   1862.0    815.0
     1     1    11     2    20     6     0     0  -226.0    3.376  -28.706   1820.4    818.4
     1     1    11     2    20     5     0     1  -227.0    3.349  -28.480   1780.4    821.4
     1     1    11     2    20     4     0     2  -228.0    3.327  -28.254   1731.8    826.1
     1     1    11     2    20     3     0     3  -229.0    3.312  -28.028   1674.6    831.8
     1     1    11     2    20     2     0     2  -230.0    3.304  -27.805   1624.4    838.6
     1     1    11     2    20     1     0     1  -231.0    3.306  -27.587   1593.4    841.7
     1     1    11     2    20     0     0     0  -232.0    3.316  -27.376   1574.9    843.6
     1     1    11     2    19    23     0     1  -233.0    3.332  -27.171   1566.0    844.0
     1     1    11     2    19    22     0     2  -234.0    3.350  -26.973   1569.1    843.3
     1     1    11     2    19    21     0     3  -235.0    3.370  -26.781   1587.8    841.1
     1     1    11     2    19    20     0     2  -236.0    3.393  -26.599   1610.8    837.4
     1     1    11     2    19    19     0     1  -237.0    3.422  -26.427   1621.7    835.9
     1     1    11     2    19    18     0     0  -238.0    3.456  -26.269   1614.8    836.1
     1     1    11     2    19    17     0     1  -239.0    3.491  -26.113   1598.6    839.1
     1     1    11     2    19    16     0     2  -240.0    3.521  -25.949   1588.0    840.6
     1     1    11     2    19    15     0     3  -241.0    3.543  -25.777   1586.7    841.0
     1     1    11     2    19    14     0     2  -242.0    3.559  -25.601   1590.4    840.5
     1     1    11     2    19    13     0     1  -243.0    3.572  -25.426   1593.6    840.6
     1     1    11     2    19    12     0     0  -244.0    3.581  -25.249   1596.5    840.7
     1     1    11     2    19    11     0     1  -245.0    3.581  -25.071   1602.4    840.1
     1     1    11     2    19    10     0     2  -246.0    3.562  -24.893   1613.7    838.6
     1     1    11     2    19     9     0     3  -247.0    3.527  -24.713   1628.5    836.6
     1     1    11     2    19     8     0     2  -248.0    3.481  -24.536   1643.1    834.6
     1     1    11     2    19     7     0     1  -249.0    3.430  -24.364   1655.5    833.2
     1     1    11     2    19     6     0     0  -250.0    3.375  -24.198   1667.7    831.8
     1     1    11     2    19     5     0     1  -251.0    3.316  -24.035   1681.8    830.9
     1     1    11     2    19     4     0     2  -252.0    3.250  -23.870   1699.1    829.6
     1     1    11     2    19     3     0     3  -253.0    3.179  -23.705   1720.7    828.0
     1     1    11     2    19     2     0     2  -254.0    3.107  -23.542   1742.8    825.8
     1     1    11     2    19     1     0     1  -255.0    3.036  -23.381   1760.8    824.4
     1     1    11     2    19     0     0     0  -256.0    2.964  -23.224   1774.1    823.5
     1     1    11     2    18    23     0     1  -257.0    2.894  -23.073   1788.2    822.4
     1     1    11     2    18    22     0     2  -258.0    2.826  -22.931   1807.5    820.1
     1     1    11     2    18    21     0     3  -259.0    2.760  -22.796   1830.2    817.6
     1     1    11     2    18    20     0     2  -260.0    2.696  -22.667   1851.4    815.0
     1     1    11     2    18    19     0     1  -261.0    2.631  -22.542   1865.5    813.3
     1     1    11     2    18    18     0     0  -262.0    2.564  -22.420   1869.4    812.6
     1     1    11     2    18    17     0     1  -263.0    2.491  -22.296   1863.9    813.6
     1     1    11     2    18    16     0     2  -264.0    2.411  -22.167   1854.6    815.0
     1     1    11     2    18    15     0     3  -265.0    2.326  -22.038   1848.6    816.2
     1     1    11     2    18    14     0     2  -266.0    2.239  -21.912   1858.7    816.5
     1     1    11     2    18    13     0     1  -267.0    2.153  -21.787   1891.0    813.6
     1     1    11     2    18    12     0     0  -268.0    2.071  -21.664   1940.8    809.0
     1     1    11     2    18    11     0     1  -269.0    1.995  -21.549   1970.5    802.6
     1     1    11     2    18    10     0     2  -270.0    1.928  -21.453   1936.7    805.1
     1     1    11     2    18     9     0     3  -271.0    1.868  -21.379   1836.6    815.1
     1     1    11     2    18     8     0     2  -272.0    1.805  -21.323   1718.3    830.0
     1     1    11     2    18     7     0     1  -273.0    1.728  -21.277   1626.5    838.9
     1     1    11     2    18     6     0     0  -274.0    1.634  -21.241   1566.3    844.6
     1     1    11     2    18     5     0     1  -275.0    1.532  -21.209   1535.2    847.6
     1     1    11     2    18     4     0     2  -276.0    1.431  -21.179   1528.0    848.5
     1     1    11     2    18     3     0     3  -277.0    1.336  -21.148   1543.1    847.2
     1     1    11     2    18     2     0     2  -278.0    1.247  -21.110   1566.1    843.7
     1     1    11     2    18     1     0     1  -279.0    1.168  -21.065   1580.0    842.4
     1     1    11     2    18     0     0     0  -280.0    1.096  -21.014   1579.3    842.5
     1     1    11     2    17    23     0     1  -281.0    1.037  -20.963   1570.4    844.1
     1     1    11     2    17    22     0     2  -282.0    0.995  -20.917   1564.4    844.6
     1     1    11     2    17    21     0     3  -283.0    0.968  -20.875   1563.2    844.6
     1     1    11     2    17    20     0     2  -284.0    0.949  -20.829   1568.4    843.7
     1     1    11     2    17    19     0     1  -285.0    0.931  -20.774   1577.1    842.1
     1     1    11     2    17    18     0     0  -286.0    0.912  -20.708   1583.6    840.7
     1     1    11     2    17    17     0     1  -287.0    0.897  -20.632   1585.3    840.7
     1     1    11     2    17    16     0     2  -288.0    0.889  -20.542   1582.9    841.0
     1     1    11     2    17    15     0     3  -289.0    0.888  -20.441   1577.5    841.7
     1     1    11     2    17    14     0     2  -290.0    0.896  -20.330   1548.1    842.6
     1     1    11     2    17    13     0     1  -291.0    0.914  -20.219   1478.9    850.5
     1     1    11     2    17    12     0     0  -292.0    0.941  -20.108   1383.9    860.7
     1     1    11     2    17    11     0     1  -293.0    0.966  -19.996   1263.2    872.0
     1     1    11     2    17    10     0     2  -294.0    0.975  -19.888   1116.4    887.6
     1     1    11     2    17     9     0     3  -295.0    0.952  -19.782    965.8    904.6
     1     1    11     2    17     8     0     2  -296.0    0.883  -19.680    860.9    918.9
     1     1    11     2    17     7     0     1  -297.0    0.774  -19.584    816.7    921.5
     1     1    11     2    17     6     0     0  -298.0    0.640  -19.491    811.6    920.6
     1     1    11     2    17     5     0     1  -299.0    0.504  -19.397    821.9    918.1
     1     1    11     2    17     4     0     2  -300.0    0.379  -19.297    830.8    917.2
     1     1    11     2    17     3     0     3  -301.0    0.264  -19.194    835.3    916.8
     1     1    11     2    17     2     0     2  -302.0    0.161  -19.086    838.7    917.4
     1     1    11     2    17     1     0     1  -303.0    0.076  -18.970    846.2    917.2
     1     1    11     2    17     0     0     0  -304.0    0.008  -18.849    860.6    916.4
     1     1    11     2    16    23     0     1  -305.0   -0.045  -18.724    880.1    913.6
     1     1    11     2    16    22     0     2  -306.0   -0.091  -18.596    899.4    910.8
     1     1    11     2    16    21     0     3  -307.0   -0.131  -18.466    914.0    908.5
     1     1    11     2    16    20     0     2  -308.0   -0.170  -18.335    912.1    907.3
     1     1    11     2    16    19     0     1  -309.0   -0.214  -18.206    885.2    910.0
     1     1    11     2    16    18     0     0  -310.0   -0.267  -18.079    838.4    914.8
     1     1    11     2    16    17     0     1  -311.0   -0.334  -17.951    782.6    921.4
     1     1    11     2    16    16     0     2  -312.0   -0.417  -17.815    730.1    927.7
     1     1    11     2    16    15     0     3  -313.0   -0.513  -17.671    687.5    932.7
     1     1    11     2    16    14     0     2  -314.0   -0.623  -17.521    658.2    936.6
     1     1    11     2    16    13     0     1  -315.0   -0.751  -17.365    640.1    938.5
     1     1    11     2    16    12     0     0  -316.0   -0.892  -17.206    625.7    940.0
     1     1    11     2    16    11     0     1  -317.0   -1.048  -17.041    614.7    941.1
     1     1    11     2    16    10     0     2  -318.0   -1.221  -16.870    610.9    941.4
     1     1    11     2    16     9     0     3  -319.0   -1.404  -16.697    616.7    940.8
     1     1    11     2    16     8     0     2  -320.0   -1.586  -16.526    630.6    938.9
     1     1    11     2    16     7     0     1  -321.0   -1.758  -16.365    645.8    936.7
     1     1    11     2    16     6     0     0  -322.0   -1.922  -16.213    655.9    934.9
     1     1    11     2    16     5     0     1  -323.0   -2.079  -16.067    659.3    934.8
     1     1    11     2    16     4     0     2  -324.0   -2.233  -15.922    661.5    935.2
     1     1    11     2    16     3     0     3  -325.0   -2.385  -15.777    668.3    934.7
     1     1    11     2    16     2     0     2  -326.0   -2.534  -15.630    678.5    933.7
     1     1    11     2    16     1     0     1  -327.0   -2.678  -15.481    692.8    933.0
     1     1    11     2    16     0     0     0  -328.0   -2.815  -15.329    717.6    931.0
     1     1    11     2    15    23     0     1  -329.0   -2.943  -15.179    752.4    926.7
     1     1    11     2    15    22     0     2  -330.0   -3.062  -15.033    789.8    922.0
     1     1    11     2    15    21     0     3  -331.0   -3.176  -14.892    822.3    918.0
     1     1    11     2    15    20     0     2  -332.0   -3.286  -14.757    848.2    915.3
     1     1    11     2    15    19     0     1  -333.0   -3.393  -14.630    870.7    913.0
     1     1    11     2    15    18     0     0  -334.0   -3.497  -14.512    892.3    910.5
     1     1    11     2    15    17     0     1  -335.0   -3.590  -14.395    912.1    908.2
     1     1    11     2    15    16     0     2  -336.0   -3.666  -14.271    927.5    906.6
