     3     1
    GDAS    11     9     1     0     0
    GDAS    11     9     8     0     0
    GDAS    11     9    15     0     0
     1 BACKWARD OMEGA   
  2011     9    17    17   -8.890  -56.900   457.2
     1 PRESSURE
     1     1    11     9    17    17     0     1     0.0   -8.890  -56.900    457.2    938.1
     1     1    11     9    17    16     0     2    -1.0   -8.863  -56.771    446.4    939.9
     1     1    11     9    17    15     0     3    -2.0   -8.827  -56.630    458.6    936.8
     1     1    11     9    17    14     0     2    -3.0   -8.791  -56.489    478.9    931.5
     1     1    11     9    17    13     0     1    -4.0   -8.764  -56.358    496.5    927.8
     1     1    11     9    17    12     0     0    -5.0   -8.739  -56.235    509.3    924.7
     1     1    11     9    17    11     0     1    -6.0   -8.714  -56.115    515.1    921.9
     1     1    11     9    17    10     0     2    -7.0   -8.690  -56.001    514.8    920.2
     1     1    11     9    17     9     0     3    -8.0   -8.675  -55.886    506.3    918.5
     1     1    11     9    17     8     0     2    -9.0   -8.660  -55.761    484.4    919.1
     1     1    11     9    17     7     0     1   -10.0   -8.640  -55.636    451.6    921.3
     1     1    11     9    17     6     0     0   -11.0   -8.617  -55.507    411.7    924.3
     1     1    11     9    17     5     0     1   -12.0   -8.591  -55.372    373.2    927.5
     1     1    11     9    17     4     0     2   -13.0   -8.560  -55.225    341.7    929.5
     1     1    11     9    17     3     0     3   -14.0   -8.527  -55.066    316.7    931.2
     1     1    11     9    17     2     0     2   -15.0   -8.497  -54.895    293.5    933.0
     1     1    11     9    17     1     0     1   -16.0   -8.473  -54.722    267.3    936.3
     1     1    11     9    17     0     0     0   -17.0   -8.457  -54.562    238.7    939.3
     1     1    11     9    16    23     0     1   -18.0   -8.447  -54.420    210.0    942.0
     1     1    11     9    16    22     0     2   -19.0   -8.438  -54.296    183.7    944.5
     1     1    11     9    16    21     0     3   -20.0   -8.426  -54.185    161.3    946.6
     1     1    11     9    16    20     0     2   -21.0   -8.410  -54.075    141.3    949.3
     1     1    11     9    16    19     0     1   -22.0   -8.391  -53.960    122.5    951.6
     1     1    11     9    16    18     0     0   -23.0   -8.367  -53.844    105.5    954.2
     1     1    11     9    16    17     0     1   -24.0   -8.339  -53.725     91.2    957.5
     1     1    11     9    16    16     0     2   -25.0   -8.310  -53.602     80.5    960.6
     1     1    11     9    16    15     0     3   -26.0   -8.277  -53.473     72.9    963.7
     1     1    11     9    16    14     0     2   -27.0   -8.249  -53.348     67.9    965.5
     1     1    11     9    16    13     0     1   -28.0   -8.230  -53.239     64.7    967.1
     1     1    11     9    16    12     0     0   -29.0   -8.221  -53.144     63.0    968.5
     1     1    11     9    16    11     0     1   -30.0   -8.217  -53.059     62.6    968.8
     1     1    11     9    16    10     0     2   -31.0   -8.213  -52.979     63.5    968.7
     1     1    11     9    16     9     0     3   -32.0   -8.208  -52.902     65.4    967.9
     1     1    11     9    16     8     0     2   -33.0   -8.205  -52.821     66.3    967.4
     1     1    11     9    16     7     0     1   -34.0   -8.205  -52.733     65.0    967.4
     1     1    11     9    16     6     0     0   -35.0   -8.209  -52.639     62.1    967.6
     1     1    11     9    16     5     0     1   -36.0   -8.216  -52.545     58.9    968.8
     1     1    11     9    16     4     0     2   -37.0   -8.226  -52.458     56.2    969.8
     1     1    11     9    16     3     0     3   -38.0   -8.239  -52.375     54.0    970.9
     1     1    11     9    16     2     0     2   -39.0   -8.253  -52.294     53.7    970.8
     1     1    11     9    16     1     0     1   -40.0   -8.271  -52.209     56.9    970.4
     1     1    11     9    16     0     0     0   -41.0   -8.292  -52.114     64.2    969.4
     1     1    11     9    15    23     0     1   -42.0   -8.316  -52.004     74.4    966.9
     1     1    11     9    15    22     0     2   -43.0   -8.342  -51.888     83.2    964.1
     1     1    11     9    15    21     0     3   -44.0   -8.368  -51.778     88.6    962.0
     1     1    11     9    15    20     0     2   -45.0   -8.390  -51.671     91.6    961.2
     1     1    11     9    15    19     0     1   -46.0   -8.402  -51.561     93.5    960.5
     1     1    11     9    15    18     0     0   -47.0   -8.406  -51.448     94.5    959.9
     1     1    11     9    15    17     0     1   -48.0   -8.401  -51.327     96.3    960.6
     1     1    11     9    15    16     0     2   -49.0   -8.385  -51.192     99.8    960.9
     1     1    11     9    15    15     0     3   -50.0   -8.356  -51.041    103.5    961.3
     1     1    11     9    15    14     0     2   -51.0   -8.316  -50.884    104.5    962.8
     1     1    11     9    15    13     0     1   -52.0   -8.266  -50.735    101.2    965.2
     1     1    11     9    15    12     0     0   -53.0   -8.207  -50.595     94.0    967.7
     1     1    11     9    15    11     0     1   -54.0   -8.149  -50.469     85.6    969.0
     1     1    11     9    15    10     0     2   -55.0   -8.102  -50.359     78.8    969.7
     1     1    11     9    15     9     0     3   -56.0   -8.068  -50.263     75.0    969.8
     1     1    11     9    15     8     0     2   -57.0   -8.036  -50.177     68.7    969.8
     1     1    11     9    15     7     0     1   -58.0   -7.999  -50.105     54.8    971.4
     1     1    11     9    15     6     0     0   -59.0   -7.959  -50.047     36.2    972.8
     1     1    11     9    15     5     0     1   -60.0   -7.919  -50.005     20.9    975.1
     1     1    11     9    15     4     0     2   -61.0   -7.881  -49.973     11.5    977.0
     1     1    11     9    15     3     0     3   -62.0   -7.843  -49.949      5.9    978.1
     1     1    11     9    15     2     0     2   -63.0   -7.811  -49.920      1.3    978.3
     1     1    11     9    15     1     0     1   -64.0   -7.791  -49.880      0.0    978.7
     1     1    11     9    15     0     0     0   -65.0   -7.782  -49.829      0.0    979.2
     1     1    11     9    14    23     0     1   -66.0   -7.778  -49.774      0.0    979.3
     1     1    11     9    14    22     0     2   -67.0   -7.775  -49.722      0.0    979.4
     1     1    11     9    14    21     0     3   -68.0   -7.773  -49.672      0.0    979.6
     1     1    11     9    14    20     0     2   -69.0   -7.777  -49.618      0.0    980.3
     1     1    11     9    14    19     0     1   -70.0   -7.792  -49.555      0.0    981.1
     1     1    11     9    14    18     0     0   -71.0   -7.818  -49.480      0.0    982.0
     1     1    11     9    14    17     0     1   -72.0   -7.846  -49.400      0.0    984.2
     1     1    11     9    14    16     0     2   -73.0   -7.862  -49.316      0.0    986.5
     1     1    11     9    14    15     0     3   -74.0   -7.866  -49.230      0.0    988.7
     1     1    11     9    14    14     0     2   -75.0   -7.859  -49.143      0.0    989.6
     1     1    11     9    14    13     0     1   -76.0   -7.844  -49.059      0.8    990.4
     1     1    11     9    14    12     0     0   -77.0   -7.821  -48.977      1.9    991.0
     1     1    11     9    14    11     0     1   -78.0   -7.794  -48.898      3.2    991.2
     1     1    11     9    14    10     0     2   -79.0   -7.769  -48.824      5.0    991.4
     1     1    11     9    14     9     0     3   -80.0   -7.745  -48.756      7.0    991.5
     1     1    11     9    14     8     0     2   -81.0   -7.720  -48.695      8.6    990.3
     1     1    11     9    14     7     0     1   -82.0   -7.693  -48.639      9.1    989.1
     1     1    11     9    14     6     0     0   -83.0   -7.664  -48.588      8.8    988.0
     1     1    11     9    14     5     0     1   -84.0   -7.636  -48.542      8.3    988.1
     1     1    11     9    14     4     0     2   -85.0   -7.613  -48.503      8.1    988.3
     1     1    11     9    14     3     0     3   -86.0   -7.593  -48.473      8.1    988.4
     1     1    11     9    14     2     0     2   -87.0   -7.576  -48.451      8.4    988.3
     1     1    11     9    14     1     0     1   -88.0   -7.563  -48.437      9.2    988.2
     1     1    11     9    14     0     0     0   -89.0   -7.553  -48.429     10.6    988.0
     1     1    11     9    13    23     0     1   -90.0   -7.546  -48.419     12.7    986.8
     1     1    11     9    13    22     0     2   -91.0   -7.544  -48.399     15.5    985.6
     1     1    11     9    13    21     0     3   -92.0   -7.547  -48.368     19.3    984.4
     1     1    11     9    13    20     0     2   -93.0   -7.554  -48.326     23.4    984.0
     1     1    11     9    13    19     0     1   -94.0   -7.562  -48.274     26.5    983.9
     1     1    11     9    13    18     0     0   -95.0   -7.571  -48.214     27.7    984.0
     1     1    11     9    13    17     0     1   -96.0   -7.575  -48.145     28.5    985.5
     1     1    11     9    13    16     0     2   -97.0   -7.566  -48.065     30.2    986.7
     1     1    11     9    13    15     0     3   -98.0   -7.544  -47.975     33.1    987.4
     1     1    11     9    13    14     0     2   -99.0   -7.514  -47.873     37.3    985.9
     1     1    11     9    13    13     0     1  -100.0   -7.483  -47.757     43.9    984.1
     1     1    11     9    13    12     0     0  -101.0   -7.451  -47.618     56.4    981.7
     1     1    11     9    13    11     0     1  -102.0   -7.420  -47.461     75.9    976.4
     1     1    11     9    13    10     0     2  -103.0   -7.387  -47.293     99.9    970.7
     1     1    11     9    13     9     0     3  -104.0   -7.355  -47.109    127.4    964.8
     1     1    11     9    13     8     0     2  -105.0   -7.322  -46.901    154.5    959.4
     1     1    11     9    13     7     0     1  -106.0   -7.288  -46.684    171.6    955.7
     1     1    11     9    13     6     0     0  -107.0   -7.255  -46.483    173.5    954.4
     1     1    11     9    13     5     0     1  -108.0   -7.218  -46.303    165.6    955.2
     1     1    11     9    13     4     0     2  -109.0   -7.167  -46.143    155.2    956.0
     1     1    11     9    13     3     0     3  -110.0   -7.085  -46.001    147.9    956.5
     1     1    11     9    13     2     0     2  -111.0   -6.977  -45.868    148.7    958.0
     1     1    11     9    13     1     0     1  -112.0   -6.862  -45.730    157.1    959.2
     1     1    11     9    13     0     0     0  -113.0   -6.741  -45.584    172.8    959.7
     1     1    11     9    12    23     0     1  -114.0   -6.624  -45.431    193.9    957.9
     1     1    11     9    12    22     0     2  -115.0   -6.528  -45.272    219.8    955.7
     1     1    11     9    12    21     0     3  -116.0   -6.456  -45.103    253.0    952.5
     1     1    11     9    12    20     0     2  -117.0   -6.411  -44.935    285.6    948.6
     1     1    11     9    12    19     0     1  -118.0   -6.395  -44.781    306.8    946.7
     1     1    11     9    12    18     0     0  -119.0   -6.408  -44.642    316.7    946.4
     1     1    11     9    12    17     0     1  -120.0   -6.433  -44.504    317.8    947.6
     1     1    11     9    12    16     0     2  -121.0   -6.452  -44.354    309.3    949.8
     1     1    11     9    12    15     0     3  -122.0   -6.465  -44.192    289.5    953.4
     1     1    11     9    12    14     0     2  -123.0   -6.467  -44.013    261.8    958.2
     1     1    11     9    12    13     0     1  -124.0   -6.456  -43.818    236.2    962.9
     1     1    11     9    12    12     0     0  -125.0   -6.431  -43.611    220.3    966.6
     1     1    11     9    12    11     0     1  -126.0   -6.415  -43.389    213.3    968.0
     1     1    11     9    12    10     0     2  -127.0   -6.441  -43.143    211.1    969.1
     1     1    11     9    12     9     0     3  -128.0   -6.512  -42.861    211.5    968.2
     1     1    11     9    12     8     0     2  -129.0   -6.619  -42.555    219.9    965.2
     1     1    11     9    12     7     0     1  -130.0   -6.756  -42.238    243.9    960.1
     1     1    11     9    12     6     0     0  -131.0   -6.931  -41.907    286.3    951.6
     1     1    11     9    12     5     0     1  -132.0   -7.135  -41.567    342.3    938.7
     1     1    11     9    12     4     0     2  -133.0   -7.349  -41.225    422.5    926.2
     1     1    11     9    12     3     0     3  -134.0   -7.559  -40.902    544.6    908.6
     1     1    11     9    12     2     0     2  -135.0   -7.740  -40.624    683.3    889.6
     1     1    11     9    12     1     0     1  -136.0   -7.885  -40.391    811.5    875.6
     1     1    11     9    12     0     0     0  -137.0   -7.997  -40.191    932.7    864.4
     1     1    11     9    11    23     0     1  -138.0   -8.090  -40.012   1058.3    852.1
     1     1    11     9    11    22     0     2  -139.0   -8.175  -39.842   1193.8    839.2
     1     1    11     9    11    21     0     3  -140.0   -8.253  -39.679   1336.6    824.8
     1     1    11     9    11    20     0     2  -141.0   -8.318  -39.522   1464.5    811.6
     1     1    11     9    11    19     0     1  -142.0   -8.376  -39.372   1561.7    802.8
     1     1    11     9    11    18     0     0  -143.0   -8.435  -39.230   1631.1    797.2
     1     1    11     9    11    17     0     1  -144.0   -8.491  -39.083   1673.7    794.1
     1     1    11     9    11    16     0     2  -145.0   -8.542  -38.922   1689.0    793.1
     1     1    11     9    11    15     0     3  -146.0   -8.591  -38.746   1684.2    793.5
     1     1    11     9    11    14     0     2  -147.0   -8.635  -38.560   1685.0    794.7
     1     1    11     9    11    13     0     1  -148.0   -8.672  -38.374   1711.0    791.6
     1     1    11     9    11    12     0     0  -149.0   -8.699  -38.194   1763.1    786.1
     1     1    11     9    11    11     0     1  -150.0   -8.722  -38.023   1828.0    777.6
     1     1    11     9    11    10     0     2  -151.0   -8.748  -37.855   1887.1    770.9
     1     1    11     9    11     9     0     3  -152.0   -8.776  -37.687   1934.8    766.2
     1     1    11     9    11     8     0     2  -153.0   -8.802  -37.523   1972.3    762.8
     1     1    11     9    11     7     0     1  -154.0   -8.819  -37.364   2000.4    760.1
     1     1    11     9    11     6     0     0  -155.0   -8.826  -37.208   2019.8    758.0
     1     1    11     9    11     5     0     1  -156.0   -8.827  -37.051   2028.0    757.0
     1     1    11     9    11     4     0     2  -157.0   -8.825  -36.883   2028.1    758.2
     1     1    11     9    11     3     0     3  -158.0   -8.824  -36.689   2028.0    759.8
     1     1    11     9    11     2     0     2  -159.0   -8.822  -36.468   2046.2    760.8
     1     1    11     9    11     1     0     1  -160.0   -8.819  -36.228   2100.0    757.4
     1     1    11     9    11     0     0     0  -161.0   -8.810  -35.972   2194.7    751.6
     1     1    11     9    10    23     0     1  -162.0   -8.804  -35.723   2298.8    747.7
     1     1    11     9    10    22     0     2  -163.0   -8.815  -35.489   2370.2    750.3
     1     1    11     9    10    21     0     3  -164.0   -8.845  -35.262   2417.6    754.6
     1     1    11     9    10    20     0     2  -165.0   -8.883  -35.036   2438.5    760.7
     1     1    11     9    10    19     0     1  -166.0   -8.920  -34.810   2427.2    763.9
     1     1    11     9    10    18     0     0  -167.0   -8.953  -34.583   2403.1    766.5
     1     1    11     9    10    17     0     1  -168.0   -8.981  -34.348   2388.5    769.5
     1     1    11     9    10    16     0     2  -169.0   -9.004  -34.101   2401.8    768.6
     1     1    11     9    10    15     0     3  -170.0   -9.021  -33.845   2441.9    764.8
     1     1    11     9    10    14     0     2  -171.0   -9.036  -33.582   2485.2    759.2
     1     1    11     9    10    13     0     1  -172.0   -9.053  -33.309   2514.9    757.1
     1     1    11     9    10    12     0     0  -173.0   -9.066  -33.033   2539.9    755.4
     1     1    11     9    10    11     0     1  -174.0   -9.066  -32.755   2558.5    752.6
     1     1    11     9    10    10     0     2  -175.0   -9.046  -32.476   2565.5    751.5
     1     1    11     9    10     9     0     3  -176.0   -9.007  -32.195   2564.9    751.2
     1     1    11     9    10     8     0     2  -177.0   -8.952  -31.905   2564.1    751.3
     1     1    11     9    10     7     0     1  -178.0   -8.885  -31.602   2564.8    750.6
     1     1    11     9    10     6     0     0  -179.0   -8.811  -31.287   2562.8    750.4
     1     1    11     9    10     5     0     1  -180.0   -8.735  -30.963   2557.8    751.1
     1     1    11     9    10     4     0     2  -181.0   -8.663  -30.631   2555.2    751.9
     1     1    11     9    10     3     0     3  -182.0   -8.594  -30.292   2564.3    751.8
     1     1    11     9    10     2     0     2  -183.0   -8.529  -29.950   2585.4    749.7
     1     1    11     9    10     1     0     1  -184.0   -8.469  -29.611   2607.6    747.5
     1     1    11     9    10     0     0     0  -185.0   -8.413  -29.273   2624.9    746.3
     1     1    11     9     9    23     0     1  -186.0   -8.361  -28.942   2641.8    744.9
     1     1    11     9     9    22     0     2  -187.0   -8.315  -28.624   2662.9    742.7
     1     1    11     9     9    21     0     3  -188.0   -8.274  -28.316   2687.7    740.1
     1     1    11     9     9    20     0     2  -189.0   -8.232  -28.013   2716.2    737.7
     1     1    11     9     9    19     0     1  -190.0   -8.184  -27.709   2752.3    734.7
     1     1    11     9     9    18     0     0  -191.0   -8.132  -27.404   2800.9    730.5
     1     1    11     9     9    17     0     1  -192.0   -8.075  -27.097   2861.5    725.1
     1     1    11     9     9    16     0     2  -193.0   -8.010  -26.785   2930.4    719.2
     1     1    11     9     9    15     0     3  -194.0   -7.938  -26.467   3006.2    712.8
     1     1    11     9     9    14     0     2  -195.0   -7.862  -26.138   3083.3    706.0
     1     1    11     9     9    13     0     1  -196.0   -7.788  -25.796   3153.7    700.0
     1     1    11     9     9    12     0     0  -197.0   -7.720  -25.442   3210.2    695.1
     1     1    11     9     9    11     0     1  -198.0   -7.658  -25.085   3250.8    691.5
     1     1    11     9     9    10     0     2  -199.0   -7.597  -24.732   3282.6    689.0
     1     1    11     9     9     9     0     3  -200.0   -7.538  -24.385   3308.7    686.4
     1     1    11     9     9     8     0     2  -201.0   -7.484  -24.045   3321.0    684.6
     1     1    11     9     9     7     0     1  -202.0   -7.434  -23.712   3311.0    685.1
     1     1    11     9     9     6     0     0  -203.0   -7.386  -23.388   3280.7    687.7
     1     1    11     9     9     5     0     1  -204.0   -7.339  -23.069   3248.4    691.9
     1     1    11     9     9     4     0     2  -205.0   -7.291  -22.754   3229.2    693.9
     1     1    11     9     9     3     0     3  -206.0   -7.245  -22.445   3225.0    694.6
     1     1    11     9     9     2     0     2  -207.0   -7.202  -22.136   3234.1    693.8
     1     1    11     9     9     1     0     1  -208.0   -7.163  -21.821   3252.9    692.5
     1     1    11     9     9     0     0     0  -209.0   -7.130  -21.499   3283.6    690.3
     1     1    11     9     8    23     0     1  -210.0   -7.104  -21.171   3323.1    686.3
     1     1    11     9     8    22     0     2  -211.0   -7.088  -20.843   3361.4    682.6
     1     1    11     9     8    21     0     3  -212.0   -7.083  -20.514   3390.4    679.7
     1     1    11     9     8    20     0     2  -213.0   -7.079  -20.193   3415.9    678.4
     1     1    11     9     8    19     0     1  -214.0   -7.070  -19.887   3450.1    675.7
     1     1    11     9     8    18     0     0  -215.0   -7.054  -19.597   3496.0    671.9
     1     1    11     9     8    17     0     1  -216.0   -7.030  -19.320   3543.7    667.4
     1     1    11     9     8    16     0     2  -217.0   -7.003  -19.053   3584.3    664.3
     1     1    11     9     8    15     0     3  -218.0   -6.974  -18.792   3619.9    661.6
     1     1    11     9     8    14     0     2  -219.0   -6.951  -18.535   3653.9    659.4
     1     1    11     9     8    13     0     1  -220.0   -6.936  -18.279   3691.1    657.0
     1     1    11     9     8    12     0     0  -221.0   -6.929  -18.024   3735.6    653.9
     1     1    11     9     8    11     0     1  -222.0   -6.930  -17.774   3788.9    649.5
     1     1    11     9     8    10     0     2  -223.0   -6.937  -17.531   3847.3    644.5
     1     1    11     9     8     9     0     3  -224.0   -6.951  -17.294   3904.1    639.7
     1     1    11     9     8     8     0     2  -225.0   -6.969  -17.059   3955.7    635.4
     1     1    11     9     8     7     0     1  -226.0   -6.985  -16.823   4003.2    631.5
     1     1    11     9     8     6     0     0  -227.0   -6.996  -16.586   4044.2    627.8
     1     1    11     9     8     5     0     1  -228.0   -7.004  -16.346   4071.4    625.5
     1     1    11     9     8     4     0     2  -229.0   -7.007  -16.101   4084.0    624.9
     1     1    11     9     8     3     0     3  -230.0   -7.003  -15.851   4087.6    625.0
     1     1    11     9     8     2     0     2  -231.0   -6.990  -15.596   4092.6    625.4
     1     1    11     9     8     1     0     1  -232.0   -6.968  -15.339   4103.4    624.6
     1     1    11     9     8     0     0     0  -233.0   -6.934  -15.080   4114.5    623.7
     1     1    11     9     7    23     0     1  -234.0   -6.893  -14.819   4129.2    623.0
     1     1    11     9     7    22     0     2  -235.0   -6.847  -14.557   4157.6    621.0
     1     1    11     9     7    21     0     3  -236.0   -6.799  -14.293   4206.5    617.5
     1     1    11     9     7    20     0     2  -237.0   -6.749  -14.029   4266.4    611.8
     1     1    11     9     7    19     0     1  -238.0   -6.696  -13.766   4320.2    607.0
     1     1    11     9     7    18     0     0  -239.0   -6.644  -13.506   4362.7    603.6
     1     1    11     9     7    17     0     1  -240.0   -6.597  -13.245   4396.8    601.3
     1     1    11     9     7    16     0     2  -241.0   -6.560  -12.978   4425.2    599.2
     1     1    11     9     7    15     0     3  -242.0   -6.534  -12.709   4449.8    597.6
     1     1    11     9     7    14     0     2  -243.0   -6.514  -12.436   4474.8    596.2
     1     1    11     9     7    13     0     1  -244.0   -6.497  -12.156   4501.5    594.3
     1     1    11     9     7    12     0     0  -245.0   -6.482  -11.871   4528.6    592.5
     1     1    11     9     7    11     0     1  -246.0   -6.471  -11.585   4555.4    590.5
     1     1    11     9     7    10     0     2  -247.0   -6.468  -11.301   4580.1    588.5
     1     1    11     9     7     9     0     3  -248.0   -6.473  -11.023   4599.8    586.9
     1     1    11     9     7     8     0     2  -249.0   -6.485  -10.754   4610.9    585.7
     1     1    11     9     7     7     0     1  -250.0   -6.502  -10.496   4611.4    585.5
     1     1    11     9     7     6     0     0  -251.0   -6.520  -10.250   4602.5    585.9
     1     1    11     9     7     5     0     1  -252.0   -6.533  -10.013   4589.7    587.4
     1     1    11     9     7     4     0     2  -253.0   -6.541   -9.782   4577.9    588.4
     1     1    11     9     7     3     0     3  -254.0   -6.541   -9.554   4566.5    589.5
     1     1    11     9     7     2     0     2  -255.0   -6.536   -9.328   4567.3    590.5
     1     1    11     9     7     1     0     1  -256.0   -6.525   -9.101   4592.2    589.0
     1     1    11     9     7     0     0     0  -257.0   -6.509   -8.875   4639.1    585.7
     1     1    11     9     6    23     0     1  -258.0   -6.493   -8.657   4685.5    580.8
     1     1    11     9     6    22     0     2  -259.0   -6.481   -8.448   4711.1    579.0
     1     1    11     9     6    21     0     3  -260.0   -6.471   -8.250   4716.6    578.7
     1     1    11     9     6    20     0     2  -261.0   -6.464   -8.058   4713.0    579.4
     1     1    11     9     6    19     0     1  -262.0   -6.460   -7.874   4713.4    579.2
     1     1    11     9     6    18     0     0  -263.0   -6.460   -7.696   4720.4    578.4
     1     1    11     9     6    17     0     1  -264.0   -6.466   -7.524   4733.6    577.4
     1     1    11     9     6    16     0     2  -265.0   -6.476   -7.357   4751.2    576.1
     1     1    11     9     6    15     0     3  -266.0   -6.491   -7.194   4772.2    574.6
     1     1    11     9     6    14     0     2  -267.0   -6.502   -7.032   4792.9    573.1
     1     1    11     9     6    13     0     1  -268.0   -6.502   -6.869   4808.9    572.1
     1     1    11     9     6    12     0     0  -269.0   -6.492   -6.705   4820.8    571.5
     1     1    11     9     6    11     0     1  -270.0   -6.472   -6.541   4831.0    570.8
     1     1    11     9     6    10     0     2  -271.0   -6.444   -6.382   4839.9    570.0
     1     1    11     9     6     9     0     3  -272.0   -6.406   -6.226   4846.6    569.4
     1     1    11     9     6     8     0     2  -273.0   -6.359   -6.076   4849.9    568.9
     1     1    11     9     6     7     0     1  -274.0   -6.302   -5.930   4850.1    568.7
     1     1    11     9     6     6     0     0  -275.0   -6.238   -5.789   4848.6    568.6
     1     1    11     9     6     5     0     1  -276.0   -6.171   -5.652   4847.3    568.9
     1     1    11     9     6     4     0     2  -277.0   -6.102   -5.519   4847.3    569.0
     1     1    11     9     6     3     0     3  -278.0   -6.033   -5.388   4849.0    569.0
     1     1    11     9     6     2     0     2  -279.0   -5.966   -5.263   4850.0    568.9
     1     1    11     9     6     1     0     1  -280.0   -5.905   -5.145   4847.5    569.1
     1     1    11     9     6     0     0     0  -281.0   -5.851   -5.036   4840.8    569.7
     1     1    11     9     5    23     0     1  -282.0   -5.804   -4.932   4838.4    570.5
     1     1    11     9     5    22     0     2  -283.0   -5.765   -4.830   4848.7    569.8
     1     1    11     9     5    21     0     3  -284.0   -5.732   -4.732   4871.3    568.3
     1     1    11     9     5    20     0     2  -285.0   -5.708   -4.637   4898.9    565.5
     1     1    11     9     5    19     0     1  -286.0   -5.689   -4.545   4924.3    563.5
     1     1    11     9     5    18     0     0  -287.0   -5.677   -4.456   4947.4    561.6
     1     1    11     9     5    17     0     1  -288.0   -5.665   -4.368   4977.1    560.1
     1     1    11     9     5    16     0     2  -289.0   -5.649   -4.279   5022.4    556.9
     1     1    11     9     5    15     0     3  -290.0   -5.627   -4.188   5082.3    552.7
     1     1    11     9     5    14     0     2  -291.0   -5.598   -4.094   5144.8    547.8
     1     1    11     9     5    13     0     1  -292.0   -5.557   -3.994   5197.8    544.4
     1     1    11     9     5    12     0     0  -293.0   -5.504   -3.887   5242.3    541.6
     1     1    11     9     5    11     0     1  -294.0   -5.443   -3.774   5285.5    539.1
     1     1    11     9     5    10     0     2  -295.0   -5.380   -3.656   5333.0    535.8
     1     1    11     9     5     9     0     3  -296.0   -5.313   -3.530   5384.5    532.2
     1     1    11     9     5     8     0     2  -297.0   -5.243   -3.395   5434.6    528.1
     1     1    11     9     5     7     0     1  -298.0   -5.171   -3.246   5475.8    524.9
     1     1    11     9     5     6     0     0  -299.0   -5.098   -3.081   5504.3    522.5
     1     1    11     9     5     5     0     1  -300.0   -5.026   -2.906   5525.1    521.7
     1     1    11     9     5     4     0     2  -301.0   -4.955   -2.726   5546.7    520.5
     1     1    11     9     5     3     0     3  -302.0   -4.886   -2.541   5570.1    519.0
     1     1    11     9     5     2     0     2  -303.0   -4.818   -2.350   5591.4    517.5
     1     1    11     9     5     1     0     1  -304.0   -4.748   -2.146   5605.9    516.6
     1     1    11     9     5     0     0     0  -305.0   -4.676   -1.930   5611.9    516.2
     1     1    11     9     4    23     0     1  -306.0   -4.605   -1.698   5615.4    516.5
     1     1    11     9     4    22     0     2  -307.0   -4.537   -1.448   5625.9    515.9
     1     1    11     9     4    21     0     3  -308.0   -4.472   -1.184   5647.5    514.7
     1     1    11     9     4    20     0     2  -309.0   -4.415   -0.914   5674.1    512.1
     1     1    11     9     4    19     0     1  -310.0   -4.364   -0.643   5697.6    510.3
     1     1    11     9     4    18     0     0  -311.0   -4.321   -0.373   5718.4    508.7
     1     1    11     9     4    17     0     1  -312.0   -4.290   -0.105   5736.3    507.5
     1     1    11     9     4    16     0     2  -313.0   -4.269    0.162   5763.0    506.5
     1     1    11     9     4    15     0     3  -314.0   -4.258    0.429   5802.0    503.4
     1     1    11     9     4    14     0     2  -315.0   -4.253    0.695   5835.5    500.9
     1     1    11     9     4    13     0     1  -316.0   -4.247    0.961   5852.2    499.8
     1     1    11     9     4    12     0     0  -317.0   -4.241    1.226   5848.8    500.1
     1     1    11     9     4    11     0     1  -318.0   -4.233    1.497   5841.9    501.8
     1     1    11     9     4    10     0     2  -319.0   -4.221    1.776   5849.8    501.5
     1     1    11     9     4     9     0     3  -320.0   -4.203    2.062   5873.8    500.1
     1     1    11     9     4     8     0     2  -321.0   -4.188    2.347   5898.5    497.3
     1     1    11     9     4     7     0     1  -322.0   -4.180    2.628   5910.7    496.5
     1     1    11     9     4     6     0     0  -323.0   -4.179    2.903   5915.8    496.2
     1     1    11     9     4     5     0     1  -324.0   -4.184    3.174   5916.1    496.1
     1     1    11     9     4     4     0     2  -325.0   -4.198    3.440   5911.8    496.4
     1     1    11     9     4     3     0     3  -326.0   -4.219    3.706   5903.8    496.9
     1     1    11     9     4     2     0     2  -327.0   -4.243    3.970   5894.7    497.8
     1     1    11     9     4     1     0     1  -328.0   -4.271    4.232   5886.4    498.5
     1     1    11     9     4     0     0     0  -329.0   -4.305    4.491   5877.0    499.2
     1     1    11     9     3    23     0     1  -330.0   -4.341    4.751   5868.1    500.1
     1     1    11     9     3    22     0     2  -331.0   -4.373    5.013   5863.6    500.5
     1     1    11     9     3    21     0     3  -332.0   -4.400    5.274   5868.7    500.6
     1     1    11     9     3    20     0     2  -333.0   -4.423    5.532   5888.4    499.1
     1     1    11     9     3    19     0     1  -334.0   -4.445    5.786   5919.6    496.7
     1     1    11     9     3    18     0     0  -335.0   -4.461    6.036   5955.8    493.9
     1     1    11     9     3    17     0     1  -336.0   -4.470    6.281   5993.4    491.5
