     3     1
    GDAS    11    10     8     0     0
    GDAS    11    10    15     0     0
    GDAS    11    10    22     0     0
     1 BACKWARD OMEGA   
  2011    10    24    15   -8.850  -56.750  3962.4
     1 PRESSURE
     1     1    11    10    24    15     0     3     0.0   -8.850  -56.750   3962.4    618.9
     1     1    11    10    24    14     0     2    -1.0   -8.642  -56.611   3848.6    626.9
     1     1    11    10    24    13     0     1    -2.0   -8.438  -56.467   3804.0    625.4
     1     1    11    10    24    12     0     0    -3.0   -8.238  -56.322   3797.6    621.2
     1     1    11    10    24    11     0     1    -4.0   -8.032  -56.180   3789.3    616.1
     1     1    11    10    24    10     0     2    -5.0   -7.812  -56.043   3773.2    619.1
     1     1    11    10    24     9     0     3    -6.0   -7.574  -55.911   3756.2    623.9
     1     1    11    10    24     8     0     2    -7.0   -7.324  -55.771   3749.6    628.9
     1     1    11    10    24     7     0     1    -8.0   -7.074  -55.615   3755.5    631.5
     1     1    11    10    24     6     0     0    -9.0   -6.826  -55.448   3760.3    632.2
     1     1    11    10    24     5     0     1   -10.0   -6.590  -55.276   3751.4    632.3
     1     1    11    10    24     4     0     2   -11.0   -6.367  -55.100   3734.1    634.1
     1     1    11    10    24     3     0     3   -12.0   -6.158  -54.912   3740.5    634.5
     1     1    11    10    24     2     0     2   -13.0   -5.961  -54.722   3792.3    631.4
     1     1    11    10    24     1     0     1   -14.0   -5.778  -54.539   3875.6    625.1
     1     1    11    10    24     0     0     0   -15.0   -5.607  -54.366   3962.5    618.5
     1     1    11    10    23    23     0     1   -16.0   -5.441  -54.204   4007.2    612.7
     1     1    11    10    23    22     0     2   -17.0   -5.269  -54.048   3960.1    615.3
     1     1    11    10    23    21     0     3   -18.0   -5.089  -53.891   3797.7    626.7
     1     1    11    10    23    20     0     2   -19.0   -4.904  -53.732   3608.4    650.0
     1     1    11    10    23    19     0     1   -20.0   -4.722  -53.578   3491.8    661.4
     1     1    11    10    23    18     0     0   -21.0   -4.541  -53.430   3426.3    666.3
     1     1    11    10    23    17     0     1   -22.0   -4.356  -53.288   3373.8    671.9
     1     1    11    10    23    16     0     2   -23.0   -4.163  -53.155   3328.5    678.7
     1     1    11    10    23    15     0     3   -24.0   -3.960  -53.026   3307.4    683.6
     1     1    11    10    23    14     0     2   -25.0   -3.759  -52.905   3308.5    682.1
     1     1    11    10    23    13     0     1   -26.0   -3.572  -52.798   3325.7    680.3
     1     1    11    10    23    12     0     0   -27.0   -3.397  -52.705   3361.1    677.1
     1     1    11    10    23    11     0     1   -28.0   -3.229  -52.626   3401.9    672.3
     1     1    11    10    23    10     0     2   -29.0   -3.064  -52.566   3430.0    669.2
     1     1    11    10    23     9     0     3   -30.0   -2.903  -52.529   3440.7    668.5
     1     1    11    10    23     8     0     2   -31.0   -2.744  -52.514   3429.3    669.7
     1     1    11    10    23     7     0     1   -32.0   -2.588  -52.524   3391.9    673.3
     1     1    11    10    23     6     0     0   -33.0   -2.442  -52.563   3330.4    678.8
     1     1    11    10    23     5     0     1   -34.0   -2.300  -52.633   3279.0    686.7
     1     1    11    10    23     4     0     2   -35.0   -2.159  -52.736   3263.8    688.5
     1     1    11    10    23     3     0     3   -36.0   -2.025  -52.882   3272.9    687.9
     1     1    11    10    23     2     0     2   -37.0   -1.887  -53.065   3296.9    684.0
     1     1    11    10    23     1     0     1   -38.0   -1.730  -53.276   3333.6    677.3
     1     1    11    10    23     0     0     0   -39.0   -1.561  -53.523   3376.7    669.4
     1     1    11    10    22    23     0     1   -40.0   -1.395  -53.786   3398.2    660.3
     1     1    11    10    22    22     0     2   -41.0   -1.231  -54.026   3383.1    656.8
     1     1    11    10    22    21     0     3   -42.0   -1.063  -54.228   3358.2    657.3
     1     1    11    10    22    20     0     2   -43.0   -0.918  -54.425   3413.4    658.6
     1     1    11    10    22    19     0     1   -44.0   -0.807  -54.650   3587.4    642.5
     1     1    11    10    22    18     0     0   -45.0   -0.714  -54.903   3793.6    623.4
     1     1    11    10    22    17     0     1   -46.0   -0.633  -55.192   3980.5    608.9
     1     1    11    10    22    16     0     2   -47.0   -0.560  -55.514   4150.7    597.8
     1     1    11    10    22    15     0     3   -48.0   -0.472  -55.874   4301.4    586.9
     1     1    11    10    22    14     0     2   -49.0   -0.403  -56.269   4393.3    579.8
     1     1    11    10    22    13     0     1   -50.0   -0.389  -56.647   4395.5    582.2
     1     1    11    10    22    12     0     0   -51.0   -0.380  -56.980   4331.3    590.2
     1     1    11    10    22    11     0     1   -52.0   -0.396  -57.299   4219.1    598.0
     1     1    11    10    22    10     0     2   -53.0   -0.489  -57.613   4023.5    611.2
     1     1    11    10    22     9     0     3   -54.0   -0.641  -57.896   3775.8    633.9
     1     1    11    10    22     8     0     2   -55.0   -0.832  -58.147   3604.3    657.1
     1     1    11    10    22     7     0     1   -56.0   -1.052  -58.383   3513.1    660.1
     1     1    11    10    22     6     0     0   -57.0   -1.294  -58.610   3376.9    666.1
     1     1    11    10    22     5     0     1   -58.0   -1.541  -58.837   3176.5    685.9
     1     1    11    10    22     4     0     2   -59.0   -1.782  -59.073   2963.3    705.5
     1     1    11    10    22     3     0     3   -60.0   -2.015  -59.323   2795.3    723.3
     1     1    11    10    22     2     0     2   -61.0   -2.244  -59.568   2716.2    731.8
     1     1    11    10    22     1     0     1   -62.0   -2.470  -59.790   2703.6    731.9
     1     1    11    10    22     0     0     0   -63.0   -2.693  -59.997   2715.8    730.5
     1     1    11    10    21    23     0     1   -64.0   -2.913  -60.193   2740.1    729.8
     1     1    11    10    21    22     0     2   -65.0   -3.132  -60.375   2777.6    725.7
     1     1    11    10    21    21     0     3   -66.0   -3.354  -60.542   2827.2    720.9
     1     1    11    10    21    20     0     2   -67.0   -3.577  -60.702   2881.1    715.6
     1     1    11    10    21    19     0     1   -68.0   -3.798  -60.862   2925.6    712.2
     1     1    11    10    21    18     0     0   -69.0   -4.018  -61.017   2958.1    709.9
     1     1    11    10    21    17     0     1   -70.0   -4.240  -61.159   2986.6    708.6
     1     1    11    10    21    16     0     2   -71.0   -4.474  -61.283   2999.0    705.5
     1     1    11    10    21    15     0     3   -72.0   -4.723  -61.399   2938.0    708.0
     1     1    11    10    21    14     0     2   -73.0   -4.980  -61.522   2835.5    721.3
     1     1    11    10    21    13     0     1   -74.0   -5.234  -61.650   2792.9    728.1
     1     1    11    10    21    12     0     0   -75.0   -5.485  -61.773   2832.5    723.0
     1     1    11    10    21    11     0     1   -76.0   -5.721  -61.885   2883.5    713.3
     1     1    11    10    21    10     0     2   -77.0   -5.920  -61.991   2907.1    712.2
     1     1    11    10    21     9     0     3   -78.0   -6.086  -62.095   2920.4    710.8
     1     1    11    10    21     8     0     2   -79.0   -6.233  -62.187   2927.2    709.9
     1     1    11    10    21     7     0     1   -80.0   -6.371  -62.257   2924.0    709.6
     1     1    11    10    21     6     0     0   -81.0   -6.500  -62.305   2905.8    710.7
     1     1    11    10    21     5     0     1   -82.0   -6.623  -62.340   2874.1    713.9
     1     1    11    10    21     4     0     2   -83.0   -6.749  -62.366   2829.9    717.5
     1     1    11    10    21     3     0     3   -84.0   -6.877  -62.385   2767.4    722.7
     1     1    11    10    21     2     0     2   -85.0   -7.008  -62.396   2695.6    729.6
     1     1    11    10    21     1     0     1   -86.0   -7.146  -62.396   2633.4    735.3
     1     1    11    10    21     0     0     0   -87.0   -7.295  -62.385   2585.2    739.1
     1     1    11    10    20    23     0     1   -88.0   -7.453  -62.378   2554.5    741.7
     1     1    11    10    20    22     0     2   -89.0   -7.621  -62.390   2546.9    742.0
     1     1    11    10    20    21     0     3   -90.0   -7.799  -62.423   2565.6    740.1
     1     1    11    10    20    20     0     2   -91.0   -7.975  -62.462   2604.6    736.4
     1     1    11    10    20    19     0     1   -92.0   -8.138  -62.487   2656.4    732.1
     1     1    11    10    20    18     0     0   -93.0   -8.285  -62.493   2723.1    726.3
     1     1    11    10    20    17     0     1   -94.0   -8.420  -62.486   2788.8    719.4
     1     1    11    10    20    16     0     2   -95.0   -8.554  -62.469   2832.7    715.3
     1     1    11    10    20    15     0     3   -96.0   -8.686  -62.441   2845.2    713.9
     1     1    11    10    20    14     0     2   -97.0   -8.826  -62.402   2870.5    715.2
     1     1    11    10    20    13     0     1   -98.0   -8.982  -62.362   2982.3    706.7
     1     1    11    10    20    12     0     0   -99.0   -9.145  -62.331   3188.8    687.3
     1     1    11    10    20    11     0     1  -100.0   -9.301  -62.309   3374.3    662.9
     1     1    11    10    20    10     0     2  -101.0   -9.454  -62.285   3438.0    655.7
     1     1    11    10    20     9     0     3  -102.0   -9.616  -62.252   3358.9    660.2
     1     1    11    10    20     8     0     2  -103.0   -9.785  -62.202   3185.9    677.9
     1     1    11    10    20     7     0     1  -104.0   -9.957  -62.134   2948.5    695.9
     1     1    11    10    20     6     0     0  -105.0  -10.136  -62.059   2676.6    722.1
     1     1    11    10    20     5     0     1  -106.0  -10.325  -61.969   2463.4    746.8
     1     1    11    10    20     4     0     2  -107.0  -10.520  -61.857   2319.7    756.1
     1     1    11    10    20     3     0     3  -108.0  -10.719  -61.736   2184.3    765.7
     1     1    11    10    20     2     0     2  -109.0  -10.919  -61.606   2070.8    778.3
     1     1    11    10    20     1     0     1  -110.0  -11.121  -61.454   2028.1    780.8
     1     1    11    10    20     0     0     0  -111.0  -11.330  -61.292   2060.3    775.4
     1     1    11    10    19    23     0     1  -112.0  -11.534  -61.137   2119.7    765.2
     1     1    11    10    19    22     0     2  -113.0  -11.726  -60.999   2142.5    761.2
     1     1    11    10    19    21     0     3  -114.0  -11.917  -60.872   2070.3    762.3
     1     1    11    10    19    20     0     2  -115.0  -12.109  -60.744   1936.6    777.9
     1     1    11    10    19    19     0     1  -116.0  -12.299  -60.614   1823.6    787.5
     1     1    11    10    19    18     0     0  -117.0  -12.480  -60.489   1750.5    790.9
     1     1    11    10    19    17     0     1  -118.0  -12.646  -60.371   1708.8    791.3
     1     1    11    10    19    16     0     2  -119.0  -12.794  -60.257   1684.2    790.0
     1     1    11    10    19    15     0     3  -120.0  -12.926  -60.142   1663.2    788.6
     1     1    11    10    19    14     0     2  -121.0  -13.051  -60.021   1636.4    789.2
     1     1    11    10    19    13     0     1  -122.0  -13.178  -59.887   1610.3    795.4
     1     1    11    10    19    12     0     0  -123.0  -13.300  -59.746   1596.8    799.2
     1     1    11    10    19    11     0     1  -124.0  -13.412  -59.621   1583.0    798.4
     1     1    11    10    19    10     0     2  -125.0  -13.514  -59.517   1549.9    800.4
     1     1    11    10    19     9     0     3  -126.0  -13.605  -59.426   1500.5    803.2
     1     1    11    10    19     8     0     2  -127.0  -13.688  -59.331   1451.8    807.5
     1     1    11    10    19     7     0     1  -128.0  -13.763  -59.231   1421.0    807.8
     1     1    11    10    19     6     0     0  -129.0  -13.835  -59.128   1409.4    805.6
     1     1    11    10    19     5     0     1  -130.0  -13.905  -59.025   1420.2    801.3
     1     1    11    10    19     4     0     2  -131.0  -13.976  -58.927   1456.3    796.1
     1     1    11    10    19     3     0     3  -132.0  -14.048  -58.830   1512.3    790.8
     1     1    11    10    19     2     0     2  -133.0  -14.123  -58.740   1551.5    785.0
     1     1    11    10    19     1     0     1  -134.0  -14.207  -58.654   1549.2    787.3
     1     1    11    10    19     0     0     0  -135.0  -14.302  -58.573   1520.0    792.4
     1     1    11    10    18    23     0     1  -136.0  -14.411  -58.495   1493.6    799.1
     1     1    11    10    18    22     0     2  -137.0  -14.527  -58.424   1494.2    801.5
     1     1    11    10    18    21     0     3  -138.0  -14.650  -58.366   1527.4    801.2
     1     1    11    10    18    20     0     2  -139.0  -14.771  -58.326   1577.3    797.7
     1     1    11    10    18    19     0     1  -140.0  -14.887  -58.296   1617.9    796.7
     1     1    11    10    18    18     0     0  -141.0  -15.003  -58.273   1643.0    797.2
     1     1    11    10    18    17     0     1  -142.0  -15.109  -58.245   1643.1    799.5
     1     1    11    10    18    16     0     2  -143.0  -15.198  -58.203   1618.5    804.8
     1     1    11    10    18    15     0     3  -144.0  -15.271  -58.147   1576.4    811.8
     1     1    11    10    18    14     0     2  -145.0  -15.337  -58.074   1534.2    819.4
     1     1    11    10    18    13     0     1  -146.0  -15.400  -57.978   1502.0    824.3
     1     1    11    10    18    12     0     0  -147.0  -15.456  -57.857   1471.6    828.1
     1     1    11    10    18    11     0     1  -148.0  -15.512  -57.714   1436.1    831.7
     1     1    11    10    18    10     0     2  -149.0  -15.583  -57.554   1391.1    836.6
     1     1    11    10    18     9     0     3  -150.0  -15.677  -57.372   1336.5    842.4
     1     1    11    10    18     8     0     2  -151.0  -15.796  -57.177   1287.1    849.5
     1     1    11    10    18     7     0     1  -152.0  -15.936  -56.984   1256.6    852.8
     1     1    11    10    18     6     0     0  -153.0  -16.094  -56.799   1238.9    855.9
     1     1    11    10    18     5     0     1  -154.0  -16.264  -56.623   1231.2    859.6
     1     1    11    10    18     4     0     2  -155.0  -16.445  -56.456   1242.3    861.0
     1     1    11    10    18     3     0     3  -156.0  -16.632  -56.298   1282.2    858.9
     1     1    11    10    18     2     0     2  -157.0  -16.818  -56.151   1336.6    851.8
     1     1    11    10    18     1     0     1  -158.0  -17.005  -56.021   1377.2    846.6
     1     1    11    10    18     0     0     0  -159.0  -17.199  -55.911   1402.6    843.4
     1     1    11    10    17    23     0     1  -160.0  -17.402  -55.816   1440.3    839.6
     1     1    11    10    17    22     0     2  -161.0  -17.612  -55.735   1508.0    831.5
     1     1    11    10    17    21     0     3  -162.0  -17.822  -55.682   1606.7    821.0
     1     1    11    10    17    20     0     2  -163.0  -18.024  -55.653   1725.4    809.2
     1     1    11    10    17    19     0     1  -164.0  -18.215  -55.638   1838.8    797.7
     1     1    11    10    17    18     0     0  -165.0  -18.400  -55.647   1938.0    788.8
     1     1    11    10    17    17     0     1  -166.0  -18.574  -55.680   2022.3    781.0
     1     1    11    10    17    16     0     2  -167.0  -18.733  -55.732   2089.8    776.0
     1     1    11    10    17    15     0     3  -168.0  -18.875  -55.808   2142.7    773.1
     1     1    11    10    17    14     0     2  -169.0  -19.003  -55.900   2185.5    771.8
     1     1    11    10    17    13     0     1  -170.0  -19.123  -56.000   2218.5    770.4
     1     1    11    10    17    12     0     0  -171.0  -19.241  -56.103   2237.4    768.2
     1     1    11    10    17    11     0     1  -172.0  -19.355  -56.209   2253.1    765.8
     1     1    11    10    17    10     0     2  -173.0  -19.462  -56.322   2273.5    762.1
     1     1    11    10    17     9     0     3  -174.0  -19.561  -56.446   2301.4    757.4
     1     1    11    10    17     8     0     2  -175.0  -19.662  -56.572   2334.2    752.2
     1     1    11    10    17     7     0     1  -176.0  -19.772  -56.688   2366.7    747.0
     1     1    11    10    17     6     0     0  -177.0  -19.896  -56.804   2395.9    741.7
     1     1    11    10    17     5     0     1  -178.0  -20.047  -56.925   2426.0    736.6
     1     1    11    10    17     4     0     2  -179.0  -20.231  -57.048   2471.2    731.3
     1     1    11    10    17     3     0     3  -180.0  -20.444  -57.172   2539.6    725.8
     1     1    11    10    17     2     0     2  -181.0  -20.672  -57.310   2616.2    719.1
     1     1    11    10    17     1     0     1  -182.0  -20.907  -57.478   2686.7    715.9
     1     1    11    10    17     0     0     0  -183.0  -21.153  -57.678   2749.2    715.4
     1     1    11    10    16    23     0     1  -184.0  -21.403  -57.876   2807.9    715.7
     1     1    11    10    16    22     0     2  -185.0  -21.645  -58.069   2869.5    712.1
     1     1    11    10    16    21     0     3  -186.0  -21.867  -58.284   2938.3    705.8
     1     1    11    10    16    20     0     2  -187.0  -22.067  -58.526   3015.3    698.7
     1     1    11    10    16    19     0     1  -188.0  -22.249  -58.774   3092.2    692.5
     1     1    11    10    16    18     0     0  -189.0  -22.414  -59.017   3164.2    686.1
     1     1    11    10    16    17     0     1  -190.0  -22.566  -59.261   3227.3    680.3
     1     1    11    10    16    16     0     2  -191.0  -22.713  -59.516   3286.3    675.2
     1     1    11    10    16    15     0     3  -192.0  -22.856  -59.792   3351.7    669.6
     1     1    11    10    16    14     0     2  -193.0  -23.009  -60.088   3428.5    662.5
     1     1    11    10    16    13     0     1  -194.0  -23.179  -60.383   3515.7    654.9
     1     1    11    10    16    12     0     0  -195.0  -23.368  -60.658   3612.3    646.9
     1     1    11    10    16    11     0     1  -196.0  -23.589  -60.914   3705.0    638.2
     1     1    11    10    16    10     0     2  -197.0  -23.861  -61.161   3779.0    631.8
     1     1    11    10    16     9     0     3  -198.0  -24.193  -61.409   3836.1    626.8
     1     1    11    10    16     8     0     2  -199.0  -24.572  -61.661   3906.1    622.3
     1     1    11    10    16     7     0     1  -200.0  -24.978  -61.931   4005.4    613.5
     1     1    11    10    16     6     0     0  -201.0  -25.414  -62.237   4130.5    602.8
     1     1    11    10    16     5     0     1  -202.0  -25.866  -62.562   4279.7    590.6
     1     1    11    10    16     4     0     2  -203.0  -26.307  -62.891   4429.0    578.3
     1     1    11    10    16     3     0     3  -204.0  -26.721  -63.236   4571.1    568.9
     1     1    11    10    16     2     0     2  -205.0  -27.105  -63.576   4690.4    558.7
     1     1    11    10    16     1     0     1  -206.0  -27.464  -63.906   4763.9    554.3
     1     1    11    10    16     0     0     0  -207.0  -27.807  -64.221   4809.3    549.9
     1     1    11    10    15    23     0     1  -208.0  -28.135  -64.511   4832.6    541.6
     1     1    11    10    15    22     0     2  -209.0  -28.449  -64.791   4847.6    541.1
     1     1    11    10    15    21     0     3  -210.0  -28.790  -65.039   4949.2    538.7
     1     1    11    10    15    20     0     2  -211.0  -29.160  -65.214   5128.6    522.6
     1     1    11    10    15    19     0     1  -212.0  -29.516  -65.341   5289.0    510.4
     1     1    11    10    15    18     0     0  -213.0  -29.885  -65.375   5466.5    501.0
     1     1    11    10    15    17     0     1  -214.0  -30.276  -65.325   5640.1    480.9
     1     1    11    10    15    16     0     2  -215.0  -30.704  -65.214   5786.2    456.6
     1     1    11    10    15    15     0     3  -216.0  -31.219  -64.928   5942.5    430.3
     1     1    11    10    15    14     0     2  -217.0  -31.732  -64.593   6164.5    419.3
     1     1    11    10    15    13     0     1  -218.0  -32.184  -64.343   6357.3    419.0
     1     1    11    10    15    12     0     0  -219.0  -32.620  -64.128   6507.5    419.5
     1     1    11    10    15    11     0     1  -220.0  -33.039  -63.888   6594.2    422.3
     1     1    11    10    15    10     0     2  -221.0  -33.420  -63.605   6658.4    424.5
     1     1    11    10    15     9     0     3  -222.0  -33.753  -63.292   6726.5    423.3
     1     1    11    10    15     8     0     2  -223.0  -34.035  -62.948   6810.1    420.9
     1     1    11    10    15     7     0     1  -224.0  -34.268  -62.597   6921.2    414.9
     1     1    11    10    15     6     0     0  -225.0  -34.477  -62.252   7046.0    407.6
     1     1    11    10    15     5     0     1  -226.0  -34.706  -61.939   7175.5    400.8
     1     1    11    10    15     4     0     2  -227.0  -35.014  -61.622   7319.4    393.5
     1     1    11    10    15     3     0     3  -228.0  -35.430  -61.279   7477.2    384.6
     1     1    11    10    15     2     0     2  -229.0  -35.927  -60.986   7616.2    374.4
     1     1    11    10    15     1     0     1  -230.0  -36.464  -60.744   7718.5    367.3
     1     1    11    10    15     0     0     0  -231.0  -37.059  -60.501   7810.0    360.4
     1     1    11    10    14    23     0     1  -232.0  -37.696  -60.325   7918.0    353.8
     1     1    11    10    14    22     0     2  -233.0  -38.333  -60.218   8045.3    350.5
     1     1    11    10    14    21     0     3  -234.0  -38.969  -60.143   8198.8    347.8
     1     1    11    10    14    20     0     2  -235.0  -39.594  -60.164   8312.2    340.9
     1     1    11    10    14    19     0     1  -236.0  -40.213  -60.284   8388.6    336.5
     1     1    11    10    14    18     0     0  -237.0  -40.842  -60.488   8405.9    334.6
     1     1    11    10    14    17     0     1  -238.0  -41.449  -60.792   8398.8    337.0
     1     1    11    10    14    16     0     2  -239.0  -42.025  -61.143   8396.5    335.8
     1     1    11    10    14    15     0     3  -240.0  -42.568  -61.525   8359.2    336.7
     1     1    11    10    14    14     0     2  -241.0  -43.055  -61.957   8310.5    341.0
     1     1    11    10    14    13     0     1  -242.0  -43.491  -62.396   8305.3    342.1
     1     1    11    10    14    12     0     0  -243.0  -43.868  -62.803   8344.8    339.3
     1     1    11    10    14    11     0     1  -244.0  -44.197  -63.188   8389.0    336.0
     1     1    11    10    14    10     0     2  -245.0  -44.515  -63.546   8407.7    334.9
     1     1    11    10    14     9     0     3  -246.0  -44.843  -63.812   8386.0    336.0
     1     1    11    10    14     8     0     2  -247.0  -45.149  -64.015   8339.9    339.7
     1     1    11    10    14     7     0     1  -248.0  -45.409  -64.202   8292.8    342.3
     1     1    11    10    14     6     0     0  -249.0  -45.643  -64.369   8248.3    345.1
     1     1    11    10    14     5     0     1  -250.0  -45.879  -64.504   8216.5    347.2
     1     1    11    10    14     4     0     2  -251.0  -46.129  -64.599   8209.0    348.1
     1     1    11    10    14     3     0     3  -252.0  -46.388  -64.658   8231.4    347.2
     1     1    11    10    14     2     0     2  -253.0  -46.664  -64.712   8271.3    344.6
     1     1    11    10    14     1     0     1  -254.0  -46.965  -64.791   8317.1    342.4
     1     1    11    10    14     0     0     0  -255.0  -47.285  -64.888   8358.7    339.8
     1     1    11    10    13    23     0     1  -256.0  -47.579  -65.064   8382.2    338.6
     1     1    11    10    13    22     0     2  -257.0  -47.811  -65.366   8377.8    338.3
     1     1    11    10    13    21     0     3  -258.0  -47.995  -65.763   8333.0    339.8
     1     1    11    10    13    20     0     2  -259.0  -48.162  -66.210   8254.5    343.7
     1     1    11    10    13    19     0     1  -260.0  -48.336  -66.681   8175.6    347.6
     1     1    11    10    13    18     0     0  -261.0  -48.515  -67.177   8139.3    349.9
     1     1    11    10    13    17     0     1  -262.0  -48.713  -67.683   8123.2    346.5
     1     1    11    10    13    16     0     2  -263.0  -48.947  -68.187   8079.8    343.7
     1     1    11    10    13    15     0     3  -264.0  -49.217  -68.700   8059.8    345.3
     1     1    11    10    13    14     0     2  -265.0  -49.501  -69.257   8096.7    343.2
     1     1    11    10    13    13     0     1  -266.0  -49.798  -69.883   8156.1    334.6
     1     1    11    10    13    12     0     0  -267.0  -50.125  -70.577   8256.0    325.2
     1     1    11    10    13    11     0     1  -268.0  -50.507  -71.380   8430.2    315.3
     1     1    11    10    13    10     0     2  -269.0  -50.933  -72.325   8345.8    317.9
     1     1    11    10    13     9     0     3  -270.0  -51.378  -73.325   8138.9    337.8
     1     1    11    10    13     8     0     2  -271.0  -51.834  -74.599   8573.6    320.4
     1     1    11    10    13     7     0     1  -272.0  -52.301  -76.226   8627.1    324.8
     1     1    11    10    13     6     0     0  -273.0  -52.741  -78.068   8443.0    333.8
     1     1    11    10    13     5     0     1  -274.0  -53.102  -80.033   8262.1    342.8
     1     1    11    10    13     4     0     2  -275.0  -53.373  -82.185   8137.2    348.7
     1     1    11    10    13     3     0     3  -276.0  -53.575  -84.583   8059.2    352.3
     1     1    11    10    13     2     0     2  -277.0  -53.767  -87.144   8053.8    352.4
     1     1    11    10    13     1     0     1  -278.0  -53.853  -89.904   8138.1    347.3
     1     1    11    10    13     0     0     0  -279.0  -53.791  -92.884   8210.9    343.6
     1     1    11    10    12    23     0     1  -280.0  -53.650  -95.941   8352.5    336.1
     1     1    11    10    12    22     0     2  -281.0  -53.331  -99.012   8406.9    333.5
     1     1    11    10    12    21     0     3  -282.0  -52.770 -101.986   8403.6    333.3
     1     1    11    10    12    20     0     2  -283.0  -52.123 -104.748   8338.8    338.2
     1     1    11    10    12    19     0     1  -284.0  -51.329 -107.350   8297.1    340.7
     1     1    11    10    12    18     0     0  -285.0  -50.400 -109.736   8208.5    346.0
     1     1    11    10    12    17     0     1  -286.0  -49.463 -111.892   8088.1    353.0
     1     1    11    10    12    16     0     2  -287.0  -48.486 -113.802   8010.2    357.7
     1     1    11    10    12    15     0     3  -288.0  -47.458 -115.416   7933.8    361.8
     1     1    11    10    12    14     0     2  -289.0  -46.407 -116.802   7781.4    371.2
     1     1    11    10    12    13     0     1  -290.0  -45.407 -118.124   7668.0    378.1
     1     1    11    10    12    12     0     0  -291.0  -44.461 -119.302   7547.8    384.8
     1     1    11    10    12    11     0     1  -292.0  -43.513 -120.388   7441.1    390.3
     1     1    11    10    12    10     0     2  -293.0  -42.621 -121.444   7231.7    403.6
     1     1    11    10    12     9     0     3  -294.0  -41.799 -122.402   6963.9    420.2
     1     1    11    10    12     8     0     2  -295.0  -41.016 -123.300   6783.1    432.0
     1     1    11    10    12     7     0     1  -296.0  -40.272 -124.199   6702.9    435.7
     1     1    11    10    12     6     0     0  -297.0  -39.552 -125.061   6583.0    443.2
     1     1    11    10    12     5     0     1  -298.0  -38.840 -125.900   6474.2    450.9
     1     1    11    10    12     4     0     2  -299.0  -38.141 -126.701   6322.4    459.1
     1     1    11    10    12     3     0     3  -300.0  -37.485 -127.475   6139.5    472.1
     1     1    11    10    12     2     0     2  -301.0  -36.853 -128.310   6031.6    478.1
     1     1    11    10    12     1     0     1  -302.0  -36.226 -129.162   5967.5    482.5
     1     1    11    10    12     0     0     0  -303.0  -35.612 -129.992   5894.2    487.2
     1     1    11    10    11    23     0     1  -304.0  -34.997 -130.822   5793.8    494.5
     1     1    11    10    11    22     0     2  -305.0  -34.406 -131.648   5743.0    497.8
     1     1    11    10    11    21     0     3  -306.0  -33.843 -132.480   5761.1    496.1
     1     1    11    10    11    20     0     2  -307.0  -33.273 -133.299   5793.8    492.7
     1     1    11    10    11    19     0     1  -308.0  -32.737 -134.089   5742.4    497.7
     1     1    11    10    11    18     0     0  -309.0  -32.215 -134.885   5583.6    509.3
     1     1    11    10    11    17     0     1  -310.0  -31.714 -135.654   5428.0    520.4
     1     1    11    10    11    16     0     2  -311.0  -31.255 -136.361   5345.8    525.4
     1     1    11    10    11    15     0     3  -312.0  -30.821 -137.028   5241.5    531.2
     1     1    11    10    11    14     0     2  -313.0  -30.414 -137.664   5139.0    542.7
     1     1    11    10    11    13     0     1  -314.0  -30.036 -138.291   5076.7    545.6
     1     1    11    10    11    12     0     0  -315.0  -29.681 -138.900   5012.6    549.2
     1     1    11    10    11    11     0     1  -316.0  -29.336 -139.495   4938.9    555.8
     1     1    11    10    11    10     0     2  -317.0  -28.999 -140.073   4882.1    561.7
     1     1    11    10    11     9     0     3  -318.0  -28.664 -140.627   4810.5    563.8
     1     1    11    10    11     8     0     2  -319.0  -28.340 -141.161   4712.4    574.2
     1     1    11    10    11     7     0     1  -320.0  -28.032 -141.669   4636.8    581.2
     1     1    11    10    11     6     0     0  -321.0  -27.736 -142.151   4584.6    584.4
     1     1    11    10    11     5     0     1  -322.0  -27.447 -142.613   4524.5    587.7
     1     1    11    10    11     4     0     2  -323.0  -27.165 -143.064   4448.8    593.8
     1     1    11    10    11     3     0     3  -324.0  -26.890 -143.499   4345.5    600.2
     1     1    11    10    11     2     0     2  -325.0  -26.623 -143.911   4222.5    611.8
     1     1    11    10    11     1     0     1  -326.0  -26.360 -144.293   4126.2    620.8
     1     1    11    10    11     0     0     0  -327.0  -26.103 -144.641   4058.6    624.9
     1     1    11    10    10    23     0     1  -328.0  -25.864 -144.967   4017.0    629.7
     1     1    11    10    10    22     0     2  -329.0  -25.648 -145.290   4005.7    630.2
     1     1    11    10    10    21     0     3  -330.0  -25.458 -145.609   4008.3    629.8
     1     1    11    10    10    20     0     2  -331.0  -25.289 -145.923   3998.7    629.2
     1     1    11    10    10    19     0     1  -332.0  -25.133 -146.234   3966.2    632.7
     1     1    11    10    10    18     0     0  -333.0  -24.994 -146.546   3923.2    636.5
     1     1    11    10    10    17     0     1  -334.0  -24.876 -146.865   3868.8    640.1
     1     1    11    10    10    16     0     2  -335.0  -24.771 -147.191   3794.5    645.3
     1     1    11    10    10    15     0     3  -336.0  -24.668 -147.526   3696.0    652.7
