     3     1
    GDAS    11     7     1     0     0
    GDAS    11     7     8     0     0
    GDAS    11     7    15     0     0
     1 BACKWARD OMEGA   
  2011     7    20    16   -8.910  -56.700  3048.0
     1 PRESSURE
     1     1    11     7    20    16     0     2     0.0   -8.910  -56.700   3048.0    692.6
     1     1    11     7    20    15     0     3    -1.0   -8.896  -56.515   3074.0    688.7
     1     1    11     7    20    14     0     2    -2.0   -8.896  -56.324   3098.2    685.8
     1     1    11     7    20    13     0     1    -3.0   -8.901  -56.136   3125.1    681.9
     1     1    11     7    20    12     0     0    -4.0   -8.915  -55.950   3148.8    678.0
     1     1    11     7    20    11     0     1    -5.0   -8.920  -55.776   3166.1    673.9
     1     1    11     7    20    10     0     2    -6.0   -8.898  -55.624   3182.6    670.1
     1     1    11     7    20     9     0     3    -7.0   -8.850  -55.494   3203.2    666.3
     1     1    11     7    20     8     0     2    -8.0   -8.789  -55.370   3226.1    662.7
     1     1    11     7    20     7     0     1    -9.0   -8.725  -55.236   3248.2    659.6
     1     1    11     7    20     6     0     0   -10.0   -8.657  -55.093   3269.3    656.8
     1     1    11     7    20     5     0     1   -11.0   -8.584  -54.941   3281.9    655.3
     1     1    11     7    20     4     0     2   -12.0   -8.510  -54.781   3282.8    656.7
     1     1    11     7    20     3     0     3   -13.0   -8.437  -54.614   3279.3    658.1
     1     1    11     7    20     2     0     2   -14.0   -8.369  -54.443   3282.2    658.8
     1     1    11     7    20     1     0     1   -15.0   -8.308  -54.274   3293.7    657.8
     1     1    11     7    20     0     0     0   -16.0   -8.253  -54.108   3304.5    656.6
     1     1    11     7    19    23     0     1   -17.0   -8.198  -53.945   3310.6    656.2
     1     1    11     7    19    22     0     2   -18.0   -8.142  -53.786   3312.0    656.9
     1     1    11     7    19    21     0     3   -19.0   -8.086  -53.631   3307.6    658.3
     1     1    11     7    19    20     0     2   -20.0   -8.039  -53.478   3301.5    660.5
     1     1    11     7    19    19     0     1   -21.0   -8.006  -53.324   3297.5    662.3
     1     1    11     7    19    18     0     0   -22.0   -7.988  -53.167   3295.9    663.7
     1     1    11     7    19    17     0     1   -23.0   -7.985  -53.010   3289.5    665.2
     1     1    11     7    19    16     0     2   -24.0   -7.998  -52.853   3272.2    667.1
     1     1    11     7    19    15     0     3   -25.0   -8.026  -52.697   3250.7    668.7
     1     1    11     7    19    14     0     2   -26.0   -8.060  -52.542   3232.4    670.0
     1     1    11     7    19    13     0     1   -27.0   -8.093  -52.393   3222.5    670.1
     1     1    11     7    19    12     0     0   -28.0   -8.126  -52.249   3220.2    669.8
     1     1    11     7    19    11     0     1   -29.0   -8.160  -52.112   3233.5    668.7
     1     1    11     7    19    10     0     2   -30.0   -8.196  -51.981   3268.9    665.1
     1     1    11     7    19     9     0     3   -31.0   -8.234  -51.859   3322.6    659.9
     1     1    11     7    19     8     0     2   -32.0   -8.274  -51.740   3379.0    654.1
     1     1    11     7    19     7     0     1   -33.0   -8.314  -51.621   3425.6    650.2
     1     1    11     7    19     6     0     0   -34.0   -8.354  -51.501   3464.2    646.9
     1     1    11     7    19     5     0     1   -35.0   -8.392  -51.381   3495.4    644.2
     1     1    11     7    19     4     0     2   -36.0   -8.424  -51.262   3518.8    642.1
     1     1    11     7    19     3     0     3   -37.0   -8.451  -51.142   3534.1    640.7
     1     1    11     7    19     2     0     2   -38.0   -8.476  -51.025   3549.0    639.6
     1     1    11     7    19     1     0     1   -39.0   -8.501  -50.913   3573.9    638.2
     1     1    11     7    19     0     0     0   -40.0   -8.525  -50.805   3606.7    636.6
     1     1    11     7    18    23     0     1   -41.0   -8.551  -50.702   3641.4    634.4
     1     1    11     7    18    22     0     2   -42.0   -8.579  -50.606   3673.1    632.7
     1     1    11     7    18    21     0     3   -43.0   -8.610  -50.515   3700.9    631.3
     1     1    11     7    18    20     0     2   -44.0   -8.647  -50.429   3720.8    630.6
     1     1    11     7    18    19     0     1   -45.0   -8.691  -50.348   3728.1    631.1
     1     1    11     7    18    18     0     0   -46.0   -8.742  -50.272   3719.8    632.8
     1     1    11     7    18    17     0     1   -47.0   -8.797  -50.201   3705.6    636.2
     1     1    11     7    18    16     0     2   -48.0   -8.853  -50.137   3698.4    638.3
     1     1    11     7    18    15     0     3   -49.0   -8.909  -50.082   3701.5    639.6
     1     1    11     7    18    14     0     2   -50.0   -8.961  -50.029   3710.2    639.6
     1     1    11     7    18    13     0     1   -51.0   -9.005  -49.973   3716.4    639.7
     1     1    11     7    18    12     0     0   -52.0   -9.039  -49.911   3720.4    639.1
     1     1    11     7    18    11     0     1   -53.0   -9.067  -49.846   3728.3    637.9
     1     1    11     7    18    10     0     2   -54.0   -9.090  -49.779   3744.0    635.8
     1     1    11     7    18     9     0     3   -55.0   -9.109  -49.712   3768.4    633.1
     1     1    11     7    18     8     0     2   -56.0   -9.130  -49.648   3796.9    630.3
     1     1    11     7    18     7     0     1   -57.0   -9.158  -49.592   3824.2    627.9
     1     1    11     7    18     6     0     0   -58.0   -9.191  -49.545   3849.4    625.8
     1     1    11     7    18     5     0     1   -59.0   -9.227  -49.505   3871.9    624.0
     1     1    11     7    18     4     0     2   -60.0   -9.260  -49.468   3891.1    622.5
     1     1    11     7    18     3     0     3   -61.0   -9.291  -49.436   3906.6    621.3
     1     1    11     7    18     2     0     2   -62.0   -9.316  -49.406   3924.0    620.2
     1     1    11     7    18     1     0     1   -63.0   -9.334  -49.375   3949.6    618.0
     1     1    11     7    18     0     0     0   -64.0   -9.346  -49.343   3983.8    615.1
     1     1    11     7    17    23     0     1   -65.0   -9.350  -49.308   4022.1    611.3
     1     1    11     7    17    22     0     2   -66.0   -9.347  -49.267   4058.9    608.0
     1     1    11     7    17    21     0     3   -67.0   -9.337  -49.220   4093.6    604.7
     1     1    11     7    17    20     0     2   -68.0   -9.317  -49.169   4125.9    602.3
     1     1    11     7    17    19     0     1   -69.0   -9.289  -49.118   4155.9    600.2
     1     1    11     7    17    18     0     0   -70.0   -9.253  -49.066   4184.2    598.2
     1     1    11     7    17    17     0     1   -71.0   -9.212  -49.017   4213.1    596.4
     1     1    11     7    17    16     0     2   -72.0   -9.167  -48.976   4244.8    594.5
     1     1    11     7    17    15     0     3   -73.0   -9.118  -48.942   4280.3    592.6
     1     1    11     7    17    14     0     2   -74.0   -9.063  -48.915   4317.8    589.9
     1     1    11     7    17    13     0     1   -75.0   -8.998  -48.895   4353.4    587.5
     1     1    11     7    17    12     0     0   -76.0   -8.925  -48.881   4383.8    585.4
     1     1    11     7    17    11     0     1   -77.0   -8.845  -48.867   4413.6    583.9
     1     1    11     7    17    10     0     2   -78.0   -8.758  -48.848   4450.4    581.5
     1     1    11     7    17     9     0     3   -79.0   -8.663  -48.825   4495.6    578.5
     1     1    11     7    17     8     0     2   -80.0   -8.562  -48.795   4542.7    575.1
     1     1    11     7    17     7     0     1   -81.0   -8.455  -48.759   4582.3    572.6
     1     1    11     7    17     6     0     0   -82.0   -8.343  -48.716   4611.6    571.0
     1     1    11     7    17     5     0     1   -83.0   -8.230  -48.665   4635.2    570.7
     1     1    11     7    17     4     0     2   -84.0   -8.119  -48.611   4661.8    569.9
     1     1    11     7    17     3     0     3   -85.0   -8.013  -48.551   4696.5    568.6
     1     1    11     7    17     2     0     2   -86.0   -7.910  -48.489   4733.5    565.3
     1     1    11     7    17     1     0     1   -87.0   -7.810  -48.428   4765.2    562.7
     1     1    11     7    17     0     0     0   -88.0   -7.713  -48.366   4787.5    560.6
     1     1    11     7    16    23     0     1   -89.0   -7.620  -48.299   4809.5    559.4
     1     1    11     7    16    22     0     2   -90.0   -7.529  -48.220   4844.4    556.6
     1     1    11     7    16    21     0     3   -91.0   -7.436  -48.132   4895.4    552.6
     1     1    11     7    16    20     0     2   -92.0   -7.335  -48.042   4944.4    547.6
     1     1    11     7    16    19     0     1   -93.0   -7.226  -47.954   4968.0    545.0
     1     1    11     7    16    18     0     0   -94.0   -7.112  -47.865   4960.8    544.2
     1     1    11     7    16    17     0     1   -95.0   -6.990  -47.771   4950.6    546.0
     1     1    11     7    16    16     0     2   -96.0   -6.853  -47.672   4971.7    544.5
     1     1    11     7    16    15     0     3   -97.0   -6.699  -47.570   5029.9    540.6
     1     1    11     7    16    14     0     2   -98.0   -6.528  -47.464   5097.1    533.5
     1     1    11     7    16    13     0     1   -99.0   -6.348  -47.351   5139.5    530.3
     1     1    11     7    16    12     0     0  -100.0   -6.164  -47.228   5154.8    529.2
     1     1    11     7    16    11     0     1  -101.0   -5.984  -47.097   5167.4    530.0
     1     1    11     7    16    10     0     2  -102.0   -5.805  -46.960   5192.9    527.6
     1     1    11     7    16     9     0     3  -103.0   -5.623  -46.814   5222.3    525.9
     1     1    11     7    16     8     0     2  -104.0   -5.432  -46.663   5238.3    524.4
     1     1    11     7    16     7     0     1  -105.0   -5.229  -46.508   5224.5    526.1
     1     1    11     7    16     6     0     0  -106.0   -5.025  -46.346   5182.8    529.7
     1     1    11     7    16     5     0     1  -107.0   -4.830  -46.177   5148.4    536.2
     1     1    11     7    16     4     0     2  -108.0   -4.645  -46.006   5147.5    538.7
     1     1    11     7    16     3     0     3  -109.0   -4.466  -45.831   5172.9    539.2
     1     1    11     7    16     2     0     2  -110.0   -4.289  -45.654   5205.6    538.1
     1     1    11     7    16     1     0     1  -111.0   -4.116  -45.475   5232.4    537.9
     1     1    11     7    16     0     0     0  -112.0   -3.954  -45.291   5252.2    537.6
     1     1    11     7    15    23     0     1  -113.0   -3.805  -45.106   5277.0    536.8
     1     1    11     7    15    22     0     2  -114.0   -3.659  -44.924   5319.7    533.8
     1     1    11     7    15    21     0     3  -115.0   -3.511  -44.740   5370.7    529.3
     1     1    11     7    15    20     0     2  -116.0   -3.352  -44.549   5408.6    525.7
     1     1    11     7    15    19     0     1  -117.0   -3.184  -44.349   5420.2    525.1
     1     1    11     7    15    18     0     0  -118.0   -3.013  -44.142   5412.0    526.1
     1     1    11     7    15    17     0     1  -119.0   -2.848  -43.928   5409.8    528.2
     1     1    11     7    15    16     0     2  -120.0   -2.690  -43.711   5423.8    526.8
     1     1    11     7    15    15     0     3  -121.0   -2.541  -43.496   5432.2    525.8
     1     1    11     7    15    14     0     2  -122.0   -2.400  -43.283   5414.7    526.6
     1     1    11     7    15    13     0     1  -123.0   -2.269  -43.070   5354.2    530.4
     1     1    11     7    15    12     0     0  -124.0   -2.155  -42.858   5252.1    538.4
     1     1    11     7    15    11     0     1  -125.0   -2.054  -42.659   5163.6    547.8
     1     1    11     7    15    10     0     2  -126.0   -1.950  -42.482   5130.1    549.7
     1     1    11     7    15     9     0     3  -127.0   -1.832  -42.324   5138.9    548.1
     1     1    11     7    15     8     0     2  -128.0   -1.704  -42.180   5148.9    545.1
     1     1    11     7    15     7     0     1  -129.0   -1.576  -42.047   5135.3    546.3
     1     1    11     7    15     6     0     0  -130.0   -1.453  -41.925   5103.4    548.3
     1     1    11     7    15     5     0     1  -131.0   -1.341  -41.808   5047.9    552.2
     1     1    11     7    15     4     0     2  -132.0   -1.248  -41.689   4958.6    558.5
     1     1    11     7    15     3     0     3  -133.0   -1.181  -41.568   4832.8    567.8
     1     1    11     7    15     2     0     2  -134.0   -1.145  -41.446   4697.0    579.3
     1     1    11     7    15     1     0     1  -135.0   -1.135  -41.324   4588.9    588.1
     1     1    11     7    15     0     0     0  -136.0   -1.146  -41.202   4531.4    593.0
     1     1    11     7    14    23     0     1  -137.0   -1.169  -41.088   4506.5    592.5
     1     1    11     7    14    22     0     2  -138.0   -1.204  -40.988   4473.9    593.8
     1     1    11     7    14    21     0     3  -139.0   -1.253  -40.902   4417.7    597.2
     1     1    11     7    14    20     0     2  -140.0   -1.314  -40.823   4357.1    603.6
     1     1    11     7    14    19     0     1  -141.0   -1.374  -40.746   4314.1    606.7
     1     1    11     7    14    18     0     0  -142.0   -1.429  -40.672   4285.8    608.8
     1     1    11     7    14    17     0     1  -143.0   -1.478  -40.597   4263.7    610.2
     1     1    11     7    14    16     0     2  -144.0   -1.524  -40.516   4241.7    612.3
     1     1    11     7    14    15     0     3  -145.0   -1.567  -40.429   4223.0    614.2
     1     1    11     7    14    14     0     2  -146.0   -1.603  -40.341   4206.5    615.2
     1     1    11     7    14    13     0     1  -147.0   -1.631  -40.253   4187.7    616.5
     1     1    11     7    14    12     0     0  -148.0   -1.652  -40.165   4163.4    618.2
     1     1    11     7    14    11     0     1  -149.0   -1.667  -40.081   4137.7    620.2
     1     1    11     7    14    10     0     2  -150.0   -1.672  -40.006   4116.4    621.5
     1     1    11     7    14     9     0     3  -151.0   -1.667  -39.942   4103.6    622.4
     1     1    11     7    14     8     0     2  -152.0   -1.660  -39.879   4100.1    622.3
     1     1    11     7    14     7     0     1  -153.0   -1.658  -39.806   4100.5    621.9
     1     1    11     7    14     6     0     0  -154.0   -1.661  -39.725   4097.4    621.7
     1     1    11     7    14     5     0     1  -155.0   -1.669  -39.642   4096.4    622.9
     1     1    11     7    14     4     0     2  -156.0   -1.683  -39.562   4106.2    622.4
     1     1    11     7    14     3     0     3  -157.0   -1.701  -39.488   4124.3    621.3
     1     1    11     7    14     2     0     2  -158.0   -1.726  -39.418   4132.8    619.5
     1     1    11     7    14     1     0     1  -159.0   -1.765  -39.345   4116.5    621.0
     1     1    11     7    14     0     0     0  -160.0   -1.818  -39.265   4080.7    624.0
     1     1    11     7    13    23     0     1  -161.0   -1.881  -39.183   4044.9    627.8
     1     1    11     7    13    22     0     2  -162.0   -1.943  -39.106   4027.5    628.9
     1     1    11     7    13    21     0     3  -163.0   -2.004  -39.040   4032.2    628.4
     1     1    11     7    13    20     0     2  -164.0   -2.059  -38.977   4023.8    626.2
     1     1    11     7    13    19     0     1  -165.0   -2.110  -38.908   3967.2    630.9
     1     1    11     7    13    18     0     0  -166.0   -2.160  -38.831   3873.5    638.7
     1     1    11     7    13    17     0     1  -167.0   -2.206  -38.751   3761.9    648.8
     1     1    11     7    13    16     0     2  -168.0   -2.245  -38.670   3642.4    658.5
     1     1    11     7    13    15     0     3  -169.0   -2.276  -38.582   3513.2    669.2
     1     1    11     7    13    14     0     2  -170.0   -2.302  -38.486   3392.2    680.6
     1     1    11     7    13    13     0     1  -171.0   -2.322  -38.385   3293.1    688.7
     1     1    11     7    13    12     0     0  -172.0   -2.338  -38.282   3209.5    695.6
     1     1    11     7    13    11     0     1  -173.0   -2.358  -38.180   3106.5    701.3
     1     1    11     7    13    10     0     2  -174.0   -2.401  -38.072   2937.2    714.4
     1     1    11     7    13     9     0     3  -175.0   -2.467  -37.943   2684.2    736.1
     1     1    11     7    13     8     0     2  -176.0   -2.546  -37.784   2425.9    766.2
     1     1    11     7    13     7     0     1  -177.0   -2.621  -37.608   2239.8    783.1
     1     1    11     7    13     6     0     0  -178.0   -2.691  -37.422   2116.0    794.1
     1     1    11     7    13     5     0     1  -179.0   -2.756  -37.227   2048.8    800.6
     1     1    11     7    13     4     0     2  -180.0   -2.816  -37.024   2032.6    801.8
     1     1    11     7    13     3     0     3  -181.0   -2.872  -36.820   2043.9    799.3
     1     1    11     7    13     2     0     2  -182.0   -2.928  -36.614   2055.5    797.5
     1     1    11     7    13     1     0     1  -183.0   -2.986  -36.403   2057.9    797.6
     1     1    11     7    13     0     0     0  -184.0   -3.046  -36.190   2052.4    798.4
     1     1    11     7    12    23     0     1  -185.0   -3.109  -35.979   2050.0    799.3
     1     1    11     7    12    22     0     2  -186.0   -3.177  -35.780   2059.9    797.8
     1     1    11     7    12    21     0     3  -187.0   -3.249  -35.597   2080.4    795.5
     1     1    11     7    12    20     0     2  -188.0   -3.322  -35.424   2086.9    792.7
     1     1    11     7    12    19     0     1  -189.0   -3.392  -35.250   2059.5    795.7
     1     1    11     7    12    18     0     0  -190.0   -3.458  -35.069   2009.6    801.0
     1     1    11     7    12    17     0     1  -191.0   -3.521  -34.882   1958.5    807.7
     1     1    11     7    12    16     0     2  -192.0   -3.581  -34.692   1917.7    811.7
     1     1    11     7    12    15     0     3  -193.0   -3.638  -34.499   1887.6    815.3
     1     1    11     7    12    14     0     2  -194.0   -3.690  -34.299   1882.2    816.9
     1     1    11     7    12    13     0     1  -195.0   -3.736  -34.095   1913.6    814.0
     1     1    11     7    12    12     0     0  -196.0   -3.778  -33.894   1981.0    807.2
     1     1    11     7    12    11     0     1  -197.0   -3.823  -33.699   2050.8    797.3
     1     1    11     7    12    10     0     2  -198.0   -3.874  -33.504   2095.4    793.1
     1     1    11     7    12     9     0     3  -199.0   -3.931  -33.315   2121.7    790.7
     1     1    11     7    12     8     0     2  -200.0   -3.988  -33.126   2138.6    789.7
     1     1    11     7    12     7     0     1  -201.0   -4.043  -32.929   2148.8    788.5
     1     1    11     7    12     6     0     0  -202.0   -4.092  -32.722   2149.4    788.5
     1     1    11     7    12     5     0     1  -203.0   -4.132  -32.511   2149.4    789.4
     1     1    11     7    12     4     0     2  -204.0   -4.164  -32.298   2157.5    788.8
     1     1    11     7    12     3     0     3  -205.0   -4.189  -32.084   2171.9    787.6
     1     1    11     7    12     2     0     2  -206.0   -4.211  -31.868   2190.0    786.0
     1     1    11     7    12     1     0     1  -207.0   -4.235  -31.654   2209.1    784.5
     1     1    11     7    12     0     0     0  -208.0   -4.258  -31.439   2228.2    782.9
     1     1    11     7    11    23     0     1  -209.0   -4.286  -31.226   2245.6    780.9
     1     1    11     7    11    22     0     2  -210.0   -4.324  -31.015   2259.1    779.3
     1     1    11     7    11    21     0     3  -211.0   -4.373  -30.808   2268.9    778.1
     1     1    11     7    11    20     0     2  -212.0   -4.428  -30.608   2277.8    777.4
     1     1    11     7    11    19     0     1  -213.0   -4.488  -30.416   2286.9    776.5
     1     1    11     7    11    18     0     0  -214.0   -4.552  -30.231   2295.4    775.7
     1     1    11     7    11    17     0     1  -215.0   -4.621  -30.050   2305.5    775.1
     1     1    11     7    11    16     0     2  -216.0   -4.694  -29.868   2321.5    773.9
     1     1    11     7    11    15     0     3  -217.0   -4.769  -29.683   2344.9    771.9
     1     1    11     7    11    14     0     2  -218.0   -4.841  -29.496   2375.8    769.3
     1     1    11     7    11    13     0     1  -219.0   -4.906  -29.308   2413.8    766.0
     1     1    11     7    11    12     0     0  -220.0   -4.962  -29.118   2458.7    762.1
     1     1    11     7    11    11     0     1  -221.0   -5.017  -28.927   2506.5    757.2
     1     1    11     7    11    10     0     2  -222.0   -5.078  -28.736   2551.8    752.8
     1     1    11     7    11     9     0     3  -223.0   -5.147  -28.547   2593.0    749.0
     1     1    11     7    11     8     0     2  -224.0   -5.218  -28.361   2625.4    745.6
     1     1    11     7    11     7     0     1  -225.0   -5.287  -28.182   2643.4    743.7
     1     1    11     7    11     6     0     0  -226.0   -5.353  -28.011   2645.0    743.3
     1     1    11     7    11     5     0     1  -227.0   -5.420  -27.841   2639.9    744.8
     1     1    11     7    11     4     0     2  -228.0   -5.489  -27.667   2637.7    745.2
     1     1    11     7    11     3     0     3  -229.0   -5.559  -27.492   2637.8    745.3
     1     1    11     7    11     2     0     2  -230.0   -5.626  -27.317   2646.0    745.4
     1     1    11     7    11     1     0     1  -231.0   -5.691  -27.147   2668.9    743.8
     1     1    11     7    11     0     0     0  -232.0   -5.754  -26.983   2705.5    740.9
     1     1    11     7    10    23     0     1  -233.0   -5.818  -26.829   2744.7    736.2
     1     1    11     7    10    22     0     2  -234.0   -5.884  -26.688   2775.5    733.1
     1     1    11     7    10    21     0     3  -235.0   -5.952  -26.558   2795.9    730.9
     1     1    11     7    10    20     0     2  -236.0   -6.014  -26.433   2807.4    730.1
     1     1    11     7    10    19     0     1  -237.0   -6.065  -26.309   2813.5    729.6
     1     1    11     7    10    18     0     0  -238.0   -6.105  -26.188   2816.0    729.4
     1     1    11     7    10    17     0     1  -239.0   -6.131  -26.070   2828.5    729.7
     1     1    11     7    10    16     0     2  -240.0   -6.145  -25.957   2863.6    726.8
     1     1    11     7    10    15     0     3  -241.0   -6.148  -25.847   2921.1    722.0
     1     1    11     7    10    14     0     2  -242.0   -6.150  -25.742   2982.7    715.4
     1     1    11     7    10    13     0     1  -243.0   -6.156  -25.645   3029.9    711.7
     1     1    11     7    10    12     0     0  -244.0   -6.164  -25.557   3062.6    709.2
     1     1    11     7    10    11     0     1  -245.0   -6.176  -25.475   3089.7    707.4
     1     1    11     7    10    10     0     2  -246.0   -6.196  -25.399   3120.1    704.7
     1     1    11     7    10     9     0     3  -247.0   -6.224  -25.327   3154.4    701.7
     1     1    11     7    10     8     0     2  -248.0   -6.256  -25.264   3192.4    698.3
     1     1    11     7    10     7     0     1  -249.0   -6.285  -25.211   3233.0    694.6
     1     1    11     7    10     6     0     0  -250.0   -6.315  -25.168   3273.5    690.9
     1     1    11     7    10     5     0     1  -251.0   -6.343  -25.130   3315.4    687.7
     1     1    11     7    10     4     0     2  -252.0   -6.368  -25.096   3361.3    684.0
     1     1    11     7    10     3     0     3  -253.0   -6.390  -25.065   3411.1    679.9
     1     1    11     7    10     2     0     2  -254.0   -6.411  -25.039   3454.9    675.7
     1     1    11     7    10     1     0     1  -255.0   -6.431  -25.019   3484.3    673.6
     1     1    11     7    10     0     0     0  -256.0   -6.447  -25.005   3500.5    672.5
     1     1    11     7     9    23     0     1  -257.0   -6.459  -24.997   3513.9    672.0
     1     1    11     7     9    22     0     2  -258.0   -6.464  -24.997   3534.0    670.0
     1     1    11     7     9    21     0     3  -259.0   -6.463  -25.003   3561.2    667.5
     1     1    11     7     9    20     0     2  -260.0   -6.458  -25.016   3587.4    664.6
     1     1    11     7     9    19     0     1  -261.0   -6.448  -25.033   3604.6    663.0
     1     1    11     7     9    18     0     0  -262.0   -6.434  -25.053   3612.8    662.2
     1     1    11     7     9    17     0     1  -263.0   -6.417  -25.077   3619.1    662.4
     1     1    11     7     9    16     0     2  -264.0   -6.396  -25.102   3630.5    661.6
     1     1    11     7     9    15     0     3  -265.0   -6.372  -25.130   3646.8    660.5
     1     1    11     7     9    14     0     2  -266.0   -6.343  -25.160   3664.3    658.9
     1     1    11     7     9    13     0     1  -267.0   -6.308  -25.193   3678.9    657.9
     1     1    11     7     9    12     0     0  -268.0   -6.268  -25.229   3690.9    657.1
     1     1    11     7     9    11     0     1  -269.0   -6.223  -25.269   3702.6    656.1
     1     1    11     7     9    10     0     2  -270.0   -6.176  -25.313   3716.1    654.8
     1     1    11     7     9     9     0     3  -271.0   -6.128  -25.361   3731.0    653.3
     1     1    11     7     9     8     0     2  -272.0   -6.077  -25.413   3750.2    651.8
     1     1    11     7     9     7     0     1  -273.0   -6.023  -25.467   3777.0    649.5
     1     1    11     7     9     6     0     0  -274.0   -5.966  -25.522   3811.5    646.5
     1     1    11     7     9     5     0     1  -275.0   -5.908  -25.570   3845.9    643.3
     1     1    11     7     9     4     0     2  -276.0   -5.844  -25.603   3873.0    641.3
     1     1    11     7     9     3     0     3  -277.0   -5.773  -25.622   3892.2    639.9
     1     1    11     7     9     2     0     2  -278.0   -5.697  -25.633   3903.8    639.2
     1     1    11     7     9     1     0     1  -279.0   -5.618  -25.640   3908.1    639.0
     1     1    11     7     9     0     0     0  -280.0   -5.533  -25.644   3905.3    639.3
     1     1    11     7     8    23     0     1  -281.0   -5.447  -25.644   3905.3    639.9
     1     1    11     7     8    22     0     2  -282.0   -5.365  -25.640   3918.2    638.6
     1     1    11     7     8    21     0     3  -283.0   -5.288  -25.630   3944.3    636.4
     1     1    11     7     8    20     0     2  -284.0   -5.218  -25.619   3970.9    633.1
     1     1    11     7     8    19     0     1  -285.0   -5.149  -25.608   3985.4    631.7
     1     1    11     7     8    18     0     0  -286.0   -5.082  -25.600   3987.1    631.4
     1     1    11     7     8    17     0     1  -287.0   -5.015  -25.586   3980.3    632.3
     1     1    11     7     8    16     0     2  -288.0   -4.949  -25.561   3969.9    633.3
     1     1    11     7     8    15     0     3  -289.0   -4.883  -25.527   3957.0    634.4
     1     1    11     7     8    14     0     2  -290.0   -4.818  -25.485   3947.2    635.7
     1     1    11     7     8    13     0     1  -291.0   -4.756  -25.435   3945.9    636.0
     1     1    11     7     8    12     0     0  -292.0   -4.697  -25.378   3953.3    635.6
     1     1    11     7     8    11     0     1  -293.0   -4.647  -25.317   3967.7    634.1
     1     1    11     7     8    10     0     2  -294.0   -4.611  -25.253   3987.4    632.4
     1     1    11     7     8     9     0     3  -295.0   -4.587  -25.186   4011.9    630.2
     1     1    11     7     8     8     0     2  -296.0   -4.571  -25.115   4040.4    627.8
     1     1    11     7     8     7     0     1  -297.0   -4.559  -25.039   4071.5    625.2
     1     1    11     7     8     6     0     0  -298.0   -4.550  -24.957   4103.2    622.5
     1     1    11     7     8     5     0     1  -299.0   -4.542  -24.868   4123.9    620.2
     1     1    11     7     8     4     0     2  -300.0   -4.532  -24.769   4123.8    620.4
     1     1    11     7     8     3     0     3  -301.0   -4.516  -24.662   4105.5    622.0
     1     1    11     7     8     2     0     2  -302.0   -4.499  -24.552   4084.8    624.9
     1     1    11     7     8     1     0     1  -303.0   -4.485  -24.440   4075.7    625.8
     1     1    11     7     8     0     0     0  -304.0   -4.477  -24.325   4076.8    625.8
     1     1    11     7     7    23     0     1  -305.0   -4.475  -24.210   4090.8    624.9
     1     1    11     7     7    22     0     2  -306.0   -4.483  -24.096   4120.7    622.4
     1     1    11     7     7    21     0     3  -307.0   -4.503  -23.983   4165.6    618.8
     1     1    11     7     7    20     0     2  -308.0   -4.535  -23.870   4217.8    614.1
     1     1    11     7     7    19     0     1  -309.0   -4.576  -23.757   4271.2    610.0
     1     1    11     7     7    18     0     0  -310.0   -4.624  -23.645   4327.0    605.6
     1     1    11     7     7    17     0     1  -311.0   -4.680  -23.529   4374.4    601.4
     1     1    11     7     7    16     0     2  -312.0   -4.744  -23.401   4403.4    599.4
     1     1    11     7     7    15     0     3  -313.0   -4.809  -23.262   4414.1    598.7
     1     1    11     7     7    14     0     2  -314.0   -4.876  -23.118   4417.4    599.5
     1     1    11     7     7    13     0     1  -315.0   -4.950  -22.972   4424.1    599.1
     1     1    11     7     7    12     0     0  -316.0   -5.034  -22.822   4435.9    598.6
     1     1    11     7     7    11     0     1  -317.0   -5.123  -22.674   4454.1    597.1
     1     1    11     7     7    10     0     2  -318.0   -5.217  -22.532   4475.1    595.2
     1     1    11     7     7     9     0     3  -319.0   -5.317  -22.391   4494.1    593.5
     1     1    11     7     7     8     0     2  -320.0   -5.421  -22.254   4507.9    592.3
     1     1    11     7     7     7     0     1  -321.0   -5.532  -22.124   4516.7    591.6
     1     1    11     7     7     6     0     0  -322.0   -5.650  -22.001   4523.4    591.1
     1     1    11     7     7     5     0     1  -323.0   -5.775  -21.883   4530.5    590.8
     1     1    11     7     7     4     0     2  -324.0   -5.905  -21.767   4538.2    590.4
     1     1    11     7     7     3     0     3  -325.0   -6.043  -21.653   4545.1    590.0
     1     1    11     7     7     2     0     2  -326.0   -6.189  -21.541   4553.5    589.8
     1     1    11     7     7     1     0     1  -327.0   -6.342  -21.431   4565.5    589.1
     1     1    11     7     7     0     0     0  -328.0   -6.503  -21.324   4579.2    588.3
     1     1    11     7     6    23     0     1  -329.0   -6.665  -21.221   4594.3    587.2
     1     1    11     7     6    22     0     2  -330.0   -6.824  -21.125   4611.0    585.9
     1     1    11     7     6    21     0     3  -331.0   -6.979  -21.034   4627.6    584.5
     1     1    11     7     6    20     0     2  -332.0   -7.131  -20.947   4649.1    583.3
     1     1    11     7     6    19     0     1  -333.0   -7.278  -20.862   4681.2    580.8
     1     1    11     7     6    18     0     0  -334.0   -7.419  -20.779   4723.8    577.6
     1     1    11     7     6    17     0     1  -335.0   -7.559  -20.695   4759.8    574.0
     1     1    11     7     6    16     0     2  -336.0   -7.703  -20.605   4771.9    573.3
