     3     1
    GDAS    11    10     8     0     0
    GDAS    11    10    15     0     0
    GDAS    11    10    22     0     0
     1 BACKWARD OMEGA   
  2011    10    24    16   -8.860  -56.740  1828.8
     1 PRESSURE
     1     1    11    10    24    16     0     2     0.0   -8.860  -56.740   1828.8    799.2
     1     1    11    10    24    15     0     3    -1.0   -8.645  -56.549   1781.5    798.3
     1     1    11    10    24    14     0     2    -2.0   -8.432  -56.326   1760.3    798.5
     1     1    11    10    24    13     0     1    -3.0   -8.214  -56.070   1799.1    789.7
     1     1    11    10    24    12     0     0    -4.0   -7.989  -55.784   1888.9    778.4
     1     1    11    10    24    11     0     1    -5.0   -7.770  -55.485   1973.8    770.4
     1     1    11    10    24    10     0     2    -6.0   -7.561  -55.182   2006.9    771.3
     1     1    11    10    24     9     0     3    -7.0   -7.359  -54.873   1997.0    775.1
     1     1    11    10    24     8     0     2    -8.0   -7.164  -54.560   1960.0    782.6
     1     1    11    10    24     7     0     1    -9.0   -6.982  -54.247   1917.5    790.9
     1     1    11    10    24     6     0     0   -10.0   -6.815  -53.939   1886.6    794.8
     1     1    11    10    24     5     0     1   -11.0   -6.667  -53.631   1870.7    792.1
     1     1    11    10    24     4     0     2   -12.0   -6.536  -53.321   1860.3    789.5
     1     1    11    10    24     3     0     3   -13.0   -6.423  -53.011   1843.8    787.8
     1     1    11    10    24     2     0     2   -14.0   -6.330  -52.711   1820.2    790.6
     1     1    11    10    24     1     0     1   -15.0   -6.261  -52.425   1797.1    793.4
     1     1    11    10    24     0     0     0   -16.0   -6.217  -52.151   1791.7    794.5
     1     1    11    10    23    23     0     1   -17.0   -6.184  -51.885   1805.6    792.5
     1     1    11    10    23    22     0     2   -18.0   -6.148  -51.625   1806.0    790.9
     1     1    11    10    23    21     0     3   -19.0   -6.110  -51.373   1740.9    795.2
     1     1    11    10    23    20     0     2   -20.0   -6.081  -51.143   1602.6    811.2
     1     1    11    10    23    19     0     1   -21.0   -6.064  -50.944   1433.9    830.7
     1     1    11    10    23    18     0     0   -22.0   -6.053  -50.771   1279.5    847.6
     1     1    11    10    23    17     0     1   -23.0   -6.042  -50.605   1170.8    858.5
     1     1    11    10    23    16     0     2   -24.0   -6.030  -50.430   1103.7    863.5
     1     1    11    10    23    15     0     3   -25.0   -6.019  -50.245   1060.7    866.1
     1     1    11    10    23    14     0     2   -26.0   -6.002  -50.032   1018.8    867.6
     1     1    11    10    23    13     0     1   -27.0   -5.980  -49.775    974.4    877.5
     1     1    11    10    23    12     0     0   -28.0   -5.956  -49.478    948.7    887.6
     1     1    11    10    23    11     0     1   -29.0   -5.932  -49.156    966.4    892.5
     1     1    11    10    23    10     0     2   -30.0   -5.907  -48.834   1024.8    886.3
     1     1    11    10    23     9     0     3   -31.0   -5.869  -48.512   1112.1    873.7
     1     1    11    10    23     8     0     2   -32.0   -5.810  -48.185   1219.0    858.9
     1     1    11    10    23     7     0     1   -33.0   -5.733  -47.859   1330.9    844.8
     1     1    11    10    23     6     0     0   -34.0   -5.647  -47.535   1432.0    833.3
     1     1    11    10    23     5     0     1   -35.0   -5.558  -47.213   1500.4    825.3
     1     1    11    10    23     4     0     2   -36.0   -5.476  -46.891   1532.5    823.3
     1     1    11    10    23     3     0     3   -37.0   -5.398  -46.570   1546.3    824.6
     1     1    11    10    23     2     0     2   -38.0   -5.326  -46.257   1563.9    825.3
     1     1    11    10    23     1     0     1   -39.0   -5.263  -45.958   1590.3    823.2
     1     1    11    10    23     0     0     0   -40.0   -5.206  -45.680   1607.3    822.5
     1     1    11    10    22    23     0     1   -41.0   -5.145  -45.428   1599.3    825.0
     1     1    11    10    22    22     0     2   -42.0   -5.076  -45.206   1579.0    830.7
     1     1    11    10    22    21     0     3   -43.0   -5.001  -45.011   1576.5    834.8
     1     1    11    10    22    20     0     2   -44.0   -4.925  -44.831   1578.4    831.6
     1     1    11    10    22    19     0     1   -45.0   -4.854  -44.653   1564.6    832.9
     1     1    11    10    22    18     0     0   -46.0   -4.787  -44.478   1545.8    834.8
     1     1    11    10    22    17     0     1   -47.0   -4.722  -44.295   1530.3    836.6
     1     1    11    10    22    16     0     2   -48.0   -4.661  -44.092   1522.0    837.3
     1     1    11    10    22    15     0     3   -49.0   -4.604  -43.871   1525.3    838.0
     1     1    11    10    22    14     0     2   -50.0   -4.559  -43.635   1530.9    837.0
     1     1    11    10    22    13     0     1   -51.0   -4.535  -43.382   1534.2    838.1
     1     1    11    10    22    12     0     0   -52.0   -4.534  -43.109   1550.7    837.5
     1     1    11    10    22    11     0     1   -53.0   -4.538  -42.826   1568.8    832.5
     1     1    11    10    22    10     0     2   -54.0   -4.530  -42.546   1559.1    830.7
     1     1    11    10    22     9     0     3   -55.0   -4.517  -42.274   1512.4    833.7
     1     1    11    10    22     8     0     2   -56.0   -4.505  -42.008   1442.5    840.6
     1     1    11    10    22     7     0     1   -57.0   -4.489  -41.738   1391.8    840.1
     1     1    11    10    22     6     0     0   -58.0   -4.459  -41.451   1395.6    830.1
     1     1    11    10    22     5     0     1   -59.0   -4.417  -41.147   1448.9    814.9
     1     1    11    10    22     4     0     2   -60.0   -4.370  -40.829   1531.5    801.1
     1     1    11    10    22     3     0     3   -61.0   -4.327  -40.516   1614.8    796.2
     1     1    11    10    22     2     0     2   -62.0   -4.287  -40.223   1681.8    793.9
     1     1    11    10    22     1     0     1   -63.0   -4.248  -39.952   1723.8    794.9
     1     1    11    10    22     0     0     0   -64.0   -4.209  -39.696   1749.8    797.7
     1     1    11    10    21    23     0     1   -65.0   -4.173  -39.460   1784.9    797.9
     1     1    11    10    21    22     0     2   -66.0   -4.134  -39.254   1834.4    794.4
     1     1    11    10    21    21     0     3   -67.0   -4.087  -39.076   1887.6    789.8
     1     1    11    10    21    20     0     2   -68.0   -4.035  -38.915   1940.6    787.0
     1     1    11    10    21    19     0     1   -69.0   -3.984  -38.759   1990.5    785.7
     1     1    11    10    21    18     0     0   -70.0   -3.929  -38.602   2029.0    785.5
     1     1    11    10    21    17     0     1   -71.0   -3.870  -38.435   2051.3    787.5
     1     1    11    10    21    16     0     2   -72.0   -3.805  -38.251   2063.8    790.9
     1     1    11    10    21    15     0     3   -73.0   -3.731  -38.053   2078.7    793.7
     1     1    11    10    21    14     0     2   -74.0   -3.651  -37.846   2094.6    792.8
     1     1    11    10    21    13     0     1   -75.0   -3.569  -37.634   2106.0    791.7
     1     1    11    10    21    12     0     0   -76.0   -3.486  -37.419   2112.9    791.4
     1     1    11    10    21    11     0     1   -77.0   -3.407  -37.208   2121.1    790.7
     1     1    11    10    21    10     0     2   -78.0   -3.341  -37.011   2140.2    789.0
     1     1    11    10    21     9     0     3   -79.0   -3.291  -36.830   2178.6    785.4
     1     1    11    10    21     8     0     2   -80.0   -3.253  -36.668   2222.2    779.6
     1     1    11    10    21     7     0     1   -81.0   -3.216  -36.521   2252.0    776.7
     1     1    11    10    21     6     0     0   -82.0   -3.179  -36.384   2266.7    775.0
     1     1    11    10    21     5     0     1   -83.0   -3.146  -36.255   2277.9    775.4
     1     1    11    10    21     4     0     2   -84.0   -3.121  -36.138   2294.0    773.9
     1     1    11    10    21     3     0     3   -85.0   -3.103  -36.032   2309.0    772.6
     1     1    11    10    21     2     0     2   -86.0   -3.090  -35.927   2322.9    771.8
     1     1    11    10    21     1     0     1   -87.0   -3.080  -35.812   2339.1    770.6
     1     1    11    10    21     0     0     0   -88.0   -3.073  -35.687   2359.6    768.9
     1     1    11    10    20    23     0     1   -89.0   -3.071  -35.556   2379.2    766.0
     1     1    11    10    20    22     0     2   -90.0   -3.077  -35.428   2392.3    764.2
     1     1    11    10    20    21     0     3   -91.0   -3.091  -35.302   2398.6    763.0
     1     1    11    10    20    20     0     2   -92.0   -3.109  -35.179   2401.2    763.1
     1     1    11    10    20    19     0     1   -93.0   -3.126  -35.058   2403.9    762.9
     1     1    11    10    20    18     0     0   -94.0   -3.143  -34.941   2408.9    762.6
     1     1    11    10    20    17     0     1   -95.0   -3.164  -34.831   2418.5    762.2
     1     1    11    10    20    16     0     2   -96.0   -3.190  -34.731   2430.8    761.3
     1     1    11    10    20    15     0     3   -97.0   -3.224  -34.642   2442.0    760.5
     1     1    11    10    20    14     0     2   -98.0   -3.265  -34.555   2455.2    760.0
     1     1    11    10    20    13     0     1   -99.0   -3.316  -34.460   2477.3    758.4
     1     1    11    10    20    12     0     0  -100.0   -3.375  -34.358   2513.4    755.6
     1     1    11    10    20    11     0     1  -101.0   -3.440  -34.253   2552.7    750.6
     1     1    11    10    20    10     0     2  -102.0   -3.511  -34.144   2580.1    747.8
     1     1    11    10    20     9     0     3  -103.0   -3.588  -34.029   2593.6    746.2
     1     1    11    10    20     8     0     2  -104.0   -3.670  -33.910   2601.1    746.3
     1     1    11    10    20     7     0     1  -105.0   -3.755  -33.791   2609.6    745.3
     1     1    11    10    20     6     0     0  -106.0   -3.845  -33.672   2615.9    744.5
     1     1    11    10    20     5     0     1  -107.0   -3.938  -33.555   2618.8    744.6
     1     1    11    10    20     4     0     2  -108.0   -4.036  -33.442   2619.5    744.8
     1     1    11    10    20     3     0     3  -109.0   -4.141  -33.332   2617.2    745.2
     1     1    11    10    20     2     0     2  -110.0   -4.247  -33.229   2627.9    745.8
     1     1    11    10    20     1     0     1  -111.0   -4.352  -33.129   2667.7    742.4
     1     1    11    10    20     0     0     0  -112.0   -4.454  -33.031   2736.7    736.6
     1     1    11    10    19    23     0     1  -113.0   -4.554  -32.922   2811.6    727.4
     1     1    11    10    19    22     0     2  -114.0   -4.651  -32.801   2871.2    722.0
     1     1    11    10    19    21     0     3  -115.0   -4.748  -32.675   2921.0    717.5
     1     1    11    10    19    20     0     2  -116.0   -4.848  -32.557   2966.0    713.9
     1     1    11    10    19    19     0     1  -117.0   -4.954  -32.454   3007.7    710.4
     1     1    11    10    19    18     0     0  -118.0   -5.064  -32.366   3045.4    707.3
     1     1    11    10    19    17     0     1  -119.0   -5.179  -32.294   3079.1    704.7
     1     1    11    10    19    16     0     2  -120.0   -5.295  -32.235   3108.1    702.5
     1     1    11    10    19    15     0     3  -121.0   -5.413  -32.189   3131.1    700.8
     1     1    11    10    19    14     0     2  -122.0   -5.529  -32.152   3145.0    699.7
     1     1    11    10    19    13     0     1  -123.0   -5.641  -32.121   3148.0    699.7
     1     1    11    10    19    12     0     0  -124.0   -5.752  -32.096   3140.5    700.6
     1     1    11    10    19    11     0     1  -125.0   -5.848  -32.074   3138.0    701.6
     1     1    11    10    19    10     0     2  -126.0   -5.919  -32.051   3155.6    699.8
     1     1    11    10    19     9     0     3  -127.0   -5.963  -32.028   3194.2    696.2
     1     1    11    10    19     8     0     2  -128.0   -5.993  -32.009   3233.3    690.9
     1     1    11    10    19     7     0     1  -129.0   -6.019  -31.993   3253.2    689.0
     1     1    11    10    19     6     0     0  -130.0   -6.042  -31.982   3254.8    688.6
     1     1    11    10    19     5     0     1  -131.0   -6.061  -31.976   3252.5    690.2
     1     1    11    10    19     4     0     2  -132.0   -6.073  -31.977   3259.3    689.8
     1     1    11    10    19     3     0     3  -133.0   -6.077  -31.983   3275.5    688.7
     1     1    11    10    19     2     0     2  -134.0   -6.071  -31.994   3295.9    686.8
     1     1    11    10    19     1     0     1  -135.0   -6.053  -32.007   3315.3    685.3
     1     1    11    10    19     0     0     0  -136.0   -6.023  -32.023   3333.8    684.0
     1     1    11    10    18    23     0     1  -137.0   -5.984  -32.037   3356.7    682.0
     1     1    11    10    18    22     0     2  -138.0   -5.937  -32.046   3388.2    679.0
     1     1    11    10    18    21     0     3  -139.0   -5.882  -32.051   3427.8    675.3
     1     1    11    10    18    20     0     2  -140.0   -5.827  -32.059   3470.6    671.4
     1     1    11    10    18    19     0     1  -141.0   -5.778  -32.073   3511.6    668.1
     1     1    11    10    18    18     0     0  -142.0   -5.737  -32.094   3551.2    664.9
     1     1    11    10    18    17     0     1  -143.0   -5.697  -32.116   3592.6    661.9
     1     1    11    10    18    16     0     2  -144.0   -5.653  -32.136   3639.0    658.2
     1     1    11    10    18    15     0     3  -145.0   -5.605  -32.153   3690.4    654.2
     1     1    11    10    18    14     0     2  -146.0   -5.555  -32.166   3741.1    649.9
     1     1    11    10    18    13     0     1  -147.0   -5.507  -32.178   3784.9    646.5
     1     1    11    10    18    12     0     0  -148.0   -5.462  -32.187   3820.9    643.8
     1     1    11    10    18    11     0     1  -149.0   -5.415  -32.195   3848.3    641.3
     1     1    11    10    18    10     0     2  -150.0   -5.366  -32.203   3866.6    639.5
     1     1    11    10    18     9     0     3  -151.0   -5.312  -32.211   3875.4    638.5
     1     1    11    10    18     8     0     2  -152.0   -5.259  -32.222   3887.9    638.4
     1     1    11    10    18     7     0     1  -153.0   -5.212  -32.235   3917.6    636.0
     1     1    11    10    18     6     0     0  -154.0   -5.172  -32.251   3965.6    632.2
     1     1    11    10    18     5     0     1  -155.0   -5.135  -32.269   4012.7    627.2
     1     1    11    10    18     4     0     2  -156.0   -5.100  -32.287   4040.5    625.3
     1     1    11    10    18     3     0     3  -157.0   -5.066  -32.308   4049.4    624.8
     1     1    11    10    18     2     0     2  -158.0   -5.036  -32.333   4050.7    625.8
     1     1    11    10    18     1     0     1  -159.0   -5.016  -32.366   4056.0    625.7
     1     1    11    10    18     0     0     0  -160.0   -5.007  -32.407   4066.4    625.2
     1     1    11    10    17    23     0     1  -161.0   -5.002  -32.460   4083.3    623.7
     1     1    11    10    17    22     0     2  -162.0   -4.998  -32.530   4106.9    621.6
     1     1    11    10    17    21     0     3  -163.0   -4.995  -32.617   4135.2    619.1
     1     1    11    10    17    20     0     2  -164.0   -5.000  -32.719   4165.6    616.7
     1     1    11    10    17    19     0     1  -165.0   -5.018  -32.835   4196.6    614.4
     1     1    11    10    17    18     0     0  -166.0   -5.050  -32.967   4228.1    612.1
     1     1    11    10    17    17     0     1  -167.0   -5.082  -33.108   4258.8    609.8
     1     1    11    10    17    16     0     2  -168.0   -5.102  -33.254   4288.6    607.9
     1     1    11    10    17    15     0     3  -169.0   -5.111  -33.399   4319.9    605.8
     1     1    11    10    17    14     0     2  -170.0   -5.110  -33.538   4355.4    603.4
     1     1    11    10    17    13     0     1  -171.0   -5.103  -33.669   4398.2    600.5
     1     1    11    10    17    12     0     0  -172.0   -5.092  -33.789   4451.4    596.8
     1     1    11    10    17    11     0     1  -173.0   -5.079  -33.897   4510.5    591.7
     1     1    11    10    17    10     0     2  -174.0   -5.065  -33.998   4566.3    587.2
     1     1    11    10    17     9     0     3  -175.0   -5.052  -34.095   4614.6    583.2
     1     1    11    10    17     8     0     2  -176.0   -5.042  -34.196   4650.7    580.3
     1     1    11    10    17     7     0     1  -177.0   -5.041  -34.304   4671.9    578.6
     1     1    11    10    17     6     0     0  -178.0   -5.049  -34.420   4677.6    578.0
     1     1    11    10    17     5     0     1  -179.0   -5.066  -34.542   4675.9    579.0
     1     1    11    10    17     4     0     2  -180.0   -5.090  -34.669   4676.0    579.3
     1     1    11    10    17     3     0     3  -181.0   -5.121  -34.799   4679.9    579.3
     1     1    11    10    17     2     0     2  -182.0   -5.157  -34.931   4690.5    578.9
     1     1    11    10    17     1     0     1  -183.0   -5.195  -35.065   4707.6    577.6
     1     1    11    10    17     0     0     0  -184.0   -5.236  -35.200   4728.7    575.7
     1     1    11    10    16    23     0     1  -185.0   -5.275  -35.342   4754.6    572.8
     1     1    11    10    16    22     0     2  -186.0   -5.308  -35.498   4789.4    569.2
     1     1    11    10    16    21     0     3  -187.0   -5.338  -35.669   4838.8    564.4
     1     1    11    10    16    20     0     2  -188.0   -5.357  -35.843   4896.7    558.7
     1     1    11    10    16    19     0     1  -189.0   -5.357  -36.008   4950.3    554.1
     1     1    11    10    16    18     0     0  -190.0   -5.338  -36.163   4993.7    551.1
     1     1    11    10    16    17     0     1  -191.0   -5.308  -36.306   5034.8    549.5
     1     1    11    10    16    16     0     2  -192.0   -5.273  -36.431   5090.6    546.0
     1     1    11    10    16    15     0     3  -193.0   -5.233  -36.537   5162.4    541.4
     1     1    11    10    16    14     0     2  -194.0   -5.192  -36.625   5217.2    535.7
     1     1    11    10    16    13     0     1  -195.0   -5.160  -36.700   5221.3    535.5
     1     1    11    10    16    12     0     0  -196.0   -5.135  -36.771   5174.9    538.8
     1     1    11    10    16    11     0     1  -197.0   -5.124  -36.852   5111.0    544.8
     1     1    11    10    16    10     0     2  -198.0   -5.129  -36.948   5060.0    547.5
     1     1    11    10    16     9     0     3  -199.0   -5.151  -37.058   5022.8    549.2
     1     1    11    10    16     8     0     2  -200.0   -5.186  -37.173   5008.8    550.1
     1     1    11    10    16     7     0     1  -201.0   -5.231  -37.284   5026.6    548.1
     1     1    11    10    16     6     0     0  -202.0   -5.284  -37.385   5076.2    543.9
     1     1    11    10    16     5     0     1  -203.0   -5.343  -37.470   5141.8    537.7
     1     1    11    10    16     4     0     2  -204.0   -5.404  -37.545   5207.5    532.8
     1     1    11    10    16     3     0     3  -205.0   -5.468  -37.610   5275.1    527.7
     1     1    11    10    16     2     0     2  -206.0   -5.537  -37.667   5331.4    522.3
     1     1    11    10    16     1     0     1  -207.0   -5.608  -37.719   5358.9    519.4
     1     1    11    10    16     0     0     0  -208.0   -5.676  -37.772   5349.7    518.9
     1     1    11    10    15    23     0     1  -209.0   -5.738  -37.834   5335.3    521.2
     1     1    11    10    15    22     0     2  -210.0   -5.793  -37.911   5354.3    518.9
     1     1    11    10    15    21     0     3  -211.0   -5.845  -37.998   5411.0    514.1
     1     1    11    10    15    20     0     2  -212.0   -5.892  -38.090   5464.0    507.0
     1     1    11    10    15    19     0     1  -213.0   -5.930  -38.196   5471.6    505.9
     1     1    11    10    15    18     0     0  -214.0   -5.956  -38.324   5436.4    507.7
     1     1    11    10    15    17     0     1  -215.0   -5.977  -38.464   5392.4    512.4
     1     1    11    10    15    16     0     2  -216.0   -6.000  -38.603   5366.3    513.5
     1     1    11    10    15    15     0     3  -217.0   -6.026  -38.739   5348.9    514.0
     1     1    11    10    15    14     0     2  -218.0   -6.063  -38.867   5337.1    514.5
     1     1    11    10    15    13     0     1  -219.0   -6.118  -38.982   5334.5    514.3
     1     1    11    10    15    12     0     0  -220.0   -6.193  -39.080   5332.7    512.1
     1     1    11    10    15    11     0     1  -221.0   -6.284  -39.163   5328.7    510.0
     1     1    11    10    15    10     0     2  -222.0   -6.387  -39.238   5324.5    508.5
     1     1    11    10    15     9     0     3  -223.0   -6.501  -39.309   5328.0    506.5
     1     1    11    10    15     8     0     2  -224.0   -6.621  -39.376   5327.6    503.8
     1     1    11    10    15     7     0     1  -225.0   -6.743  -39.437   5306.2    503.4
     1     1    11    10    15     6     0     0  -226.0   -6.862  -39.492   5260.7    504.8
     1     1    11    10    15     5     0     1  -227.0   -6.979  -39.539   5204.0    508.5
     1     1    11    10    15     4     0     2  -228.0   -7.101  -39.577   5158.1    511.8
     1     1    11    10    15     3     0     3  -229.0   -7.233  -39.608   5129.2    513.8
     1     1    11    10    15     2     0     2  -230.0   -7.376  -39.637   5125.1    514.7
     1     1    11    10    15     1     0     1  -231.0   -7.528  -39.660   5150.5    513.2
     1     1    11    10    15     0     0     0  -232.0   -7.687  -39.674   5202.0    510.3
     1     1    11    10    14    23     0     1  -233.0   -7.848  -39.682   5266.0    505.6
     1     1    11    10    14    22     0     2  -234.0   -8.007  -39.691   5330.4    501.8
     1     1    11    10    14    21     0     3  -235.0   -8.162  -39.706   5399.7    498.4
     1     1    11    10    14    20     0     2  -236.0   -8.314  -39.730   5469.1    495.0
     1     1    11    10    14    19     0     1  -237.0   -8.465  -39.760   5529.2    491.9
     1     1    11    10    14    18     0     0  -238.0   -8.618  -39.796   5567.9    490.3
     1     1    11    10    14    17     0     1  -239.0   -8.766  -39.834   5573.0    490.7
     1     1    11    10    14    16     0     2  -240.0   -8.907  -39.871   5542.9    493.9
     1     1    11    10    14    15     0     3  -241.0   -9.041  -39.906   5487.3    498.2
     1     1    11    10    14    14     0     2  -242.0   -9.172  -39.928   5438.2    502.4
     1     1    11    10    14    13     0     1  -243.0   -9.301  -39.931   5422.8    502.5
     1     1    11    10    14    12     0     0  -244.0   -9.431  -39.916   5436.0    500.8
     1     1    11    10    14    11     0     1  -245.0   -9.581  -39.915   5481.4    497.0
     1     1    11    10    14    10     0     2  -246.0   -9.769  -39.954   5560.9    490.1
     1     1    11    10    14     9     0     3  -247.0   -9.996  -40.025   5665.3    481.0
     1     1    11    10    14     8     0     2  -248.0  -10.232  -40.117   5766.7    472.8
     1     1    11    10    14     7     0     1  -249.0  -10.450  -40.221   5829.4    469.4
     1     1    11    10    14     6     0     0  -250.0  -10.654  -40.339   5864.0    467.0
     1     1    11    10    14     5     0     1  -251.0  -10.842  -40.456   5884.3    466.0
     1     1    11    10    14     4     0     2  -252.0  -11.003  -40.561   5902.2    464.6
     1     1    11    10    14     3     0     3  -253.0  -11.137  -40.653   5917.8    462.3
     1     1    11    10    14     2     0     2  -254.0  -11.249  -40.733   5927.5    459.3
     1     1    11    10    14     1     0     1  -255.0  -11.347  -40.803   5917.3    458.6
     1     1    11    10    14     0     0     0  -256.0  -11.434  -40.862   5889.5    459.2
     1     1    11    10    13    23     0     1  -257.0  -11.515  -40.922   5867.0    460.2
     1     1    11    10    13    22     0     2  -258.0  -11.596  -40.992   5870.3    458.0
     1     1    11    10    13    21     0     3  -259.0  -11.672  -41.072   5893.4    454.9
     1     1    11    10    13    20     0     2  -260.0  -11.747  -41.158   5921.4    451.9
     1     1    11    10    13    19     0     1  -261.0  -11.823  -41.251   5951.0    449.0
     1     1    11    10    13    18     0     0  -262.0  -11.905  -41.349   5986.3    445.3
     1     1    11    10    13    17     0     1  -263.0  -11.990  -41.439   6015.7    440.8
     1     1    11    10    13    16     0     2  -264.0  -12.075  -41.509   6034.0    439.2
     1     1    11    10    13    15     0     3  -265.0  -12.163  -41.561   6040.9    438.4
     1     1    11    10    13    14     0     2  -266.0  -12.249  -41.602   6043.9    438.1
     1     1    11    10    13    13     0     1  -267.0  -12.326  -41.637   6048.0    437.2
     1     1    11    10    13    12     0     0  -268.0  -12.390  -41.667   6050.7    436.4
     1     1    11    10    13    11     0     1  -269.0  -12.455  -41.692   6069.7    435.6
     1     1    11    10    13    10     0     2  -270.0  -12.532  -41.712   6123.8    431.7
     1     1    11    10    13     9     0     3  -271.0  -12.617  -41.728   6215.5    426.0
     1     1    11    10    13     8     0     2  -272.0  -12.700  -41.744   6315.1    418.2
     1     1    11    10    13     7     0     1  -273.0  -12.777  -41.766   6390.4    413.2
     1     1    11    10    13     6     0     0  -274.0  -12.854  -41.795   6439.1    409.4
     1     1    11    10    13     5     0     1  -275.0  -12.935  -41.821   6486.5    407.5
     1     1    11    10    13     4     0     2  -276.0  -13.018  -41.833   6561.9    403.5
     1     1    11    10    13     3     0     3  -277.0  -13.099  -41.835   6668.4    399.8
     1     1    11    10    13     2     0     2  -278.0  -13.182  -41.834   6759.2    395.5
     1     1    11    10    13     1     0     1  -279.0  -13.269  -41.830   6799.8    395.9
     1     1    11    10    13     0     0     0  -280.0  -13.354  -41.819   6791.1    398.9
     1     1    11    10    12    23     0     1  -281.0  -13.434  -41.804   6790.4    404.1
     1     1    11    10    12    22     0     2  -282.0  -13.520  -41.795   6852.0    402.9
     1     1    11    10    12    21     0     3  -283.0  -13.622  -41.790   6971.8    398.7
     1     1    11    10    12    20     0     2  -284.0  -13.745  -41.786   7086.8    392.5
     1     1    11    10    12    19     0     1  -285.0  -13.881  -41.767   7142.2    393.1
     1     1    11    10    12    18     0     0  -286.0  -14.028  -41.720   7138.1    396.3
     1     1    11    10    12    17     0     1  -287.0  -14.183  -41.677   7044.9    398.4
     1     1    11    10    12    16     0     2  -288.0  -14.346  -41.658   6901.6    404.6
     1     1    11    10    12    15     0     3  -289.0  -14.519  -41.662   6747.0    410.8
     1     1    11    10    12    14     0     2  -290.0  -14.686  -41.697   6627.9    416.0
     1     1    11    10    12    13     0     1  -291.0  -14.838  -41.751   6576.9    416.8
     1     1    11    10    12    12     0     0  -292.0  -14.978  -41.795   6624.6    412.9
     1     1    11    10    12    11     0     1  -293.0  -15.127  -41.847   6534.8    402.7
     1     1    11    10    12    10     0     2  -294.0  -15.314  -41.935   6110.0    429.5
     1     1    11    10    12     9     0     3  -295.0  -15.525  -42.066   5591.3    467.4
     1     1    11    10    12     8     0     2  -296.0  -15.720  -42.238   5227.5    495.6
     1     1    11    10    12     7     0     1  -297.0  -15.896  -42.436   4987.2    502.7
     1     1    11    10    12     6     0     0  -298.0  -16.070  -42.635   4706.7    514.7
     1     1    11    10    12     5     0     1  -299.0  -16.244  -42.832   4270.0    544.0
     1     1    11    10    12     4     0     2  -300.0  -16.409  -43.034   3736.4    587.1
     1     1    11    10    12     3     0     3  -301.0  -16.556  -43.238   3289.8    629.4
     1     1    11    10    12     2     0     2  -302.0  -16.689  -43.432   2947.1    650.3
     1     1    11    10    12     1     0     1  -303.0  -16.799  -43.618   2613.2    675.9
     1     1    11    10    12     0     0     0  -304.0  -16.881  -43.797   2285.8    703.1
     1     1    11    10    11    23     0     1  -305.0  -16.939  -43.966   2057.5    727.7
     1     1    11    10    11    22     0     2  -306.0  -16.974  -44.130   1965.6    734.4
     1     1    11    10    11    21     0     3  -307.0  -16.985  -44.289   1933.0    736.4
     1     1    11    10    11    20     0     2  -308.0  -16.971  -44.437   1871.9    741.9
     1     1    11    10    11    19     0     1  -309.0  -16.931  -44.557   1777.2    757.1
     1     1    11    10    11    18     0     0  -310.0  -16.871  -44.646   1695.4    768.8
     1     1    11    10    11    17     0     1  -311.0  -16.795  -44.721   1639.2    776.8
     1     1    11    10    11    16     0     2  -312.0  -16.705  -44.796   1613.3    782.0
     1     1    11    10    11    15     0     3  -313.0  -16.601  -44.873   1618.3    784.3
     1     1    11    10    11    14     0     2  -314.0  -16.496  -44.956   1648.6    783.2
     1     1    11    10    11    13     0     1  -315.0  -16.401  -45.050   1693.1    780.2
     1     1    11    10    11    12     0     0  -316.0  -16.316  -45.159   1745.3    775.6
     1     1    11    10    11    11     0     1  -317.0  -16.228  -45.275   1780.0    769.9
     1     1    11    10    11    10     0     2  -318.0  -16.129  -45.384   1766.4    770.0
     1     1    11    10    11     9     0     3  -319.0  -16.020  -45.481   1691.8    775.8
     1     1    11    10    11     8     0     2  -320.0  -15.902  -45.547   1603.0    786.9
     1     1    11    10    11     7     0     1  -321.0  -15.777  -45.582   1552.3    789.0
     1     1    11    10    11     6     0     0  -322.0  -15.648  -45.595   1534.5    787.6
     1     1    11    10    11     5     0     1  -323.0  -15.523  -45.601   1528.6    784.1
     1     1    11    10    11     4     0     2  -324.0  -15.405  -45.609   1519.7    782.7
     1     1    11    10    11     3     0     3  -325.0  -15.296  -45.620   1512.4    781.4
     1     1    11    10    11     2     0     2  -326.0  -15.208  -45.631   1484.3    780.2
     1     1    11    10    11     1     0     1  -327.0  -15.152  -45.636   1410.5    786.3
     1     1    11    10    11     0     0     0  -328.0  -15.126  -45.635   1294.0    797.0
     1     1    11    10    10    23     0     1  -329.0  -15.104  -45.630   1159.5    810.5
     1     1    11    10    10    22     0     2  -330.0  -15.069  -45.626   1018.0    821.8
     1     1    11    10    10    21     0     3  -331.0  -15.023  -45.625    864.6    834.7
     1     1    11    10    10    20     0     2  -332.0  -14.976  -45.626    723.5    850.2
     1     1    11    10    10    19     0     1  -333.0  -14.935  -45.627    615.1    860.8
     1     1    11    10    10    18     0     0  -334.0  -14.900  -45.630    532.2    868.2
     1     1    11    10    10    17     0     1  -335.0  -14.866  -45.631    470.1    874.9
     1     1    11    10    10    16     0     2  -336.0  -14.831  -45.631    426.0    880.0
