     3     1
    GDAS    11     4     1     0     0
    GDAS    11     4     8     0     0
    GDAS    11     4    15     0     0
     1 BACKWARD OMEGA   
  2011     4    16    16   -8.750  -56.760  3048.0
     1 PRESSURE
     1     1    11     4    16    16     0     2     0.0   -8.750  -56.760   3048.0    688.7
     1     1    11     4    16    15     0     3    -1.0   -8.690  -56.481   3053.2    685.2
     1     1    11     4    16    14     0     2    -2.0   -8.639  -56.179   3066.0    683.0
     1     1    11     4    16    13     0     1    -3.0   -8.597  -55.865   3104.4    676.8
     1     1    11     4    16    12     0     0    -4.0   -8.561  -55.550   3164.3    669.3
     1     1    11     4    16    11     0     1    -5.0   -8.534  -55.242   3223.9    660.3
     1     1    11     4    16    10     0     2    -6.0   -8.520  -54.947   3268.7    655.4
     1     1    11     4    16     9     0     3    -7.0   -8.517  -54.668   3315.1    652.3
     1     1    11     4    16     8     0     2    -8.0   -8.527  -54.403   3367.0    648.4
     1     1    11     4    16     7     0     1    -9.0   -8.546  -54.146   3420.2    644.5
     1     1    11     4    16     6     0     0   -10.0   -8.573  -53.896   3468.8    640.9
     1     1    11     4    16     5     0     1   -11.0   -8.601  -53.648   3506.6    638.6
     1     1    11     4    16     4     0     2   -12.0   -8.625  -53.399   3528.4    637.3
     1     1    11     4    16     3     0     3   -13.0   -8.642  -53.149   3527.8    637.6
     1     1    11     4    16     2     0     2   -14.0   -8.653  -52.897   3514.3    640.0
     1     1    11     4    16     1     0     1   -15.0   -8.667  -52.640   3506.8    641.9
     1     1    11     4    16     0     0     0   -16.0   -8.682  -52.375   3510.6    642.6
     1     1    11     4    15    23     0     1   -17.0   -8.704  -52.106   3532.7    642.3
     1     1    11     4    15    22     0     2   -18.0   -8.733  -51.840   3571.5    638.1
     1     1    11     4    15    21     0     3   -19.0   -8.770  -51.578   3618.1    632.4
     1     1    11     4    15    20     0     2   -20.0   -8.808  -51.319   3664.9    627.0
     1     1    11     4    15    19     0     1   -21.0   -8.846  -51.065   3709.2    622.4
     1     1    11     4    15    18     0     0   -22.0   -8.888  -50.814   3762.2    620.7
     1     1    11     4    15    17     0     1   -23.0   -8.932  -50.563   3814.7    620.5
     1     1    11     4    15    16     0     2   -24.0   -8.977  -50.308   3857.2    621.6
     1     1    11     4    15    15     0     3   -25.0   -9.024  -50.055   3885.9    624.0
     1     1    11     4    15    14     0     2   -26.0   -9.070  -49.797   3898.1    623.6
     1     1    11     4    15    13     0     1   -27.0   -9.109  -49.529   3903.5    621.2
     1     1    11     4    15    12     0     0   -28.0   -9.138  -49.254   3889.9    620.0
     1     1    11     4    15    11     0     1   -29.0   -9.164  -48.975   3873.1    621.2
     1     1    11     4    15    10     0     2   -30.0   -9.190  -48.693   3883.6    621.0
     1     1    11     4    15     9     0     3   -31.0   -9.215  -48.410   3912.9    618.8
     1     1    11     4    15     8     0     2   -32.0   -9.239  -48.127   3948.1    616.5
     1     1    11     4    15     7     0     1   -33.0   -9.263  -47.839   3979.3    612.0
     1     1    11     4    15     6     0     0   -34.0   -9.287  -47.545   4021.5    604.3
     1     1    11     4    15     5     0     1   -35.0   -9.311  -47.241   4074.0    594.7
     1     1    11     4    15     4     0     2   -36.0   -9.333  -46.925   4119.8    588.1
     1     1    11     4    15     3     0     3   -37.0   -9.351  -46.607   4151.4    586.5
     1     1    11     4    15     2     0     2   -38.0   -9.373  -46.295   4160.7    587.5
     1     1    11     4    15     1     0     1   -39.0   -9.407  -45.986   4158.1    587.6
     1     1    11     4    15     0     0     0   -40.0   -9.450  -45.671   4137.6    587.0
     1     1    11     4    14    23     0     1   -41.0   -9.501  -45.350   4104.3    587.1
     1     1    11     4    14    22     0     2   -42.0   -9.560  -45.028   4060.3    588.5
     1     1    11     4    14    21     0     3   -43.0   -9.628  -44.700   4030.7    593.2
     1     1    11     4    14    20     0     2   -44.0   -9.706  -44.362   4020.4    595.4
     1     1    11     4    14    19     0     1   -45.0   -9.788  -44.019   4013.4    595.9
     1     1    11     4    14    18     0     0   -46.0   -9.875  -43.679   3984.2    596.2
     1     1    11     4    14    17     0     1   -47.0   -9.969  -43.348   3949.2    600.3
     1     1    11     4    14    16     0     2   -48.0  -10.068  -43.018   3932.1    603.1
     1     1    11     4    14    15     0     3   -49.0  -10.165  -42.690   3940.2    602.5
     1     1    11     4    14    14     0     2   -50.0  -10.256  -42.378   3963.0    597.9
     1     1    11     4    14    13     0     1   -51.0  -10.344  -42.084   3966.7    595.0
     1     1    11     4    14    12     0     0   -52.0  -10.428  -41.806   3923.6    593.9
     1     1    11     4    14    11     0     1   -53.0  -10.501  -41.539   3847.1    597.2
     1     1    11     4    14    10     0     2   -54.0  -10.554  -41.276   3768.1    600.2
     1     1    11     4    14     9     0     3   -55.0  -10.586  -41.014   3699.4    602.7
     1     1    11     4    14     8     0     2   -56.0  -10.609  -40.741   3667.9    610.8
     1     1    11     4    14     7     0     1   -57.0  -10.630  -40.446   3666.9    617.4
     1     1    11     4    14     6     0     0   -58.0  -10.647  -40.129   3699.8    621.9
     1     1    11     4    14     5     0     1   -59.0  -10.664  -39.798   3748.9    621.3
     1     1    11     4    14     4     0     2   -60.0  -10.687  -39.462   3797.6    619.3
     1     1    11     4    14     3     0     3   -61.0  -10.711  -39.119   3843.1    617.9
     1     1    11     4    14     2     0     2   -62.0  -10.743  -38.778   3885.6    616.6
     1     1    11     4    14     1     0     1   -63.0  -10.787  -38.447   3925.2    614.8
     1     1    11     4    14     0     0     0   -64.0  -10.842  -38.120   3956.4    613.3
     1     1    11     4    13    23     0     1   -65.0  -10.904  -37.801   3998.8    615.0
     1     1    11     4    13    22     0     2   -66.0  -10.972  -37.494   4062.2    616.2
     1     1    11     4    13    21     0     3   -67.0  -11.043  -37.194   4130.9    616.9
     1     1    11     4    13    20     0     2   -68.0  -11.110  -36.896   4189.6    616.6
     1     1    11     4    13    19     0     1   -69.0  -11.170  -36.600   4239.8    613.4
     1     1    11     4    13    18     0     0   -70.0  -11.226  -36.308   4297.4    609.3
     1     1    11     4    13    17     0     1   -71.0  -11.282  -36.020   4354.2    604.4
     1     1    11     4    13    16     0     2   -72.0  -11.339  -35.734   4398.8    601.1
     1     1    11     4    13    15     0     3   -73.0  -11.393  -35.453   4428.5    598.9
     1     1    11     4    13    14     0     2   -74.0  -11.446  -35.175   4449.0    598.1
     1     1    11     4    13    13     0     1   -75.0  -11.501  -34.900   4470.0    596.9
     1     1    11     4    13    12     0     0   -76.0  -11.557  -34.626   4495.2    595.4
     1     1    11     4    13    11     0     1   -77.0  -11.603  -34.355   4522.1    592.6
     1     1    11     4    13    10     0     2   -78.0  -11.633  -34.091   4545.9    590.2
     1     1    11     4    13     9     0     3   -79.0  -11.648  -33.833   4562.3    588.2
     1     1    11     4    13     8     0     2   -80.0  -11.653  -33.572   4568.1    587.7
     1     1    11     4    13     7     0     1   -81.0  -11.652  -33.303   4567.8    587.9
     1     1    11     4    13     6     0     0   -82.0  -11.645  -33.032   4569.4    588.0
     1     1    11     4    13     5     0     1   -83.0  -11.637  -32.759   4576.1    587.7
     1     1    11     4    13     4     0     2   -84.0  -11.629  -32.479   4585.4    587.1
     1     1    11     4    13     3     0     3   -85.0  -11.621  -32.191   4595.1    586.5
     1     1    11     4    13     2     0     2   -86.0  -11.614  -31.896   4605.9    586.0
     1     1    11     4    13     1     0     1   -87.0  -11.613  -31.594   4617.5    585.2
     1     1    11     4    13     0     0     0   -88.0  -11.615  -31.291   4625.2    584.6
     1     1    11     4    12    23     0     1   -89.0  -11.619  -30.991   4622.2    584.3
     1     1    11     4    12    22     0     2   -90.0  -11.623  -30.701   4612.4    585.4
     1     1    11     4    12    21     0     3   -91.0  -11.626  -30.422   4607.1    585.7
     1     1    11     4    12    20     0     2   -92.0  -11.627  -30.149   4609.3    585.6
     1     1    11     4    12    19     0     1   -93.0  -11.626  -29.877   4613.4    584.9
     1     1    11     4    12    18     0     0   -94.0  -11.626  -29.606   4608.9    584.9
     1     1    11     4    12    17     0     1   -95.0  -11.628  -29.333   4602.7    586.3
     1     1    11     4    12    16     0     2   -96.0  -11.632  -29.054   4607.8    586.1
     1     1    11     4    12    15     0     3   -97.0  -11.637  -28.771   4624.8    585.0
     1     1    11     4    12    14     0     2   -98.0  -11.644  -28.482   4649.5    583.1
     1     1    11     4    12    13     0     1   -99.0  -11.652  -28.183   4683.2    581.3
     1     1    11     4    12    12     0     0  -100.0  -11.663  -27.871   4735.3    578.0
     1     1    11     4    12    11     0     1  -101.0  -11.672  -27.549   4795.9    572.5
     1     1    11     4    12    10     0     2  -102.0  -11.679  -27.219   4853.5    568.1
     1     1    11     4    12     9     0     3  -103.0  -11.685  -26.884   4909.3    563.9
     1     1    11     4    12     8     0     2  -104.0  -11.698  -26.551   4956.2    559.9
     1     1    11     4    12     7     0     1  -105.0  -11.719  -26.227   4988.6    557.7
     1     1    11     4    12     6     0     0  -106.0  -11.746  -25.911   5010.7    556.2
     1     1    11     4    12     5     0     1  -107.0  -11.770  -25.600   5036.6    555.5
     1     1    11     4    12     4     0     2  -108.0  -11.788  -25.290   5080.0    552.8
     1     1    11     4    12     3     0     3  -109.0  -11.800  -24.977   5140.9    548.8
     1     1    11     4    12     2     0     2  -110.0  -11.813  -24.657   5193.4    543.6
     1     1    11     4    12     1     0     1  -111.0  -11.832  -24.329   5216.9    542.4
     1     1    11     4    12     0     0     0  -112.0  -11.857  -23.995   5220.4    542.6
     1     1    11     4    11    23     0     1  -113.0  -11.882  -23.662   5220.3    543.3
     1     1    11     4    11    22     0     2  -114.0  -11.901  -23.337   5230.5    542.8
     1     1    11     4    11    21     0     3  -115.0  -11.915  -23.017   5256.1    541.1
     1     1    11     4    11    20     0     2  -116.0  -11.926  -22.700   5283.8    538.0
     1     1    11     4    11    19     0     1  -117.0  -11.937  -22.382   5300.9    536.8
     1     1    11     4    11    18     0     0  -118.0  -11.946  -22.063   5314.4    535.9
     1     1    11     4    11    17     0     1  -119.0  -11.960  -21.740   5326.3    535.1
     1     1    11     4    11    16     0     2  -120.0  -11.984  -21.415   5329.3    534.7
     1     1    11     4    11    15     0     3  -121.0  -12.019  -21.084   5311.6    535.6
     1     1    11     4    11    14     0     2  -122.0  -12.068  -20.748   5292.2    538.8
     1     1    11     4    11    13     0     1  -123.0  -12.135  -20.408   5300.9    538.7
     1     1    11     4    11    12     0     0  -124.0  -12.219  -20.067   5346.7    536.1
     1     1    11     4    11    11     0     1  -125.0  -12.313  -19.730   5399.9    530.1
     1     1    11     4    11    10     0     2  -126.0  -12.411  -19.404   5429.3    528.1
     1     1    11     4    11     9     0     3  -127.0  -12.514  -19.086   5442.7    527.4
     1     1    11     4    11     8     0     2  -128.0  -12.620  -18.783   5453.1    527.1
     1     1    11     4    11     7     0     1  -129.0  -12.727  -18.496   5462.0    525.9
     1     1    11     4    11     6     0     0  -130.0  -12.832  -18.223   5456.5    525.6
     1     1    11     4    11     5     0     1  -131.0  -12.935  -17.957   5435.6    527.6
     1     1    11     4    11     4     0     2  -132.0  -13.033  -17.693   5408.3    529.9
     1     1    11     4    11     3     0     3  -133.0  -13.128  -17.436   5382.2    532.1
     1     1    11     4    11     2     0     2  -134.0  -13.222  -17.184   5367.4    533.8
     1     1    11     4    11     1     0     1  -135.0  -13.320  -16.934   5367.2    533.7
     1     1    11     4    11     0     0     0  -136.0  -13.420  -16.686   5375.2    533.2
     1     1    11     4    10    23     0     1  -137.0  -13.521  -16.444   5385.5    532.4
     1     1    11     4    10    22     0     2  -138.0  -13.621  -16.209   5395.2    531.9
     1     1    11     4    10    21     0     3  -139.0  -13.721  -15.977   5404.9    531.4
     1     1    11     4    10    20     0     2  -140.0  -13.821  -15.745   5413.8    530.4
     1     1    11     4    10    19     0     1  -141.0  -13.925  -15.514   5423.7    529.7
     1     1    11     4    10    18     0     0  -142.0  -14.033  -15.286   5441.2    528.5
     1     1    11     4    10    17     0     1  -143.0  -14.145  -15.060   5471.4    526.7
     1     1    11     4    10    16     0     2  -144.0  -14.260  -14.836   5511.2    523.9
     1     1    11     4    10    15     0     3  -145.0  -14.378  -14.614   5554.0    521.1
     1     1    11     4    10    14     0     2  -146.0  -14.496  -14.397   5590.4    518.4
     1     1    11     4    10    13     0     1  -147.0  -14.613  -14.187   5612.9    517.0
     1     1    11     4    10    12     0     0  -148.0  -14.732  -13.980   5622.3    516.6
     1     1    11     4    10    11     0     1  -149.0  -14.863  -13.777   5630.9    516.6
     1     1    11     4    10    10     0     2  -150.0  -15.020  -13.574   5648.5    515.2
     1     1    11     4    10     9     0     3  -151.0  -15.206  -13.375   5668.9    513.4
     1     1    11     4    10     8     0     2  -152.0  -15.413  -13.184   5686.6    511.9
     1     1    11     4    10     7     0     1  -153.0  -15.632  -13.009   5703.8    510.8
     1     1    11     4    10     6     0     0  -154.0  -15.863  -12.851   5728.5    509.3
     1     1    11     4    10     5     0     1  -155.0  -16.096  -12.706   5762.3    507.3
     1     1    11     4    10     4     0     2  -156.0  -16.325  -12.569   5801.2    505.0
     1     1    11     4    10     3     0     3  -157.0  -16.551  -12.439   5842.3    502.6
     1     1    11     4    10     2     0     2  -158.0  -16.775  -12.316   5873.9    500.1
     1     1    11     4    10     1     0     1  -159.0  -16.995  -12.205   5885.1    499.4
     1     1    11     4    10     0     0     0  -160.0  -17.211  -12.106   5873.5    500.2
     1     1    11     4     9    23     0     1  -161.0  -17.423  -12.015   5854.8    502.5
     1     1    11     4     9    22     0     2  -162.0  -17.633  -11.924   5852.0    503.0
     1     1    11     4     9    21     0     3  -163.0  -17.844  -11.834   5873.7    501.9
     1     1    11     4     9    20     0     2  -164.0  -18.063  -11.745   5925.1    498.4
     1     1    11     4     9    19     0     1  -165.0  -18.294  -11.657   6001.0    492.7
     1     1    11     4     9    18     0     0  -166.0  -18.538  -11.575   6094.2    486.5
     1     1    11     4     9    17     0     1  -167.0  -18.794  -11.495   6189.4    479.6
     1     1    11     4     9    16     0     2  -168.0  -19.068  -11.411   6272.0    474.6
     1     1    11     4     9    15     0     3  -169.0  -19.365  -11.321   6346.7    470.2
     1     1    11     4     9    14     0     2  -170.0  -19.694  -11.221   6413.9    466.0
     1     1    11     4     9    13     0     1  -171.0  -20.062  -11.118   6471.6    462.7
     1     1    11     4     9    12     0     0  -172.0  -20.460  -11.016   6509.4    459.9
     1     1    11     4     9    11     0     1  -173.0  -20.877  -10.924   6530.1    459.4
     1     1    11     4     9    10     0     2  -174.0  -21.313  -10.843   6560.2    458.1
     1     1    11     4     9     9     0     3  -175.0  -21.773  -10.769   6610.1    454.8
     1     1    11     4     9     8     0     2  -176.0  -22.259  -10.702   6669.3    450.5
     1     1    11     4     9     7     0     1  -177.0  -22.773  -10.641   6729.6    446.7
     1     1    11     4     9     6     0     0  -178.0  -23.314  -10.585   6795.1    442.7
     1     1    11     4     9     5     0     1  -179.0  -23.878  -10.521   6873.0    438.4
     1     1    11     4     9     4     0     2  -180.0  -24.458  -10.444   6975.0    433.1
     1     1    11     4     9     3     0     3  -181.0  -25.039  -10.363   7110.8    425.7
     1     1    11     4     9     2     0     2  -182.0  -25.614  -10.287   7267.4    416.5
     1     1    11     4     9     1     0     1  -183.0  -26.180  -10.211   7421.6    407.8
     1     1    11     4     9     0     0     0  -184.0  -26.733  -10.128   7566.6    400.2
     1     1    11     4     8    23     0     1  -185.0  -27.276  -10.055   7699.7    392.9
     1     1    11     4     8    22     0     2  -186.0  -27.810  -10.012   7806.1    387.0
     1     1    11     4     8    21     0     3  -187.0  -28.326  -10.002   7877.5    383.5
     1     1    11     4     8    20     0     2  -188.0  -28.814  -10.018   7926.6    381.4
     1     1    11     4     8    19     0     1  -189.0  -29.265  -10.048   7960.2    379.2
     1     1    11     4     8    18     0     0  -190.0  -29.677  -10.098   7967.0    378.5
     1     1    11     4     8    17     0     1  -191.0  -30.048  -10.172   7958.5    379.8
     1     1    11     4     8    16     0     2  -192.0  -30.376  -10.277   7960.5    380.3
     1     1    11     4     8    15     0     3  -193.0  -30.662  -10.415   7986.0    379.1
     1     1    11     4     8    14     0     2  -194.0  -30.917  -10.579   8034.1    376.6
     1     1    11     4     8    13     0     1  -195.0  -31.152  -10.764   8093.8    373.1
     1     1    11     4     8    12     0     0  -196.0  -31.367  -10.974   8151.9    370.0
     1     1    11     4     8    11     0     1  -197.0  -31.566  -11.209   8198.7    367.3
     1     1    11     4     8    10     0     2  -198.0  -31.753  -11.472   8234.7    365.7
     1     1    11     4     8     9     0     3  -199.0  -31.926  -11.765   8271.1    364.2
     1     1    11     4     8     8     0     2  -200.0  -32.082  -12.101   8306.6    361.9
     1     1    11     4     8     7     0     1  -201.0  -32.213  -12.494   8328.0    360.4
     1     1    11     4     8     6     0     0  -202.0  -32.312  -12.955   8331.6    360.2
     1     1    11     4     8     5     0     1  -203.0  -32.370  -13.490   8324.5    361.0
     1     1    11     4     8     4     0     2  -204.0  -32.375  -14.104   8316.3    361.8
     1     1    11     4     8     3     0     3  -205.0  -32.322  -14.796   8301.1    362.2
     1     1    11     4     8     2     0     2  -206.0  -32.206  -15.531   8283.8    363.9
     1     1    11     4     8     1     0     1  -207.0  -32.025  -16.279   8270.6    364.1
     1     1    11     4     8     0     0     0  -208.0  -31.777  -17.032   8264.3    364.9
     1     1    11     4     7    23     0     1  -209.0  -31.477  -17.775   8270.8    364.3
     1     1    11     4     7    22     0     2  -210.0  -31.133  -18.481   8281.7    364.0
     1     1    11     4     7    21     0     3  -211.0  -30.740  -19.141   8298.4    363.0
     1     1    11     4     7    20     0     2  -212.0  -30.317  -19.763   8298.1    362.1
     1     1    11     4     7    19     0     1  -213.0  -29.880  -20.353   8259.1    364.1
     1     1    11     4     7    18     0     0  -214.0  -29.432  -20.904   8181.3    368.1
     1     1    11     4     7    17     0     1  -215.0  -28.984  -21.420   8093.0    374.0
     1     1    11     4     7    16     0     2  -216.0  -28.538  -21.906   8034.1    377.9
     1     1    11     4     7    15     0     3  -217.0  -28.084  -22.346   8009.1    378.9
     1     1    11     4     7    14     0     2  -218.0  -27.623  -22.735   7978.0    378.9
     1     1    11     4     7    13     0     1  -219.0  -27.162  -23.071   7915.3    382.7
     1     1    11     4     7    12     0     0  -220.0  -26.707  -23.348   7833.2    387.3
     1     1    11     4     7    11     0     1  -221.0  -26.267  -23.579   7762.8    392.3
     1     1    11     4     7    10     0     2  -222.0  -25.852  -23.781   7725.7    393.9
     1     1    11     4     7     9     0     3  -223.0  -25.470  -23.958   7710.5    394.2
     1     1    11     4     7     8     0     2  -224.0  -25.119  -24.114   7707.6    394.3
     1     1    11     4     7     7     0     1  -225.0  -24.791  -24.253   7712.4    393.9
     1     1    11     4     7     6     0     0  -226.0  -24.482  -24.371   7723.4    393.3
     1     1    11     4     7     5     0     1  -227.0  -24.187  -24.461   7746.2    392.7
     1     1    11     4     7     4     0     2  -228.0  -23.898  -24.518   7790.4    390.8
     1     1    11     4     7     3     0     3  -229.0  -23.613  -24.535   7857.5    387.4
     1     1    11     4     7     2     0     2  -230.0  -23.338  -24.509   7928.2    383.1
     1     1    11     4     7     1     0     1  -231.0  -23.083  -24.439   7983.4    380.4
     1     1    11     4     7     0     0     0  -232.0  -22.853  -24.336   8023.0    378.6
     1     1    11     4     6    23     0     1  -233.0  -22.654  -24.218   8056.5    377.4
     1     1    11     4     6    22     0     2  -234.0  -22.486  -24.100   8090.3    375.7
     1     1    11     4     6    21     0     3  -235.0  -22.344  -23.979   8118.1    374.1
     1     1    11     4     6    20     0     2  -236.0  -22.220  -23.847   8129.7    373.1
     1     1    11     4     6    19     0     1  -237.0  -22.109  -23.700   8120.8    373.4
     1     1    11     4     6    18     0     0  -238.0  -22.013  -23.542   8093.2    374.7
     1     1    11     4     6    17     0     1  -239.0  -21.933  -23.381   8056.2    377.1
     1     1    11     4     6    16     0     2  -240.0  -21.867  -23.225   8021.4    379.2
     1     1    11     4     6    15     0     3  -241.0  -21.818  -23.077   7996.0    380.8
     1     1    11     4     6    14     0     2  -242.0  -21.785  -22.936   7984.2    381.6
     1     1    11     4     6    13     0     1  -243.0  -21.771  -22.804   7984.7    381.7
     1     1    11     4     6    12     0     0  -244.0  -21.774  -22.682   7991.7    381.3
     1     1    11     4     6    11     0     1  -245.0  -21.795  -22.578   8007.2    380.5
     1     1    11     4     6    10     0     2  -246.0  -21.833  -22.498   8037.5    378.8
     1     1    11     4     6     9     0     3  -247.0  -21.886  -22.442   8084.3    376.1
     1     1    11     4     6     8     0     2  -248.0  -21.942  -22.399   8141.5    372.8
     1     1    11     4     6     7     0     1  -249.0  -21.992  -22.362   8202.2    369.6
     1     1    11     4     6     6     0     0  -250.0  -22.037  -22.328   8266.5    366.3
     1     1    11     4     6     5     0     1  -251.0  -22.074  -22.303   8339.6    363.0
     1     1    11     4     6     4     0     2  -252.0  -22.101  -22.289   8426.2    358.7
     1     1    11     4     6     3     0     3  -253.0  -22.118  -22.284   8524.8    353.9
     1     1    11     4     6     2     0     2  -254.0  -22.141  -22.288   8615.5    348.8
     1     1    11     4     6     1     0     1  -255.0  -22.183  -22.298   8676.9    345.9
     1     1    11     4     6     0     0     0  -256.0  -22.242  -22.316   8707.7    344.6
     1     1    11     4     5    23     0     1  -257.0  -22.302  -22.331   8719.4    344.5
     1     1    11     4     5    22     0     2  -258.0  -22.353  -22.332   8725.0    344.1
     1     1    11     4     5    21     0     3  -259.0  -22.396  -22.318   8723.8    344.1
     1     1    11     4     5    20     0     2  -260.0  -22.439  -22.305   8733.4    344.3
     1     1    11     4     5    19     0     1  -261.0  -22.489  -22.312   8774.1    342.2
     1     1    11     4     5    18     0     0  -262.0  -22.550  -22.340   8848.9    338.6
     1     1    11     4     5    17     0     1  -263.0  -22.629  -22.389   8927.9    333.5
     1     1    11     4     5    16     0     2  -264.0  -22.725  -22.460   8976.1    331.3
     1     1    11     4     5    15     0     3  -265.0  -22.837  -22.554   8990.4    330.7
     1     1    11     4     5    14     0     2  -266.0  -22.961  -22.668   8996.9    331.6
     1     1    11     4     5    13     0     1  -267.0  -23.093  -22.802   9026.4    330.4
     1     1    11     4     5    12     0     0  -268.0  -23.230  -22.954   9081.1    327.9
     1     1    11     4     5    11     0     1  -269.0  -23.362  -23.140   9126.2    324.0
     1     1    11     4     5    10     0     2  -270.0  -23.485  -23.368   9139.5    323.6
     1     1    11     4     5     9     0     3  -271.0  -23.602  -23.634   9140.5    323.6
     1     1    11     4     5     8     0     2  -272.0  -23.711  -23.938   9132.6    323.6
     1     1    11     4     5     7     0     1  -273.0  -23.813  -24.279   9118.2    324.4
     1     1    11     4     5     6     0     0  -274.0  -23.898  -24.648   9097.2    325.0
     1     1    11     4     5     5     0     1  -275.0  -23.962  -25.046   9057.6    326.5
     1     1    11     4     5     4     0     2  -276.0  -24.005  -25.467   9038.6    329.4
     1     1    11     4     5     3     0     3  -277.0  -24.030  -25.902   9098.4    327.3
     1     1    11     4     5     2     0     2  -278.0  -24.035  -26.352   9200.9    320.2
     1     1    11     4     5     1     0     1  -279.0  -24.032  -26.820   9306.4    316.2
     1     1    11     4     5     0     0     0  -280.0  -24.025  -27.307   9425.1    310.5
     1     1    11     4     4    23     0     1  -281.0  -24.006  -27.804   9499.7    305.2
     1     1    11     4     4    22     0     2  -282.0  -23.981  -28.307   9514.6    305.9
     1     1    11     4     4    21     0     3  -283.0  -23.949  -28.839   9482.9    306.3
     1     1    11     4     4    20     0     2  -284.0  -23.892  -29.381   9394.7    310.2
     1     1    11     4     4    19     0     1  -285.0  -23.820  -29.911   9293.7    315.9
     1     1    11     4     4    18     0     0  -286.0  -23.727  -30.448   9215.7    319.4
     1     1    11     4     4    17     0     1  -287.0  -23.608  -30.991   9156.2    321.7
     1     1    11     4     4    16     0     2  -288.0  -23.475  -31.514   9057.9    324.1
     1     1    11     4     4    15     0     3  -289.0  -23.322  -32.000   8799.9    332.6
     1     1    11     4     4    14     0     2  -290.0  -23.164  -32.447   8465.1    356.0
     1     1    11     4     4    13     0     1  -291.0  -23.037  -32.873   8120.5    368.8
     1     1    11     4     4    12     0     0  -292.0  -22.966  -33.292   7797.6    390.1
     1     1    11     4     4    11     0     1  -293.0  -22.929  -33.740   7579.5    403.1
     1     1    11     4     4    10     0     2  -294.0  -22.906  -34.222   7460.8    406.5
     1     1    11     4     4     9     0     3  -295.0  -22.893  -34.728   7374.1    409.2
     1     1    11     4     4     8     0     2  -296.0  -22.884  -35.264   7288.6    413.4
     1     1    11     4     4     7     0     1  -297.0  -22.872  -35.817   7217.3    418.3
     1     1    11     4     4     6     0     0  -298.0  -22.865  -36.380   7172.5    420.2
     1     1    11     4     4     5     0     1  -299.0  -22.855  -36.975   7145.3    421.6
     1     1    11     4     4     4     0     2  -300.0  -22.825  -37.618   7027.4    422.7
     1     1    11     4     4     3     0     3  -301.0  -22.783  -38.287   6731.8    440.7
     1     1    11     4     4     2     0     2  -302.0  -22.720  -38.934   6470.1    467.4
     1     1    11     4     4     1     0     1  -303.0  -22.628  -39.569   6338.7    469.8
     1     1    11     4     4     0     0     0  -304.0  -22.502  -40.214   6233.1    475.2
     1     1    11     4     3    23     0     1  -305.0  -22.354  -40.850   6151.0    480.8
     1     1    11     4     3    22     0     2  -306.0  -22.205  -41.453   6016.7    477.0
     1     1    11     4     3    21     0     3  -307.0  -22.072  -42.026   5755.3    475.4
     1     1    11     4     3    20     0     2  -308.0  -21.931  -42.572   5463.9    490.6
     1     1    11     4     3    19     0     1  -309.0  -21.758  -43.100   5246.9    496.3
     1     1    11     4     3    18     0     0  -310.0  -21.566  -43.623   5048.6    494.8
     1     1    11     4     3    17     0     1  -311.0  -21.361  -44.135   4881.7    498.1
     1     1    11     4     3    16     0     2  -312.0  -21.125  -44.628   4801.6    506.7
     1     1    11     4     3    15     0     3  -313.0  -20.838  -45.104   4806.8    511.1
     1     1    11     4     3    14     0     2  -314.0  -20.541  -45.543   4815.6    508.3
     1     1    11     4     3    13     0     1  -315.0  -20.247  -45.935   4766.1    514.3
     1     1    11     4     3    12     0     0  -316.0  -19.943  -46.279   4717.8    518.3
     1     1    11     4     3    11     0     1  -317.0  -19.646  -46.604   4722.1    514.0
     1     1    11     4     3    10     0     2  -318.0  -19.366  -46.937   4760.4    508.2
     1     1    11     4     3     9     0     3  -319.0  -19.115  -47.279   4804.1    507.9
     1     1    11     4     3     8     0     2  -320.0  -18.888  -47.617   4820.8    509.8
     1     1    11     4     3     7     0     1  -321.0  -18.666  -47.927   4824.6    513.0
     1     1    11     4     3     6     0     0  -322.0  -18.440  -48.209   4829.6    516.0
     1     1    11     4     3     5     0     1  -323.0  -18.213  -48.460   4842.4    518.7
     1     1    11     4     3     4     0     2  -324.0  -17.980  -48.666   4868.9    518.8
     1     1    11     4     3     3     0     3  -325.0  -17.739  -48.824   4900.3    515.5
     1     1    11     4     3     2     0     2  -326.0  -17.516  -48.966   4919.1    511.4
     1     1    11     4     3     1     0     1  -327.0  -17.324  -49.117   4910.5    511.6
     1     1    11     4     3     0     0     0  -328.0  -17.158  -49.270   4873.9    514.5
     1     1    11     4     2    23     0     1  -329.0  -17.010  -49.402   4824.9    519.4
     1     1    11     4     2    22     0     2  -330.0  -16.880  -49.505   4778.6    522.6
     1     1    11     4     2    21     0     3  -331.0  -16.769  -49.584   4733.8    525.6
     1     1    11     4     2    20     0     2  -332.0  -16.671  -49.645   4700.3    528.5
     1     1    11     4     2    19     0     1  -333.0  -16.578  -49.692   4688.2    529.3
     1     1    11     4     2    18     0     0  -334.0  -16.490  -49.727   4697.8    528.4
     1     1    11     4     2    17     0     1  -335.0  -16.408  -49.742   4705.8    526.1
     1     1    11     4     2    16     0     2  -336.0  -16.333  -49.724   4693.5    526.6
