     3     1
    GDAS    11     1     8     0     0
    GDAS    11     1    15     0     0
    GDAS    11     1    22     0     0
     1 BACKWARD OMEGA   
  2011     1    24    15   -8.870  -56.760  4419.6
     1 PRESSURE
     1     1    11     1    24    15     0     3     0.0   -8.870  -56.760   4419.6    583.2
     1     1    11     1    24    14     0     2    -1.0   -8.945  -56.601   4437.2    582.3
     1     1    11     1    24    13     0     1    -2.0   -8.994  -56.449   4461.4    580.0
     1     1    11     1    24    12     0     0    -3.0   -9.025  -56.307   4483.5    576.6
     1     1    11     1    24    11     0     3    -4.0   -9.048  -56.167   4492.1    574.2
     1     1    11     1    24    10     0     6    -5.0   -9.063  -56.020   4491.2    573.6
     1     1    11     1    24     9     0     9    -6.0   -9.064  -55.868   4486.3    571.6
     1     1    11     1    24     8     0     8    -7.0   -9.055  -55.713   4477.2    570.5
     1     1    11     1    24     7     0     7    -8.0   -9.041  -55.558   4458.4    569.4
     1     1    11     1    24     6     0     6    -9.0   -9.022  -55.406   4413.2    570.1
     1     1    11     1    24     5     0     5   -10.0   -9.003  -55.254   4327.4    573.9
     1     1    11     1    24     4     0     4   -11.0   -8.991  -55.101   4218.3    581.5
     1     1    11     1    24     3     0     3   -12.0   -8.984  -54.947   4124.4    588.5
     1     1    11     1    24     2     0     2   -13.0   -8.981  -54.799   4071.8    593.7
     1     1    11     1    24     1     0     1   -14.0   -8.983  -54.667   4062.3    594.6
     1     1    11     1    24     0     0     0   -15.0   -8.992  -54.551   4088.7    592.9
     1     1    11     1    23    23     0     1   -16.0   -8.999  -54.456   4104.2    588.5
     1     1    11     1    23    22     0     2   -17.0   -8.995  -54.381   4066.0    591.5
     1     1    11     1    23    21     0     3   -18.0   -8.983  -54.322   3979.7    598.0
     1     1    11     1    23    20     0     2   -19.0   -8.965  -54.269   3889.6    608.3
     1     1    11     1    23    19     0     1   -20.0   -8.948  -54.218   3834.4    612.8
     1     1    11     1    23    18     0     0   -21.0   -8.931  -54.171   3809.8    615.1
     1     1    11     1    23    17     0     1   -22.0   -8.909  -54.122   3797.2    615.3
     1     1    11     1    23    16     0     2   -23.0   -8.876  -54.064   3779.4    617.4
     1     1    11     1    23    15     0     3   -24.0   -8.831  -53.999   3761.2    619.6
     1     1    11     1    23    14     0     2   -25.0   -8.783  -53.924   3745.1    620.5
     1     1    11     1    23    13     0     1   -26.0   -8.739  -53.837   3731.4    621.2
     1     1    11     1    23    12     0     0   -27.0   -8.699  -53.738   3719.4    621.9
     1     1    11     1    23    11     0     1   -28.0   -8.654  -53.637   3713.2    622.7
     1     1    11     1    23    10     0     2   -29.0   -8.596  -53.545   3717.5    622.5
     1     1    11     1    23     9     0     3   -30.0   -8.527  -53.464   3733.6    621.5
     1     1    11     1    23     8     0     2   -31.0   -8.453  -53.384   3748.0    619.9
     1     1    11     1    23     7     0     1   -32.0   -8.379  -53.292   3748.1    620.9
     1     1    11     1    23     6     0     0   -33.0   -8.306  -53.187   3738.8    622.8
     1     1    11     1    23     5     0     1   -34.0   -8.235  -53.071   3705.3    625.5
     1     1    11     1    23     4     0     2   -35.0   -8.169  -52.946   3618.5    632.7
     1     1    11     1    23     3     0     3   -36.0   -8.107  -52.811   3473.8    645.1
     1     1    11     1    23     2     0     2   -37.0   -8.052  -52.673   3296.2    660.8
     1     1    11     1    23     1     0     1   -38.0   -7.999  -52.535   3076.0    676.4
     1     1    11     1    23     0     0     0   -39.0   -7.945  -52.404   2772.3    699.8
     1     1    11     1    22    23     0     1   -40.0   -7.898  -52.282   2460.1    733.1
     1     1    11     1    22    22     0     2   -41.0   -7.866  -52.168   2213.8    753.6
     1     1    11     1    22    21     0     3   -42.0   -7.850  -52.063   2024.0    769.4
     1     1    11     1    22    20     0     2   -43.0   -7.844  -51.966   1889.0    782.3
     1     1    11     1    22    19     0     1   -44.0   -7.843  -51.873   1806.2    790.5
     1     1    11     1    22    18     0     0   -45.0   -7.843  -51.780   1770.3    793.7
     1     1    11     1    22    17     0     1   -46.0   -7.842  -51.677   1748.5    793.6
     1     1    11     1    22    16     0     2   -47.0   -7.843  -51.556   1716.8    797.2
     1     1    11     1    22    15     0     3   -48.0   -7.845  -51.416   1683.8    801.1
     1     1    11     1    22    14     0     2   -49.0   -7.848  -51.269   1663.1    803.7
     1     1    11     1    22    13     0     1   -50.0   -7.851  -51.123   1661.2    803.4
     1     1    11     1    22    12     0     0   -51.0   -7.855  -50.979   1673.4    801.8
     1     1    11     1    22    11     0     1   -52.0   -7.861  -50.849   1683.4    799.5
     1     1    11     1    22    10     0     2   -53.0   -7.868  -50.747   1679.5    799.7
     1     1    11     1    22     9     0     3   -54.0   -7.875  -50.675   1664.6    800.9
     1     1    11     1    22     8     0     2   -55.0   -7.880  -50.620   1651.2    803.4
     1     1    11     1    22     7     0     1   -56.0   -7.882  -50.567   1651.8    803.7
     1     1    11     1    22     6     0     0   -57.0   -7.882  -50.515   1669.5    802.4
     1     1    11     1    22     5     0     1   -58.0   -7.876  -50.465   1666.0    799.4
     1     1    11     1    22     4     0     2   -59.0   -7.865  -50.421   1599.8    805.9
     1     1    11     1    22     3     0     3   -60.0   -7.848  -50.388   1473.0    818.9
     1     1    11     1    22     2     0     2   -61.0   -7.824  -50.383   1337.1    836.1
     1     1    11     1    22     1     0     1   -62.0   -7.786  -50.413   1236.9    845.6
     1     1    11     1    22     0     0     0   -63.0   -7.736  -50.475   1170.4    851.9
     1     1    11     1    21    23     0     1   -64.0   -7.681  -50.562   1131.5    854.6
     1     1    11     1    21    22     0     2   -65.0   -7.624  -50.666   1116.4    855.4
     1     1    11     1    21    21     0     3   -66.0   -7.566  -50.779   1126.7    854.0
     1     1    11     1    21    20     0     2   -67.0   -7.504  -50.888   1144.7    850.9
     1     1    11     1    21    19     0     1   -68.0   -7.438  -50.987   1145.8    850.8
     1     1    11     1    21    18     0     0   -69.0   -7.368  -51.079   1130.4    853.4
     1     1    11     1    21    17     0     1   -70.0   -7.301  -51.157   1118.7    856.7
     1     1    11     1    21    16     0     2   -71.0   -7.242  -51.208   1120.2    856.7
     1     1    11     1    21    15     0     3   -72.0   -7.189  -51.229   1126.3    856.3
     1     1    11     1    21    14     0     2   -73.0   -7.143  -51.224   1133.2    855.8
     1     1    11     1    21    13     0     1   -74.0   -7.101  -51.198   1139.6    855.4
     1     1    11     1    21    12     0     0   -75.0   -7.064  -51.149   1143.9    855.1
     1     1    11     1    21    11     0     1   -76.0   -7.022  -51.094   1146.4    854.4
     1     1    11     1    21    10     0     2   -77.0   -6.971  -51.047   1148.4    853.6
     1     1    11     1    21     9     0     3   -78.0   -6.910  -51.006   1150.1    853.0
     1     1    11     1    21     8     0     2   -79.0   -6.839  -50.976   1177.9    853.1
     1     1    11     1    21     7     0     1   -80.0   -6.761  -50.955   1254.8    845.2
     1     1    11     1    21     6     0     0   -81.0   -6.681  -50.934   1375.6    833.3
     1     1    11     1    21     5     0     1   -82.0   -6.605  -50.897   1465.0    818.3
     1     1    11     1    21     4     0     2   -83.0   -6.524  -50.845   1458.3    819.8
     1     1    11     1    21     3     0     3   -84.0   -6.427  -50.784   1376.8    829.0
     1     1    11     1    21     2     0     2   -85.0   -6.313  -50.727   1302.8    842.8
     1     1    11     1    21     1     0     1   -86.0   -6.195  -50.676   1294.3    843.0
     1     1    11     1    21     0     0     0   -87.0   -6.083  -50.630   1346.2    837.6
     1     1    11     1    20    23     0     1   -88.0   -5.988  -50.597   1410.6    826.5
     1     1    11     1    20    22     0     2   -89.0   -5.905  -50.589   1442.4    823.4
     1     1    11     1    20    21     0     3   -90.0   -5.831  -50.606   1445.4    823.5
     1     1    11     1    20    20     0     2   -91.0   -5.762  -50.641   1429.3    826.0
     1     1    11     1    20    19     0     1   -92.0   -5.696  -50.686   1402.2    829.3
     1     1    11     1    20    18     0     0   -93.0   -5.635  -50.741   1371.0    832.9
     1     1    11     1    20    17     0     1   -94.0   -5.584  -50.797   1346.9    836.5
     1     1    11     1    20    16     0     2   -95.0   -5.548  -50.845   1333.2    838.0
     1     1    11     1    20    15     0     3   -96.0   -5.528  -50.884   1325.6    839.0
     1     1    11     1    20    14     0     2   -97.0   -5.514  -50.909   1327.2    839.4
     1     1    11     1    20    13     0     1   -98.0   -5.494  -50.915   1341.9    837.9
     1     1    11     1    20    12     0     0   -99.0   -5.471  -50.901   1366.7    835.5
     1     1    11     1    20    11     0     1  -100.0   -5.445  -50.868   1389.1    831.7
     1     1    11     1    20    10     0     2  -101.0   -5.416  -50.815   1396.1    830.6
     1     1    11     1    20     9     0     3  -102.0   -5.380  -50.743   1387.0    831.2
     1     1    11     1    20     8     0     2  -103.0   -5.349  -50.663   1370.5    834.0
     1     1    11     1    20     7     0     1  -104.0   -5.333  -50.581   1355.9    835.9
     1     1    11     1    20     6     0     0  -105.0   -5.332  -50.500   1345.5    837.5
     1     1    11     1    20     5     0     1  -106.0   -5.333  -50.433   1328.1    838.8
     1     1    11     1    20     4     0     2  -107.0   -5.324  -50.394   1290.2    843.2
     1     1    11     1    20     3     0     3  -108.0   -5.306  -50.385   1231.2    849.8
     1     1    11     1    20     2     0     2  -109.0   -5.280  -50.400   1169.9    858.0
     1     1    11     1    20     1     0     1  -110.0   -5.246  -50.426   1121.1    862.7
     1     1    11     1    20     0     0     0  -111.0   -5.205  -50.461   1082.5    866.3
     1     1    11     1    19    23     0     1  -112.0   -5.158  -50.501   1059.1    868.6
     1     1    11     1    19    22     0     2  -113.0   -5.106  -50.541   1059.0    868.1
     1     1    11     1    19    21     0     3  -114.0   -5.052  -50.576   1086.5    865.0
     1     1    11     1    19    20     0     2  -115.0   -4.995  -50.602   1119.0    859.5
     1     1    11     1    19    19     0     1  -116.0   -4.934  -50.619   1131.4    859.2
     1     1    11     1    19    18     0     0  -117.0   -4.868  -50.626   1128.3    860.8
     1     1    11     1    19    17     0     1  -118.0   -4.804  -50.623   1115.8    863.6
     1     1    11     1    19    16     0     2  -119.0   -4.746  -50.613   1091.3    867.1
     1     1    11     1    19    15     0     3  -120.0   -4.691  -50.599   1049.2    872.4
     1     1    11     1    19    14     0     2  -121.0   -4.635  -50.579    999.9    879.6
     1     1    11     1    19    13     0     1  -122.0   -4.574  -50.548    954.2    885.4
     1     1    11     1    19    12     0     0  -123.0   -4.507  -50.510    909.7    891.1
     1     1    11     1    19    11     0     1  -124.0   -4.427  -50.471    870.7    896.9
     1     1    11     1    19    10     0     2  -125.0   -4.327  -50.437    842.9    900.8
     1     1    11     1    19     9     0     3  -126.0   -4.207  -50.412    826.0    903.7
     1     1    11     1    19     8     0     2  -127.0   -4.074  -50.391    812.2    906.1
     1     1    11     1    19     7     0     1  -128.0   -3.933  -50.364    794.9    909.4
     1     1    11     1    19     6     0     0  -129.0   -3.782  -50.321    776.5    912.6
     1     1    11     1    19     5     0     1  -130.0   -3.625  -50.262    752.8    916.2
     1     1    11     1    19     4     0     2  -131.0   -3.466  -50.189    712.4    921.7
     1     1    11     1    19     3     0     3  -132.0   -3.297  -50.104    649.2    930.3
     1     1    11     1    19     2     0     2  -133.0   -3.101  -50.012    571.8    940.8
     1     1    11     1    19     1     0     1  -134.0   -2.876  -49.923    497.1    950.4
     1     1    11     1    19     0     0     0  -135.0   -2.634  -49.838    437.8    958.1
     1     1    11     1    18    23     0     1  -136.0   -2.402  -49.749    399.7    962.1
     1     1    11     1    18    22     0     2  -137.0   -2.197  -49.660    377.9    963.7
     1     1    11     1    18    21     0     3  -138.0   -2.014  -49.583    365.1    965.0
     1     1    11     1    18    20     0     2  -139.0   -1.854  -49.511    352.3    965.8
     1     1    11     1    18    19     0     1  -140.0   -1.719  -49.435    333.5    968.0
     1     1    11     1    18    18     0     0  -141.0   -1.608  -49.357    309.3    971.1
     1     1    11     1    18    17     0     1  -142.0   -1.511  -49.269    285.5    975.4
     1     1    11     1    18    16     0     2  -143.0   -1.416  -49.161    266.6    978.5
     1     1    11     1    18    15     0     3  -144.0   -1.325  -49.036    250.4    980.9
     1     1    11     1    18    14     0     2  -145.0   -1.231  -48.899    236.9    982.7
     1     1    11     1    18    13     0     1  -146.0   -1.133  -48.760    227.0    984.2
     1     1    11     1    18    12     0     0  -147.0   -1.032  -48.618    223.2    985.3
     1     1    11     1    18    11     0     1  -148.0   -0.944  -48.475    223.3    984.4
     1     1    11     1    18    10     0     2  -149.0   -0.884  -48.334    224.6    983.7
     1     1    11     1    18     9     0     3  -150.0   -0.852  -48.195    227.6    982.9
     1     1    11     1    18     8     0     2  -151.0   -0.829  -48.052    230.9    982.1
     1     1    11     1    18     7     0     1  -152.0   -0.792  -47.895    230.1    981.9
     1     1    11     1    18     6     0     0  -153.0   -0.738  -47.726    222.5    982.4
     1     1    11     1    18     5     0     1  -154.0   -0.665  -47.547    211.4    984.3
     1     1    11     1    18     4     0     2  -155.0   -0.573  -47.356    201.4    985.6
     1     1    11     1    18     3     0     3  -156.0   -0.467  -47.149    192.7    986.8
     1     1    11     1    18     2     0     2  -157.0   -0.353  -46.923    186.3    987.9
     1     1    11     1    18     1     0     1  -158.0   -0.238  -46.678    183.8    988.5
     1     1    11     1    18     0     0     0  -159.0   -0.122  -46.419    184.7    988.5
     1     1    11     1    17    23     0     1  -160.0   -0.004  -46.160    185.8    987.7
     1     1    11     1    17    22     0     2  -161.0    0.114  -45.911    186.0    987.4
     1     1    11     1    17    21     0     3  -162.0    0.225  -45.672    186.6    986.9
     1     1    11     1    17    20     0     2  -163.0    0.327  -45.439    184.4    986.9
     1     1    11     1    17    19     0     1  -164.0    0.426  -45.204    175.7    987.9
     1     1    11     1    17    18     0     0  -165.0    0.526  -44.966    157.3    990.0
     1     1    11     1    17    17     0     1  -166.0    0.627  -44.717    137.4    994.0
     1     1    11     1    17    16     0     2  -167.0    0.732  -44.454    123.6    995.7
     1     1    11     1    17    15     0     3  -168.0    0.845  -44.178    112.9    997.0
     1     1    11     1    17    14     0     2  -169.0    0.964  -43.891    104.4    998.0
     1     1    11     1    17    13     0     1  -170.0    1.083  -43.595    100.8    998.7
     1     1    11     1    17    12     0     0  -171.0    1.202  -43.286    104.6    998.4
     1     1    11     1    17    11     0     1  -172.0    1.328  -42.967    110.4    996.8
     1     1    11     1    17    10     0     2  -173.0    1.466  -42.650    111.5    996.2
     1     1    11     1    17     9     0     3  -174.0    1.616  -42.338    109.1    996.4
     1     1    11     1    17     8     0     2  -175.0    1.774  -42.029    105.6    996.5
     1     1    11     1    17     7     0     1  -176.0    1.937  -41.718    103.4    996.9
     1     1    11     1    17     6     0     0  -177.0    2.103  -41.406    103.7    996.5
     1     1    11     1    17     5     0     1  -178.0    2.267  -41.089    104.3    996.7
     1     1    11     1    17     4     0     2  -179.0    2.428  -40.768    104.5    997.0
     1     1    11     1    17     3     0     3  -180.0    2.583  -40.443    103.3    997.4
     1     1    11     1    17     2     0     2  -181.0    2.734  -40.124    100.7    997.9
     1     1    11     1    17     1     0     1  -182.0    2.881  -39.819     97.3    998.4
     1     1    11     1    17     0     0     0  -183.0    3.024  -39.527     93.4    999.0
     1     1    11     1    16    23     0     1  -184.0    3.168  -39.238     91.4    999.0
     1     1    11     1    16    22     0     2  -185.0    3.316  -38.938     93.2    998.3
     1     1    11     1    16    21     0     3  -186.0    3.468  -38.626     98.7    997.3
     1     1    11     1    16    20     0     2  -187.0    3.624  -38.309    104.1    996.1
     1     1    11     1    16    19     0     1  -188.0    3.785  -37.989    106.4    995.6
     1     1    11     1    16    18     0     0  -189.0    3.953  -37.663    105.1    995.3
     1     1    11     1    16    17     0     1  -190.0    4.133  -37.332    101.3    996.8
     1     1    11     1    16    16     0     2  -191.0    4.327  -36.999     98.2    998.1
     1     1    11     1    16    15     0     3  -192.0    4.533  -36.670     97.2    999.1
     1     1    11     1    16    14     0     2  -193.0    4.741  -36.345     96.8    999.1
     1     1    11     1    16    13     0     1  -194.0    4.944  -36.021     96.1    999.3
     1     1    11     1    16    12     0     0  -195.0    5.142  -35.695     94.3    999.4
     1     1    11     1    16    11     0     1  -196.0    5.343  -35.372     91.3    999.7
     1     1    11     1    16    10     0     2  -197.0    5.553  -35.054     89.8    999.8
     1     1    11     1    16     9     0     3  -198.0    5.778  -34.739     92.5    999.3
     1     1    11     1    16     8     0     2  -199.0    6.013  -34.430     97.1    998.3
     1     1    11     1    16     7     0     1  -200.0    6.253  -34.134     99.7    997.8
     1     1    11     1    16     6     0     0  -201.0    6.494  -33.851    100.7    997.7
     1     1    11     1    16     5     0     1  -202.0    6.728  -33.570    101.3    998.1
     1     1    11     1    16     4     0     2  -203.0    6.944  -33.281    101.7    998.4
     1     1    11     1    16     3     0     3  -204.0    7.142  -32.984    102.0    998.7
     1     1    11     1    16     2     0     2  -205.0    7.330  -32.675    102.8    998.7
     1     1    11     1    16     1     0     1  -206.0    7.518  -32.350    104.8    998.5
     1     1    11     1    16     0     0     0  -207.0    7.705  -32.014    106.8    998.3
     1     1    11     1    15    23     0     1  -208.0    7.892  -31.684    108.5    998.0
     1     1    11     1    15    22     0     2  -209.0    8.080  -31.374    110.1    997.6
     1     1    11     1    15    21     0     3  -210.0    8.271  -31.084    111.9    997.3
     1     1    11     1    15    20     0     2  -211.0    8.463  -30.800    113.9    996.9
     1     1    11     1    15    19     0     1  -212.0    8.651  -30.513    115.9    996.5
     1     1    11     1    15    18     0     0  -213.0    8.827  -30.225    118.3    996.0
     1     1    11     1    15    17     0     1  -214.0    9.005  -29.940    120.1    996.0
     1     1    11     1    15    16     0     2  -215.0    9.203  -29.653    120.9    996.3
     1     1    11     1    15    15     0     3  -216.0    9.421  -29.361    121.4    996.6
     1     1    11     1    15    14     0     2  -217.0    9.649  -29.066    121.6    997.1
     1     1    11     1    15    13     0     1  -218.0    9.885  -28.773    121.5    997.5
     1     1    11     1    15    12     0     0  -219.0   10.132  -28.479    120.9    998.0
     1     1    11     1    15    11     0     1  -220.0   10.383  -28.191    120.6    997.8
     1     1    11     1    15    10     0     2  -221.0   10.626  -27.917    120.8    997.5
     1     1    11     1    15     9     0     3  -222.0   10.860  -27.655    121.1    997.2
     1     1    11     1    15     8     0     2  -223.0   11.087  -27.402    122.1    997.2
     1     1    11     1    15     7     0     1  -224.0   11.309  -27.156    123.7    997.0
     1     1    11     1    15     6     0     0  -225.0   11.525  -26.917    124.6    996.9
     1     1    11     1    15     5     0     1  -226.0   11.732  -26.679    124.9    997.2
     1     1    11     1    15     4     0     2  -227.0   11.927  -26.435    125.4    997.3
     1     1    11     1    15     3     0     3  -228.0   12.110  -26.184    125.6    997.4
     1     1    11     1    15     2     0     2  -229.0   12.296  -25.931    125.8    997.6
     1     1    11     1    15     1     0     1  -230.0   12.497  -25.683    126.3    997.7
     1     1    11     1    15     0     0     0  -231.0   12.713  -25.437    127.2    997.8
     1     1    11     1    14    23     0     1  -232.0   12.941  -25.187    130.0    997.4
     1     1    11     1    14    22     0     2  -233.0   13.177  -24.930    136.9    996.6
     1     1    11     1    14    21     0     3  -234.0   13.419  -24.672    147.6    995.2
     1     1    11     1    14    20     0     2  -235.0   13.661  -24.419    160.3    993.2
     1     1    11     1    14    19     0     1  -236.0   13.893  -24.175    175.2    991.5
     1     1    11     1    14    18     0     0  -237.0   14.114  -23.933    197.0    988.7
     1     1    11     1    14    17     0     1  -238.0   14.333  -23.695    226.1    984.8
     1     1    11     1    14    16     0     2  -239.0   14.561  -23.459    257.8    981.2
     1     1    11     1    14    15     0     3  -240.0   14.796  -23.222    286.0    977.8
     1     1    11     1    14    14     0     2  -241.0   15.039  -22.983    305.4    976.5
     1     1    11     1    14    13     0     1  -242.0   15.285  -22.743    314.5    976.1
     1     1    11     1    14    12     0     0  -243.0   15.529  -22.502    316.5    976.7
     1     1    11     1    14    11     0     1  -244.0   15.773  -22.259    314.5    977.1
     1     1    11     1    14    10     0     2  -245.0   16.021  -22.007    312.2    977.5
     1     1    11     1    14     9     0     3  -246.0   16.275  -21.744    312.4    977.5
     1     1    11     1    14     8     0     2  -247.0   16.538  -21.485    314.5    977.0
     1     1    11     1    14     7     0     1  -248.0   16.809  -21.241    317.2    976.5
     1     1    11     1    14     6     0     0  -249.0   17.086  -21.012    319.4    976.1
     1     1    11     1    14     5     0     1  -250.0   17.359  -20.800    322.2    976.3
     1     1    11     1    14     4     0     2  -251.0   17.621  -20.608    326.3    976.0
     1     1    11     1    14     3     0     3  -252.0   17.877  -20.437    330.2    975.7
     1     1    11     1    14     2     0     2  -253.0   18.126  -20.271    332.7    975.5
     1     1    11     1    14     1     0     1  -254.0   18.362  -20.099    334.1    975.5
     1     1    11     1    14     0     0     0  -255.0   18.582  -19.925    335.8    975.6
     1     1    11     1    13    23     0     1  -256.0   18.791  -19.752    341.4    975.5
     1     1    11     1    13    22     0     2  -257.0   18.994  -19.581    355.4    974.3
     1     1    11     1    13    21     0     3  -258.0   19.193  -19.412    379.2    971.8
     1     1    11     1    13    20     0     2  -259.0   19.385  -19.243    408.6    968.1
     1     1    11     1    13    19     0     1  -260.0   19.570  -19.070    440.3    964.6
     1     1    11     1    13    18     0     0  -261.0   19.744  -18.896    475.5    960.2
     1     1    11     1    13    17     0     1  -262.0   19.902  -18.716    507.4    956.0
     1     1    11     1    13    16     0     2  -263.0   20.043  -18.527    528.3    953.7
     1     1    11     1    13    15     0     3  -264.0   20.169  -18.327    538.7    952.9
     1     1    11     1    13    14     0     2  -265.0   20.282  -18.113    545.3    953.5
     1     1    11     1    13    13     0     1  -266.0   20.384  -17.879    553.7    953.2
     1     1    11     1    13    12     0     0  -267.0   20.471  -17.622    562.9    952.9
     1     1    11     1    13    11     0     1  -268.0   20.545  -17.349    572.9    951.7
     1     1    11     1    13    10     0     2  -269.0   20.612  -17.074    582.4    950.5
     1     1    11     1    13     9     0     3  -270.0   20.673  -16.789    593.8    946.8
     1     1    11     1    13     8     0     2  -271.0   20.729  -16.492    614.3    940.4
     1     1    11     1    13     7     0     1  -272.0   20.786  -16.190    649.5    931.9
     1     1    11     1    13     6     0     0  -273.0   20.849  -15.894    700.1    920.6
     1     1    11     1    13     5     0     1  -274.0   20.914  -15.599    757.3    909.0
     1     1    11     1    13     4     0     2  -275.0   20.979  -15.295    815.4    898.3
     1     1    11     1    13     3     0     3  -276.0   21.052  -14.987    878.2    888.0
     1     1    11     1    13     2     0     2  -277.0   21.123  -14.687    928.3    883.2
     1     1    11     1    13     1     0     1  -278.0   21.183  -14.394    951.8    884.4
     1     1    11     1    13     0     0     0  -279.0   21.238  -14.107    962.0    886.7
     1     1    11     1    12    23     0     1  -280.0   21.291  -13.818    967.0    885.3
     1     1    11     1    12    22     0     2  -281.0   21.341  -13.519    977.5    881.5
     1     1    11     1    12    21     0     3  -282.0   21.387  -13.211   1001.9    875.8
     1     1    11     1    12    20     0     2  -283.0   21.429  -12.906   1038.8    869.1
     1     1    11     1    12    19     0     1  -284.0   21.470  -12.615   1078.0    863.7
     1     1    11     1    12    18     0     0  -285.0   21.513  -12.333   1113.4    859.8
     1     1    11     1    12    17     0     1  -286.0   21.551  -12.045   1143.8    855.9
     1     1    11     1    12    16     0     2  -287.0   21.582  -11.736   1170.8    853.4
     1     1    11     1    12    15     0     3  -288.0   21.608  -11.406   1203.8    850.1
     1     1    11     1    12    14     0     2  -289.0   21.636  -11.055   1251.8    845.9
     1     1    11     1    12    13     0     1  -290.0   21.673  -10.688   1305.4    841.7
     1     1    11     1    12    12     0     0  -291.0   21.719  -10.316   1342.1    841.3
     1     1    11     1    12    11     0     1  -292.0   21.765   -9.951   1357.1    842.4
     1     1    11     1    12    10     0     2  -293.0   21.803   -9.608   1356.9    843.0
     1     1    11     1    12     9     0     3  -294.0   21.833   -9.284   1351.1    843.4
     1     1    11     1    12     8     0     2  -295.0   21.863   -8.973   1339.1    844.0
     1     1    11     1    12     7     0     1  -296.0   21.898   -8.664   1324.5    842.9
     1     1    11     1    12     6     0     0  -297.0   21.938   -8.354   1313.4    840.8
     1     1    11     1    12     5     0     1  -298.0   21.981   -8.045   1314.4    838.9
     1     1    11     1    12     4     0     2  -299.0   22.028   -7.742   1333.5    837.2
     1     1    11     1    12     3     0     3  -300.0   22.077   -7.447   1363.1    835.5
     1     1    11     1    12     2     0     2  -301.0   22.127   -7.161   1392.7    833.0
     1     1    11     1    12     1     0     1  -302.0   22.180   -6.879   1413.8    831.9
     1     1    11     1    12     0     0     0  -303.0   22.237   -6.600   1429.1    831.2
     1     1    11     1    11    23     0     1  -304.0   22.297   -6.324   1439.6    830.7
     1     1    11     1    11    22     0     2  -305.0   22.359   -6.046   1444.2    830.9
     1     1    11     1    11    21     0     3  -306.0   22.424   -5.763   1445.7    832.0
     1     1    11     1    11    20     0     2  -307.0   22.493   -5.482   1453.9    832.4
     1     1    11     1    11    19     0     1  -308.0   22.568   -5.216   1471.7    830.8
     1     1    11     1    11    18     0     0  -309.0   22.649   -4.966   1493.3    828.6
     1     1    11     1    11    17     0     1  -310.0   22.731   -4.726   1510.3    825.8
     1     1    11     1    11    16     0     2  -311.0   22.805   -4.489   1515.2    824.6
     1     1    11     1    11    15     0     3  -312.0   22.872   -4.255   1504.5    824.8
     1     1    11     1    11    14     0     2  -313.0   22.936   -4.015   1479.6    827.4
     1     1    11     1    11    13     0     1  -314.0   23.004   -3.765   1452.8    832.6
     1     1    11     1    11    12     0     0  -315.0   23.074   -3.507   1434.5    836.7
     1     1    11     1    11    11     0     1  -316.0   23.149   -3.248   1427.1    838.7
     1     1    11     1    11    10     0     2  -317.0   23.229   -2.995   1429.3    839.7
     1     1    11     1    11     9     0     3  -318.0   23.316   -2.751   1438.9    837.2
     1     1    11     1    11     8     0     2  -319.0   23.407   -2.522   1456.3    833.7
     1     1    11     1    11     7     0     1  -320.0   23.500   -2.312   1478.1    830.0
     1     1    11     1    11     6     0     0  -321.0   23.594   -2.120   1501.0    826.3
     1     1    11     1    11     5     0     1  -322.0   23.684   -1.946   1522.0    823.1
     1     1    11     1    11     4     0     2  -323.0   23.769   -1.786   1539.7    820.1
     1     1    11     1    11     3     0     3  -324.0   23.850   -1.637   1553.8    817.6
     1     1    11     1    11     2     0     2  -325.0   23.926   -1.496   1564.6    815.8
     1     1    11     1    11     1     0     1  -326.0   24.000   -1.361   1571.7    814.4
     1     1    11     1    11     0     0     0  -327.0   24.069   -1.233   1575.0    813.8
     1     1    11     1    10    23     0     1  -328.0   24.134   -1.114   1581.4    813.4
     1     1    11     1    10    22     0     2  -329.0   24.192   -1.004   1596.8    811.5
     1     1    11     1    10    21     0     3  -330.0   24.244   -0.904   1621.0    809.3
     1     1    11     1    10    20     0     2  -331.0   24.290   -0.816   1652.0    806.4
     1     1    11     1    10    19     0     1  -332.0   24.331   -0.744   1688.1    803.2
     1     1    11     1    10    18     0     0  -333.0   24.369   -0.689   1729.3    799.5
     1     1    11     1    10    17     0     1  -334.0   24.401   -0.650   1769.0    795.0
     1     1    11     1    10    16     0     2  -335.0   24.426   -0.623   1800.7    791.8
     1     1    11     1    10    15     0     3  -336.0   24.441   -0.607   1824.2    789.4
