     3     1
    GDAS    11     8     8     0     0
    GDAS    11     8    15     0     0
    GDAS    11     8    22     0     0
     1 BACKWARD OMEGA   
  2011     8    23    16   -8.860  -56.740   609.6
     1 PRESSURE
     1     1    11     8    23    16     0     2     0.0   -8.860  -56.740    609.6    922.5
     1     1    11     8    23    15     0     3    -1.0   -8.979  -56.590    642.5    919.8
     1     1    11     8    23    14     0     2    -2.0   -9.114  -56.441    658.2    915.8
     1     1    11     8    23    13     0     1    -3.0   -9.267  -56.288    656.8    913.7
     1     1    11     8    23    12     0     0    -4.0   -9.453  -56.125    646.6    913.1
     1     1    11     8    23    11     0     1    -5.0   -9.663  -55.942    639.6    912.0
     1     1    11     8    23    10     0     2    -6.0   -9.874  -55.731    635.2    910.5
     1     1    11     8    23     9     0     3    -7.0  -10.090  -55.497    624.5    910.5
     1     1    11     8    23     8     0     2    -8.0  -10.302  -55.269    589.4    911.4
     1     1    11     8    23     7     0     1    -9.0  -10.503  -55.071    522.1    917.0
     1     1    11     8    23     6     0     0   -10.0  -10.704  -54.907    436.5    925.9
     1     1    11     8    23     5     0     1   -11.0  -10.893  -54.775    363.9    935.9
     1     1    11     8    23     4     0     2   -12.0  -11.056  -54.665    320.4    940.4
     1     1    11     8    23     3     0     3   -13.0  -11.201  -54.574    293.8    943.0
     1     1    11     8    23     2     0     2   -14.0  -11.334  -54.496    274.6    945.0
     1     1    11     8    23     1     0     1   -15.0  -11.458  -54.425    258.2    947.0
     1     1    11     8    23     0     0     0   -16.0  -11.573  -54.363    244.1    948.8
     1     1    11     8    22    23     0     1   -17.0  -11.679  -54.304    231.3    950.2
     1     1    11     8    22    22     0     2   -18.0  -11.775  -54.246    219.7    951.8
     1     1    11     8    22    21     0     3   -19.0  -11.861  -54.187    209.9    953.4
     1     1    11     8    22    20     0     2   -20.0  -11.938  -54.124    200.1    955.8
     1     1    11     8    22    19     0     1   -21.0  -12.006  -54.054    188.6    958.9
     1     1    11     8    22    18     0     0   -22.0  -12.061  -53.973    175.9    961.5
     1     1    11     8    22    17     0     1   -23.0  -12.114  -53.889    162.5    963.6
     1     1    11     8    22    16     0     2   -24.0  -12.179  -53.808    149.3    965.8
     1     1    11     8    22    15     0     3   -25.0  -12.253  -53.728    137.2    967.8
     1     1    11     8    22    14     0     2   -26.0  -12.341  -53.655    129.1    968.6
     1     1    11     8    22    13     0     1   -27.0  -12.446  -53.596    127.0    968.7
     1     1    11     8    22    12     0     0   -28.0  -12.570  -53.548    130.5    968.2
     1     1    11     8    22    11     0     1   -29.0  -12.713  -53.516    139.7    966.6
     1     1    11     8    22    10     0     2   -30.0  -12.876  -53.503    156.3    964.0
     1     1    11     8    22     9     0     3   -31.0  -13.070  -53.507    186.3    958.6
     1     1    11     8    22     8     0     2   -32.0  -13.312  -53.508    236.6    947.5
     1     1    11     8    22     7     0     1   -33.0  -13.604  -53.480    315.8    933.0
     1     1    11     8    22     6     0     0   -34.0  -13.937  -53.407    438.1    914.3
     1     1    11     8    22     5     0     1   -35.0  -14.238  -53.292    547.0    894.8
     1     1    11     8    22     4     0     2   -36.0  -14.484  -53.177    603.4    890.1
     1     1    11     8    22     3     0     3   -37.0  -14.703  -53.093    623.1    889.5
     1     1    11     8    22     2     0     2   -38.0  -14.915  -53.039    620.0    889.8
     1     1    11     8    22     1     0     1   -39.0  -15.122  -53.000    600.8    893.0
     1     1    11     8    22     0     0     0   -40.0  -15.316  -52.973    572.5    898.0
     1     1    11     8    21    23     0     1   -41.0  -15.496  -52.961    546.4    902.3
     1     1    11     8    21    22     0     2   -42.0  -15.659  -52.957    537.1    904.6
     1     1    11     8    21    21     0     3   -43.0  -15.799  -52.949    557.8    903.7
     1     1    11     8    21    20     0     2   -44.0  -15.925  -52.936    603.5    899.2
     1     1    11     8    21    19     0     1   -45.0  -16.045  -52.916    657.7    893.4
     1     1    11     8    21    18     0     0   -46.0  -16.155  -52.884    710.2    886.0
     1     1    11     8    21    17     0     1   -47.0  -16.257  -52.833    744.2    880.5
     1     1    11     8    21    16     0     2   -48.0  -16.351  -52.758    751.3    878.9
     1     1    11     8    21    15     0     3   -49.0  -16.439  -52.661    738.2    879.2
     1     1    11     8    21    14     0     2   -50.0  -16.537  -52.548    716.0    879.6
     1     1    11     8    21    13     0     1   -51.0  -16.653  -52.415    696.0    878.2
     1     1    11     8    21    12     0     0   -52.0  -16.781  -52.263    688.6    874.2
     1     1    11     8    21    11     0     1   -53.0  -16.903  -52.114    702.8    866.4
     1     1    11     8    21    10     0     2   -54.0  -17.008  -51.991    734.5    856.8
     1     1    11     8    21     9     0     3   -55.0  -17.106  -51.896    772.6    852.9
     1     1    11     8    21     8     0     2   -56.0  -17.213  -51.816    812.9    850.7
     1     1    11     8    21     7     0     1   -57.0  -17.324  -51.743    859.8    847.0
     1     1    11     8    21     6     0     0   -58.0  -17.431  -51.680    913.1    842.1
     1     1    11     8    21     5     0     1   -59.0  -17.530  -51.632    969.1    837.1
     1     1    11     8    21     4     0     2   -60.0  -17.618  -51.599   1024.2    832.4
     1     1    11     8    21     3     0     3   -61.0  -17.690  -51.578   1078.8    827.8
     1     1    11     8    21     2     0     2   -62.0  -17.743  -51.570   1134.8    822.7
     1     1    11     8    21     1     0     1   -63.0  -17.777  -51.572   1194.2    816.7
     1     1    11     8    21     0     0     0   -64.0  -17.790  -51.583   1258.2    810.3
     1     1    11     8    20    23     0     1   -65.0  -17.785  -51.601   1313.7    803.3
     1     1    11     8    20    22     0     2   -66.0  -17.779  -51.628   1343.7    800.0
     1     1    11     8    20    21     0     3   -67.0  -17.783  -51.665   1346.0    799.4
     1     1    11     8    20    20     0     2   -68.0  -17.793  -51.710   1333.6    801.7
     1     1    11     8    20    19     0     1   -69.0  -17.796  -51.760   1313.2    803.5
     1     1    11     8    20    18     0     0   -70.0  -17.796  -51.814   1281.8    806.5
     1     1    11     8    20    17     0     1   -71.0  -17.793  -51.866   1249.9    810.6
     1     1    11     8    20    16     0     2   -72.0  -17.782  -51.910   1230.1    812.6
     1     1    11     8    20    15     0     3   -73.0  -17.760  -51.944   1224.2    813.2
     1     1    11     8    20    14     0     2   -74.0  -17.734  -51.982   1218.2    812.2
     1     1    11     8    20    13     0     1   -75.0  -17.721  -52.033   1202.0    813.8
     1     1    11     8    20    12     0     0   -76.0  -17.726  -52.096   1179.7    816.1
     1     1    11     8    20    11     0     1   -77.0  -17.738  -52.179   1151.7    817.7
     1     1    11     8    20    10     0     2   -78.0  -17.743  -52.287   1117.4    820.0
     1     1    11     8    20     9     0     3   -79.0  -17.748  -52.421   1079.5    822.3
     1     1    11     8    20     8     0     2   -80.0  -17.755  -52.571   1025.9    825.1
     1     1    11     8    20     7     0     1   -81.0  -17.764  -52.722    946.5    832.2
     1     1    11     8    20     6     0     0   -82.0  -17.778  -52.874    854.1    841.1
     1     1    11     8    20     5     0     1   -83.0  -17.788  -53.031    736.4    850.3
     1     1    11     8    20     4     0     2   -84.0  -17.779  -53.191    581.9    872.0
     1     1    11     8    20     3     0     3   -85.0  -17.751  -53.345    422.0    896.1
     1     1    11     8    20     2     0     2   -86.0  -17.714  -53.485    304.8    915.5
     1     1    11     8    20     1     0     1   -87.0  -17.672  -53.606    235.1    923.4
     1     1    11     8    20     0     0     0   -88.0  -17.599  -53.701    195.7    928.0
     1     1    11     8    19    23     0     1   -89.0  -17.507  -53.788    169.4    930.0
     1     1    11     8    19    22     0     2   -90.0  -17.417  -53.888    145.3    932.6
     1     1    11     8    19    21     0     3   -91.0  -17.329  -53.999    122.3    934.1
     1     1    11     8    19    20     0     2   -92.0  -17.236  -54.115     98.4    937.6
     1     1    11     8    19    19     0     1   -93.0  -17.132  -54.226     74.3    941.6
     1     1    11     8    19    18     0     0   -94.0  -17.019  -54.329     54.1    945.2
     1     1    11     8    19    17     0     1   -95.0  -16.894  -54.421     40.0    950.0
     1     1    11     8    19    16     0     2   -96.0  -16.756  -54.496     33.3    953.9
     1     1    11     8    19    15     0     3   -97.0  -16.604  -54.559     34.9    956.2
     1     1    11     8    19    14     0     2   -98.0  -16.447  -54.601     49.9    956.5
     1     1    11     8    19    13     0     1   -99.0  -16.288  -54.618     84.4    953.3
     1     1    11     8    19    12     0     0  -100.0  -16.109  -54.611    141.7    947.4
     1     1    11     8    19    11     0     1  -101.0  -15.890  -54.586    219.9    934.6
     1     1    11     8    19    10     0     2  -102.0  -15.634  -54.542    302.4    919.0
     1     1    11     8    19     9     0     3  -103.0  -15.357  -54.466    380.2    904.4
     1     1    11     8    19     8     0     2  -104.0  -15.074  -54.363    441.2    891.5
     1     1    11     8    19     7     0     1  -105.0  -14.797  -54.238    482.1    888.6
     1     1    11     8    19     6     0     0  -106.0  -14.527  -54.082    519.6    887.8
     1     1    11     8    19     5     0     1  -107.0  -14.281  -53.908    538.0    887.0
     1     1    11     8    19     4     0     2  -108.0  -14.072  -53.733    511.2    894.2
     1     1    11     8    19     3     0     3  -109.0  -13.895  -53.559    453.8    907.0
     1     1    11     8    19     2     0     2  -110.0  -13.735  -53.386    388.0    919.4
     1     1    11     8    19     1     0     1  -111.0  -13.586  -53.214    327.7    929.6
     1     1    11     8    19     0     0     0  -112.0  -13.443  -53.026    276.4    938.6
     1     1    11     8    18    23     0     1  -113.0  -13.313  -52.840    237.4    944.0
     1     1    11     8    18    22     0     2  -114.0  -13.207  -52.684    209.2    947.0
     1     1    11     8    18    21     0     3  -115.0  -13.119  -52.555    188.0    949.1
     1     1    11     8    18    20     0     2  -116.0  -13.041  -52.442    173.1    951.5
     1     1    11     8    18    19     0     1  -117.0  -12.968  -52.338    164.4    952.6
     1     1    11     8    18    18     0     0  -118.0  -12.896  -52.241    159.4    953.0
     1     1    11     8    18    17     0     1  -119.0  -12.821  -52.138    157.3    953.9
     1     1    11     8    18    16     0     2  -120.0  -12.737  -52.014    159.6    954.2
     1     1    11     8    18    15     0     3  -121.0  -12.642  -51.871    164.0    955.6
     1     1    11     8    18    14     0     2  -122.0  -12.541  -51.717    165.5    957.2
     1     1    11     8    18    13     0     1  -123.0  -12.443  -51.558    162.2    959.4
     1     1    11     8    18    12     0     0  -124.0  -12.353  -51.391    152.1    962.4
     1     1    11     8    18    11     0     1  -125.0  -12.274  -51.226    136.0    965.4
     1     1    11     8    18    10     0     2  -126.0  -12.210  -51.076    115.8    967.8
     1     1    11     8    18     9     0     3  -127.0  -12.162  -50.942     94.1    970.1
     1     1    11     8    18     8     0     2  -128.0  -12.133  -50.812     74.9    972.5
     1     1    11     8    18     7     0     1  -129.0  -12.121  -50.682     59.8    974.4
     1     1    11     8    18     6     0     0  -130.0  -12.128  -50.555     49.1    975.3
     1     1    11     8    18     5     0     1  -131.0  -12.143  -50.432     43.3    976.5
     1     1    11     8    18     4     0     2  -132.0  -12.161  -50.308     42.7    977.2
     1     1    11     8    18     3     0     3  -133.0  -12.182  -50.178     47.6    977.4
     1     1    11     8    18     2     0     2  -134.0  -12.207  -50.041     59.3    975.5
     1     1    11     8    18     1     0     1  -135.0  -12.233  -49.900     78.1    970.8
     1     1    11     8    18     0     0     0  -136.0  -12.263  -49.759    100.6    965.8
     1     1    11     8    17    23     0     1  -137.0  -12.293  -49.627    122.9    961.1
     1     1    11     8    17    22     0     2  -138.0  -12.322  -49.511    141.3    957.3
     1     1    11     8    17    21     0     3  -139.0  -12.345  -49.412    154.8    954.1
     1     1    11     8    17    20     0     2  -140.0  -12.362  -49.321    162.8    952.6
     1     1    11     8    17    19     0     1  -141.0  -12.373  -49.231    164.4    952.0
     1     1    11     8    17    18     0     0  -142.0  -12.378  -49.144    158.7    952.4
     1     1    11     8    17    17     0     1  -143.0  -12.374  -49.044    150.6    954.2
     1     1    11     8    17    16     0     2  -144.0  -12.360  -48.920    145.6    955.5
     1     1    11     8    17    15     0     3  -145.0  -12.337  -48.773    145.6    956.7
     1     1    11     8    17    14     0     2  -146.0  -12.318  -48.608    151.1    956.4
     1     1    11     8    17    13     0     1  -147.0  -12.309  -48.426    162.7    955.5
     1     1    11     8    17    12     0     0  -148.0  -12.307  -48.221    181.2    953.9
     1     1    11     8    17    11     0     1  -149.0  -12.306  -47.994    209.6    950.5
     1     1    11     8    17    10     0     2  -150.0  -12.300  -47.741    241.5    941.0
     1     1    11     8    17     9     0     3  -151.0  -12.278  -47.452    263.8    932.1
     1     1    11     8    17     8     0     2  -152.0  -12.234  -47.137    266.4    925.4
     1     1    11     8    17     7     0     1  -153.0  -12.178  -46.818    249.9    919.9
     1     1    11     8    17     6     0     0  -154.0  -12.121  -46.511    220.2    913.2
     1     1    11     8    17     5     0     1  -155.0  -12.073  -46.230    182.0    908.9
     1     1    11     8    17     4     0     2  -156.0  -12.043  -45.990    138.5    906.9
     1     1    11     8    17     3     0     3  -157.0  -12.032  -45.792     98.4    917.3
     1     1    11     8    17     2     0     2  -158.0  -12.029  -45.627     68.9    925.6
     1     1    11     8    17     1     0     1  -159.0  -12.027  -45.489     49.1    931.3
     1     1    11     8    17     0     0     0  -160.0  -12.029  -45.377     36.5    935.4
     1     1    11     8    16    23     0     1  -161.0  -12.035  -45.278     28.1    938.6
     1     1    11     8    16    22     0     2  -162.0  -12.045  -45.183     22.1    942.0
     1     1    11     8    16    21     0     3  -163.0  -12.055  -45.090     18.5    945.2
     1     1    11     8    16    20     0     2  -164.0  -12.063  -44.996     16.0    947.2
     1     1    11     8    16    19     0     1  -165.0  -12.068  -44.898     13.8    945.9
     1     1    11     8    16    18     0     0  -166.0  -12.072  -44.795     11.9    944.9
     1     1    11     8    16    17     0     1  -167.0  -12.080  -44.690      8.4    945.4
     1     1    11     8    16    16     0     2  -168.0  -12.100  -44.583      1.8    945.6
     1     1    11     8    16    15     0     3  -169.0  -12.131  -44.472      0.0    945.6
     1     1    11     8    16    14     0     2  -170.0  -12.174  -44.362      0.0    945.4
     1     1    11     8    16    13     0     1  -171.0  -12.226  -44.263      0.0    945.5
     1     1    11     8    16    12     0     0  -172.0  -12.288  -44.175      0.0    945.9
     1     1    11     8    16    11     0     1  -173.0  -12.353  -44.093      0.0    946.0
     1     1    11     8    16    10     0     2  -174.0  -12.412  -44.008      0.0    946.4
     1     1    11     8    16     9     0     3  -175.0  -12.465  -43.922      0.0    946.6
     1     1    11     8    16     8     0     2  -176.0  -12.506  -43.833      0.0    946.5
     1     1    11     8    16     7     0     1  -177.0  -12.535  -43.742      0.0    946.2
     1     1    11     8    16     6     0     0  -178.0  -12.552  -43.647      4.1    945.8
     1     1    11     8    16     5     0     1  -179.0  -12.563  -43.545      9.8    945.6
     1     1    11     8    16     4     0     2  -180.0  -12.575  -43.429     15.1    945.2
     1     1    11     8    16     3     0     3  -181.0  -12.589  -43.291     30.5    943.8
     1     1    11     8    16     2     0     2  -182.0  -12.604  -43.120     84.3    939.5
     1     1    11     8    16     1     0     1  -183.0  -12.617  -42.855    233.5    918.9
     1     1    11     8    16     0     0     0  -184.0  -12.627  -42.451    444.6    876.3
     1     1    11     8    15    23     0     1  -185.0  -12.643  -41.988    623.4    836.2
     1     1    11     8    15    22     0     2  -186.0  -12.681  -41.568    692.8    842.9
     1     1    11     8    15    21     0     3  -187.0  -12.753  -41.214    612.4    870.6
     1     1    11     8    15    20     0     2  -188.0  -12.844  -40.901    442.2    907.3
     1     1    11     8    15    19     0     1  -189.0  -12.938  -40.616    300.3    931.2
     1     1    11     8    15    18     0     0  -190.0  -13.032  -40.334    248.9    934.0
     1     1    11     8    15    17     0     1  -191.0  -13.134  -40.046    271.5    932.3
     1     1    11     8    15    16     0     2  -192.0  -13.253  -39.772    311.9    935.6
     1     1    11     8    15    15     0     3  -193.0  -13.383  -39.533    317.8    948.2
     1     1    11     8    15    14     0     2  -194.0  -13.515  -39.328    294.8    962.5
     1     1    11     8    15    13     0     1  -195.0  -13.645  -39.151    254.0    976.6
     1     1    11     8    15    12     0     0  -196.0  -13.771  -38.999    203.0    989.5
     1     1    11     8    15    11     0     1  -197.0  -13.890  -38.873    156.3    997.3
     1     1    11     8    15    10     0     2  -198.0  -13.996  -38.771    125.0   1000.9
     1     1    11     8    15     9     0     3  -199.0  -14.086  -38.689    105.6   1002.1
     1     1    11     8    15     8     0     2  -200.0  -14.156  -38.608     90.7   1003.4
     1     1    11     8    15     7     0     1  -201.0  -14.205  -38.511     77.2   1005.4
     1     1    11     8    15     6     0     0  -202.0  -14.235  -38.399     65.8   1007.2
     1     1    11     8    15     5     0     1  -203.0  -14.258  -38.272     57.8   1009.1
     1     1    11     8    15     4     0     2  -204.0  -14.284  -38.129     53.5   1010.1
     1     1    11     8    15     3     0     3  -205.0  -14.316  -37.969     52.2   1010.8
     1     1    11     8    15     2     0     2  -206.0  -14.357  -37.803     52.7   1010.7
     1     1    11     8    15     1     0     1  -207.0  -14.408  -37.639     54.1   1010.6
     1     1    11     8    15     0     0     0  -208.0  -14.470  -37.482     55.8   1010.5
     1     1    11     8    14    23     0     1  -209.0  -14.545  -37.333     57.5   1009.4
     1     1    11     8    14    22     0     2  -210.0  -14.636  -37.192     58.6   1008.5
     1     1    11     8    14    21     0     3  -211.0  -14.742  -37.059     59.1   1007.7
     1     1    11     8    14    20     0     2  -212.0  -14.856  -36.941     59.2   1008.0
     1     1    11     8    14    19     0     1  -213.0  -14.970  -36.844     59.0   1008.3
     1     1    11     8    14    18     0     0  -214.0  -15.081  -36.769     58.4   1008.6
     1     1    11     8    14    17     0     1  -215.0  -15.181  -36.712     57.7   1009.3
     1     1    11     8    14    16     0     2  -216.0  -15.264  -36.668     57.2   1009.8
     1     1    11     8    14    15     0     3  -217.0  -15.334  -36.636     57.0   1010.4
     1     1    11     8    14    14     0     2  -218.0  -15.399  -36.601     57.2   1010.7
     1     1    11     8    14    13     0     1  -219.0  -15.465  -36.549     57.5   1011.0
     1     1    11     8    14    12     0     0  -220.0  -15.534  -36.479     58.1   1011.3
     1     1    11     8    14    11     0     1  -221.0  -15.602  -36.396     58.8   1010.5
     1     1    11     8    14    10     0     2  -222.0  -15.668  -36.302     59.1   1009.9
     1     1    11     8    14     9     0     3  -223.0  -15.733  -36.196     59.2   1009.3
     1     1    11     8    14     8     0     2  -224.0  -15.795  -36.086     59.5   1009.4
     1     1    11     8    14     7     0     1  -225.0  -15.853  -35.980     60.4   1009.3
     1     1    11     8    14     6     0     0  -226.0  -15.904  -35.879     61.6   1009.1
     1     1    11     8    14     5     0     1  -227.0  -15.954  -35.771     62.4   1009.5
     1     1    11     8    14     4     0     2  -228.0  -16.012  -35.648     61.7   1010.2
     1     1    11     8    14     3     0     3  -229.0  -16.080  -35.510     59.9   1011.1
     1     1    11     8    14     2     0     2  -230.0  -16.157  -35.364     57.9   1011.7
     1     1    11     8    14     1     0     1  -231.0  -16.243  -35.218     57.1   1012.1
     1     1    11     8    14     0     0     0  -232.0  -16.336  -35.075     57.6   1012.3
     1     1    11     8    13    23     0     1  -233.0  -16.432  -34.931     58.5   1011.1
     1     1    11     8    13    22     0     2  -234.0  -16.525  -34.781     59.1   1010.1
     1     1    11     8    13    21     0     3  -235.0  -16.617  -34.625     59.3   1009.2
     1     1    11     8    13    20     0     2  -236.0  -16.710  -34.464     59.2   1009.4
     1     1    11     8    13    19     0     1  -237.0  -16.805  -34.304     59.0   1009.5
     1     1    11     8    13    18     0     0  -238.0  -16.903  -34.147     58.8   1009.7
     1     1    11     8    13    17     0     1  -239.0  -17.002  -33.997     58.7   1009.9
     1     1    11     8    13    16     0     2  -240.0  -17.100  -33.851     58.4   1010.1
     1     1    11     8    13    15     0     3  -241.0  -17.199  -33.708     57.4   1010.3
     1     1    11     8    13    14     0     2  -242.0  -17.303  -33.560     56.4   1011.6
     1     1    11     8    13    13     0     1  -243.0  -17.413  -33.400     55.8   1012.7
     1     1    11     8    13    12     0     0  -244.0  -17.528  -33.231     56.1   1013.7
     1     1    11     8    13    11     0     1  -245.0  -17.649  -33.060     57.6   1012.9
     1     1    11     8    13    10     0     2  -246.0  -17.781  -32.892     61.0   1012.1
     1     1    11     8    13     9     0     3  -247.0  -17.920  -32.726     66.5   1011.2
     1     1    11     8    13     8     0     2  -248.0  -18.060  -32.566     72.6   1010.0
     1     1    11     8    13     7     0     1  -249.0  -18.197  -32.411     76.1   1009.4
     1     1    11     8    13     6     0     0  -250.0  -18.331  -32.256     76.9   1009.2
     1     1    11     8    13     5     0     1  -251.0  -18.462  -32.098     76.0   1009.4
     1     1    11     8    13     4     0     2  -252.0  -18.588  -31.932     75.0   1009.5
     1     1    11     8    13     3     0     3  -253.0  -18.707  -31.763     73.7   1009.6
     1     1    11     8    13     2     0     2  -254.0  -18.825  -31.596     72.7   1010.5
     1     1    11     8    13     1     0     1  -255.0  -18.949  -31.437     72.7   1011.1
     1     1    11     8    13     0     0     0  -256.0  -19.080  -31.286     73.2   1011.7
     1     1    11     8    12    23     0     1  -257.0  -19.222  -31.145     73.7   1011.2
     1     1    11     8    12    22     0     2  -258.0  -19.377  -31.014     73.8   1010.7
     1     1    11     8    12    21     0     3  -259.0  -19.542  -30.894     73.8   1010.3
     1     1    11     8    12    20     0     2  -260.0  -19.713  -30.781     73.8   1009.9
     1     1    11     8    12    19     0     1  -261.0  -19.891  -30.672     73.6   1009.5
     1     1    11     8    12    18     0     0  -262.0  -20.075  -30.569     72.7   1009.1
     1     1    11     8    12    17     0     1  -263.0  -20.265  -30.473     71.7   1009.8
     1     1    11     8    12    16     0     2  -264.0  -20.457  -30.383     70.9   1010.4
     1     1    11     8    12    15     0     3  -265.0  -20.647  -30.295     70.0   1011.1
     1     1    11     8    12    14     0     2  -266.0  -20.839  -30.214     68.9   1011.7
     1     1    11     8    12    13     0     1  -267.0  -21.035  -30.146     68.1   1012.3
     1     1    11     8    12    12     0     0  -268.0  -21.237  -30.092     67.8   1012.8
     1     1    11     8    12    11     0     1  -269.0  -21.439  -30.048     68.8   1012.1
     1     1    11     8    12    10     0     2  -270.0  -21.639  -30.011     71.5   1010.9
     1     1    11     8    12     9     0     3  -271.0  -21.836  -29.982     75.2   1009.7
     1     1    11     8    12     8     0     2  -272.0  -22.033  -29.962     78.2   1008.7
     1     1    11     8    12     7     0     1  -273.0  -22.236  -29.956     79.8   1008.2
     1     1    11     8    12     6     0     0  -274.0  -22.451  -29.967     80.5   1007.7
     1     1    11     8    12     5     0     1  -275.0  -22.678  -29.987     80.5   1008.4
     1     1    11     8    12     4     0     2  -276.0  -22.908  -30.008     80.5   1009.1
     1     1    11     8    12     3     0     3  -277.0  -23.138  -30.028     80.5   1009.7
     1     1    11     8    12     2     0     2  -278.0  -23.377  -30.053     80.6   1009.6
     1     1    11     8    12     1     0     1  -279.0  -23.641  -30.088     80.7   1009.4
     1     1    11     8    12     0     0     0  -280.0  -23.938  -30.133     80.8   1009.2
     1     1    11     8    11    23     0     1  -281.0  -24.258  -30.179     81.4   1008.8
     1     1    11     8    11    22     0     2  -282.0  -24.587  -30.212     83.4   1008.2
     1     1    11     8    11    21     0     3  -283.0  -24.928  -30.228     87.1   1007.3
     1     1    11     8    11    20     0     2  -284.0  -25.289  -30.238     91.7   1006.4
     1     1    11     8    11    19     0     1  -285.0  -25.676  -30.249     95.7   1005.7
     1     1    11     8    11    18     0     0  -286.0  -26.086  -30.249     98.9   1005.2
     1     1    11     8    11    17     0     1  -287.0  -26.506  -30.207    101.0   1004.9
     1     1    11     8    11    16     0     2  -288.0  -26.930  -30.088    101.9   1005.0
     1     1    11     8    11    15     0     3  -289.0  -27.353  -29.884    101.2   1005.2
     1     1    11     8    11    14     0     2  -290.0  -27.771  -29.616     99.9   1005.9
     1     1    11     8    11    13     0     1  -291.0  -28.184  -29.300    100.3   1006.4
     1     1    11     8    11    12     0     0  -292.0  -28.593  -28.939    102.8   1006.6
     1     1    11     8    11    11     0     1  -293.0  -28.980  -28.530    105.8   1005.9
     1     1    11     8    11    10     0     2  -294.0  -29.323  -28.081    110.2   1005.7
     1     1    11     8    11     9     0     3  -295.0  -29.626  -27.610    118.4   1004.8
     1     1    11     8    11     8     0     2  -296.0  -29.897  -27.124    124.8   1004.0
     1     1    11     8    11     7     0     1  -297.0  -30.125  -26.622    126.6   1004.6
     1     1    11     8    11     6     0     0  -298.0  -30.300  -26.101    128.8   1005.0
     1     1    11     8    11     5     0     1  -299.0  -30.440  -25.578    132.8   1005.3
     1     1    11     8    11     4     0     2  -300.0  -30.563  -25.067    138.6   1005.4
     1     1    11     8    11     3     0     3  -301.0  -30.672  -24.573    143.6   1005.2
     1     1    11     8    11     2     0     2  -302.0  -30.773  -24.117    145.8   1005.7
     1     1    11     8    11     1     0     1  -303.0  -30.876  -23.708    146.5   1006.4
     1     1    11     8    11     0     0     0  -304.0  -30.983  -23.337    145.4   1006.9
     1     1    11     8    10    23     0     1  -305.0  -31.093  -23.017    142.5   1007.2
     1     1    11     8    10    22     0     2  -306.0  -31.204  -22.763    138.6   1007.5
     1     1    11     8    10    21     0     3  -307.0  -31.321  -22.571    134.8   1007.7
     1     1    11     8    10    20     0     2  -308.0  -31.443  -22.423    133.4   1007.8
     1     1    11     8    10    19     0     1  -309.0  -31.567  -22.305    135.4   1007.5
     1     1    11     8    10    18     0     0  -310.0  -31.691  -22.217    140.3   1007.0
     1     1    11     8    10    17     0     1  -311.0  -31.811  -22.160    146.2   1005.7
     1     1    11     8    10    16     0     2  -312.0  -31.921  -22.132    150.9   1004.7
     1     1    11     8    10    15     0     3  -313.0  -32.018  -22.131    153.4   1003.9
     1     1    11     8    10    14     0     2  -314.0  -32.117  -22.156    156.8   1004.3
     1     1    11     8    10    13     0     1  -315.0  -32.233  -22.214    164.6   1003.6
     1     1    11     8    10    12     0     0  -316.0  -32.360  -22.304    175.3   1002.5
     1     1    11     8    10    11     0     1  -317.0  -32.482  -22.415    188.3   1000.8
     1     1    11     8    10    10     0     2  -318.0  -32.587  -22.534    205.0    998.8
     1     1    11     8    10     9     0     3  -319.0  -32.673  -22.658    227.5    996.3
     1     1    11     8    10     8     0     2  -320.0  -32.756  -22.782    254.2    992.9
     1     1    11     8    10     7     0     1  -321.0  -32.848  -22.903    284.1    989.2
     1     1    11     8    10     6     0     0  -322.0  -32.950  -23.019    322.3    984.5
     1     1    11     8    10     5     0     1  -323.0  -33.064  -23.136    360.3    978.7
     1     1    11     8    10     4     0     2  -324.0  -33.190  -23.261    383.7    976.3
     1     1    11     8    10     3     0     3  -325.0  -33.326  -23.396    395.4    975.5
     1     1    11     8    10     2     0     2  -326.0  -33.475  -23.539    403.6    975.0
     1     1    11     8    10     1     0     1  -327.0  -33.642  -23.694    415.5    973.8
     1     1    11     8    10     0     0     0  -328.0  -33.826  -23.859    436.7    971.9
     1     1    11     8     9    23     0     1  -329.0  -34.024  -24.038    469.9    967.6
     1     1    11     8     9    22     0     2  -330.0  -34.225  -24.236    509.7    962.6
     1     1    11     8     9    21     0     3  -331.0  -34.423  -24.453    560.2    957.8
     1     1    11     8     9    20     0     2  -332.0  -34.612  -24.678    621.1    949.5
     1     1    11     8     9    19     0     1  -333.0  -34.795  -24.900    679.1    941.5
     1     1    11     8     9    18     0     0  -334.0  -34.975  -25.118    720.9    935.0
     1     1    11     8     9    17     0     1  -335.0  -35.162  -25.321    742.3    932.7
     1     1    11     8     9    16     0     2  -336.0  -35.366  -25.501    753.8    931.7
