     3     1
    GDAS    11    12     1     0     0
    GDAS    11    12     8     0     0
    GDAS    11    12    15     0     0
     1 BACKWARD OMEGA   
  2011    12    18    15   -8.890  -56.800  3505.2
     1 PRESSURE
     1     1    11    12    18    15     0     3     0.0   -8.890  -56.800   3505.2    654.2
     1     1    11    12    18    14     0     2    -1.0   -8.805  -56.884   3433.5    657.8
     1     1    11    12    18    13     0     1    -2.0   -8.717  -56.957   3328.0    665.3
     1     1    11    12    18    12     0     0    -3.0   -8.625  -57.021   3186.9    675.6
     1     1    11    12    18    11     0     1    -4.0   -8.527  -57.086   3048.7    688.9
     1     1    11    12    18    10     0     2    -5.0   -8.424  -57.164   2950.7    695.9
     1     1    11    12    18     9     0     3    -6.0   -8.323  -57.254   2887.6    700.7
     1     1    11    12    18     8     0     2    -7.0   -8.224  -57.345   2843.9    703.7
     1     1    11    12    18     7     0     1    -8.0   -8.122  -57.428   2807.7    707.5
     1     1    11    12    18     6     0     0    -9.0   -8.016  -57.505   2781.6    710.9
     1     1    11    12    18     5     0     1   -10.0   -7.910  -57.576   2764.3    714.5
     1     1    11    12    18     4     0     2   -11.0   -7.809  -57.640   2749.2    717.8
     1     1    11    12    18     3     0     3   -12.0   -7.714  -57.699   2733.5    720.8
     1     1    11    12    18     2     0     2   -13.0   -7.620  -57.754   2719.7    723.3
     1     1    11    12    18     1     0     1   -14.0   -7.521  -57.806   2712.1    724.8
     1     1    11    12    18     0     0     0   -15.0   -7.416  -57.856   2711.7    725.4
     1     1    11    12    17    23     0     1   -16.0   -7.305  -57.902   2699.4    724.5
     1     1    11    12    17    22     0     2   -17.0   -7.187  -57.943   2649.9    727.8
     1     1    11    12    17    21     0     3   -18.0   -7.061  -57.977   2548.5    735.1
     1     1    11    12    17    20     0     2   -19.0   -6.919  -58.007   2445.1    749.9
     1     1    11    12    17    19     0     1   -20.0   -6.762  -58.038   2403.3    754.9
     1     1    11    12    17    18     0     0   -21.0   -6.598  -58.068   2411.9    754.0
     1     1    11    12    17    17     0     1   -22.0   -6.433  -58.092   2440.3    750.7
     1     1    11    12    17    16     0     2   -23.0   -6.264  -58.102   2477.6    748.8
     1     1    11    12    17    15     0     3   -24.0   -6.095  -58.104   2537.9    744.9
     1     1    11    12    17    14     0     2   -25.0   -5.932  -58.101   2616.9    737.2
     1     1    11    12    17    13     0     1   -26.0   -5.777  -58.094   2688.8    729.8
     1     1    11    12    17    12     0     0   -27.0   -5.628  -58.082   2734.5    725.3
     1     1    11    12    17    11     0     1   -28.0   -5.479  -58.059   2750.1    723.5
     1     1    11    12    17    10     0     2   -29.0   -5.327  -58.021   2748.0    724.1
     1     1    11    12    17     9     0     3   -30.0   -5.166  -57.967   2751.7    724.4
     1     1    11    12    17     8     0     2   -31.0   -4.997  -57.901   2779.3    722.4
     1     1    11    12    17     7     0     1   -32.0   -4.825  -57.833   2820.1    717.9
     1     1    11    12    17     6     0     0   -33.0   -4.651  -57.764   2856.2    715.0
     1     1    11    12    17     5     0     1   -34.0   -4.482  -57.695   2889.4    713.1
     1     1    11    12    17     4     0     2   -35.0   -4.322  -57.626   2920.2    710.7
     1     1    11    12    17     3     0     3   -36.0   -4.171  -57.555   2941.3    709.1
     1     1    11    12    17     2     0     2   -37.0   -4.031  -57.478   2943.7    708.3
     1     1    11    12    17     1     0     1   -38.0   -3.905  -57.387   2929.2    710.1
     1     1    11    12    17     0     0     0   -39.0   -3.791  -57.281   2902.3    712.5
     1     1    11    12    16    23     0     1   -40.0   -3.675  -57.166   2890.1    715.5
     1     1    11    12    16    22     0     2   -41.0   -3.548  -57.053   2922.3    713.1
     1     1    11    12    16    21     0     3   -42.0   -3.416  -56.948   3006.7    706.0
     1     1    11    12    16    20     0     2   -43.0   -3.288  -56.858   3094.0    695.4
     1     1    11    12    16    19     0     1   -44.0   -3.169  -56.780   3133.3    692.7
     1     1    11    12    16    18     0     0   -45.0   -3.058  -56.709   3120.5    694.3
     1     1    11    12    16    17     0     1   -46.0   -2.953  -56.636   3087.6    700.1
     1     1    11    12    16    16     0     2   -47.0   -2.853  -56.560   3070.1    701.9
     1     1    11    12    16    15     0     3   -48.0   -2.761  -56.482   3072.8    702.0
     1     1    11    12    16    14     0     2   -49.0   -2.674  -56.410   3090.4    699.8
     1     1    11    12    16    13     0     1   -50.0   -2.588  -56.354   3115.8    697.6
     1     1    11    12    16    12     0     0   -51.0   -2.503  -56.312   3147.6    694.9
     1     1    11    12    16    11     0     1   -52.0   -2.419  -56.277   3185.9    691.4
     1     1    11    12    16    10     0     2   -53.0   -2.341  -56.244   3230.8    687.4
     1     1    11    12    16     9     0     3   -54.0   -2.270  -56.216   3284.5    682.8
     1     1    11    12    16     8     0     2   -55.0   -2.206  -56.191   3336.4    677.5
     1     1    11    12    16     7     0     1   -56.0   -2.146  -56.159   3374.2    674.5
     1     1    11    12    16     6     0     0   -57.0   -2.088  -56.121   3399.2    672.6
     1     1    11    12    16     5     0     1   -58.0   -2.041  -56.075   3419.1    672.2
     1     1    11    12    16     4     0     2   -59.0   -2.011  -56.021   3440.2    671.1
     1     1    11    12    16     3     0     3   -60.0   -1.997  -55.958   3459.1    670.0
     1     1    11    12    16     2     0     2   -61.0   -1.990  -55.886   3468.3    668.5
     1     1    11    12    16     1     0     1   -62.0   -1.983  -55.807   3463.3    668.8
     1     1    11    12    16     0     0     0   -63.0   -1.973  -55.718   3447.0    670.0
     1     1    11    12    15    23     0     1   -64.0   -1.961  -55.627   3443.6    671.4
     1     1    11    12    15    22     0     2   -65.0   -1.946  -55.545   3476.2    668.1
     1     1    11    12    15    21     0     3   -66.0   -1.932  -55.477   3543.7    662.0
     1     1    11    12    15    20     0     2   -67.0   -1.918  -55.422   3606.4    654.1
     1     1    11    12    15    19     0     1   -68.0   -1.902  -55.374   3626.2    652.6
     1     1    11    12    15    18     0     0   -69.0   -1.882  -55.328   3603.9    654.5
     1     1    11    12    15    17     0     1   -70.0   -1.861  -55.278   3573.7    659.4
     1     1    11    12    15    16     0     2   -71.0   -1.843  -55.228   3563.4    660.0
     1     1    11    12    15    15     0     3   -72.0   -1.828  -55.179   3571.2    659.3
     1     1    11    12    15    14     0     2   -73.0   -1.821  -55.135   3583.7    657.0
     1     1    11    12    15    13     0     1   -74.0   -1.822  -55.099   3587.7    656.5
     1     1    11    12    15    12     0     0   -75.0   -1.831  -55.069   3584.0    656.9
     1     1    11    12    15    11     0     1   -76.0   -1.848  -55.034   3586.8    657.6
     1     1    11    12    15    10     0     2   -77.0   -1.868  -54.982   3611.7    655.6
     1     1    11    12    15     9     0     3   -78.0   -1.892  -54.913   3657.8    651.7
     1     1    11    12    15     8     0     2   -79.0   -1.918  -54.838   3708.4    646.8
     1     1    11    12    15     7     0     1   -80.0   -1.942  -54.772   3746.8    644.1
     1     1    11    12    15     6     0     0   -81.0   -1.966  -54.715   3773.6    642.4
     1     1    11    12    15     5     0     1   -82.0   -1.996  -54.664   3784.1    642.0
     1     1    11    12    15     4     0     2   -83.0   -2.036  -54.618   3773.0    643.2
     1     1    11    12    15     3     0     3   -84.0   -2.086  -54.575   3746.3    645.7
     1     1    11    12    15     2     0     2   -85.0   -2.138  -54.529   3724.5    648.3
     1     1    11    12    15     1     0     1   -86.0   -2.183  -54.473   3722.9    647.8
     1     1    11    12    15     0     0     0   -87.0   -2.222  -54.409   3738.2    645.9
     1     1    11    12    14    23     0     1   -88.0   -2.250  -54.348   3754.1    642.9
     1     1    11    12    14    22     0     2   -89.0   -2.261  -54.297   3755.2    642.2
     1     1    11    12    14    21     0     3   -90.0   -2.253  -54.257   3739.5    642.9
     1     1    11    12    14    20     0     2   -91.0   -2.237  -54.215   3722.3    645.8
     1     1    11    12    14    19     0     1   -92.0   -2.225  -54.162   3720.8    646.2
     1     1    11    12    14    18     0     0   -93.0   -2.218  -54.098   3737.2    645.1
     1     1    11    12    14    17     0     1   -94.0   -2.220  -54.026   3764.4    642.5
     1     1    11    12    14    16     0     2   -95.0   -2.233  -53.945   3792.5    640.4
     1     1    11    12    14    15     0     3   -96.0   -2.254  -53.853   3818.4    638.8
     1     1    11    12    14    14     0     2   -97.0   -2.285  -53.757   3832.1    637.0
     1     1    11    12    14    13     0     1   -98.0   -2.325  -53.664   3827.4    637.5
     1     1    11    12    14    12     0     0   -99.0   -2.373  -53.573   3807.7    639.0
     1     1    11    12    14    11     0     1  -100.0   -2.415  -53.487   3795.9    641.1
     1     1    11    12    14    10     0     2  -101.0   -2.442  -53.414   3811.1    639.3
     1     1    11    12    14     9     0     3  -102.0   -2.456  -53.355   3852.8    635.5
     1     1    11    12    14     8     0     2  -103.0   -2.471  -53.307   3909.4    630.4
     1     1    11    12    14     7     0     1  -104.0   -2.498  -53.266   3968.0    625.9
     1     1    11    12    14     6     0     0  -105.0   -2.536  -53.234   4026.2    621.3
     1     1    11    12    14     5     0     1  -106.0   -2.586  -53.206   4076.8    617.2
     1     1    11    12    14     4     0     2  -107.0   -2.643  -53.177   4115.0    614.7
     1     1    11    12    14     3     0     3  -108.0   -2.708  -53.147   4143.9    612.8
     1     1    11    12    14     2     0     2  -109.0   -2.776  -53.118   4179.6    610.8
     1     1    11    12    14     1     0     1  -110.0   -2.848  -53.092   4237.3    606.0
     1     1    11    12    14     0     0     0  -111.0   -2.928  -53.071   4315.8    599.6
     1     1    11    12    13    23     0     1  -112.0   -3.010  -53.054   4390.1    591.7
     1     1    11    12    13    22     0     2  -113.0   -3.084  -53.038   4437.0    588.2
     1     1    11    12    13    21     0     3  -114.0   -3.146  -53.023   4454.7    586.8
     1     1    11    12    13    20     0     2  -115.0   -3.199  -53.006   4471.2    588.1
     1     1    11    12    13    19     0     1  -116.0   -3.252  -52.986   4514.6    585.5
     1     1    11    12    13    18     0     0  -117.0   -3.304  -52.964   4582.8    581.0
     1     1    11    12    13    17     0     1  -118.0   -3.356  -52.940   4655.8    574.7
     1     1    11    12    13    16     0     2  -119.0   -3.407  -52.913   4716.9    570.8
     1     1    11    12    13    15     0     3  -120.0   -3.456  -52.884   4769.6    567.5
     1     1    11    12    13    14     0     2  -121.0   -3.505  -52.850   4808.3    564.2
     1     1    11    12    13    13     0     1  -122.0   -3.557  -52.809   4825.8    562.9
     1     1    11    12    13    12     0     0  -123.0   -3.611  -52.759   4822.4    563.1
     1     1    11    12    13    11     0     1  -124.0   -3.667  -52.709   4815.0    564.4
     1     1    11    12    13    10     0     2  -125.0   -3.723  -52.661   4819.7    563.7
     1     1    11    12    13     9     0     3  -126.0   -3.782  -52.617   4838.0    562.1
     1     1    11    12    13     8     0     2  -127.0   -3.841  -52.581   4863.6    559.9
     1     1    11    12    13     7     0     1  -128.0   -3.899  -52.557   4886.0    558.1
     1     1    11    12    13     6     0     0  -129.0   -3.954  -52.544   4899.9    557.1
     1     1    11    12    13     5     0     1  -130.0   -4.000  -52.535   4910.7    557.0
     1     1    11    12    13     4     0     2  -131.0   -4.038  -52.521   4925.0    555.9
     1     1    11    12    13     3     0     3  -132.0   -4.069  -52.501   4944.6    554.3
     1     1    11    12    13     2     0     2  -133.0   -4.095  -52.478   4959.6    552.5
     1     1    11    12    13     1     0     1  -134.0   -4.120  -52.453   4961.9    552.2
     1     1    11    12    13     0     0     0  -135.0   -4.143  -52.426   4953.4    552.6
     1     1    11    12    12    23     0     1  -136.0   -4.162  -52.406   4952.9    553.4
     1     1    11    12    12    22     0     2  -137.0   -4.178  -52.399   4979.0    551.2
     1     1    11    12    12    21     0     3  -138.0   -4.191  -52.403   5030.2    547.2
     1     1    11    12    12    20     0     2  -139.0   -4.206  -52.414   5086.9    542.2
     1     1    11    12    12    19     0     1  -140.0   -4.223  -52.428   5130.5    539.4
     1     1    11    12    12    18     0     0  -141.0   -4.242  -52.445   5161.2    537.4
     1     1    11    12    12    17     0     1  -142.0   -4.267  -52.459   5171.3    536.3
     1     1    11    12    12    16     0     2  -143.0   -4.300  -52.467   5153.7    537.5
     1     1    11    12    12    15     0     3  -144.0   -4.338  -52.469   5109.0    540.4
     1     1    11    12    12    14     0     2  -145.0   -4.377  -52.461   5073.9    544.8
     1     1    11    12    12    13     0     1  -146.0   -4.420  -52.445   5083.0    543.6
     1     1    11    12    12    12     0     0  -147.0   -4.471  -52.420   5135.4    539.4
     1     1    11    12    12    11     0     1  -148.0   -4.535  -52.390   5203.9    531.8
     1     1    11    12    12    10     0     2  -149.0   -4.611  -52.357   5259.9    526.8
     1     1    11    12    12     9     0     3  -150.0   -4.697  -52.322   5301.0    522.6
     1     1    11    12    12     8     0     2  -151.0   -4.787  -52.289   5337.8    520.0
     1     1    11    12    12     7     0     1  -152.0   -4.881  -52.260   5385.6    515.9
     1     1    11    12    12     6     0     0  -153.0   -4.980  -52.239   5449.1    510.8
     1     1    11    12    12     5     0     1  -154.0   -5.083  -52.222   5507.1    505.0
     1     1    11    12    12     4     0     2  -155.0   -5.187  -52.208   5536.8    502.8
     1     1    11    12    12     3     0     3  -156.0   -5.291  -52.197   5542.2    502.3
     1     1    11    12    12     2     0     2  -157.0   -5.392  -52.190   5522.9    502.8
     1     1    11    12    12     1     0     1  -158.0   -5.485  -52.186   5478.6    505.4
     1     1    11    12    12     0     0     0  -159.0   -5.567  -52.186   5415.3    509.2
     1     1    11    12    11    23     0     1  -160.0   -5.639  -52.189   5367.7    513.8
     1     1    11    12    11    22     0     2  -161.0   -5.699  -52.196   5364.9    513.2
     1     1    11    12    11    21     0     3  -162.0   -5.748  -52.204   5403.8    510.0
     1     1    11    12    11    20     0     2  -163.0   -5.796  -52.210   5461.6    504.9
     1     1    11    12    11    19     0     1  -164.0   -5.852  -52.210   5514.9    501.4
     1     1    11    12    11    18     0     0  -165.0   -5.918  -52.205   5562.7    498.3
     1     1    11    12    11    17     0     1  -166.0   -5.989  -52.194   5599.1    495.5
     1     1    11    12    11    16     0     2  -167.0   -6.059  -52.171   5618.7    494.3
     1     1    11    12    11    15     0     3  -168.0   -6.125  -52.137   5619.5    494.5
     1     1    11    12    11    14     0     2  -169.0   -6.189  -52.094   5593.8    495.8
     1     1    11    12    11    13     0     1  -170.0   -6.254  -52.041   5536.2    499.8
     1     1    11    12    11    12     0     0  -171.0   -6.323  -51.976   5454.7    505.5
     1     1    11    12    11    11     0     1  -172.0   -6.390  -51.912   5383.3    511.9
     1     1    11    12    11    10     0     2  -173.0   -6.453  -51.862   5344.1    514.0
     1     1    11    12    11     9     0     3  -174.0   -6.513  -51.821   5329.2    514.4
     1     1    11    12    11     8     0     2  -175.0   -6.574  -51.787   5321.2    514.2
     1     1    11    12    11     7     0     1  -176.0   -6.642  -51.754   5307.3    515.3
     1     1    11    12    11     6     0     0  -177.0   -6.716  -51.722   5288.2    516.7
     1     1    11    12    11     5     0     1  -178.0   -6.797  -51.695   5263.3    518.6
     1     1    11    12    11     4     0     2  -179.0   -6.881  -51.681   5231.3    521.1
     1     1    11    12    11     3     0     3  -180.0   -6.970  -51.681   5191.8    524.0
     1     1    11    12    11     2     0     2  -181.0   -7.054  -51.698   5165.5    527.1
     1     1    11    12    11     1     0     1  -182.0   -7.125  -51.737   5171.4    526.5
     1     1    11    12    11     0     0     0  -183.0   -7.184  -51.793   5208.7    523.9
     1     1    11    12    10    23     0     1  -184.0   -7.228  -51.856   5268.8    519.0
     1     1    11    12    10    22     0     2  -185.0   -7.252  -51.916   5343.9    513.7
     1     1    11    12    10    21     0     3  -186.0   -7.259  -51.975   5435.1    507.5
     1     1    11    12    10    20     0     2  -187.0   -7.250  -52.024   5520.4    500.8
     1     1    11    12    10    19     0     1  -188.0   -7.229  -52.054   5579.0    497.4
     1     1    11    12    10    18     0     0  -189.0   -7.195  -52.067   5613.5    495.5
     1     1    11    12    10    17     0     1  -190.0   -7.150  -52.059   5631.5    495.1
     1     1    11    12    10    16     0     2  -191.0   -7.097  -52.025   5637.2    495.1
     1     1    11    12    10    15     0     3  -192.0   -7.031  -51.963   5625.4    496.1
     1     1    11    12    10    14     0     2  -193.0   -6.961  -51.880   5602.4    498.2
     1     1    11    12    10    13     0     1  -194.0   -6.898  -51.790   5581.1    499.5
     1     1    11    12    10    12     0     0  -195.0   -6.843  -51.692   5562.4    500.6
     1     1    11    12    10    11     0     1  -196.0   -6.795  -51.590   5553.8    501.2
     1     1    11    12    10    10     0     2  -197.0   -6.752  -51.489   5564.5    500.3
     1     1    11    12    10     9     0     3  -198.0   -6.713  -51.390   5596.1    498.0
     1     1    11    12    10     8     0     2  -199.0   -6.675  -51.290   5631.4    494.9
     1     1    11    12    10     7     0     1  -200.0   -6.638  -51.189   5652.9    493.7
     1     1    11    12    10     6     0     0  -201.0   -6.600  -51.086   5660.6    493.5
     1     1    11    12    10     5     0     1  -202.0   -6.566  -50.978   5664.7    494.4
     1     1    11    12    10     4     0     2  -203.0   -6.539  -50.864   5674.8    494.0
     1     1    11    12    10     3     0     3  -204.0   -6.521  -50.740   5694.3    493.0
     1     1    11    12    10     2     0     2  -205.0   -6.505  -50.604   5728.1    490.8
     1     1    11    12    10     1     0     1  -206.0   -6.491  -50.457   5777.0    487.3
     1     1    11    12    10     0     0     0  -207.0   -6.480  -50.297   5836.8    483.1
     1     1    11    12     9    23     0     1  -208.0   -6.473  -50.119   5888.6    478.2
     1     1    11    12     9    22     0     2  -209.0   -6.468  -49.925   5918.4    476.3
     1     1    11    12     9    21     0     3  -210.0   -6.466  -49.720   5928.2    477.1
     1     1    11    12     9    20     0     2  -211.0   -6.463  -49.520   5935.3    479.8
     1     1    11    12     9    19     0     1  -212.0   -6.464  -49.331   5963.3    479.9
     1     1    11    12     9    18     0     0  -213.0   -6.469  -49.151   6014.9    478.3
     1     1    11    12     9    17     0     1  -214.0   -6.481  -48.982   6077.2    475.0
     1     1    11    12     9    16     0     2  -215.0   -6.499  -48.827   6128.8    471.3
     1     1    11    12     9    15     0     3  -216.0   -6.520  -48.680   6171.6    468.3
     1     1    11    12     9    14     0     2  -217.0   -6.541  -48.541   6199.1    465.8
     1     1    11    12     9    13     0     1  -218.0   -6.558  -48.409   6209.5    464.9
     1     1    11    12     9    12     0     0  -219.0   -6.570  -48.285   6210.4    464.6
     1     1    11    12     9    11     0     1  -220.0   -6.571  -48.159   6210.5    464.1
     1     1    11    12     9    10     0     2  -221.0   -6.557  -48.020   6214.0    463.1
     1     1    11    12     9     9     0     3  -222.0   -6.527  -47.873   6216.7    461.9
     1     1    11    12     9     8     0     2  -223.0   -6.485  -47.714   6218.1    461.5
     1     1    11    12     9     7     0     1  -224.0   -6.436  -47.539   6216.9    460.9
     1     1    11    12     9     6     0     0  -225.0   -6.383  -47.349   6207.4    460.9
     1     1    11    12     9     5     0     1  -226.0   -6.327  -47.146   6198.7    462.0
     1     1    11    12     9     4     0     2  -227.0   -6.269  -46.930   6209.6    461.7
     1     1    11    12     9     3     0     3  -228.0   -6.212  -46.702   6249.3    460.3
     1     1    11    12     9     2     0     2  -229.0   -6.164  -46.470   6294.8    456.8
     1     1    11    12     9     1     0     1  -230.0   -6.126  -46.239   6320.3    455.8
     1     1    11    12     9     0     0     0  -231.0   -6.092  -46.008   6324.9    456.1
     1     1    11    12     8    23     0     1  -232.0   -6.057  -45.774   6323.8    457.0
     1     1    11    12     8    22     0     2  -233.0   -6.021  -45.534   6337.5    455.8
     1     1    11    12     8    21     0     3  -234.0   -5.985  -45.292   6366.0    453.7
     1     1    11    12     8    20     0     2  -235.0   -5.953  -45.046   6410.6    451.1
     1     1    11    12     8    19     0     1  -236.0   -5.930  -44.798   6468.1    447.8
     1     1    11    12     8    18     0     0  -237.0   -5.914  -44.549   6525.9    444.8
     1     1    11    12     8    17     0     1  -238.0   -5.914  -44.290   6557.3    442.3
     1     1    11    12     8    16     0     2  -239.0   -5.930  -44.013   6544.6    443.8
     1     1    11    12     8    15     0     3  -240.0   -5.953  -43.723   6502.0    447.8
     1     1    11    12     8    14     0     2  -241.0   -5.977  -43.428   6478.2    452.7
     1     1    11    12     8    13     0     1  -242.0   -6.008  -43.134   6521.1    451.3
     1     1    11    12     8    12     0     0  -243.0   -6.053  -42.835   6619.7    444.9
     1     1    11    12     8    11     0     1  -244.0   -6.112  -42.535   6725.3    434.9
     1     1    11    12     8    10     0     2  -245.0   -6.179  -42.239   6813.0    429.0
     1     1    11    12     8     9     0     3  -246.0   -6.261  -41.949   6895.9    422.2
     1     1    11    12     8     8     0     2  -247.0   -6.368  -41.677   6941.2    413.6
     1     1    11    12     8     7     0     1  -248.0   -6.505  -41.420   6965.2    409.9
     1     1    11    12     8     6     0     0  -249.0   -6.669  -41.180   7007.4    406.3
     1     1    11    12     8     5     0     1  -250.0   -6.835  -40.968   7071.1    401.7
     1     1    11    12     8     4     0     2  -251.0   -6.989  -40.783   7124.8    398.2
     1     1    11    12     8     3     0     3  -252.0   -7.134  -40.616   7144.3    395.9
     1     1    11    12     8     2     0     2  -253.0   -7.275  -40.455   7161.2    395.6
     1     1    11    12     8     1     0     1  -254.0   -7.413  -40.300   7202.4    392.9
     1     1    11    12     8     0     0     0  -255.0   -7.550  -40.156   7265.9    389.6
     1     1    11    12     7    23     0     1  -256.0   -7.683  -40.021   7352.3    385.2
     1     1    11    12     7    22     0     2  -257.0   -7.810  -39.895   7465.8    380.0
     1     1    11    12     7    21     0     3  -258.0   -7.931  -39.779   7601.3    373.5
     1     1    11    12     7    20     0     2  -259.0   -8.045  -39.680   7731.2    366.1
     1     1    11    12     7    19     0     1  -260.0   -8.152  -39.598   7833.3    361.9
     1     1    11    12     7    18     0     0  -261.0   -8.253  -39.531   7913.8    358.7
     1     1    11    12     7    17     0     1  -262.0   -8.346  -39.478   7972.5    356.4
     1     1    11    12     7    16     0     2  -263.0   -8.431  -39.438   8004.2    355.4
     1     1    11    12     7    15     0     3  -264.0   -8.511  -39.409   8006.8    355.9
     1     1    11    12     7    14     0     2  -265.0   -8.592  -39.378   8005.3    357.7
     1     1    11    12     7    13     0     1  -266.0   -8.678  -39.342   8025.8    357.4
     1     1    11    12     7    12     0     0  -267.0   -8.769  -39.306   8068.8    356.0
     1     1    11    12     7    11     0     1  -268.0   -8.863  -39.283   8121.9    353.2
     1     1    11    12     7    10     0     2  -269.0   -8.963  -39.287   8168.7    351.2
     1     1    11    12     7     9     0     3  -270.0   -9.068  -39.318   8200.6    349.3
     1     1    11    12     7     8     0     2  -271.0   -9.175  -39.361   8239.4    347.9
     1     1    11    12     7     7     0     1  -272.0   -9.285  -39.404   8308.3    344.0
     1     1    11    12     7     6     0     0  -273.0   -9.394  -39.451   8403.8    338.8
     1     1    11    12     7     5     0     1  -274.0   -9.496  -39.497   8498.2    333.0
     1     1    11    12     7     4     0     2  -275.0   -9.592  -39.531   8569.8    329.6
     1     1    11    12     7     3     0     3  -276.0   -9.685  -39.551   8621.2    327.1
     1     1    11    12     7     2     0     2  -277.0   -9.774  -39.565   8666.1    325.4
     1     1    11    12     7     1     0     1  -278.0   -9.856  -39.580   8716.7    322.9
     1     1    11    12     7     0     0     0  -279.0   -9.929  -39.596   8771.6    320.2
     1     1    11    12     6    23     0     1  -280.0   -9.993  -39.623   8813.1    317.1
     1     1    11    12     6    22     0     2  -281.0  -10.052  -39.667   8827.9    316.4
     1     1    11    12     6    21     0     3  -282.0  -10.108  -39.725   8811.3    317.0
     1     1    11    12     6    20     0     2  -283.0  -10.168  -39.780   8796.7    319.4
     1     1    11    12     6    19     0     1  -284.0  -10.238  -39.823   8820.9    318.7
     1     1    11    12     6    18     0     0  -285.0  -10.314  -39.862   8886.3    316.2
     1     1    11    12     6    17     0     1  -286.0  -10.390  -39.900   8962.9    311.9
     1     1    11    12     6    16     0     2  -287.0  -10.463  -39.935   9020.2    309.8
     1     1    11    12     6    15     0     3  -288.0  -10.532  -39.962   9058.1    308.5
     1     1    11    12     6    14     0     2  -289.0  -10.600  -39.986   9092.3    308.1
     1     1    11    12     6    13     0     1  -290.0  -10.668  -40.011   9137.2    306.4
     1     1    11    12     6    12     0     0  -291.0  -10.737  -40.038   9192.7    304.1
     1     1    11    12     6    11     0     1  -292.0  -10.795  -40.064   9245.0    301.0
     1     1    11    12     6    10     0     2  -293.0  -10.829  -40.084   9279.9    299.4
     1     1    11    12     6     9     0     3  -294.0  -10.841  -40.093   9298.6    298.4
     1     1    11    12     6     8     0     2  -295.0  -10.844  -40.100   9326.7    298.1
     1     1    11    12     6     7     0     1  -296.0  -10.848  -40.111   9391.6    295.3
     1     1    11    12     6     6     0     0  -297.0  -10.853  -40.126   9493.7    290.9
     1     1    11    12     6     5     0     1  -298.0  -10.862  -40.147   9604.9    285.1
     1     1    11    12     6     4     0     2  -299.0  -10.882  -40.174   9696.0    281.3
     1     1    11    12     6     3     0     3  -300.0  -10.913  -40.209   9765.5    278.3
     1     1    11    12     6     2     0     2  -301.0  -10.949  -40.249   9823.2    276.3
     1     1    11    12     6     1     0     1  -302.0  -10.986  -40.289   9880.2    273.9
     1     1    11    12     6     0     0     0  -303.0  -11.024  -40.330   9935.9    271.5
     1     1    11    12     5    23     0     1  -304.0  -11.067  -40.377   9989.9    268.5
     1     1    11    12     5    22     0     2  -305.0  -11.118  -40.438  10041.4    265.5
