     3     1
    GDAS    11     7     1     0     0
    GDAS    11     7     8     0     0
    GDAS    11     7    15     0     0
     1 BACKWARD OMEGA   
  2011     7    20    15   -8.890  -56.710  4419.6
     1 PRESSURE
     1     1    11     7    20    15     0     3     0.0   -8.890  -56.710   4419.6    585.5
     1     1    11     7    20    14     0     2    -1.0   -8.809  -56.528   4413.7    584.2
     1     1    11     7    20    13     0     1    -2.0   -8.739  -56.343   4422.6    581.2
     1     1    11     7    20    12     0     0    -3.0   -8.683  -56.153   4440.5    577.7
     1     1    11     7    20    11     0     1    -4.0   -8.633  -55.968   4457.7    573.9
     1     1    11     7    20    10     0     2    -5.0   -8.585  -55.799   4469.8    571.3
     1     1    11     7    20     9     0     3    -6.0   -8.540  -55.646   4480.3    569.1
     1     1    11     7    20     8     0     2    -7.0   -8.493  -55.498   4488.2    567.5
     1     1    11     7    20     7     0     1    -8.0   -8.443  -55.346   4490.8    566.7
     1     1    11     7    20     6     0     0    -9.0   -8.387  -55.190   4486.7    566.5
     1     1    11     7    20     5     0     1   -10.0   -8.326  -55.031   4477.9    567.6
     1     1    11     7    20     4     0     2   -11.0   -8.262  -54.870   4473.2    569.0
     1     1    11     7    20     3     0     3   -12.0   -8.197  -54.708   4481.6    569.2
     1     1    11     7    20     2     0     2   -13.0   -8.133  -54.543   4504.5    567.5
     1     1    11     7    20     1     0     1   -14.0   -8.065  -54.376   4537.4    565.0
     1     1    11     7    20     0     0     0   -15.0   -7.995  -54.206   4574.9    562.0
     1     1    11     7    19    23     0     1   -16.0   -7.928  -54.040   4609.2    559.5
     1     1    11     7    19    22     0     2   -17.0   -7.873  -53.884   4630.4    558.9
     1     1    11     7    19    21     0     3   -18.0   -7.827  -53.738   4634.7    559.7
     1     1    11     7    19    20     0     2   -19.0   -7.793  -53.599   4634.4    561.3
     1     1    11     7    19    19     0     1   -20.0   -7.778  -53.467   4642.3    561.3
     1     1    11     7    19    18     0     0   -21.0   -7.782  -53.344   4660.3    560.4
     1     1    11     7    19    17     0     1   -22.0   -7.800  -53.229   4679.5    559.1
     1     1    11     7    19    16     0     2   -23.0   -7.828  -53.121   4690.7    559.0
     1     1    11     7    19    15     0     3   -24.0   -7.863  -53.019   4693.8    559.6
     1     1    11     7    19    14     0     2   -25.0   -7.899  -52.925   4689.9    560.0
     1     1    11     7    19    13     0     1   -26.0   -7.931  -52.840   4681.6    560.4
     1     1    11     7    19    12     0     0   -27.0   -7.959  -52.763   4668.8    561.0
     1     1    11     7    19    11     0     1   -28.0   -7.986  -52.690   4659.2    561.8
     1     1    11     7    19    10     0     2   -29.0   -8.017  -52.615   4661.1    561.1
     1     1    11     7    19     9     0     3   -30.0   -8.053  -52.540   4676.2    559.4
     1     1    11     7    19     8     0     2   -31.0   -8.092  -52.464   4699.1    557.1
     1     1    11     7    19     7     0     1   -32.0   -8.132  -52.384   4722.9    555.2
     1     1    11     7    19     6     0     0   -33.0   -8.174  -52.300   4746.2    553.4
     1     1    11     7    19     5     0     1   -34.0   -8.214  -52.217   4767.5    552.0
     1     1    11     7    19     4     0     2   -35.0   -8.248  -52.139   4785.1    550.9
     1     1    11     7    19     3     0     3   -36.0   -8.277  -52.064   4797.9    550.3
     1     1    11     7    19     2     0     2   -37.0   -8.303  -51.997   4808.9    549.8
     1     1    11     7    19     1     0     1   -38.0   -8.330  -51.942   4820.5    548.9
     1     1    11     7    19     0     0     0   -39.0   -8.358  -51.899   4833.1    547.9
     1     1    11     7    18    23     0     1   -40.0   -8.389  -51.867   4838.7    546.8
     1     1    11     7    18    22     0     2   -41.0   -8.423  -51.848   4829.0    547.2
     1     1    11     7    18    21     0     3   -42.0   -8.460  -51.842   4804.5    548.8
     1     1    11     7    18    20     0     2   -43.0   -8.500  -51.836   4778.1    551.5
     1     1    11     7    18    19     0     1   -44.0   -8.541  -51.820   4762.5    552.6
     1     1    11     7    18    18     0     0   -45.0   -8.583  -51.794   4757.5    552.9
     1     1    11     7    18    17     0     1   -46.0   -8.626  -51.760   4764.6    552.5
     1     1    11     7    18    16     0     2   -47.0   -8.668  -51.721   4786.3    551.0
     1     1    11     7    18    15     0     3   -48.0   -8.711  -51.677   4823.3    548.5
     1     1    11     7    18    14     0     2   -49.0   -8.752  -51.631   4872.7    544.4
     1     1    11     7    18    13     0     1   -50.0   -8.792  -51.585   4930.4    539.9
     1     1    11     7    18    12     0     0   -51.0   -8.830  -51.541   4994.8    535.0
     1     1    11     7    18    11     0     1   -52.0   -8.863  -51.499   5057.8    529.5
     1     1    11     7    18    10     0     2   -53.0   -8.889  -51.463   5113.0    525.2
     1     1    11     7    18     9     0     3   -54.0   -8.907  -51.432   5162.4    521.3
     1     1    11     7    18     8     0     2   -55.0   -8.918  -51.409   5212.8    518.3
     1     1    11     7    18     7     0     1   -56.0   -8.922  -51.394   5269.7    514.6
     1     1    11     7    18     6     0     0   -57.0   -8.918  -51.387   5332.4    510.6
     1     1    11     7    18     5     0     1   -58.0   -8.902  -51.387   5393.5    506.5
     1     1    11     7    18     4     0     2   -59.0   -8.872  -51.391   5446.5    503.5
     1     1    11     7    18     3     0     3   -60.0   -8.829  -51.399   5491.0    501.0
     1     1    11     7    18     2     0     2   -61.0   -8.772  -51.408   5528.9    499.0
     1     1    11     7    18     1     0     1   -62.0   -8.698  -51.415   5562.8    497.2
     1     1    11     7    18     0     0     0   -63.0   -8.609  -51.420   5593.1    495.6
     1     1    11     7    17    23     0     1   -64.0   -8.504  -51.421   5617.2    494.0
     1     1    11     7    17    22     0     2   -65.0   -8.381  -51.420   5633.0    493.3
     1     1    11     7    17    21     0     3   -66.0   -8.241  -51.416   5641.5    493.0
     1     1    11     7    17    20     0     2   -67.0   -8.090  -51.408   5650.4    493.6
     1     1    11     7    17    19     0     1   -68.0   -7.931  -51.396   5665.4    493.2
     1     1    11     7    17    18     0     0   -69.0   -7.765  -51.380   5685.5    492.5
     1     1    11     7    17    17     0     1   -70.0   -7.596  -51.362   5711.2    491.4
     1     1    11     7    17    16     0     2   -71.0   -7.426  -51.343   5740.8    490.0
     1     1    11     7    17    15     0     3   -72.0   -7.249  -51.327   5772.8    488.4
     1     1    11     7    17    14     0     2   -73.0   -7.066  -51.311   5803.5    486.5
     1     1    11     7    17    13     0     1   -74.0   -6.881  -51.293   5829.8    484.9
     1     1    11     7    17    12     0     0   -75.0   -6.696  -51.273   5852.6    483.5
     1     1    11     7    17    11     0     1   -76.0   -6.514  -51.250   5877.7    482.4
     1     1    11     7    17    10     0     2   -77.0   -6.337  -51.223   5910.1    480.4
     1     1    11     7    17     9     0     3   -78.0   -6.162  -51.198   5948.2    478.1
     1     1    11     7    17     8     0     2   -79.0   -5.987  -51.170   5980.6    475.7
     1     1    11     7    17     7     0     1   -80.0   -5.808  -51.132   5992.9    474.6
     1     1    11     7    17     6     0     0   -81.0   -5.621  -51.080   5979.2    475.0
     1     1    11     7    17     5     0     1   -82.0   -5.436  -51.017   5946.4    477.9
     1     1    11     7    17     4     0     2   -83.0   -5.260  -50.947   5917.7    480.5
     1     1    11     7    17     3     0     3   -84.0   -5.097  -50.871   5913.4    481.9
     1     1    11     7    17     2     0     2   -85.0   -4.940  -50.794   5934.5    480.8
     1     1    11     7    17     1     0     1   -86.0   -4.780  -50.713   5966.7    480.2
     1     1    11     7    17     0     0     0   -87.0   -4.615  -50.628   5997.4    479.7
     1     1    11     7    16    23     0     1   -88.0   -4.443  -50.530   6034.2    479.7
     1     1    11     7    16    22     0     2   -89.0   -4.260  -50.414   6084.7    477.9
     1     1    11     7    16    21     0     3   -90.0   -4.061  -50.283   6140.5    475.8
     1     1    11     7    16    20     0     2   -91.0   -3.846  -50.144   6169.7    473.8
     1     1    11     7    16    19     0     1   -92.0   -3.623  -49.996   6150.4    476.3
     1     1    11     7    16    18     0     0   -93.0   -3.394  -49.836   6091.8    480.9
     1     1    11     7    16    17     0     1   -94.0   -3.162  -49.663   6030.7    486.8
     1     1    11     7    16    16     0     2   -95.0   -2.928  -49.485   5993.0    489.1
     1     1    11     7    16    15     0     3   -96.0   -2.692  -49.305   5975.9    490.3
     1     1    11     7    16    14     0     2   -97.0   -2.452  -49.115   5981.4    490.3
     1     1    11     7    16    13     0     1   -98.0   -2.208  -48.910   6017.8    488.6
     1     1    11     7    16    12     0     0   -99.0   -1.959  -48.700   6090.5    484.9
     1     1    11     7    16    11     0     1  -100.0   -1.710  -48.489   6170.4    478.2
     1     1    11     7    16    10     0     2  -101.0   -1.470  -48.275   6222.7    475.1
     1     1    11     7    16     9     0     3  -102.0   -1.239  -48.063   6240.2    474.0
     1     1    11     7    16     8     0     2  -103.0   -1.020  -47.854   6249.9    475.7
     1     1    11     7    16     7     0     1  -104.0   -0.811  -47.650   6275.6    473.8
     1     1    11     7    16     6     0     0  -105.0   -0.604  -47.448   6317.2    471.5
     1     1    11     7    16     5     0     1  -106.0   -0.396  -47.255   6359.9    468.1
     1     1    11     7    16     4     0     2  -107.0   -0.188  -47.072   6386.7    467.0
     1     1    11     7    16     3     0     3  -108.0    0.019  -46.896   6395.4    466.5
     1     1    11     7    16     2     0     2  -109.0    0.227  -46.727   6407.1    467.3
     1     1    11     7    16     1     0     1  -110.0    0.437  -46.562   6441.1    464.7
     1     1    11     7    16     0     0     0  -111.0    0.650  -46.400   6487.8    461.7
     1     1    11     7    15    23     0     1  -112.0    0.857  -46.235   6524.7    458.2
     1     1    11     7    15    22     0     2  -113.0    1.045  -46.062   6541.9    457.6
     1     1    11     7    15    21     0     3  -114.0    1.211  -45.888   6538.8    457.0
     1     1    11     7    15    20     0     2  -115.0    1.364  -45.724   6512.9    459.1
     1     1    11     7    15    19     0     1  -116.0    1.511  -45.573   6473.4    461.4
     1     1    11     7    15    18     0     0  -117.0    1.653  -45.437   6408.2    464.6
     1     1    11     7    15    17     0     1  -118.0    1.789  -45.310   6268.4    470.9
     1     1    11     7    15    16     0     2  -119.0    1.909  -45.183   6016.6    486.9
     1     1    11     7    15    15     0     3  -120.0    1.997  -45.044   5667.7    510.1
     1     1    11     7    15    14     0     2  -121.0    2.049  -44.882   5356.6    539.3
     1     1    11     7    15    13     0     1  -122.0    2.086  -44.701   5201.6    548.4
     1     1    11     7    15    12     0     0  -123.0    2.120  -44.508   5157.2    549.5
     1     1    11     7    15    11     0     1  -124.0    2.165  -44.315   5158.3    546.5
     1     1    11     7    15    10     0     2  -125.0    2.226  -44.124   5161.7    545.6
     1     1    11     7    15     9     0     3  -126.0    2.298  -43.932   5159.2    545.2
     1     1    11     7    15     8     0     2  -127.0    2.374  -43.741   5149.0    545.9
     1     1    11     7    15     7     0     1  -128.0    2.444  -43.559   5130.6    546.9
     1     1    11     7    15     6     0     0  -129.0    2.503  -43.383   5098.9    548.8
     1     1    11     7    15     5     0     1  -130.0    2.562  -43.209   5053.4    552.4
     1     1    11     7    15     4     0     2  -131.0    2.630  -43.035   4987.0    556.9
     1     1    11     7    15     3     0     3  -132.0    2.698  -42.861   4896.6    563.9
     1     1    11     7    15     2     0     2  -133.0    2.760  -42.691   4816.3    571.7
     1     1    11     7    15     1     0     1  -134.0    2.820  -42.525   4775.6    574.6
     1     1    11     7    15     0     0     0  -135.0    2.887  -42.359   4772.3    574.7
     1     1    11     7    14    23     0     1  -136.0    2.969  -42.197   4789.1    572.0
     1     1    11     7    14    22     0     2  -137.0    3.065  -42.044   4801.4    570.2
     1     1    11     7    14    21     0     3  -138.0    3.166  -41.907   4780.5    570.1
     1     1    11     7    14    20     0     2  -139.0    3.260  -41.784   4715.9    575.0
     1     1    11     7    14    19     0     1  -140.0    3.340  -41.666   4628.6    582.4
     1     1    11     7    14    18     0     0  -141.0    3.407  -41.549   4548.4    589.4
     1     1    11     7    14    17     0     1  -142.0    3.469  -41.432   4488.5    594.0
     1     1    11     7    14    16     0     2  -143.0    3.535  -41.316   4447.8    597.5
     1     1    11     7    14    15     0     3  -144.0    3.607  -41.203   4428.2    599.3
     1     1    11     7    14    14     0     2  -145.0    3.687  -41.095   4432.2    599.1
     1     1    11     7    14    13     0     1  -146.0    3.773  -40.994   4458.7    596.9
     1     1    11     7    14    12     0     0  -147.0    3.867  -40.900   4498.8    593.4
     1     1    11     7    14    11     0     1  -148.0    3.965  -40.813   4541.5    589.7
     1     1    11     7    14    10     0     2  -149.0    4.064  -40.739   4578.5    586.3
     1     1    11     7    14     9     0     3  -150.0    4.163  -40.680   4603.3    584.0
     1     1    11     7    14     8     0     2  -151.0    4.263  -40.630   4614.1    583.2
     1     1    11     7    14     7     0     1  -152.0    4.365  -40.581   4612.9    583.3
     1     1    11     7    14     6     0     0  -153.0    4.466  -40.533   4602.6    584.0
     1     1    11     7    14     5     0     1  -154.0    4.565  -40.484   4581.2    585.7
     1     1    11     7    14     4     0     2  -155.0    4.663  -40.431   4545.2    588.8
     1     1    11     7    14     3     0     3  -156.0    4.758  -40.374   4495.2    592.9
     1     1    11     7    14     2     0     2  -157.0    4.850  -40.315   4435.3    597.6
     1     1    11     7    14     1     0     1  -158.0    4.938  -40.261   4367.9    602.7
     1     1    11     7    14     0     0     0  -159.0    5.023  -40.210   4295.1    608.3
     1     1    11     7    13    23     0     1  -160.0    5.099  -40.160   4232.1    613.8
     1     1    11     7    13    22     0     2  -161.0    5.165  -40.111   4193.4    616.4
     1     1    11     7    13    21     0     3  -162.0    5.226  -40.061   4179.9    617.2
     1     1    11     7    13    20     0     2  -163.0    5.280  -40.006   4146.6    616.3
     1     1    11     7    13    19     0     1  -164.0    5.325  -39.939   4046.9    623.7
     1     1    11     7    13    18     0     0  -165.0    5.364  -39.862   3882.3    636.8
     1     1    11     7    13    17     0     1  -166.0    5.402  -39.781   3703.3    655.0
     1     1    11     7    13    16     0     2  -167.0    5.436  -39.707   3550.9    667.4
     1     1    11     7    13    15     0     3  -168.0    5.463  -39.642   3417.9    678.3
     1     1    11     7    13    14     0     2  -169.0    5.487  -39.578   3299.3    688.0
     1     1    11     7    13    13     0     1  -170.0    5.513  -39.513   3191.6    696.9
     1     1    11     7    13    12     0     0  -171.0    5.540  -39.445   3091.0    704.9
     1     1    11     7    13    11     0     1  -172.0    5.569  -39.374   2993.8    712.9
     1     1    11     7    13    10     0     2  -173.0    5.600  -39.297   2898.5    720.9
     1     1    11     7    13     9     0     3  -174.0    5.635  -39.217   2803.9    729.0
     1     1    11     7    13     8     0     2  -175.0    5.673  -39.141   2712.1    737.4
     1     1    11     7    13     7     0     1  -176.0    5.714  -39.077   2625.3    744.8
     1     1    11     7    13     6     0     0  -177.0    5.758  -39.021   2541.4    752.0
     1     1    11     7    13     5     0     1  -178.0    5.804  -38.969   2442.8    759.8
     1     1    11     7    13     4     0     2  -179.0    5.848  -38.915   2313.5    772.0
     1     1    11     7    13     3     0     3  -180.0    5.888  -38.861   2153.5    787.1
     1     1    11     7    13     2     0     2  -181.0    5.924  -38.808   2007.4    805.0
     1     1    11     7    13     1     0     1  -182.0    5.966  -38.756   1918.5    813.9
     1     1    11     7    13     0     0     0  -183.0    6.019  -38.703   1889.9    817.0
     1     1    11     7    12    23     0     1  -184.0    6.085  -38.651   1891.7    813.3
     1     1    11     7    12    22     0     2  -185.0    6.160  -38.602   1888.3    813.0
     1     1    11     7    12    21     0     3  -186.0    6.245  -38.557   1873.6    813.8
     1     1    11     7    12    20     0     2  -187.0    6.336  -38.520   1851.5    816.7
     1     1    11     7    12    19     0     1  -188.0    6.429  -38.494   1831.5    818.8
     1     1    11     7    12    18     0     0  -189.0    6.522  -38.478   1818.6    820.3
     1     1    11     7    12    17     0     1  -190.0    6.615  -38.462   1803.0    821.1
     1     1    11     7    12    16     0     2  -191.0    6.705  -38.435   1775.9    824.4
     1     1    11     7    12    15     0     3  -192.0    6.792  -38.398   1744.5    828.1
     1     1    11     7    12    14     0     2  -193.0    6.878  -38.355   1715.6    831.3
     1     1    11     7    12    13     0     1  -194.0    6.961  -38.310   1689.6    833.7
     1     1    11     7    12    12     0     0  -195.0    7.043  -38.265   1659.6    836.3
     1     1    11     7    12    11     0     1  -196.0    7.126  -38.216   1617.5    839.9
     1     1    11     7    12    10     0     2  -197.0    7.213  -38.159   1563.6    845.5
     1     1    11     7    12     9     0     3  -198.0    7.300  -38.094   1506.7    851.5
     1     1    11     7    12     8     0     2  -199.0    7.386  -38.022   1460.5    857.0
     1     1    11     7    12     7     0     1  -200.0    7.474  -37.943   1431.4    859.5
     1     1    11     7    12     6     0     0  -201.0    7.563  -37.858   1411.0    861.1
     1     1    11     7    12     5     0     1  -202.0    7.653  -37.763   1380.0    863.0
     1     1    11     7    12     4     0     2  -203.0    7.741  -37.658   1326.0    868.9
     1     1    11     7    12     3     0     3  -204.0    7.828  -37.537   1253.6    877.0
     1     1    11     7    12     2     0     2  -205.0    7.911  -37.406   1179.6    886.3
     1     1    11     7    12     1     0     1  -206.0    7.991  -37.273   1116.8    892.8
     1     1    11     7    12     0     0     0  -207.0    8.071  -37.143   1065.3    898.2
     1     1    11     7    11    23     0     1  -208.0    8.147  -37.019   1028.2    902.1
     1     1    11     7    11    22     0     2  -209.0    8.216  -36.904   1001.2    903.8
     1     1    11     7    11    21     0     3  -210.0    8.278  -36.797    973.3    906.0
     1     1    11     7    11    20     0     2  -211.0    8.336  -36.691    931.5    909.5
     1     1    11     7    11    19     0     1  -212.0    8.391  -36.579    872.8    916.7
     1     1    11     7    11    18     0     0  -213.0    8.441  -36.463    808.6    923.7
     1     1    11     7    11    17     0     1  -214.0    8.489  -36.340    756.1    930.9
     1     1    11     7    11    16     0     2  -215.0    8.533  -36.207    724.6    934.3
     1     1    11     7    11    15     0     3  -216.0    8.572  -36.065    709.1    936.0
     1     1    11     7    11    14     0     2  -217.0    8.614  -35.915    696.8    936.4
     1     1    11     7    11    13     0     1  -218.0    8.669  -35.755    680.1    938.8
     1     1    11     7    11    12     0     0  -219.0    8.740  -35.582    665.7    941.0
     1     1    11     7    11    11     0     1  -220.0    8.822  -35.401    654.8    941.6
     1     1    11     7    11    10     0     2  -221.0    8.909  -35.215    642.3    942.5
     1     1    11     7    11     9     0     3  -222.0    9.000  -35.020    623.5    944.0
     1     1    11     7    11     8     0     2  -223.0    9.085  -34.820    604.9    946.8
     1     1    11     7    11     7     0     1  -224.0    9.156  -34.619    591.7    947.6
     1     1    11     7    11     6     0     0  -225.0    9.214  -34.416    578.5    948.7
     1     1    11     7    11     5     0     1  -226.0    9.270  -34.212    556.9    950.5
     1     1    11     7    11     4     0     2  -227.0    9.332  -34.004    522.7    954.7
     1     1    11     7    11     3     0     3  -228.0    9.406  -33.790    480.6    959.8
     1     1    11     7    11     2     0     2  -229.0    9.497  -33.576    441.9    965.7
     1     1    11     7    11     1     0     1  -230.0    9.604  -33.369    416.0    968.9
     1     1    11     7    11     0     0     0  -231.0    9.725  -33.169    405.2    970.3
     1     1    11     7    10    23     0     1  -232.0    9.852  -32.971    402.1    969.4
     1     1    11     7    10    22     0     2  -233.0    9.977  -32.770    395.7    969.3
     1     1    11     7    10    21     0     3  -234.0   10.097  -32.566    384.9    970.3
     1     1    11     7    10    20     0     2  -235.0   10.212  -32.362    372.4    971.8
     1     1    11     7    10    19     0     1  -236.0   10.320  -32.162    358.2    973.3
     1     1    11     7    10    18     0     0  -237.0   10.423  -31.968    341.2    975.3
     1     1    11     7    10    17     0     1  -238.0   10.518  -31.776    328.2    977.7
     1     1    11     7    10    16     0     2  -239.0   10.602  -31.588    323.7    978.2
     1     1    11     7    10    15     0     3  -240.0   10.676  -31.404    325.5    978.1
     1     1    11     7    10    14     0     2  -241.0   10.745  -31.221    329.6    977.6
     1     1    11     7    10    13     0     1  -242.0   10.814  -31.036    333.1    977.4
     1     1    11     7    10    12     0     0  -243.0   10.882  -30.847    335.6    977.4
     1     1    11     7    10    11     0     1  -244.0   10.955  -30.655    338.5    977.1
     1     1    11     7    10    10     0     2  -245.0   11.039  -30.458    342.5    976.5
     1     1    11     7    10     9     0     3  -246.0   11.132  -30.254    346.5    975.9
     1     1    11     7    10     8     0     2  -247.0   11.233  -30.055    350.6    975.3
     1     1    11     7    10     7     0     1  -248.0   11.337  -29.870    355.0    974.5
     1     1    11     7    10     6     0     0  -249.0   11.446  -29.699    358.8    973.7
     1     1    11     7    10     5     0     1  -250.0   11.560  -29.533    363.5    973.6
     1     1    11     7    10     4     0     2  -251.0   11.684  -29.361    370.8    973.0
     1     1    11     7    10     3     0     3  -252.0   11.813  -29.184    380.7    972.1
     1     1    11     7    10     2     0     2  -253.0   11.947  -29.004    391.7    971.1
     1     1    11     7    10     1     0     1  -254.0   12.085  -28.824    402.7    970.3
     1     1    11     7    10     0     0     0  -255.0   12.227  -28.642    415.7    969.4
     1     1    11     7     9    23     0     1  -256.0   12.371  -28.467    430.8    967.5
     1     1    11     7     9    22     0     2  -257.0   12.513  -28.306    444.6    965.3
     1     1    11     7     9    21     0     3  -258.0   12.657  -28.160    453.6    963.7
     1     1    11     7     9    20     0     2  -259.0   12.806  -28.022    456.2    963.1
     1     1    11     7     9    19     0     1  -260.0   12.963  -27.886    452.6    963.3
     1     1    11     7     9    18     0     0  -261.0   13.130  -27.753    444.8    964.2
     1     1    11     7     9    17     0     1  -262.0   13.296  -27.623    441.0    965.6
     1     1    11     7     9    16     0     2  -263.0   13.446  -27.501    446.5    965.1
     1     1    11     7     9    15     0     3  -264.0   13.580  -27.389    459.1    963.7
     1     1    11     7     9    14     0     2  -265.0   13.701  -27.284    474.9    961.6
     1     1    11     7     9    13     0     1  -266.0   13.813  -27.183    490.4    960.0
     1     1    11     7     9    12     0     0  -267.0   13.917  -27.085    505.5    958.4
     1     1    11     7     9    11     0     1  -268.0   14.015  -26.990    519.1    956.8
     1     1    11     7     9    10     0     2  -269.0   14.108  -26.896    530.9    955.4
     1     1    11     7     9     9     0     3  -270.0   14.200  -26.802    541.1    954.2
     1     1    11     7     9     8     0     2  -271.0   14.294  -26.709    550.7    953.0
     1     1    11     7     9     7     0     1  -272.0   14.395  -26.618    561.3    951.5
     1     1    11     7     9     6     0     0  -273.0   14.500  -26.530    573.6    949.9
     1     1    11     7     9     5     0     1  -274.0   14.606  -26.446    584.9    948.6
     1     1    11     7     9     4     0     2  -275.0   14.713  -26.366    592.0    948.0
     1     1    11     7     9     3     0     3  -276.0   14.820  -26.289    594.3    947.9
     1     1    11     7     9     2     0     2  -277.0   14.928  -26.216    594.3    948.4
     1     1    11     7     9     1     0     1  -278.0   15.039  -26.148    594.4    948.7
     1     1    11     7     9     0     0     0  -279.0   15.153  -26.085    594.8    948.9
     1     1    11     7     8    23     0     1  -280.0   15.271  -26.029    596.8    948.4
     1     1    11     7     8    22     0     2  -281.0   15.394  -25.977    601.9    947.4
     1     1    11     7     8    21     0     3  -282.0   15.523  -25.931    610.1    946.1
     1     1    11     7     8    20     0     2  -283.0   15.651  -25.884    620.2    944.8
     1     1    11     7     8    19     0     1  -284.0   15.774  -25.833    631.1    943.5
     1     1    11     7     8    18     0     0  -285.0   15.891  -25.779    642.3    942.0
     1     1    11     7     8    17     0     1  -286.0   15.998  -25.719    650.8    940.6
     1     1    11     7     8    16     0     2  -287.0   16.093  -25.652    653.0    940.2
     1     1    11     7     8    15     0     3  -288.0   16.179  -25.576    648.5    940.6
     1     1    11     7     8    14     0     2  -289.0   16.259  -25.497    643.2    942.1
     1     1    11     7     8    13     0     1  -290.0   16.338  -25.419    642.7    942.3
     1     1    11     7     8    12     0     0  -291.0   16.415  -25.342    646.6    942.0
     1     1    11     7     8    11     0     1  -292.0   16.486  -25.268    652.4    940.9
     1     1    11     7     8    10     0     2  -293.0   16.552  -25.202    658.0    940.2
     1     1    11     7     8     9     0     3  -294.0   16.612  -25.142    664.2    939.5
     1     1    11     7     8     8     0     2  -295.0   16.671  -25.082    672.4    938.3
     1     1    11     7     8     7     0     1  -296.0   16.732  -25.016    683.4    936.7
     1     1    11     7     8     6     0     0  -297.0   16.793  -24.945    696.8    934.8
     1     1    11     7     8     5     0     1  -298.0   16.854  -24.866    708.6    933.2
     1     1    11     7     8     4     0     2  -299.0   16.910  -24.778    715.2    932.7
     1     1    11     7     8     3     0     3  -300.0   16.963  -24.680    717.3    932.6
     1     1    11     7     8     2     0     2  -301.0   17.019  -24.575    721.2    933.2
     1     1    11     7     8     1     0     1  -302.0   17.084  -24.467    732.5    932.3
     1     1    11     7     8     0     0     0  -303.0   17.157  -24.354    750.9    930.7
     1     1    11     7     7    23     0     1  -304.0   17.230  -24.245    770.6    927.6
     1     1    11     7     7    22     0     2  -305.0   17.297  -24.149    784.9    925.6
     1     1    11     7     7    21     0     3  -306.0   17.358  -24.065    792.3    924.4
     1     1    11     7     7    20     0     2  -307.0   17.422  -23.993    797.7    924.3
     1     1    11     7     7    19     0     1  -308.0   17.494  -23.931    807.3    923.2
     1     1    11     7     7    18     0     0  -309.0   17.573  -23.880    822.0    921.6
     1     1    11     7     7    17     0     1  -310.0   17.658  -23.838    838.7    919.8
     1     1    11     7     7    16     0     2  -311.0   17.747  -23.804    853.8    918.4
     1     1    11     7     7    15     0     3  -312.0   17.840  -23.779    867.3    917.3
     1     1    11     7     7    14     0     2  -313.0   17.936  -23.759    882.0    916.2
     1     1    11     7     7    13     0     1  -314.0   18.031  -23.738    899.8    914.3
     1     1    11     7     7    12     0     0  -315.0   18.124  -23.718    919.5    912.2
     1     1    11     7     7    11     0     1  -316.0   18.211  -23.703    939.8    909.9
     1     1    11     7     7    10     0     2  -317.0   18.292  -23.700    961.0    907.7
     1     1    11     7     7     9     0     3  -318.0   18.368  -23.708    984.4    905.3
     1     1    11     7     7     8     0     2  -319.0   18.437  -23.720   1012.2    902.2
     1     1    11     7     7     7     0     1  -320.0   18.498  -23.729   1045.7    898.4
     1     1    11     7     7     6     0     0  -321.0   18.551  -23.733   1084.6    894.1
     1     1    11     7     7     5     0     1  -322.0   18.599  -23.732   1120.6    889.9
     1     1    11     7     7     4     0     2  -323.0   18.643  -23.723   1145.3    887.6
     1     1    11     7     7     3     0     3  -324.0   18.687  -23.706   1158.8    886.4
     1     1    11     7     7     2     0     2  -325.0   18.738  -23.680   1163.6    886.4
     1     1    11     7     7     1     0     1  -326.0   18.801  -23.647   1162.7    886.8
     1     1    11     7     7     0     0     0  -327.0   18.878  -23.607   1156.8    887.6
     1     1    11     7     6    23     0     1  -328.0   18.971  -23.561   1152.8    888.5
     1     1    11     7     6    22     0     2  -329.0   19.082  -23.509   1157.5    887.8
     1     1    11     7     6    21     0     3  -330.0   19.210  -23.454   1171.3    886.3
     1     1    11     7     6    20     0     2  -331.0   19.348  -23.397   1188.4    883.8
     1     1    11     7     6    19     0     1  -332.0   19.489  -23.338   1202.5    882.3
     1     1    11     7     6    18     0     0  -333.0   19.634  -23.278   1212.7    881.2
     1     1    11     7     6    17     0     1  -334.0   19.781  -23.220   1219.0    880.7
     1     1    11     7     6    16     0     2  -335.0   19.929  -23.164   1222.7    880.5
     1     1    11     7     6    15     0     3  -336.0   20.078  -23.110   1224.3    880.5
