     3     1
    GDAS    11     7     1     0     0
    GDAS    11     7     8     0     0
    GDAS    11     7    15     0     0
     1 BACKWARD OMEGA   
  2011     7    20    16   -8.830  -56.740  3505.2
     1 PRESSURE
     1     1    11     7    20    16     0     2     0.0   -8.830  -56.740   3505.2    654.3
     1     1    11     7    20    15     0     3    -1.0   -8.790  -56.571   3510.1    651.8
     1     1    11     7    20    14     0     2    -2.0   -8.759  -56.395   3514.0    650.8
     1     1    11     7    20    13     0     1    -3.0   -8.733  -56.221   3526.9    647.9
     1     1    11     7    20    12     0     0    -4.0   -8.713  -56.048   3543.2    644.8
     1     1    11     7    20    11     0     1    -5.0   -8.690  -55.884   3558.4    641.5
     1     1    11     7    20    10     0     2    -6.0   -8.651  -55.740   3574.7    638.5
     1     1    11     7    20     9     0     3    -7.0   -8.595  -55.613   3595.1    635.3
     1     1    11     7    20     8     0     2    -8.0   -8.528  -55.488   3615.4    632.4
     1     1    11     7    20     7     0     1    -9.0   -8.457  -55.353   3630.5    630.5
     1     1    11     7    20     6     0     0   -10.0   -8.378  -55.206   3639.6    629.4
     1     1    11     7    20     5     0     1   -11.0   -8.294  -55.050   3640.2    629.6
     1     1    11     7    20     4     0     2   -12.0   -8.209  -54.886   3635.0    631.1
     1     1    11     7    20     3     0     3   -13.0   -8.125  -54.715   3633.3    632.2
     1     1    11     7    20     2     0     2   -14.0   -8.043  -54.541   3640.9    631.8
     1     1    11     7    20     1     0     1   -15.0   -7.964  -54.368   3655.1    630.6
     1     1    11     7    20     0     0     0   -16.0   -7.886  -54.197   3667.8    630.1
     1     1    11     7    19    23     0     1   -17.0   -7.808  -54.026   3675.3    630.3
     1     1    11     7    19    22     0     2   -18.0   -7.732  -53.858   3677.7    631.2
     1     1    11     7    19    21     0     3   -19.0   -7.659  -53.691   3672.4    632.6
     1     1    11     7    19    20     0     2   -20.0   -7.596  -53.525   3667.7    634.0
     1     1    11     7    19    19     0     1   -21.0   -7.550  -53.359   3672.1    633.8
     1     1    11     7    19    18     0     0   -22.0   -7.519  -53.194   3686.2    632.5
     1     1    11     7    19    17     0     1   -23.0   -7.503  -53.031   3699.5    630.6
     1     1    11     7    19    16     0     2   -24.0   -7.499  -52.869   3706.1    630.8
     1     1    11     7    19    15     0     3   -25.0   -7.508  -52.709   3710.2    631.1
     1     1    11     7    19    14     0     2   -26.0   -7.523  -52.551   3714.7    630.9
     1     1    11     7    19    13     0     1   -27.0   -7.537  -52.397   3719.9    630.4
     1     1    11     7    19    12     0     0   -28.0   -7.549  -52.247   3722.9    630.0
     1     1    11     7    19    11     0     1   -29.0   -7.562  -52.100   3732.0    629.8
     1     1    11     7    19    10     0     2   -30.0   -7.581  -51.957   3756.3    627.5
     1     1    11     7    19     9     0     3   -31.0   -7.607  -51.816   3794.4    624.0
     1     1    11     7    19     8     0     2   -32.0   -7.638  -51.676   3836.9    620.0
     1     1    11     7    19     7     0     1   -33.0   -7.675  -51.534   3876.2    617.1
     1     1    11     7    19     6     0     0   -34.0   -7.716  -51.391   3914.1    614.2
     1     1    11     7    19     5     0     1   -35.0   -7.759  -51.250   3948.7    611.6
     1     1    11     7    19     4     0     2   -36.0   -7.799  -51.114   3976.7    609.7
     1     1    11     7    19     3     0     3   -37.0   -7.838  -50.982   3998.6    608.3
     1     1    11     7    19     2     0     2   -38.0   -7.876  -50.854   4019.1    607.3
     1     1    11     7    19     1     0     1   -39.0   -7.916  -50.732   4043.0    605.8
     1     1    11     7    19     0     0     0   -40.0   -7.958  -50.614   4072.1    603.9
     1     1    11     7    18    23     0     1   -41.0   -8.001  -50.500   4105.0    601.3
     1     1    11     7    18    22     0     2   -42.0   -8.047  -50.391   4138.7    599.0
     1     1    11     7    18    21     0     3   -43.0   -8.096  -50.284   4171.2    596.8
     1     1    11     7    18    20     0     2   -44.0   -8.149  -50.177   4200.9    595.2
     1     1    11     7    18    19     0     1   -45.0   -8.210  -50.071   4224.9    594.2
     1     1    11     7    18    18     0     0   -46.0   -8.279  -49.967   4239.8    594.1
     1     1    11     7    18    17     0     1   -47.0   -8.352  -49.867   4245.5    594.8
     1     1    11     7    18    16     0     2   -48.0   -8.426  -49.769   4246.6    595.7
     1     1    11     7    18    15     0     3   -49.0   -8.501  -49.674   4245.6    596.5
     1     1    11     7    18    14     0     2   -50.0   -8.574  -49.581   4246.2    596.8
     1     1    11     7    18    13     0     1   -51.0   -8.643  -49.487   4251.0    596.5
     1     1    11     7    18    12     0     0   -52.0   -8.706  -49.390   4261.3    595.7
     1     1    11     7    18    11     0     1   -53.0   -8.766  -49.293   4283.7    593.8
     1     1    11     7    18    10     0     2   -54.0   -8.825  -49.201   4324.9    590.1
     1     1    11     7    18     9     0     3   -55.0   -8.882  -49.115   4386.4    584.9
     1     1    11     7    18     8     0     2   -56.0   -8.940  -49.038   4452.3    578.6
     1     1    11     7    18     7     0     1   -57.0   -8.998  -48.973   4504.5    574.5
     1     1    11     7    18     6     0     0   -58.0   -9.057  -48.923   4539.7    572.0
     1     1    11     7    18     5     0     1   -59.0   -9.111  -48.882   4563.2    571.0
     1     1    11     7    18     4     0     2   -60.0   -9.156  -48.847   4582.4    569.8
     1     1    11     7    18     3     0     3   -61.0   -9.190  -48.817   4597.0    568.9
     1     1    11     7    18     2     0     2   -62.0   -9.211  -48.789   4615.2    568.2
     1     1    11     7    18     1     0     1   -63.0   -9.218  -48.760   4644.7    566.1
     1     1    11     7    18     0     0     0   -64.0   -9.210  -48.727   4685.6    563.4
     1     1    11     7    17    23     0     1   -65.0   -9.187  -48.689   4732.4    559.7
     1     1    11     7    17    22     0     2   -66.0   -9.150  -48.641   4780.3    556.5
     1     1    11     7    17    21     0     3   -67.0   -9.100  -48.584   4831.1    553.3
     1     1    11     7    17    20     0     2   -68.0   -9.041  -48.519   4883.4    550.4
     1     1    11     7    17    19     0     1   -69.0   -8.977  -48.447   4933.6    547.8
     1     1    11     7    17    18     0     0   -70.0   -8.908  -48.366   4979.5    545.3
     1     1    11     7    17    17     0     1   -71.0   -8.836  -48.280   5023.9    543.3
     1     1    11     7    17    16     0     2   -72.0   -8.767  -48.190   5069.1    540.9
     1     1    11     7    17    15     0     3   -73.0   -8.700  -48.096   5113.7    538.6
     1     1    11     7    17    14     0     2   -74.0   -8.632  -48.003   5149.4    536.0
     1     1    11     7    17    13     0     1   -75.0   -8.561  -47.915   5163.8    533.8
     1     1    11     7    17    12     0     0   -76.0   -8.489  -47.834   5163.5    532.7
     1     1    11     7    17    11     0     1   -77.0   -8.416  -47.755   5167.7    532.7
     1     1    11     7    17    10     0     2   -78.0   -8.340  -47.677   5195.4    530.0
     1     1    11     7    17     9     0     3   -79.0   -8.259  -47.598   5249.1    525.9
     1     1    11     7    17     8     0     2   -80.0   -8.173  -47.518   5314.8    520.3
     1     1    11     7    17     7     0     1   -81.0   -8.078  -47.437   5375.9    516.1
     1     1    11     7    17     6     0     0   -82.0   -7.974  -47.354   5429.0    512.5
     1     1    11     7    17     5     0     1   -83.0   -7.868  -47.265   5481.9    509.2
     1     1    11     7    17     4     0     2   -84.0   -7.764  -47.170   5550.0    504.1
     1     1    11     7    17     3     0     3   -85.0   -7.658  -47.070   5634.2    498.1
     1     1    11     7    17     2     0     2   -86.0   -7.550  -46.968   5706.4    490.7
     1     1    11     7    17     1     0     1   -87.0   -7.440  -46.864   5738.0    488.2
     1     1    11     7    17     0     0     0   -88.0   -7.328  -46.756   5730.8    488.3
     1     1    11     7    16    23     0     1   -89.0   -7.216  -46.641   5719.6    490.3
     1     1    11     7    16    22     0     2   -90.0   -7.098  -46.514   5735.9    488.6
     1     1    11     7    16    21     0     3   -91.0   -6.972  -46.376   5780.6    485.4
     1     1    11     7    16    20     0     2   -92.0   -6.828  -46.228   5821.6    481.4
     1     1    11     7    16    19     0     1   -93.0   -6.667  -46.069   5823.3    482.3
     1     1    11     7    16    18     0     0   -94.0   -6.495  -45.900   5786.0    486.1
     1     1    11     7    16    17     0     1   -95.0   -6.325  -45.721   5751.4    492.4
     1     1    11     7    16    16     0     2   -96.0   -6.159  -45.537   5754.6    492.8
     1     1    11     7    16    15     0     3   -97.0   -5.995  -45.348   5784.4    491.2
     1     1    11     7    16    14     0     2   -98.0   -5.826  -45.157   5807.5    488.7
     1     1    11     7    16    13     0     1   -99.0   -5.655  -44.969   5801.4    491.0
     1     1    11     7    16    12     0     0  -100.0   -5.486  -44.783   5781.1    494.2
     1     1    11     7    16    11     0     1  -101.0   -5.316  -44.603   5767.1    496.7
     1     1    11     7    16    10     0     2  -102.0   -5.138  -44.433   5764.0    496.9
     1     1    11     7    16     9     0     3  -103.0   -4.947  -44.275   5759.6    497.1
     1     1    11     7    16     8     0     2  -104.0   -4.745  -44.123   5751.1    498.2
     1     1    11     7    16     7     0     1  -105.0   -4.537  -43.966   5740.7    499.8
     1     1    11     7    16     6     0     0  -106.0   -4.329  -43.802   5731.9    501.9
     1     1    11     7    16     5     0     1  -107.0   -4.127  -43.630   5735.9    503.9
     1     1    11     7    16     4     0     2  -108.0   -3.931  -43.447   5759.1    503.1
     1     1    11     7    16     3     0     3  -109.0   -3.732  -43.251   5788.0    501.0
     1     1    11     7    16     2     0     2  -110.0   -3.527  -43.035   5801.7    499.1
     1     1    11     7    16     1     0     1  -111.0   -3.320  -42.804   5791.9    500.4
     1     1    11     7    16     0     0     0  -112.0   -3.114  -42.568   5777.4    503.3
     1     1    11     7    15    23     0     1  -113.0   -2.916  -42.331   5784.4    504.9
     1     1    11     7    15    22     0     2  -114.0   -2.728  -42.096   5818.2    503.1
     1     1    11     7    15    21     0     3  -115.0   -2.541  -41.861   5862.8    499.4
     1     1    11     7    15    20     0     2  -116.0   -2.353  -41.627   5905.7    496.1
     1     1    11     7    15    19     0     1  -117.0   -2.167  -41.399   5945.8    493.9
     1     1    11     7    15    18     0     0  -118.0   -1.988  -41.180   5983.6    491.8
     1     1    11     7    15    17     0     1  -119.0   -1.819  -40.974   6007.6    490.1
     1     1    11     7    15    16     0     2  -120.0   -1.658  -40.785   6012.8    490.0
     1     1    11     7    15    15     0     3  -121.0   -1.503  -40.617   5999.8    491.1
     1     1    11     7    15    14     0     2  -122.0   -1.352  -40.463   5986.3    492.9
     1     1    11     7    15    13     0     1  -123.0   -1.192  -40.322   5987.9    492.5
     1     1    11     7    15    12     0     0  -124.0   -1.019  -40.194   6000.2    491.4
     1     1    11     7    15    11     0     1  -125.0   -0.834  -40.074   6012.6    489.8
     1     1    11     7    15    10     0     2  -126.0   -0.645  -39.955   6031.2    489.2
     1     1    11     7    15     9     0     3  -127.0   -0.450  -39.836   6074.1    486.5
     1     1    11     7    15     8     0     2  -128.0   -0.248  -39.714   6120.9    481.8
     1     1    11     7    15     7     0     1  -129.0   -0.037  -39.590   6133.5    480.1
     1     1    11     7    15     6     0     0  -130.0    0.178  -39.462   6097.7    482.1
     1     1    11     7    15     5     0     1  -131.0    0.390  -39.333   6038.6    487.7
     1     1    11     7    15     4     0     2  -132.0    0.600  -39.200   5973.0    491.7
     1     1    11     7    15     3     0     3  -133.0    0.808  -39.067   5879.9    497.0
     1     1    11     7    15     2     0     2  -134.0    1.003  -38.932   5776.4    505.7
     1     1    11     7    15     1     0     1  -135.0    1.176  -38.800   5709.5    511.2
     1     1    11     7    15     0     0     0  -136.0    1.336  -38.671   5683.5    512.0
     1     1    11     7    14    23     0     1  -137.0    1.489  -38.552   5668.8    511.7
     1     1    11     7    14    22     0     2  -138.0    1.640  -38.446   5651.1    512.7
     1     1    11     7    14    21     0     3  -139.0    1.785  -38.356   5633.2    513.7
     1     1    11     7    14    20     0     2  -140.0    1.921  -38.276   5623.1    514.8
     1     1    11     7    14    19     0     1  -141.0    2.049  -38.205   5627.2    514.5
     1     1    11     7    14    18     0     0  -142.0    2.170  -38.144   5646.7    513.4
     1     1    11     7    14    17     0     1  -143.0    2.298  -38.088   5669.4    511.2
     1     1    11     7    14    16     0     2  -144.0    2.440  -38.034   5681.3    510.6
     1     1    11     7    14    15     0     3  -145.0    2.597  -37.981   5681.9    510.8
     1     1    11     7    14    14     0     2  -146.0    2.764  -37.926   5686.6    511.5
     1     1    11     7    14    13     0     1  -147.0    2.942  -37.863   5706.9    509.9
     1     1    11     7    14    12     0     0  -148.0    3.131  -37.795   5737.8    507.8
     1     1    11     7    14    11     0     1  -149.0    3.326  -37.731   5761.6    504.9
     1     1    11     7    14    10     0     2  -150.0    3.524  -37.680   5763.3    504.6
     1     1    11     7    14     9     0     3  -151.0    3.719  -37.640   5744.4    505.6
     1     1    11     7    14     8     0     2  -152.0    3.910  -37.616   5723.7    508.0
     1     1    11     7    14     7     0     1  -153.0    4.097  -37.610   5719.5    508.2
     1     1    11     7    14     6     0     0  -154.0    4.281  -37.623   5733.3    507.2
     1     1    11     7    14     5     0     1  -155.0    4.462  -37.647   5758.1    505.5
     1     1    11     7    14     4     0     2  -156.0    4.639  -37.671   5782.9    504.1
     1     1    11     7    14     3     0     3  -157.0    4.810  -37.698   5800.8    503.1
     1     1    11     7    14     2     0     2  -158.0    4.981  -37.726   5813.6    502.7
     1     1    11     7    14     1     0     1  -159.0    5.157  -37.753   5828.4    501.9
     1     1    11     7    14     0     0     0  -160.0    5.342  -37.781   5845.3    500.7
     1     1    11     7    13    23     0     1  -161.0    5.519  -37.826   5860.6    499.4
     1     1    11     7    13    22     0     2  -162.0    5.669  -37.901   5871.7    498.4
     1     1    11     7    13    21     0     3  -163.0    5.795  -38.005   5876.5    497.8
     1     1    11     7    13    20     0     2  -164.0    5.900  -38.123   5853.2    498.0
     1     1    11     7    13    19     0     1  -165.0    5.986  -38.228   5787.4    502.5
     1     1    11     7    13    18     0     0  -166.0    6.048  -38.313   5694.9    509.1
     1     1    11     7    13    17     0     1  -167.0    6.086  -38.375   5568.7    516.6
     1     1    11     7    13    16     0     2  -168.0    6.106  -38.405   5389.7    528.7
     1     1    11     7    13    15     0     3  -169.0    6.114  -38.393   5151.1    544.8
     1     1    11     7    13    14     0     2  -170.0    6.123  -38.326   4870.7    566.0
     1     1    11     7    13    13     0     1  -171.0    6.150  -38.221   4587.9    586.9
     1     1    11     7    13    12     0     0  -172.0    6.201  -38.089   4319.4    607.1
     1     1    11     7    13    11     0     1  -173.0    6.268  -37.939   4086.9    626.0
     1     1    11     7    13    10     0     2  -174.0    6.343  -37.787   3910.5    640.0
     1     1    11     7    13     9     0     3  -175.0    6.427  -37.626   3790.6    649.0
     1     1    11     7    13     8     0     2  -176.0    6.523  -37.456   3689.8    654.4
     1     1    11     7    13     7     0     1  -177.0    6.626  -37.287   3570.2    663.4
     1     1    11     7    13     6     0     0  -178.0    6.724  -37.128   3426.7    675.1
     1     1    11     7    13     5     0     1  -179.0    6.808  -36.985   3299.5    689.3
     1     1    11     7    13     4     0     2  -180.0    6.876  -36.853   3223.3    695.7
     1     1    11     7    13     3     0     3  -181.0    6.931  -36.727   3186.2    698.3
     1     1    11     7    13     2     0     2  -182.0    6.981  -36.604   3164.7    699.0
     1     1    11     7    13     1     0     1  -183.0    7.031  -36.484   3141.5    700.9
     1     1    11     7    13     0     0     0  -184.0    7.083  -36.366   3112.8    703.4
     1     1    11     7    12    23     0     1  -185.0    7.140  -36.257   3086.7    706.0
     1     1    11     7    12    22     0     2  -186.0    7.204  -36.154   3078.7    706.8
     1     1    11     7    12    21     0     3  -187.0    7.272  -36.054   3098.0    705.2
     1     1    11     7    12    20     0     2  -188.0    7.342  -35.950   3117.9    701.0
     1     1    11     7    12    19     0     1  -189.0    7.414  -35.850   3103.6    702.0
     1     1    11     7    12    18     0     0  -190.0    7.487  -35.759   3052.1    706.3
     1     1    11     7    12    17     0     1  -191.0    7.563  -35.674   2989.6    714.2
     1     1    11     7    12    16     0     2  -192.0    7.640  -35.582   2941.1    718.4
     1     1    11     7    12    15     0     3  -193.0    7.718  -35.482   2902.7    721.8
     1     1    11     7    12    14     0     2  -194.0    7.799  -35.379   2869.4    724.6
     1     1    11     7    12    13     0     1  -195.0    7.884  -35.282   2842.8    727.4
     1     1    11     7    12    12     0     0  -196.0    7.974  -35.187   2830.7    728.9
     1     1    11     7    12    11     0     1  -197.0    8.070  -35.087   2821.6    728.1
     1     1    11     7    12    10     0     2  -198.0    8.172  -34.985   2799.2    729.9
     1     1    11     7    12     9     0     3  -199.0    8.279  -34.883   2763.1    733.0
     1     1    11     7    12     8     0     2  -200.0    8.386  -34.782   2722.6    737.3
     1     1    11     7    12     7     0     1  -201.0    8.494  -34.682   2685.3    740.4
     1     1    11     7    12     6     0     0  -202.0    8.606  -34.581   2650.3    743.4
     1     1    11     7    12     5     0     1  -203.0    8.721  -34.481   2626.5    746.6
     1     1    11     7    12     4     0     2  -204.0    8.833  -34.385   2621.7    747.3
     1     1    11     7    12     3     0     3  -205.0    8.944  -34.293   2634.0    746.5
     1     1    11     7    12     2     0     2  -206.0    9.050  -34.204   2656.8    744.3
     1     1    11     7    12     1     0     1  -207.0    9.150  -34.116   2682.4    742.0
     1     1    11     7    12     0     0     0  -208.0    9.243  -34.026   2704.3    740.0
     1     1    11     7    11    23     0     1  -209.0    9.339  -33.925   2698.6    738.5
     1     1    11     7    11    22     0     2  -210.0    9.443  -33.813   2653.5    743.0
     1     1    11     7    11    21     0     3  -211.0    9.556  -33.697   2589.4    749.3
     1     1    11     7    11    20     0     2  -212.0    9.678  -33.583   2530.6    755.7
     1     1    11     7    11    19     0     1  -213.0    9.802  -33.470   2486.2    759.3
     1     1    11     7    11    18     0     0  -214.0    9.931  -33.363   2448.1    762.3
     1     1    11     7    11    17     0     1  -215.0   10.061  -33.254   2410.8    765.8
     1     1    11     7    11    16     0     2  -216.0   10.189  -33.135   2368.7    769.5
     1     1    11     7    11    15     0     3  -217.0   10.312  -33.007   2315.2    774.5
     1     1    11     7    11    14     0     2  -218.0   10.431  -32.879   2269.0    780.9
     1     1    11     7    11    13     0     1  -219.0   10.553  -32.746   2252.3    782.7
     1     1    11     7    11    12     0     0  -220.0   10.682  -32.603   2267.8    781.6
     1     1    11     7    11    11     0     1  -221.0   10.816  -32.447   2301.2    776.9
     1     1    11     7    11    10     0     2  -222.0   10.953  -32.283   2336.5    773.5
     1     1    11     7    11     9     0     3  -223.0   11.094  -32.113   2371.2    770.1
     1     1    11     7    11     8     0     2  -224.0   11.238  -31.929   2393.8    767.0
     1     1    11     7    11     7     0     1  -225.0   11.378  -31.737   2397.6    766.8
     1     1    11     7    11     6     0     0  -226.0   11.513  -31.542   2388.4    767.8
     1     1    11     7    11     5     0     1  -227.0   11.647  -31.346   2376.3    769.9
     1     1    11     7    11     4     0     2  -228.0   11.786  -31.144   2366.3    770.9
     1     1    11     7    11     3     0     3  -229.0   11.933  -30.942   2354.0    772.1
     1     1    11     7    11     2     0     2  -230.0   12.079  -30.741   2342.7    774.0
     1     1    11     7    11     1     0     1  -231.0   12.218  -30.540   2338.6    774.7
     1     1    11     7    11     0     0     0  -232.0   12.352  -30.337   2342.6    774.6
     1     1    11     7    10    23     0     1  -233.0   12.477  -30.130   2349.2    773.2
     1     1    11     7    10    22     0     2  -234.0   12.591  -29.918   2351.6    772.8
     1     1    11     7    10    21     0     3  -235.0   12.692  -29.704   2350.1    772.8
     1     1    11     7    10    20     0     2  -236.0   12.785  -29.489   2340.9    773.2
     1     1    11     7    10    19     0     1  -237.0   12.871  -29.274   2318.2    775.3
     1     1    11     7    10    18     0     0  -238.0   12.952  -29.064   2280.7    778.7
     1     1    11     7    10    17     0     1  -239.0   13.030  -28.857   2241.3    783.7
     1     1    11     7    10    16     0     2  -240.0   13.112  -28.644   2214.8    786.3
     1     1    11     7    10    15     0     3  -241.0   13.196  -28.418   2202.6    787.6
     1     1    11     7    10    14     0     2  -242.0   13.278  -28.180   2195.6    787.7
     1     1    11     7    10    13     0     1  -243.0   13.350  -27.935   2181.5    788.9
     1     1    11     7    10    12     0     0  -244.0   13.413  -27.692   2161.3    791.3
     1     1    11     7    10    11     0     1  -245.0   13.470  -27.447   2146.3    793.3
     1     1    11     7    10    10     0     2  -246.0   13.523  -27.187   2143.0    793.5
     1     1    11     7    10     9     0     3  -247.0   13.571  -26.911   2144.5    792.8
     1     1    11     7    10     8     0     2  -248.0   13.621  -26.637   2137.3    792.6
     1     1    11     7    10     7     0     1  -249.0   13.677  -26.380   2125.1    794.3
     1     1    11     7    10     6     0     0  -250.0   13.734  -26.130   2125.5    794.9
     1     1    11     7    10     5     0     1  -251.0   13.791  -25.885   2136.7    793.0
     1     1    11     7    10     4     0     2  -252.0   13.847  -25.649   2149.0    792.1
     1     1    11     7    10     3     0     3  -253.0   13.902  -25.424   2163.9    791.0
     1     1    11     7    10     2     0     2  -254.0   13.955  -25.203   2178.7    789.5
     1     1    11     7    10     1     0     1  -255.0   14.009  -24.983   2187.7    788.8
     1     1    11     7    10     0     0     0  -256.0   14.065  -24.763   2186.1    788.8
     1     1    11     7     9    23     0     1  -257.0   14.124  -24.540   2175.7    789.9
     1     1    11     7     9    22     0     2  -258.0   14.186  -24.310   2163.2    790.8
     1     1    11     7     9    21     0     3  -259.0   14.253  -24.068   2153.3    791.4
     1     1    11     7     9    20     0     2  -260.0   14.324  -23.820   2151.1    791.5
     1     1    11     7     9    19     0     1  -261.0   14.400  -23.567   2159.2    790.6
     1     1    11     7     9    18     0     0  -262.0   14.482  -23.309   2177.3    789.0
     1     1    11     7     9    17     0     1  -263.0   14.573  -23.038   2191.9    787.0
     1     1    11     7     9    16     0     2  -264.0   14.679  -22.753   2189.9    787.3
     1     1    11     7     9    15     0     3  -265.0   14.798  -22.456   2174.1    789.0
     1     1    11     7     9    14     0     2  -266.0   14.930  -22.156   2153.0    791.7
     1     1    11     7     9    13     0     1  -267.0   15.074  -21.863   2132.2    793.9
     1     1    11     7     9    12     0     0  -268.0   15.228  -21.583   2116.6    796.0
     1     1    11     7     9    11     0     1  -269.0   15.395  -21.317   2105.7    796.3
     1     1    11     7     9    10     0     2  -270.0   15.579  -21.064   2086.7    797.2
     1     1    11     7     9     9     0     3  -271.0   15.779  -20.818   2045.0    800.2
     1     1    11     7     9     8     0     2  -272.0   15.991  -20.584   1987.4    806.7
     1     1    11     7     9     7     0     1  -273.0   16.210  -20.365   1932.6    812.2
     1     1    11     7     9     6     0     0  -274.0   16.439  -20.160   1883.9    816.5
     1     1    11     7     9     5     0     1  -275.0   16.677  -19.972   1838.9    820.7
     1     1    11     7     9     4     0     2  -276.0   16.923  -19.802   1798.6    824.6
     1     1    11     7     9     3     0     3  -277.0   17.172  -19.653   1765.5    827.7
     1     1    11     7     9     2     0     2  -278.0   17.415  -19.519   1745.8    830.6
     1     1    11     7     9     1     0     1  -279.0   17.647  -19.391   1742.4    831.1
     1     1    11     7     9     0     0     0  -280.0   17.866  -19.264   1750.2    830.5
     1     1    11     7     8    23     0     1  -281.0   18.081  -19.139   1761.9    828.6
     1     1    11     7     8    22     0     2  -282.0   18.294  -19.026   1773.8    827.2
     1     1    11     7     8    21     0     3  -283.0   18.503  -18.923   1786.5    825.7
     1     1    11     7     8    20     0     2  -284.0   18.704  -18.829   1788.5    824.2
     1     1    11     7     8    19     0     1  -285.0   18.892  -18.746   1769.7    825.8
     1     1    11     7     8    18     0     0  -286.0   19.069  -18.678   1731.6    829.2
     1     1    11     7     8    17     0     1  -287.0   19.234  -18.624   1690.5    834.7
     1     1    11     7     8    16     0     2  -288.0   19.384  -18.578   1660.2    837.6
     1     1    11     7     8    15     0     3  -289.0   19.519  -18.538   1639.5    839.6
     1     1    11     7     8    14     0     2  -290.0   19.639  -18.502   1635.0    841.0
     1     1    11     7     8    13     0     1  -291.0   19.743  -18.465   1653.2    839.6
     1     1    11     7     8    12     0     0  -292.0   19.826  -18.424   1693.8    836.0
     1     1    11     7     8    11     0     1  -293.0   19.879  -18.378   1744.9    829.8
     1     1    11     7     8    10     0     2  -294.0   19.898  -18.325   1793.4    825.0
     1     1    11     7     8     9     0     3  -295.0   19.885  -18.265   1838.7    820.6
     1     1    11     7     8     8     0     2  -296.0   19.853  -18.199   1892.0    816.4
     1     1    11     7     8     7     0     1  -297.0   19.812  -18.130   1966.9    809.0
     1     1    11     7     8     6     0     0  -298.0   19.765  -18.051   2066.4    799.4
     1     1    11     7     8     5     0     1  -299.0   19.710  -17.958   2172.4    788.0
     1     1    11     7     8     4     0     2  -300.0   19.651  -17.853   2260.5    779.8
     1     1    11     7     8     3     0     3  -301.0   19.588  -17.734   2325.1    773.7
     1     1    11     7     8     2     0     2  -302.0   19.522  -17.602   2365.2    770.4
     1     1    11     7     8     1     0     1  -303.0   19.458  -17.455   2382.3    769.2
     1     1    11     7     8     0     0     0  -304.0   19.402  -17.292   2378.0    770.0
     1     1    11     7     7    23     0     1  -305.0   19.357  -17.116   2361.9    772.1
     1     1    11     7     7    22     0     2  -306.0   19.327  -16.930   2341.7    773.7
     1     1    11     7     7    21     0     3  -307.0   19.315  -16.734   2317.7    775.6
     1     1    11     7     7    20     0     2  -308.0   19.318  -16.532   2296.5    777.7
     1     1    11     7     7    19     0     1  -309.0   19.331  -16.326   2277.5    778.5
     1     1    11     7     7    18     0     0  -310.0   19.350  -16.118   2250.2    780.1
     1     1    11     7     7    17     0     1  -311.0   19.379  -15.915   2223.0    783.1
     1     1    11     7     7    16     0     2  -312.0   19.420  -15.720   2206.0    783.1
     1     1    11     7     7    15     0     3  -313.0   19.466  -15.530   2193.8    782.4
     1     1    11     7     7    14     0     2  -314.0   19.512  -15.347   2174.4    782.2
     1     1    11     7     7    13     0     1  -315.0   19.558  -15.174   2143.4    783.8
     1     1    11     7     7    12     0     0  -316.0   19.608  -15.008   2105.0    786.1
     1     1    11     7     7    11     0     1  -317.0   19.665  -14.853   2070.7    789.4
     1     1    11     7     7    10     0     2  -318.0   19.731  -14.709   2047.1    790.9
     1     1    11     7     7     9     0     3  -319.0   19.803  -14.574   2030.6    791.8
     1     1    11     7     7     8     0     2  -320.0   19.879  -14.444   2018.9    792.2
     1     1    11     7     7     7     0     1  -321.0   19.955  -14.320   2014.2    792.5
     1     1    11     7     7     6     0     0  -322.0   20.028  -14.203   2024.9    791.3
     1     1    11     7     7     5     0     1  -323.0   20.104  -14.087   2051.6    787.9
     1     1    11     7     7     4     0     2  -324.0   20.187  -13.967   2095.3    783.3
     1     1    11     7     7     3     0     3  -325.0   20.271  -13.836   2164.1    775.0
     1     1    11     7     7     2     0     2  -326.0   20.357  -13.687   2251.5    764.4
     1     1    11     7     7     1     0     1  -327.0   20.455  -13.527   2338.2    753.9
     1     1    11     7     7     0     0     0  -328.0   20.567  -13.375   2412.4    745.0
     1     1    11     7     6    23     0     1  -329.0   20.682  -13.238   2465.0    737.8
     1     1    11     7     6    22     0     2  -330.0   20.794  -13.129   2479.6    734.1
     1     1    11     7     6    21     0     3  -331.0   20.914  -13.065   2433.4    736.0
     1     1    11     7     6    20     0     2  -332.0   21.034  -13.045   2339.2    746.4
     1     1    11     7     6    19     0     1  -333.0   21.133  -13.045   2245.2    756.4
     1     1    11     7     6    18     0     0  -334.0   21.207  -13.054   2166.3    763.1
     1     1    11     7     6    17     0     1  -335.0   21.254  -13.059   2098.6    769.1
     1     1    11     7     6    16     0     2  -336.0   21.273  -13.049   2038.4    774.2
