     3     1
    GDAS    11     1     8     0     0
    GDAS    11     1    15     0     0
    GDAS    11     1    22     0     0
     1 BACKWARD OMEGA   
  2011     1    24    15   -8.850  -56.740  3048.0
     1 PRESSURE
     1     1    11     1    24    15     0     3     0.0   -8.850  -56.740   3048.0    689.5
     1     1    11     1    24    14     0     2    -1.0   -8.908  -56.530   3073.7    686.0
     1     1    11     1    24    13     0     1    -2.0   -8.955  -56.335   3095.3    684.3
     1     1    11     1    24    12     0     0    -3.0   -8.994  -56.152   3125.5    681.0
     1     1    11     1    24    11     0     3    -4.0   -9.023  -55.973   3144.9    675.8
     1     1    11     1    24    10     0     6    -5.0   -9.040  -55.792   3133.9    673.6
     1     1    11     1    24     9     0     9    -6.0   -9.045  -55.611   3095.2    673.5
     1     1    11     1    24     8     0     8    -7.0   -9.041  -55.431   3038.2    676.4
     1     1    11     1    24     7     0     7    -8.0   -9.030  -55.253   2963.2    679.1
     1     1    11     1    24     6     0     6    -9.0   -9.012  -55.080   2848.7    684.9
     1     1    11     1    24     5     0     5   -10.0   -8.983  -54.911   2713.2    698.2
     1     1    11     1    24     4     0     4   -11.0   -8.940  -54.743   2596.7    710.4
     1     1    11     1    24     3     0     3   -12.0   -8.885  -54.568   2504.8    719.4
     1     1    11     1    24     2     0     2   -13.0   -8.833  -54.390   2444.8    726.4
     1     1    11     1    24     1     0     1   -14.0   -8.796  -54.216   2423.0    728.6
     1     1    11     1    24     0     0     0   -15.0   -8.777  -54.044   2434.0    728.1
     1     1    11     1    23    23     0     1   -16.0   -8.764  -53.878   2444.8    724.0
     1     1    11     1    23    22     0     2   -17.0   -8.748  -53.717   2428.4    725.3
     1     1    11     1    23    21     0     3   -18.0   -8.735  -53.564   2394.8    728.1
     1     1    11     1    23    20     0     2   -19.0   -8.727  -53.416   2344.4    732.7
     1     1    11     1    23    19     0     1   -20.0   -8.724  -53.268   2265.9    739.4
     1     1    11     1    23    18     0     0   -21.0   -8.729  -53.119   2145.5    749.9
     1     1    11     1    23    17     0     1   -22.0   -8.739  -52.974   2025.2    765.5
     1     1    11     1    23    16     0     2   -23.0   -8.749  -52.831   1955.5    773.5
     1     1    11     1    23    15     0     3   -24.0   -8.753  -52.687   1935.3    776.3
     1     1    11     1    23    14     0     2   -25.0   -8.754  -52.534   1945.6    774.5
     1     1    11     1    23    13     0     1   -26.0   -8.759  -52.368   1971.5    772.8
     1     1    11     1    23    12     0     0   -27.0   -8.770  -52.189   2013.0    769.7
     1     1    11     1    23    11     0     1   -28.0   -8.787  -52.011   2061.8    765.3
     1     1    11     1    23    10     0     2   -29.0   -8.804  -51.841   2106.0    759.9
     1     1    11     1    23     9     0     3   -30.0   -8.817  -51.681   2147.8    754.8
     1     1    11     1    23     8     0     2   -31.0   -8.826  -51.523   2185.4    750.1
     1     1    11     1    23     7     0     1   -32.0   -8.832  -51.362   2206.4    746.3
     1     1    11     1    23     6     0     0   -33.0   -8.838  -51.203   2191.8    745.6
     1     1    11     1    23     5     0     1   -34.0   -8.839  -51.039   2136.3    749.9
     1     1    11     1    23     4     0     2   -35.0   -8.828  -50.859   2063.5    760.4
     1     1    11     1    23     3     0     3   -36.0   -8.805  -50.667   1992.8    770.9
     1     1    11     1    23     2     0     2   -37.0   -8.783  -50.478   1942.3    780.2
     1     1    11     1    23     1     0     1   -38.0   -8.771  -50.300   1918.3    784.5
     1     1    11     1    23     0     0     0   -39.0   -8.771  -50.126   1906.2    787.8
     1     1    11     1    22    23     0     1   -40.0   -8.779  -49.958   1903.9    789.8
     1     1    11     1    22    22     0     2   -41.0   -8.792  -49.800   1922.5    787.6
     1     1    11     1    22    21     0     3   -42.0   -8.812  -49.649   1970.2    781.8
     1     1    11     1    22    20     0     2   -43.0   -8.835  -49.502   2027.4    774.9
     1     1    11     1    22    19     0     1   -44.0   -8.855  -49.354   2075.9    770.3
     1     1    11     1    22    18     0     0   -45.0   -8.873  -49.207   2114.1    766.6
     1     1    11     1    22    17     0     1   -46.0   -8.900  -49.052   2141.5    763.7
     1     1    11     1    22    16     0     2   -47.0   -8.945  -48.879   2157.1    762.6
     1     1    11     1    22    15     0     3   -48.0   -9.007  -48.693   2157.0    763.4
     1     1    11     1    22    14     0     2   -49.0   -9.076  -48.500   2147.9    765.5
     1     1    11     1    22    13     0     1   -50.0   -9.145  -48.307   2143.3    766.6
     1     1    11     1    22    12     0     0   -51.0   -9.216  -48.115   2151.0    766.4
     1     1    11     1    22    11     0     1   -52.0   -9.274  -47.938   2163.5    762.5
     1     1    11     1    22    10     0     2   -53.0   -9.305  -47.784   2166.7    758.0
     1     1    11     1    22     9     0     3   -54.0   -9.305  -47.653   2156.9    755.5
     1     1    11     1    22     8     0     2   -55.0   -9.286  -47.530   2141.0    755.2
     1     1    11     1    22     7     0     1   -56.0   -9.259  -47.401   2130.4    753.5
     1     1    11     1    22     6     0     0   -57.0   -9.226  -47.267   2128.2    750.6
     1     1    11     1    22     5     0     1   -58.0   -9.194  -47.124   2123.6    746.6
     1     1    11     1    22     4     0     2   -59.0   -9.169  -46.972   2103.1    745.5
     1     1    11     1    22     3     0     3   -60.0   -9.147  -46.814   2073.3    750.2
     1     1    11     1    22     2     0     2   -61.0   -9.132  -46.655   2051.3    754.8
     1     1    11     1    22     1     0     1   -62.0   -9.129  -46.492   2035.8    756.2
     1     1    11     1    22     0     0     0   -63.0   -9.143  -46.320   1989.8    760.2
     1     1    11     1    21    23     0     1   -64.0   -9.168  -46.151   1914.3    769.7
     1     1    11     1    21    22     0     2   -65.0   -9.197  -46.001   1846.7    777.6
     1     1    11     1    21    21     0     3   -66.0   -9.231  -45.873   1801.7    779.6
     1     1    11     1    21    20     0     2   -67.0   -9.264  -45.753   1771.6    780.0
     1     1    11     1    21    19     0     1   -68.0   -9.294  -45.628   1747.9    781.7
     1     1    11     1    21    18     0     0   -69.0   -9.322  -45.501   1744.1    781.8
     1     1    11     1    21    17     0     1   -70.0   -9.351  -45.372   1745.7    778.9
     1     1    11     1    21    16     0     2   -71.0   -9.384  -45.244   1727.7    779.5
     1     1    11     1    21    15     0     3   -72.0   -9.422  -45.116   1683.9    782.5
     1     1    11     1    21    14     0     2   -73.0   -9.465  -44.991   1633.4    788.6
     1     1    11     1    21    13     0     1   -74.0   -9.513  -44.866   1606.8    793.0
     1     1    11     1    21    12     0     0   -75.0   -9.562  -44.745   1611.9    793.8
     1     1    11     1    21    11     0     1   -76.0   -9.606  -44.627   1639.5    790.2
     1     1    11     1    21    10     0     2   -77.0   -9.638  -44.511   1672.2    786.9
     1     1    11     1    21     9     0     3   -78.0   -9.657  -44.400   1700.8    783.9
     1     1    11     1    21     8     0     2   -79.0   -9.668  -44.288   1705.3    783.0
     1     1    11     1    21     7     0     1   -80.0   -9.674  -44.173   1673.3    787.2
     1     1    11     1    21     6     0     0   -81.0   -9.678  -44.054   1614.4    794.2
     1     1    11     1    21     5     0     1   -82.0   -9.676  -43.936   1540.8    802.4
     1     1    11     1    21     4     0     2   -83.0   -9.666  -43.826   1444.5    810.1
     1     1    11     1    21     3     0     3   -84.0   -9.657  -43.728   1298.1    822.6
     1     1    11     1    21     2     0     2   -85.0   -9.668  -43.643   1128.8    842.3
     1     1    11     1    21     1     0     1   -86.0   -9.699  -43.570    983.5    856.3
     1     1    11     1    21     0     0     0   -87.0   -9.741  -43.509    869.0    867.1
     1     1    11     1    20    23     0     1   -88.0   -9.793  -43.455    776.0    874.4
     1     1    11     1    20    22     0     2   -89.0   -9.855  -43.401    697.1    881.7
     1     1    11     1    20    21     0     3   -90.0   -9.923  -43.345    636.1    887.8
     1     1    11     1    20    20     0     2   -91.0   -9.986  -43.285    594.7    892.2
     1     1    11     1    20    19     0     1   -92.0  -10.032  -43.221    576.8    894.8
     1     1    11     1    20    18     0     0   -93.0  -10.062  -43.151    587.8    894.5
     1     1    11     1    20    17     0     1   -94.0  -10.082  -43.075    620.7    891.2
     1     1    11     1    20    16     0     2   -95.0  -10.097  -42.991    663.0    887.3
     1     1    11     1    20    15     0     3   -96.0  -10.108  -42.904    706.2    882.3
     1     1    11     1    20    14     0     2   -97.0  -10.124  -42.807    739.5    878.3
     1     1    11     1    20    13     0     1   -98.0  -10.148  -42.690    754.2    876.3
     1     1    11     1    20    12     0     0   -99.0  -10.180  -42.549    745.1    876.5
     1     1    11     1    20    11     0     1  -100.0  -10.215  -42.394    718.2    878.5
     1     1    11     1    20    10     0     2  -101.0  -10.253  -42.234    680.7    880.5
     1     1    11     1    20     9     0     3  -102.0  -10.291  -42.057    630.2    883.7
     1     1    11     1    20     8     0     2  -103.0  -10.335  -41.858    581.8    886.7
     1     1    11     1    20     7     0     1  -104.0  -10.388  -41.648    554.6    885.2
     1     1    11     1    20     6     0     0  -105.0  -10.452  -41.432    547.7    881.9
     1     1    11     1    20     5     0     1  -106.0  -10.523  -41.207    549.4    877.6
     1     1    11     1    20     4     0     2  -107.0  -10.607  -40.963    557.5    876.3
     1     1    11     1    20     3     0     3  -108.0  -10.702  -40.695    578.0    883.1
     1     1    11     1    20     2     0     2  -109.0  -10.813  -40.423    599.8    889.5
     1     1    11     1    20     1     0     1  -110.0  -10.954  -40.151    599.8    897.5
     1     1    11     1    20     0     0     0  -111.0  -11.137  -39.851    556.1    907.8
     1     1    11     1    19    23     0     1  -112.0  -11.328  -39.560    502.1    918.1
     1     1    11     1    19    22     0     2  -113.0  -11.506  -39.313    456.3    925.0
     1     1    11     1    19    21     0     3  -114.0  -11.699  -39.094    417.6    932.7
     1     1    11     1    19    20     0     2  -115.0  -11.895  -38.897    390.9    939.4
     1     1    11     1    19    19     0     1  -116.0  -12.061  -38.719    357.4    945.5
     1     1    11     1    19    18     0     0  -117.0  -12.193  -38.552    305.4    955.8
     1     1    11     1    19    17     0     1  -118.0  -12.300  -38.394    250.5    967.3
     1     1    11     1    19    16     0     2  -119.0  -12.391  -38.244    205.1    975.7
     1     1    11     1    19    15     0     3  -120.0  -12.466  -38.104    169.9    982.9
     1     1    11     1    19    14     0     2  -121.0  -12.524  -37.965    143.5    988.7
     1     1    11     1    19    13     0     1  -122.0  -12.565  -37.818    123.4    992.1
     1     1    11     1    19    12     0     0  -123.0  -12.595  -37.660    107.2    995.0
     1     1    11     1    19    11     0     1  -124.0  -12.627  -37.505     94.6    996.9
     1     1    11     1    19    10     0     2  -125.0  -12.667  -37.371     85.2    998.3
     1     1    11     1    19     9     0     3  -126.0  -12.715  -37.258     77.3    999.4
     1     1    11     1    19     8     0     2  -127.0  -12.763  -37.147     70.4   1000.7
     1     1    11     1    19     7     0     1  -128.0  -12.799  -37.015     65.1   1001.5
     1     1    11     1    19     6     0     0  -129.0  -12.823  -36.868     61.8   1001.7
     1     1    11     1    19     5     0     1  -130.0  -12.846  -36.712     60.3   1002.1
     1     1    11     1    19     4     0     2  -131.0  -12.876  -36.548     59.4   1002.5
     1     1    11     1    19     3     0     3  -132.0  -12.910  -36.373     58.7   1002.8
     1     1    11     1    19     2     0     2  -133.0  -12.943  -36.190     58.2   1003.6
     1     1    11     1    19     1     0     1  -134.0  -12.974  -36.000     58.0   1004.4
     1     1    11     1    19     0     0     0  -135.0  -13.003  -35.806     58.0   1005.2
     1     1    11     1    18    23     0     1  -136.0  -13.035  -35.616     58.0   1004.4
     1     1    11     1    18    22     0     2  -137.0  -13.076  -35.434     58.0   1003.6
     1     1    11     1    18    21     0     3  -138.0  -13.122  -35.258     58.0   1002.7
     1     1    11     1    18    20     0     2  -139.0  -13.169  -35.086     57.4   1002.9
     1     1    11     1    18    19     0     1  -140.0  -13.215  -34.915     55.6   1003.2
     1     1    11     1    18    18     0     0  -141.0  -13.261  -34.748     52.6   1003.7
     1     1    11     1    18    17     0     1  -142.0  -13.304  -34.585     49.0   1004.8
     1     1    11     1    18    16     0     2  -143.0  -13.337  -34.422     45.2   1005.9
     1     1    11     1    18    15     0     3  -144.0  -13.360  -34.258     41.5   1007.1
     1     1    11     1    18    14     0     2  -145.0  -13.382  -34.089     38.5   1007.6
     1     1    11     1    18    13     0     1  -146.0  -13.412  -33.911     37.0   1007.9
     1     1    11     1    18    12     0     0  -147.0  -13.450  -33.725     36.5   1008.0
     1     1    11     1    18    11     0     1  -148.0  -13.490  -33.530     36.9   1007.7
     1     1    11     1    18    10     0     2  -149.0  -13.526  -33.330     38.0   1007.3
     1     1    11     1    18     9     0     3  -150.0  -13.557  -33.124     39.7   1006.8
     1     1    11     1    18     8     0     2  -151.0  -13.587  -32.913     41.5   1005.8
     1     1    11     1    18     7     0     1  -152.0  -13.619  -32.698     42.7   1005.0
     1     1    11     1    18     6     0     0  -153.0  -13.652  -32.483     43.1   1004.3
     1     1    11     1    18     5     0     1  -154.0  -13.686  -32.271     43.1   1005.3
     1     1    11     1    18     4     0     2  -155.0  -13.721  -32.063     43.1   1006.2
     1     1    11     1    18     3     0     3  -156.0  -13.756  -31.861     43.1   1007.2
     1     1    11     1    18     2     0     2  -157.0  -13.794  -31.661     43.1   1007.3
     1     1    11     1    18     1     0     1  -158.0  -13.834  -31.462     43.1   1007.5
     1     1    11     1    18     0     0     0  -159.0  -13.875  -31.266     43.1   1007.6
     1     1    11     1    17    23     0     1  -160.0  -13.914  -31.072     43.1   1007.6
     1     1    11     1    17    22     0     2  -161.0  -13.951  -30.880     43.1   1007.6
     1     1    11     1    17    21     0     3  -162.0  -13.985  -30.688     43.1   1007.7
     1     1    11     1    17    20     0     2  -163.0  -14.012  -30.497     43.1   1007.0
     1     1    11     1    17    19     0     1  -164.0  -14.030  -30.306     43.1   1006.3
     1     1    11     1    17    18     0     0  -165.0  -14.039  -30.115     42.9   1005.7
     1     1    11     1    17    17     0     1  -166.0  -14.045  -29.922     42.8   1006.5
     1     1    11     1    17    16     0     2  -167.0  -14.052  -29.727     42.6   1007.4
     1     1    11     1    17    15     0     3  -168.0  -14.060  -29.532     42.6   1008.2
     1     1    11     1    17    14     0     2  -169.0  -14.074  -29.335     42.4   1008.2
     1     1    11     1    17    13     0     1  -170.0  -14.096  -29.131     42.1   1008.3
     1     1    11     1    17    12     0     0  -171.0  -14.124  -28.920     41.9   1008.4
     1     1    11     1    17    11     0     1  -172.0  -14.158  -28.705     41.9   1008.4
     1     1    11     1    17    10     0     2  -173.0  -14.201  -28.489     41.9   1008.3
     1     1    11     1    17     9     0     3  -174.0  -14.255  -28.273     41.9   1008.3
     1     1    11     1    17     8     0     2  -175.0  -14.312  -28.062     42.3   1008.2
     1     1    11     1    17     7     0     1  -176.0  -14.365  -27.859     43.5   1008.1
     1     1    11     1    17     6     0     0  -177.0  -14.413  -27.664     45.5   1007.9
     1     1    11     1    17     5     0     1  -178.0  -14.456  -27.473     47.1   1007.6
     1     1    11     1    17     4     0     2  -179.0  -14.495  -27.282     47.5   1007.5
     1     1    11     1    17     3     0     3  -180.0  -14.528  -27.091     47.0   1007.5
     1     1    11     1    17     2     0     2  -181.0  -14.558  -26.900     46.3   1007.7
     1     1    11     1    17     1     0     1  -182.0  -14.586  -26.707     46.2   1007.8
     1     1    11     1    17     0     0     0  -183.0  -14.611  -26.513     46.5   1007.8
     1     1    11     1    16    23     0     1  -184.0  -14.634  -26.323     47.1   1007.6
     1     1    11     1    16    22     0     2  -185.0  -14.655  -26.148     48.3   1007.3
     1     1    11     1    16    21     0     3  -186.0  -14.672  -25.985     50.3   1006.9
     1     1    11     1    16    20     0     2  -187.0  -14.678  -25.827     52.4   1006.5
     1     1    11     1    16    19     0     1  -188.0  -14.667  -25.668     53.7   1006.2
     1     1    11     1    16    18     0     0  -189.0  -14.639  -25.507     54.1   1006.0
     1     1    11     1    16    17     0     1  -190.0  -14.603  -25.338     53.9   1006.0
     1     1    11     1    16    16     0     2  -191.0  -14.568  -25.154     53.5   1006.0
     1     1    11     1    16    15     0     3  -192.0  -14.536  -24.956     53.4   1006.0
     1     1    11     1    16    14     0     2  -193.0  -14.507  -24.748     53.4   1006.5
     1     1    11     1    16    13     0     1  -194.0  -14.483  -24.533     53.4   1007.0
     1     1    11     1    16    12     0     0  -195.0  -14.464  -24.314     53.4   1007.5
     1     1    11     1    16    11     0     1  -196.0  -14.451  -24.102     54.5   1007.7
     1     1    11     1    16    10     0     2  -197.0  -14.443  -23.907     58.0   1007.5
     1     1    11     1    16     9     0     3  -198.0  -14.439  -23.728     64.5   1006.7
     1     1    11     1    16     8     0     2  -199.0  -14.440  -23.556     72.4   1004.6
     1     1    11     1    16     7     0     1  -200.0  -14.443  -23.385     79.5   1003.0
     1     1    11     1    16     6     0     0  -201.0  -14.448  -23.216     85.9   1001.6
     1     1    11     1    16     5     0     1  -202.0  -14.450  -23.051     91.0   1001.1
     1     1    11     1    16     4     0     2  -203.0  -14.443  -22.889     94.3   1000.9
     1     1    11     1    16     3     0     3  -204.0  -14.428  -22.729     95.8   1000.8
     1     1    11     1    16     2     0     2  -205.0  -14.410  -22.568     96.2   1001.2
     1     1    11     1    16     1     0     1  -206.0  -14.398  -22.403     96.5   1001.4
     1     1    11     1    16     0     0     0  -207.0  -14.390  -22.234     96.6   1001.7
     1     1    11     1    15    23     0     1  -208.0  -14.389  -22.058     98.2   1001.0
     1     1    11     1    15    22     0     2  -209.0  -14.395  -21.877    103.0    999.8
     1     1    11     1    15    21     0     3  -210.0  -14.406  -21.690    111.4    998.3
     1     1    11     1    15    20     0     2  -211.0  -14.415  -21.508    120.8    997.0
     1     1    11     1    15    19     0     1  -212.0  -14.412  -21.339    127.8    996.2
     1     1    11     1    15    18     0     0  -213.0  -14.399  -21.184    131.5    995.7
     1     1    11     1    15    17     0     1  -214.0  -14.376  -21.031    134.0    995.8
     1     1    11     1    15    16     0     2  -215.0  -14.350  -20.865    137.7    995.6
     1     1    11     1    15    15     0     3  -216.0  -14.322  -20.686    143.0    995.0
     1     1    11     1    15    14     0     2  -217.0  -14.296  -20.500    148.4    994.5
     1     1    11     1    15    13     0     1  -218.0  -14.277  -20.309    152.1    994.4
     1     1    11     1    15    12     0     0  -219.0  -14.263  -20.114    154.1    994.6
     1     1    11     1    15    11     0     1  -220.0  -14.249  -19.912    157.7    994.4
     1     1    11     1    15    10     0     2  -221.0  -14.235  -19.699    166.3    993.2
     1     1    11     1    15     9     0     3  -222.0  -14.221  -19.475    180.7    991.4
     1     1    11     1    15     8     0     2  -223.0  -14.208  -19.245    197.3    988.6
     1     1    11     1    15     7     0     1  -224.0  -14.199  -19.011    211.3    986.7
     1     1    11     1    15     6     0     0  -225.0  -14.192  -18.777    222.1    985.2
     1     1    11     1    15     5     0     1  -226.0  -14.199  -18.546    231.3    984.5
     1     1    11     1    15     4     0     2  -227.0  -14.226  -18.322    240.4    983.6
     1     1    11     1    15     3     0     3  -228.0  -14.272  -18.103    249.3    982.7
     1     1    11     1    15     2     0     2  -229.0  -14.330  -17.882    257.0    982.1
     1     1    11     1    15     1     0     1  -230.0  -14.393  -17.652    262.9    981.9
     1     1    11     1    15     0     0     0  -231.0  -14.462  -17.413    267.4    981.8
     1     1    11     1    14    23     0     1  -232.0  -14.532  -17.168    273.2    981.1
     1     1    11     1    14    22     0     2  -233.0  -14.600  -16.921    282.0    979.7
     1     1    11     1    14    21     0     3  -234.0  -14.667  -16.672    293.5    978.0
     1     1    11     1    14    20     0     2  -235.0  -14.733  -16.419    305.5    976.0
     1     1    11     1    14    19     0     1  -236.0  -14.800  -16.164    317.1    974.5
     1     1    11     1    14    18     0     0  -237.0  -14.868  -15.907    330.5    972.7
     1     1    11     1    14    17     0     1  -238.0  -14.939  -15.644    346.6    971.0
     1     1    11     1    14    16     0     2  -239.0  -15.014  -15.373    365.6    969.1
     1     1    11     1    14    15     0     3  -240.0  -15.089  -15.094    386.1    966.9
     1     1    11     1    14    14     0     2  -241.0  -15.165  -14.813    406.8    965.5
     1     1    11     1    14    13     0     1  -242.0  -15.242  -14.535    428.9    964.1
     1     1    11     1    14    12     0     0  -243.0  -15.320  -14.261    453.7    961.9
     1     1    11     1    14    11     0     1  -244.0  -15.397  -13.984    481.6    958.9
     1     1    11     1    14    10     0     2  -245.0  -15.475  -13.698    510.7    955.5
     1     1    11     1    14     9     0     3  -246.0  -15.552  -13.403    539.6    952.6
     1     1    11     1    14     8     0     2  -247.0  -15.633  -13.105    568.7    949.2
     1     1    11     1    14     7     0     1  -248.0  -15.725  -12.809    596.8    946.0
     1     1    11     1    14     6     0     0  -249.0  -15.831  -12.513    622.7    943.0
     1     1    11     1    14     5     0     1  -250.0  -15.951  -12.214    641.9    940.3
     1     1    11     1    14     4     0     2  -251.0  -16.083  -11.909    652.6    939.0
     1     1    11     1    14     3     0     3  -252.0  -16.224  -11.599    657.2    938.4
     1     1    11     1    14     2     0     2  -253.0  -16.367  -11.284    662.3    939.0
     1     1    11     1    14     1     0     1  -254.0  -16.503  -10.966    673.3    938.3
     1     1    11     1    14     0     0     0  -255.0  -16.633  -10.647    686.5    936.9
     1     1    11     1    13    23     0     1  -256.0  -16.759  -10.329    698.2    935.5
     1     1    11     1    13    22     0     2  -257.0  -16.883  -10.017    712.5    934.2
     1     1    11     1    13    21     0     3  -258.0  -17.006   -9.711    733.6    931.8
     1     1    11     1    13    20     0     2  -259.0  -17.133   -9.411    756.9    928.5
     1     1    11     1    13    19     0     1  -260.0  -17.268   -9.112    776.0    926.3
     1     1    11     1    13    18     0     0  -261.0  -17.410   -8.813    790.2    924.5
     1     1    11     1    13    17     0     1  -262.0  -17.561   -8.514    801.6    923.7
     1     1    11     1    13    16     0     2  -263.0  -17.721   -8.219    817.1    922.6
     1     1    11     1    13    15     0     3  -264.0  -17.891   -7.927    844.3    920.2
     1     1    11     1    13    14     0     2  -265.0  -18.067   -7.637    877.3    916.3
     1     1    11     1    13    13     0     1  -266.0  -18.243   -7.344    904.1    913.4
     1     1    11     1    13    12     0     0  -267.0  -18.418   -7.050    924.5    911.8
     1     1    11     1    13    11     0     1  -268.0  -18.589   -6.749    936.2    910.2
     1     1    11     1    13    10     0     2  -269.0  -18.755   -6.433    935.8    910.5
     1     1    11     1    13     9     0     3  -270.0  -18.915   -6.103    924.9    912.1
     1     1    11     1    13     8     0     2  -271.0  -19.072   -5.762    920.6    914.1
     1     1    11     1    13     7     0     1  -272.0  -19.230   -5.413    931.1    912.0
     1     1    11     1    13     6     0     0  -273.0  -19.391   -5.057    943.4    909.7
     1     1    11     1    13     5     0     1  -274.0  -19.562   -4.696    953.1    908.8
     1     1    11     1    13     4     0     2  -275.0  -19.751   -4.331    969.1    907.6
     1     1    11     1    13     3     0     3  -276.0  -19.960   -3.962   1000.0    904.4
     1     1    11     1    13     2     0     2  -277.0  -20.178   -3.594   1027.0    899.7
     1     1    11     1    13     1     0     1  -278.0  -20.399   -3.230   1035.4    900.0
     1     1    11     1    13     0     0     0  -279.0  -20.625   -2.868   1037.4    900.7
     1     1    11     1    12    23     0     1  -280.0  -20.860   -2.507   1038.9    900.7
     1     1    11     1    12    22     0     2  -281.0  -21.107   -2.147   1042.4    900.4
     1     1    11     1    12    21     0     3  -282.0  -21.370   -1.785   1049.2    899.7
     1     1    11     1    12    20     0     2  -283.0  -21.643   -1.427   1054.8    898.3
     1     1    11     1    12    19     0     1  -284.0  -21.925   -1.079   1056.3    898.1
     1     1    11     1    12    18     0     0  -285.0  -22.217   -0.741   1055.5    898.1
     1     1    11     1    12    17     0     1  -286.0  -22.506   -0.408   1054.2    898.6
     1     1    11     1    12    16     0     2  -287.0  -22.784   -0.078   1053.8    899.0
     1     1    11     1    12    15     0     3  -288.0  -23.054    0.237   1057.3    898.6
     1     1    11     1    12    14     0     2  -289.0  -23.318    0.541   1066.9    898.0
     1     1    11     1    12    13     0     1  -290.0  -23.577    0.845   1080.2    897.1
     1     1    11     1    12    12     0     0  -291.0  -23.828    1.151   1094.9    896.0
     1     1    11     1    12    11     0     1  -292.0  -24.081    1.458   1114.9    894.6
     1     1    11     1    12    10     0     2  -293.0  -24.346    1.763   1144.8    891.7
     1     1    11     1    12     9     0     3  -294.0  -24.626    2.059   1181.5    887.9
     1     1    11     1    12     8     0     2  -295.0  -24.910    2.342   1216.9    883.3
     1     1    11     1    12     7     0     1  -296.0  -25.195    2.609   1250.0    880.2
     1     1    11     1    12     6     0     0  -297.0  -25.481    2.857   1285.9    876.4
     1     1    11     1    12     5     0     1  -298.0  -25.774    3.087   1320.9    872.1
     1     1    11     1    12     4     0     2  -299.0  -26.079    3.305   1350.1    868.9
     1     1    11     1    12     3     0     3  -300.0  -26.394    3.511   1377.7    866.4
     1     1    11     1    12     2     0     2  -301.0  -26.706    3.702   1403.6    863.8
     1     1    11     1    12     1     0     1  -302.0  -27.008    3.878   1423.7    862.2
     1     1    11     1    12     0     0     0  -303.0  -27.303    4.041   1441.0    861.2
     1     1    11     1    11    23     0     1  -304.0  -27.583    4.185   1458.3    859.7
     1     1    11     1    11    22     0     2  -305.0  -27.842    4.307   1474.3    858.2
     1     1    11     1    11    21     0     3  -306.0  -28.085    4.410   1487.4    857.0
     1     1    11     1    11    20     0     2  -307.0  -28.311    4.500   1500.0    855.7
     1     1    11     1    11    19     0     1  -308.0  -28.521    4.581   1515.2    853.9
     1     1    11     1    11    18     0     0  -309.0  -28.714    4.652   1534.1    851.7
     1     1    11     1    11    17     0     1  -310.0  -28.890    4.720   1555.1    849.4
     1     1    11     1    11    16     0     2  -311.0  -29.047    4.788   1575.9    847.3
     1     1    11     1    11    15     0     3  -312.0  -29.187    4.855   1596.3    845.3
     1     1    11     1    11    14     0     2  -313.0  -29.316    4.929   1616.4    843.3
     1     1    11     1    11    13     0     1  -314.0  -29.437    5.022   1634.5    841.5
     1     1    11     1    11    12     0     0  -315.0  -29.549    5.134   1648.4    840.1
     1     1    11     1    11    11     0     1  -316.0  -29.654    5.260   1660.2    839.2
     1     1    11     1    11    10     0     2  -317.0  -29.757    5.395   1673.5    837.9
     1     1    11     1    11     9     0     3  -318.0  -29.858    5.541   1688.6    836.4
     1     1    11     1    11     8     0     2  -319.0  -29.965    5.693   1704.1    834.5
     1     1    11     1    11     7     0     1  -320.0  -30.089    5.846   1720.5    832.9
     1     1    11     1    11     6     0     0  -321.0  -30.227    5.997   1741.3    830.9
     1     1    11     1    11     5     0     1  -322.0  -30.379    6.134   1768.6    828.0
     1     1    11     1    11     4     0     2  -323.0  -30.542    6.246   1801.8    824.5
     1     1    11     1    11     3     0     3  -324.0  -30.716    6.332   1839.4    820.6
     1     1    11     1    11     2     0     2  -325.0  -30.894    6.395   1873.9    816.7
     1     1    11     1    11     1     0     1  -326.0  -31.071    6.440   1899.0    814.4
     1     1    11     1    11     0     0     0  -327.0  -31.248    6.468   1917.0    812.9
     1     1    11     1    10    23     0     1  -328.0  -31.424    6.476   1934.4    811.9
     1     1    11     1    10    22     0     2  -329.0  -31.595    6.464   1955.2    809.9
     1     1    11     1    10    21     0     3  -330.0  -31.760    6.430   1976.6    807.8
     1     1    11     1    10    20     0     2  -331.0  -31.918    6.378   1996.7    805.4
     1     1    11     1    10    19     0     1  -332.0  -32.065    6.310   2015.3    803.3
     1     1    11     1    10    18     0     0  -333.0  -32.202    6.224   2033.2    801.3
     1     1    11     1    10    17     0     1  -334.0  -32.329    6.119   2052.3    799.6
     1     1    11     1    10    16     0     2  -335.0  -32.447    5.992   2073.6    797.5
     1     1    11     1    10    15     0     3  -336.0  -32.556    5.844   2096.5    795.3
