     3     1
    GDAS    11     6     1     0     0
    GDAS    11     6     8     0     0
    GDAS    11     6    15     0     0
     1 BACKWARD OMEGA   
  2011     6    19    15   -8.820  -56.830  3962.4
     1 PRESSURE
     1     1    11     6    19    15     0     3     0.0   -8.820  -56.830   3962.4    619.2
     1     1    11     6    19    14     0     2    -1.0   -8.830  -56.689   3983.9    616.5
     1     1    11     6    19    13     0     1    -2.0   -8.844  -56.566   3997.9    614.6
     1     1    11     6    19    12     0     0    -3.0   -8.859  -56.458   4003.5    613.5
     1     1    11     6    19    11     0     1    -4.0   -8.876  -56.350   4003.8    612.9
     1     1    11     6    19    10     0     2    -5.0   -8.895  -56.226   4002.3    612.0
     1     1    11     6    19     9     0     3    -6.0   -8.916  -56.088   3998.1    611.3
     1     1    11     6    19     8     0     2    -7.0   -8.935  -55.946   3992.1    610.8
     1     1    11     6    19     7     0     1    -8.0   -8.948  -55.809   3985.9    609.7
     1     1    11     6    19     6     0     0    -9.0   -8.957  -55.678   3981.0    608.5
     1     1    11     6    19     5     0     1   -10.0   -8.971  -55.548   3981.9    607.3
     1     1    11     6    19     4     0     2   -11.0   -8.994  -55.416   3993.2    605.0
     1     1    11     6    19     3     0     3   -12.0   -9.029  -55.282   4015.4    602.0
     1     1    11     6    19     2     0     2   -13.0   -9.073  -55.151   4048.7    598.1
     1     1    11     6    19     1     0     1   -14.0   -9.126  -55.026   4093.1    593.7
     1     1    11     6    19     0     0     0   -15.0   -9.186  -54.906   4152.6    589.9
     1     1    11     6    18    23     0     1   -16.0   -9.253  -54.787   4212.7    585.4
     1     1    11     6    18    22     0     2   -17.0   -9.330  -54.665   4260.1    582.6
     1     1    11     6    18    21     0     3   -18.0   -9.414  -54.541   4295.1    580.5
     1     1    11     6    18    20     0     2   -19.0   -9.506  -54.418   4327.2    579.2
     1     1    11     6    18    19     0     1   -20.0   -9.605  -54.296   4363.1    576.5
     1     1    11     6    18    18     0     0   -21.0   -9.710  -54.177   4400.1    573.5
     1     1    11     6    18    17     0     1   -22.0   -9.821  -54.062   4433.5    570.4
     1     1    11     6    18    16     0     2   -23.0   -9.937  -53.952   4462.3    568.4
     1     1    11     6    18    15     0     3   -24.0  -10.059  -53.846   4489.8    568.4
     1     1    11     6    18    14     0     2   -25.0  -10.187  -53.749   4507.3    568.5
     1     1    11     6    18    13     0     1   -26.0  -10.317  -53.661   4508.0    570.0
     1     1    11     6    18    12     0     0   -27.0  -10.451  -53.583   4492.7    572.4
     1     1    11     6    18    11     0     1   -28.0  -10.579  -53.518   4476.0    575.4
     1     1    11     6    18    10     0     2   -29.0  -10.695  -53.470   4470.1    576.3
     1     1    11     6    18     9     0     3   -30.0  -10.798  -53.437   4473.8    576.3
     1     1    11     6    18     8     0     2   -31.0  -10.884  -53.411   4484.7    575.9
     1     1    11     6    18     7     0     1   -32.0  -10.953  -53.381   4502.0    575.1
     1     1    11     6    18     6     0     0   -33.0  -11.003  -53.346   4526.9    573.7
     1     1    11     6    18     5     0     1   -34.0  -11.047  -53.308   4551.7    571.7
     1     1    11     6    18     4     0     2   -35.0  -11.094  -53.269   4568.7    570.8
     1     1    11     6    18     3     0     3   -36.0  -11.143  -53.228   4579.0    570.5
     1     1    11     6    18     2     0     2   -37.0  -11.196  -53.193   4591.9    570.0
     1     1    11     6    18     1     0     1   -38.0  -11.253  -53.168   4614.2    568.1
     1     1    11     6    18     0     0     0   -39.0  -11.313  -53.156   4643.8    565.8
     1     1    11     6    17    23     0     1   -40.0  -11.373  -53.158   4675.8    562.9
     1     1    11     6    17    22     0     2   -41.0  -11.433  -53.176   4706.8    560.5
     1     1    11     6    17    21     0     3   -42.0  -11.489  -53.210   4738.2    558.1
     1     1    11     6    17    20     0     2   -43.0  -11.547  -53.252   4765.0    555.9
     1     1    11     6    17    19     0     1   -44.0  -11.611  -53.299   4780.9    554.8
     1     1    11     6    17    18     0     0   -45.0  -11.680  -53.348   4784.8    554.7
     1     1    11     6    17    17     0     1   -46.0  -11.751  -53.399   4783.2    555.5
     1     1    11     6    17    16     0     2   -47.0  -11.822  -53.451   4784.6    555.7
     1     1    11     6    17    15     0     3   -48.0  -11.895  -53.506   4791.6    555.6
     1     1    11     6    17    14     0     2   -49.0  -11.965  -53.566   4810.0    554.7
     1     1    11     6    17    13     0     1   -50.0  -12.029  -53.639   4843.4    552.3
     1     1    11     6    17    12     0     0   -51.0  -12.088  -53.723   4888.8    549.0
     1     1    11     6    17    11     0     1   -52.0  -12.141  -53.820   4937.2    544.8
     1     1    11     6    17    10     0     2   -53.0  -12.185  -53.925   4981.2    541.3
     1     1    11     6    17     9     0     3   -54.0  -12.220  -54.040   5017.4    537.9
     1     1    11     6    17     8     0     2   -55.0  -12.244  -54.160   5042.2    534.9
     1     1    11     6    17     7     0     1   -56.0  -12.253  -54.279   5056.5    532.7
     1     1    11     6    17     6     0     0   -57.0  -12.246  -54.392   5059.0    531.3
     1     1    11     6    17     5     0     1   -58.0  -12.225  -54.500   5053.4    531.0
     1     1    11     6    17     4     0     2   -59.0  -12.192  -54.606   5045.1    530.6
     1     1    11     6    17     3     0     3   -60.0  -12.148  -54.710   5035.5    530.1
     1     1    11     6    17     2     0     2   -61.0  -12.095  -54.809   5036.9    529.3
     1     1    11     6    17     1     0     1   -62.0  -12.039  -54.904   5062.1    526.1
     1     1    11     6    17     0     0     0   -63.0  -11.978  -54.993   5114.7    521.4
     1     1    11     6    16    23     0     1   -64.0  -11.915  -55.083   5171.6    516.2
     1     1    11     6    16    22     0     2   -65.0  -11.852  -55.179   5197.4    515.2
     1     1    11     6    16    21     0     3   -66.0  -11.790  -55.281   5191.6    516.3
     1     1    11     6    16    20     0     2   -67.0  -11.729  -55.387   5186.3    519.7
     1     1    11     6    16    19     0     1   -68.0  -11.667  -55.497   5214.5    518.8
     1     1    11     6    16    18     0     0   -69.0  -11.606  -55.616   5278.3    515.6
     1     1    11     6    16    17     0     1   -70.0  -11.544  -55.745   5357.0    510.1
     1     1    11     6    16    16     0     2   -71.0  -11.477  -55.882   5423.3    506.4
     1     1    11     6    16    15     0     3   -72.0  -11.406  -56.025   5466.0    504.1
     1     1    11     6    16    14     0     2   -73.0  -11.332  -56.166   5473.6    503.4
     1     1    11     6    16    13     0     1   -74.0  -11.254  -56.296   5447.2    505.4
     1     1    11     6    16    12     0     0   -75.0  -11.170  -56.415   5397.1    509.1
     1     1    11     6    16    11     0     1   -76.0  -11.078  -56.529   5351.7    513.3
     1     1    11     6    16    10     0     2   -77.0  -10.976  -56.649   5332.4    514.3
     1     1    11     6    16     9     0     3   -78.0  -10.866  -56.778   5340.9    513.9
     1     1    11     6    16     8     0     2   -79.0  -10.750  -56.903   5352.3    512.0
     1     1    11     6    16     7     0     1   -80.0  -10.630  -57.008   5339.2    513.4
     1     1    11     6    16     6     0     0   -81.0  -10.506  -57.089   5301.9    516.8
     1     1    11     6    16     5     0     1   -82.0  -10.382  -57.150   5266.3    521.7
     1     1    11     6    16     4     0     2   -83.0  -10.260  -57.199   5255.2    523.0
     1     1    11     6    16     3     0     3   -84.0  -10.144  -57.239   5266.1    522.9
     1     1    11     6    16     2     0     2   -85.0  -10.034  -57.273   5293.7    521.0
     1     1    11     6    16     1     0     1   -86.0   -9.930  -57.306   5332.7    518.8
     1     1    11     6    16     0     0     0   -87.0   -9.831  -57.340   5382.1    516.0
     1     1    11     6    15    23     0     1   -88.0   -9.738  -57.380   5433.1    512.2
     1     1    11     6    15    22     0     2   -89.0   -9.651  -57.428   5475.3    509.5
     1     1    11     6    15    21     0     3   -90.0   -9.571  -57.483   5508.2    507.4
     1     1    11     6    15    20     0     2   -91.0   -9.494  -57.541   5531.4    506.3
     1     1    11     6    15    19     0     1   -92.0   -9.416  -57.595   5544.3    505.8
     1     1    11     6    15    18     0     0   -93.0   -9.335  -57.645   5546.8    506.0
     1     1    11     6    15    17     0     1   -94.0   -9.253  -57.687   5545.8    506.8
     1     1    11     6    15    16     0     2   -95.0   -9.168  -57.716   5547.8    507.0
     1     1    11     6    15    15     0     3   -96.0   -9.078  -57.732   5552.4    507.1
     1     1    11     6    15    14     0     2   -97.0   -8.988  -57.741   5557.5    506.8
     1     1    11     6    15    13     0     1   -98.0   -8.907  -57.748   5561.4    506.7
     1     1    11     6    15    12     0     0   -99.0   -8.833  -57.756   5564.5    506.6
     1     1    11     6    15    11     0     1  -100.0   -8.760  -57.764   5572.8    506.3
     1     1    11     6    15    10     0     2  -101.0   -8.679  -57.772   5592.9    505.0
     1     1    11     6    15     9     0     3  -102.0   -8.593  -57.781   5626.6    502.8
     1     1    11     6    15     8     0     2  -103.0   -8.504  -57.784   5664.5    500.3
     1     1    11     6    15     7     0     1  -104.0   -8.415  -57.776   5694.6    498.7
     1     1    11     6    15     6     0     0  -105.0   -8.324  -57.755   5715.2    497.6
     1     1    11     6    15     5     0     1  -106.0   -8.236  -57.727   5729.9    497.2
     1     1    11     6    15     4     0     2  -107.0   -8.155  -57.698   5743.6    496.6
     1     1    11     6    15     3     0     3  -108.0   -8.082  -57.667   5758.4    495.7
     1     1    11     6    15     2     0     2  -109.0   -8.020  -57.634   5771.3    494.2
     1     1    11     6    15     1     0     1  -110.0   -7.972  -57.598   5777.5    493.2
     1     1    11     6    15     0     0     0  -111.0   -7.938  -57.560   5776.8    492.8
     1     1    11     6    14    23     0     1  -112.0   -7.909  -57.525   5771.1    492.7
     1     1    11     6    14    22     0     2  -113.0   -7.876  -57.495   5762.3    492.9
     1     1    11     6    14    21     0     3  -114.0   -7.840  -57.469   5750.4    493.4
     1     1    11     6    14    20     0     2  -115.0   -7.801  -57.446   5739.5    494.4
     1     1    11     6    14    19     0     1  -116.0   -7.765  -57.428   5733.5    494.9
     1     1    11     6    14    18     0     0  -117.0   -7.730  -57.415   5731.1    495.2
     1     1    11     6    14    17     0     1  -118.0   -7.692  -57.402   5736.0    495.4
     1     1    11     6    14    16     0     2  -119.0   -7.648  -57.387   5752.7    494.7
     1     1    11     6    14    15     0     3  -120.0   -7.599  -57.370   5783.0    493.2
     1     1    11     6    14    14     0     2  -121.0   -7.545  -57.355   5824.2    490.4
     1     1    11     6    14    13     0     1  -122.0   -7.484  -57.339   5872.8    487.5
     1     1    11     6    14    12     0     0  -123.0   -7.417  -57.323   5929.1    484.2
     1     1    11     6    14    11     0     1  -124.0   -7.347  -57.305   5989.2    480.4
     1     1    11     6    14    10     0     2  -125.0   -7.280  -57.280   6048.5    476.7
     1     1    11     6    14     9     0     3  -126.0   -7.211  -57.246   6104.3    473.3
     1     1    11     6    14     8     0     2  -127.0   -7.140  -57.200   6147.0    470.7
     1     1    11     6    14     7     0     1  -128.0   -7.068  -57.139   6166.8    470.0
     1     1    11     6    14     6     0     0  -129.0   -6.992  -57.059   6160.2    470.9
     1     1    11     6    14     5     0     1  -130.0   -6.918  -56.961   6140.2    473.4
     1     1    11     6    14     4     0     2  -131.0   -6.849  -56.849   6129.4    474.5
     1     1    11     6    14     3     0     3  -132.0   -6.786  -56.723   6134.3    474.4
     1     1    11     6    14     2     0     2  -133.0   -6.733  -56.584   6161.1    472.8
     1     1    11     6    14     1     0     1  -134.0   -6.690  -56.433   6213.0    469.4
     1     1    11     6    14     0     0     0  -135.0   -6.660  -56.279   6288.0    464.5
     1     1    11     6    13    23     0     1  -136.0   -6.634  -56.134   6364.4    458.4
     1     1    11     6    13    22     0     2  -137.0   -6.607  -56.002   6422.1    454.7
     1     1    11     6    13    21     0     3  -138.0   -6.578  -55.877   6459.2    452.0
     1     1    11     6    13    20     0     2  -139.0   -6.552  -55.754   6483.0    451.1
     1     1    11     6    13    19     0     1  -140.0   -6.535  -55.636   6504.0    449.6
     1     1    11     6    13    18     0     0  -141.0   -6.526  -55.520   6521.1    448.2
     1     1    11     6    13    17     0     1  -142.0   -6.521  -55.409   6529.5    447.3
     1     1    11     6    13    16     0     2  -143.0   -6.517  -55.299   6525.7    447.5
     1     1    11     6    13    15     0     3  -144.0   -6.515  -55.190   6511.4    448.2
     1     1    11     6    13    14     0     2  -145.0   -6.515  -55.077   6497.0    449.1
     1     1    11     6    13    13     0     1  -146.0   -6.516  -54.958   6493.7    449.0
     1     1    11     6    13    12     0     0  -147.0   -6.517  -54.834   6502.7    448.7
     1     1    11     6    13    11     0     1  -148.0   -6.517  -54.712   6510.8    447.7
     1     1    11     6    13    10     0     2  -149.0   -6.517  -54.594   6510.5    447.9
     1     1    11     6    13     9     0     3  -150.0   -6.519  -54.480   6507.5    448.2
     1     1    11     6    13     8     0     2  -151.0   -6.523  -54.367   6506.7    448.7
     1     1    11     6    13     7     0     1  -152.0   -6.531  -54.250   6509.1    448.8
     1     1    11     6    13     6     0     0  -153.0   -6.544  -54.127   6512.8    448.9
     1     1    11     6    13     5     0     1  -154.0   -6.549  -53.999   6515.2    449.3
     1     1    11     6    13     4     0     2  -155.0   -6.533  -53.866   6507.7    448.9
     1     1    11     6    13     3     0     3  -156.0   -6.499  -53.728   6494.7    449.0
     1     1    11     6    13     2     0     2  -157.0   -6.450  -53.585   6484.5    449.0
     1     1    11     6    13     1     0     1  -158.0   -6.392  -53.441   6482.8    448.0
     1     1    11     6    13     0     0     0  -159.0   -6.324  -53.295   6486.0    446.9
     1     1    11     6    12    23     0     1  -160.0   -6.246  -53.151   6489.9    445.6
     1     1    11     6    12    22     0     2  -161.0   -6.156  -53.011   6495.6    444.6
     1     1    11     6    12    21     0     3  -162.0   -6.058  -52.876   6508.4    443.8
     1     1    11     6    12    20     0     2  -163.0   -5.954  -52.747   6519.6    443.1
     1     1    11     6    12    19     0     1  -164.0   -5.849  -52.624   6523.6    443.3
     1     1    11     6    12    18     0     0  -165.0   -5.742  -52.503   6520.8    443.8
     1     1    11     6    12    17     0     1  -166.0   -5.632  -52.382   6518.0    444.7
     1     1    11     6    12    16     0     2  -167.0   -5.518  -52.257   6522.9    444.8
     1     1    11     6    12    15     0     3  -168.0   -5.400  -52.129   6540.8    444.2
     1     1    11     6    12    14     0     2  -169.0   -5.280  -51.998   6562.4    442.0
     1     1    11     6    12    13     0     1  -170.0   -5.163  -51.863   6574.5    441.4
     1     1    11     6    12    12     0     0  -171.0   -5.054  -51.725   6572.5    441.5
     1     1    11     6    12    11     0     1  -172.0   -4.951  -51.584   6575.9    442.4
     1     1    11     6    12    10     0     2  -173.0   -4.851  -51.439   6602.2    441.2
     1     1    11     6    12     9     0     3  -174.0   -4.753  -51.292   6648.5    438.9
     1     1    11     6    12     8     0     2  -175.0   -4.650  -51.140   6692.3    435.8
     1     1    11     6    12     7     0     1  -176.0   -4.539  -50.983   6712.5    435.5
     1     1    11     6    12     6     0     0  -177.0   -4.417  -50.815   6716.1    437.1
     1     1    11     6    12     5     0     1  -178.0   -4.293  -50.633   6716.7    439.7
     1     1    11     6    12     4     0     2  -179.0   -4.172  -50.434   6726.4    440.7
     1     1    11     6    12     3     0     3  -180.0   -4.054  -50.217   6744.0    441.2
     1     1    11     6    12     2     0     2  -181.0   -3.936  -49.985   6765.9    440.7
     1     1    11     6    12     1     0     1  -182.0   -3.817  -49.741   6782.7    439.9
     1     1    11     6    12     0     0     0  -183.0   -3.696  -49.487   6812.8    439.4
     1     1    11     6    11    23     0     1  -184.0   -3.575  -49.229   6858.5    435.3
     1     1    11     6    11    22     0     2  -185.0   -3.456  -48.971   6903.5    432.1
     1     1    11     6    11    21     0     3  -186.0   -3.338  -48.716   6942.5    429.2
     1     1    11     6    11    20     0     2  -187.0   -3.220  -48.457   6968.4    428.3
     1     1    11     6    11    19     0     1  -188.0   -3.100  -48.190   6986.7    428.4
     1     1    11     6    11    18     0     0  -189.0   -2.977  -47.915   7005.4    428.5
     1     1    11     6    11    17     0     1  -190.0   -2.859  -47.635   7019.5    427.7
     1     1    11     6    11    16     0     2  -191.0   -2.756  -47.349   7034.0    427.4
     1     1    11     6    11    15     0     3  -192.0   -2.665  -47.053   7065.6    426.2
     1     1    11     6    11    14     0     2  -193.0   -2.574  -46.740   7094.1    422.5
     1     1    11     6    11    13     0     1  -194.0   -2.476  -46.414   7093.1    422.3
     1     1    11     6    11    12     0     0  -195.0   -2.377  -46.079   7066.0    424.2
     1     1    11     6    11    11     0     1  -196.0   -2.275  -45.748   7045.8    427.6
     1     1    11     6    11    10     0     2  -197.0   -2.165  -45.425   7053.3    427.4
     1     1    11     6    11     9     0     3  -198.0   -2.043  -45.111   7080.6    425.8
     1     1    11     6    11     8     0     2  -199.0   -1.915  -44.799   7101.7    423.8
     1     1    11     6    11     7     0     1  -200.0   -1.789  -44.487   7108.6    425.1
     1     1    11     6    11     6     0     0  -201.0   -1.663  -44.175   7139.6    425.0
     1     1    11     6    11     5     0     1  -202.0   -1.536  -43.858   7188.5    421.4
     1     1    11     6    11     4     0     2  -203.0   -1.410  -43.532   7218.8    419.3
     1     1    11     6    11     3     0     3  -204.0   -1.288  -43.200   7213.4    419.5
     1     1    11     6    11     2     0     2  -205.0   -1.172  -42.865   7197.6    422.2
     1     1    11     6    11     1     0     1  -206.0   -1.062  -42.530   7206.5    421.9
     1     1    11     6    11     0     0     0  -207.0   -0.956  -42.198   7242.5    420.0
     1     1    11     6    10    23     0     1  -208.0   -0.860  -41.876   7282.1    416.6
     1     1    11     6    10    22     0     2  -209.0   -0.780  -41.568   7296.6    415.5
     1     1    11     6    10    21     0     3  -210.0   -0.716  -41.270   7278.7    416.4
     1     1    11     6    10    20     0     2  -211.0   -0.659  -40.980   7245.5    419.3
     1     1    11     6    10    19     0     1  -212.0   -0.602  -40.694   7220.9    420.9
     1     1    11     6    10    18     0     0  -213.0   -0.547  -40.409   7210.0    421.5
     1     1    11     6    10    17     0     1  -214.0   -0.494  -40.123   7215.9    421.5
     1     1    11     6    10    16     0     2  -215.0   -0.444  -39.835   7240.7    420.3
     1     1    11     6    10    15     0     3  -216.0   -0.399  -39.547   7283.2    418.0
     1     1    11     6    10    14     0     2  -217.0   -0.357  -39.258   7326.7    414.7
     1     1    11     6    10    13     0     1  -218.0   -0.315  -38.967   7353.1    413.1
     1     1    11     6    10    12     0     0  -219.0   -0.271  -38.675   7356.9    412.8
     1     1    11     6    10    11     0     1  -220.0   -0.219  -38.390   7352.1    413.7
     1     1    11     6    10    10     0     2  -221.0   -0.154  -38.113   7358.3    413.2
     1     1    11     6    10     9     0     3  -222.0   -0.077  -37.842   7380.5    411.9
     1     1    11     6    10     8     0     2  -223.0    0.008  -37.571   7409.6    409.6
     1     1    11     6    10     7     0     1  -224.0    0.096  -37.296   7438.1    408.1
     1     1    11     6    10     6     0     0  -225.0    0.181  -37.020   7473.2    406.2
     1     1    11     6    10     5     0     1  -226.0    0.259  -36.743   7506.3    404.1
     1     1    11     6    10     4     0     2  -227.0    0.324  -36.468   7522.6    403.3
     1     1    11     6    10     3     0     3  -228.0    0.374  -36.198   7518.2    403.8
     1     1    11     6    10     2     0     2  -229.0    0.412  -35.937   7510.3    405.4
     1     1    11     6    10     1     0     1  -230.0    0.444  -35.683   7519.9    405.1
     1     1    11     6    10     0     0     0  -231.0    0.470  -35.436   7547.1    403.7
     1     1    11     6     9    23     0     1  -232.0    0.489  -35.191   7573.2    401.3
     1     1    11     6     9    22     0     2  -233.0    0.500  -34.950   7585.1    400.7
     1     1    11     6     9    21     0     3  -234.0    0.503  -34.710   7588.5    400.5
     1     1    11     6     9    20     0     2  -235.0    0.505  -34.469   7614.1    400.6
     1     1    11     6     9    19     0     1  -236.0    0.508  -34.226   7687.6    396.4
     1     1    11     6     9    18     0     0  -237.0    0.512  -33.978   7798.1    390.3
     1     1    11     6     9    17     0     1  -238.0    0.521  -33.723   7898.9    383.2
     1     1    11     6     9    16     0     2  -239.0    0.536  -33.467   7955.3    380.7
     1     1    11     6     9    15     0     3  -240.0    0.554  -33.208   7974.9    380.0
     1     1    11     6     9    14     0     2  -241.0    0.571  -32.950   7984.9    380.7
     1     1    11     6     9    13     0     1  -242.0    0.590  -32.697   8013.6    379.5
     1     1    11     6     9    12     0     0  -243.0    0.611  -32.453   8068.6    376.9
     1     1    11     6     9    11     0     1  -244.0    0.631  -32.217   8131.0    372.4
     1     1    11     6     9    10     0     2  -245.0    0.646  -31.990   8177.7    369.9
     1     1    11     6     9     9     0     3  -246.0    0.655  -31.772   8201.9    368.1
     1     1    11     6     9     8     0     2  -247.0    0.664  -31.556   8211.3    368.3
     1     1    11     6     9     7     0     1  -248.0    0.676  -31.337   8219.4    367.7
     1     1    11     6     9     6     0     0  -249.0    0.694  -31.117   8224.4    367.3
     1     1    11     6     9     5     0     1  -250.0    0.717  -30.897   8227.0    367.4
     1     1    11     6     9     4     0     2  -251.0    0.745  -30.677   8231.6    367.5
     1     1    11     6     9     3     0     3  -252.0    0.781  -30.459   8240.3    367.2
     1     1    11     6     9     2     0     2  -253.0    0.820  -30.242   8253.6    366.6
     1     1    11     6     9     1     0     1  -254.0    0.855  -30.023   8273.1    365.8
     1     1    11     6     9     0     0     0  -255.0    0.887  -29.801   8298.8    364.5
     1     1    11     6     8    23     0     1  -256.0    0.913  -29.573   8327.3    362.9
     1     1    11     6     8    22     0     2  -257.0    0.933  -29.335   8356.3    361.4
     1     1    11     6     8    21     0     3  -258.0    0.946  -29.086   8386.3    359.9
     1     1    11     6     8    20     0     2  -259.0    0.948  -28.827   8400.4    358.3
     1     1    11     6     8    19     0     1  -260.0    0.940  -28.566   8384.6    359.2
     1     1    11     6     8    18     0     0  -261.0    0.921  -28.303   8345.0    361.2
     1     1    11     6     8    17     0     1  -262.0    0.895  -28.036   8307.0    364.4
     1     1    11     6     8    16     0     2  -263.0    0.863  -27.760   8294.0    365.2
     1     1    11     6     8    15     0     3  -264.0    0.822  -27.473   8305.4    364.6
     1     1    11     6     8    14     0     2  -265.0    0.771  -27.179   8328.5    363.0
     1     1    11     6     8    13     0     1  -266.0    0.717  -26.882   8348.9    361.9
     1     1    11     6     8    12     0     0  -267.0    0.663  -26.581   8366.8    361.2
     1     1    11     6     8    11     0     1  -268.0    0.607  -26.280   8377.5    360.0
     1     1    11     6     8    10     0     2  -269.0    0.546  -25.984   8374.5    360.0
     1     1    11     6     8     9     0     3  -270.0    0.486  -25.691   8357.7    360.6
     1     1    11     6     8     8     0     2  -271.0    0.434  -25.400   8342.3    362.0
     1     1    11     6     8     7     0     1  -272.0    0.388  -25.111   8342.5    361.7
     1     1    11     6     8     6     0     0  -273.0    0.344  -24.826   8355.4    360.8
     1     1    11     6     8     5     0     1  -274.0    0.301  -24.543   8371.8    359.8
     1     1    11     6     8     4     0     2  -275.0    0.263  -24.260   8382.3    359.5
     1     1    11     6     8     3     0     3  -276.0    0.230  -23.980   8384.9    359.5
     1     1    11     6     8     2     0     2  -277.0    0.203  -23.703   8389.3    359.9
     1     1    11     6     8     1     0     1  -278.0    0.182  -23.425   8407.3    359.2
     1     1    11     6     8     0     0     0  -279.0    0.161  -23.152   8443.6    357.6
     1     1    11     6     7    23     0     1  -280.0    0.128  -22.883   8490.4    354.7
     1     1    11     6     7    22     0     2  -281.0    0.080  -22.617   8531.0    352.5
     1     1    11     6     7    21     0     3  -282.0    0.018  -22.355   8555.6    351.1
     1     1    11     6     7    20     0     2  -283.0   -0.061  -22.101   8561.2    350.8
     1     1    11     6     7    19     0     1  -284.0   -0.156  -21.857   8550.4    351.4
     1     1    11     6     7    18     0     0  -285.0   -0.264  -21.621   8525.5    352.6
     1     1    11     6     7    17     0     1  -286.0   -0.377  -21.392   8495.7    354.5
     1     1    11     6     7    16     0     2  -287.0   -0.492  -21.172   8472.7    355.9
     1     1    11     6     7    15     0     3  -288.0   -0.613  -20.962   8463.0    356.7
     1     1    11     6     7    14     0     2  -289.0   -0.743  -20.761   8475.6    356.4
     1     1    11     6     7    13     0     1  -290.0   -0.886  -20.566   8516.1    354.5
     1     1    11     6     7    12     0     0  -291.0   -1.048  -20.378   8580.0    351.4
     1     1    11     6     7    11     0     1  -292.0   -1.225  -20.195   8645.3    347.3
     1     1    11     6     7    10     0     2  -293.0   -1.414  -20.017   8699.0    344.8
     1     1    11     6     7     9     0     3  -294.0   -1.613  -19.844   8747.2    342.5
     1     1    11     6     7     8     0     2  -295.0   -1.812  -19.683   8789.9    340.4
     1     1    11     6     7     7     0     1  -296.0   -2.002  -19.536   8822.6    338.7
     1     1    11     6     7     6     0     0  -297.0   -2.187  -19.403   8842.6    337.7
     1     1    11     6     7     5     0     1  -298.0   -2.368  -19.280   8865.2    337.5
     1     1    11     6     7     4     0     2  -299.0   -2.545  -19.160   8909.4    335.7
     1     1    11     6     7     3     0     3  -300.0   -2.720  -19.043   8982.5    332.6
     1     1    11     6     7     2     0     2  -301.0   -2.904  -18.935   9066.3    328.0
     1     1    11     6     7     1     0     1  -302.0   -3.100  -18.841   9134.7    324.9
     1     1    11     6     7     0     0     0  -303.0   -3.306  -18.762   9181.5    322.8
     1     1    11     6     6    23     0     1  -304.0   -3.521  -18.700   9216.0    321.7
     1     1    11     6     6    22     0     2  -305.0   -3.751  -18.655   9253.6    320.1
     1     1    11     6     6    21     0     3  -306.0   -3.996  -18.625   9303.7    317.9
     1     1    11     6     6    20     0     2  -307.0   -4.255  -18.618   9362.4    314.8
     1     1    11     6     6    19     0     1  -308.0   -4.520  -18.638   9415.8    312.4
     1     1    11     6     6    18     0     0  -309.0   -4.791  -18.687   9455.0    310.4
     1     1    11     6     6    17     0     1  -310.0   -5.060  -18.759   9466.2    309.7
     1     1    11     6     6    16     0     2  -311.0   -5.315  -18.851   9453.1    310.9
     1     1    11     6     6    15     0     3  -312.0   -5.560  -18.960   9444.6    312.1
     1     1    11     6     6    14     0     2  -313.0   -5.800  -19.083   9470.6    311.6
     1     1    11     6     6    13     0     1  -314.0   -6.039  -19.222   9534.1    308.6
     1     1    11     6     6    12     0     0  -315.0   -6.290  -19.379   9591.2    304.7
     1     1    11     6     6    11     0     1  -316.0   -6.552  -19.558   9609.5    303.9
     1     1    11     6     6    10     0     2  -317.0   -6.820  -19.763   9593.9    304.4
     1     1    11     6     6     9     0     3  -318.0   -7.093  -19.995   9558.1    306.3
     1     1    11     6     6     8     0     2  -319.0   -7.370  -20.254   9542.3    308.0
     1     1    11     6     6     7     0     1  -320.0   -7.643  -20.541   9564.5    306.5
     1     1    11     6     6     6     0     0  -321.0   -7.906  -20.857   9605.9    304.1
     1     1    11     6     6     5     0     1  -322.0   -8.159  -21.199   9648.5    302.1
     1     1    11     6     6     4     0     2  -323.0   -8.406  -21.565   9677.0    300.7
     1     1    11     6     6     3     0     3  -324.0   -8.647  -21.954   9673.9    300.5
     1     1    11     6     6     2     0     2  -325.0   -8.882  -22.369   9655.2    302.4
     1     1    11     6     6     1     0     1  -326.0   -9.111  -22.814   9645.3    302.7
     1     1    11     6     6     0     0     0  -327.0   -9.332  -23.293   9636.6    302.9
     1     1    11     6     5    23     0     1  -328.0   -9.554  -23.800   9628.0    303.4
     1     1    11     6     5    22     0     2  -329.0   -9.776  -24.326   9636.7    303.4
     1     1    11     6     5    21     0     3  -330.0   -9.984  -24.871   9686.1    301.7
     1     1    11     6     5    20     0     2  -331.0  -10.190  -25.431   9749.9    297.4
     1     1    11     6     5    19     0     1  -332.0  -10.404  -26.008   9794.5    295.5
     1     1    11     6     5    18     0     0  -333.0  -10.617  -26.610   9833.0    294.1
     1     1    11     6     5    17     0     1  -334.0  -10.837  -27.238   9860.5    292.4
     1     1    11     6     5    16     0     2  -335.0  -11.081  -27.890   9824.7    292.4
     1     1    11     6     5    15     0     3  -336.0  -11.343  -28.566   9750.9    297.9
