     3     1
    GDAS    11     4     1     0     0
    GDAS    11     4     8     0     0
    GDAS    11     4    15     0     0
     1 BACKWARD OMEGA   
  2011     4    16    16   -8.920  -56.780  4419.6
     1 PRESSURE
     1     1    11     4    16    16     0     2     0.0   -8.920  -56.780   4419.6    585.1
     1     1    11     4    16    15     0     3    -1.0   -8.850  -56.590   4352.8    587.4
     1     1    11     4    16    14     0     2    -2.0   -8.775  -56.393   4301.8    591.3
     1     1    11     4    16    13     0     1    -3.0   -8.695  -56.194   4302.3    588.9
     1     1    11     4    16    12     0     0    -4.0   -8.612  -55.996   4353.7    582.9
     1     1    11     4    16    11     0     1    -5.0   -8.538  -55.802   4427.6    573.1
     1     1    11     4    16    10     0     2    -6.0   -8.487  -55.611   4498.2    566.6
     1     1    11     4    16     9     0     3    -7.0   -8.459  -55.432   4570.8    560.4
     1     1    11     4    16     8     0     2    -8.0   -8.443  -55.260   4645.5    554.5
     1     1    11     4    16     7     0     1    -9.0   -8.427  -55.091   4718.3    548.9
     1     1    11     4    16     6     0     0   -10.0   -8.408  -54.922   4784.8    544.1
     1     1    11     4    16     5     0     1   -11.0   -8.382  -54.744   4846.2    540.8
     1     1    11     4    16     4     0     2   -12.0   -8.345  -54.550   4901.8    537.3
     1     1    11     4    16     3     0     3   -13.0   -8.296  -54.337   4943.8    534.6
     1     1    11     4    16     2     0     2   -14.0   -8.233  -54.110   4960.0    532.9
     1     1    11     4    16     1     0     1   -15.0   -8.166  -53.879   4950.0    534.4
     1     1    11     4    16     0     0     0   -16.0   -8.102  -53.644   4927.6    537.7
     1     1    11     4    15    23     0     1   -17.0   -8.047  -53.407   4919.8    541.1
     1     1    11     4    15    22     0     2   -18.0   -8.004  -53.170   4947.2    540.7
     1     1    11     4    15    21     0     3   -19.0   -7.968  -52.932   5001.3    537.4
     1     1    11     4    15    20     0     2   -20.0   -7.940  -52.693   5058.8    531.9
     1     1    11     4    15    19     0     1   -21.0   -7.919  -52.449   5107.0    528.6
     1     1    11     4    15    18     0     0   -22.0   -7.905  -52.204   5151.1    525.7
     1     1    11     4    15    17     0     1   -23.0   -7.892  -51.954   5191.8    522.8
     1     1    11     4    15    16     0     2   -24.0   -7.872  -51.692   5224.8    520.8
     1     1    11     4    15    15     0     3   -25.0   -7.846  -51.421   5252.1    519.6
     1     1    11     4    15    14     0     2   -26.0   -7.816  -51.137   5268.7    517.9
     1     1    11     4    15    13     0     1   -27.0   -7.784  -50.837   5263.6    518.3
     1     1    11     4    15    12     0     0   -28.0   -7.752  -50.525   5230.6    520.8
     1     1    11     4    15    11     0     1   -29.0   -7.726  -50.211   5189.3    525.2
     1     1    11     4    15    10     0     2   -30.0   -7.706  -49.906   5171.6    527.3
     1     1    11     4    15     9     0     3   -31.0   -7.688  -49.613   5187.9    527.7
     1     1    11     4    15     8     0     2   -32.0   -7.676  -49.330   5228.3    526.0
     1     1    11     4    15     7     0     1   -33.0   -7.679  -49.050   5283.0    523.9
     1     1    11     4    15     6     0     0   -34.0   -7.695  -48.766   5335.4    520.3
     1     1    11     4    15     5     0     1   -35.0   -7.721  -48.465   5349.3    518.5
     1     1    11     4    15     4     0     2   -36.0   -7.752  -48.149   5315.3    522.6
     1     1    11     4    15     3     0     3   -37.0   -7.787  -47.822   5267.0    526.7
     1     1    11     4    15     2     0     2   -38.0   -7.827  -47.485   5234.7    526.6
     1     1    11     4    15     1     0     1   -39.0   -7.876  -47.143   5217.1    524.4
     1     1    11     4    15     0     0     0   -40.0   -7.933  -46.800   5200.2    523.3
     1     1    11     4    14    23     0     1   -41.0   -8.003  -46.460   5190.8    523.2
     1     1    11     4    14    22     0     2   -42.0   -8.089  -46.124   5195.7    520.8
     1     1    11     4    14    21     0     3   -43.0   -8.197  -45.788   5202.3    518.7
     1     1    11     4    14    20     0     2   -44.0   -8.318  -45.456   5199.9    518.2
     1     1    11     4    14    19     0     1   -45.0   -8.440  -45.130   5181.7    517.0
     1     1    11     4    14    18     0     0   -46.0   -8.559  -44.807   5146.2    519.6
     1     1    11     4    14    17     0     1   -47.0   -8.678  -44.486   5109.1    525.4
     1     1    11     4    14    16     0     2   -48.0   -8.802  -44.163   5087.9    530.8
     1     1    11     4    14    15     0     3   -49.0   -8.932  -43.836   5082.0    531.0
     1     1    11     4    14    14     0     2   -50.0   -9.063  -43.505   5085.0    524.8
     1     1    11     4    14    13     0     1   -51.0   -9.191  -43.175   5109.8    518.3
     1     1    11     4    14    12     0     0   -52.0   -9.320  -42.845   5161.4    514.5
     1     1    11     4    14    11     0     1   -53.0   -9.442  -42.522   5215.4    512.1
     1     1    11     4    14    10     0     2   -54.0   -9.556  -42.217   5242.4    511.1
     1     1    11     4    14     9     0     3   -55.0   -9.665  -41.932   5237.8    510.3
     1     1    11     4    14     8     0     2   -56.0   -9.774  -41.662   5202.3    508.4
     1     1    11     4    14     7     0     1   -57.0   -9.881  -41.399   5159.9    506.4
     1     1    11     4    14     6     0     0   -58.0   -9.984  -41.140   5124.7    503.3
     1     1    11     4    14     5     0     1   -59.0  -10.080  -40.884   5115.8    503.5
     1     1    11     4    14     4     0     2   -60.0  -10.169  -40.632   5122.2    508.1
     1     1    11     4    14     3     0     3   -61.0  -10.251  -40.382   5125.8    513.0
     1     1    11     4    14     2     0     2   -62.0  -10.333  -40.136   5137.9    518.0
     1     1    11     4    14     1     0     1   -63.0  -10.417  -39.898   5165.3    519.7
     1     1    11     4    14     0     0     0   -64.0  -10.507  -39.667   5201.4    518.9
     1     1    11     4    13    23     0     1   -65.0  -10.596  -39.448   5245.9    517.3
     1     1    11     4    13    22     0     2   -66.0  -10.680  -39.244   5299.6    515.2
     1     1    11     4    13    21     0     3   -67.0  -10.758  -39.058   5369.6    512.0
     1     1    11     4    13    20     0     2   -68.0  -10.828  -38.884   5454.7    507.3
     1     1    11     4    13    19     0     1   -69.0  -10.891  -38.716   5543.5    501.9
     1     1    11     4    13    18     0     0   -70.0  -10.949  -38.550   5624.1    496.9
     1     1    11     4    13    17     0     1   -71.0  -10.999  -38.381   5682.9    492.9
     1     1    11     4    13    16     0     2   -72.0  -11.039  -38.205   5716.1    491.4
     1     1    11     4    13    15     0     3   -73.0  -11.070  -38.025   5730.2    491.3
     1     1    11     4    13    14     0     2   -74.0  -11.096  -37.841   5746.9    494.0
     1     1    11     4    13    13     0     1   -75.0  -11.117  -37.655   5764.0    496.4
     1     1    11     4    13    12     0     0   -76.0  -11.133  -37.468   5776.7    498.9
     1     1    11     4    13    11     0     1   -77.0  -11.146  -37.282   5771.4    501.1
     1     1    11     4    13    10     0     2   -78.0  -11.161  -37.099   5730.9    505.9
     1     1    11     4    13     9     0     3   -79.0  -11.180  -36.917   5647.6    512.6
     1     1    11     4    13     8     0     2   -80.0  -11.196  -36.738   5563.3    520.6
     1     1    11     4    13     7     0     1   -81.0  -11.205  -36.558   5519.1    523.2
     1     1    11     4    13     6     0     0   -82.0  -11.207  -36.377   5505.8    523.8
     1     1    11     4    13     5     0     1   -83.0  -11.204  -36.193   5502.8    523.1
     1     1    11     4    13     4     0     2   -84.0  -11.195  -36.002   5495.2    523.9
     1     1    11     4    13     3     0     3   -85.0  -11.177  -35.804   5480.8    524.8
     1     1    11     4    13     2     0     2   -86.0  -11.154  -35.597   5464.8    526.6
     1     1    11     4    13     1     0     1   -87.0  -11.129  -35.384   5456.1    527.3
     1     1    11     4    13     0     0     0   -88.0  -11.101  -35.166   5454.9    527.6
     1     1    11     4    12    23     0     1   -89.0  -11.068  -34.946   5455.6    526.9
     1     1    11     4    12    22     0     2   -90.0  -11.032  -34.726   5452.9    526.7
     1     1    11     4    12    21     0     3   -91.0  -10.992  -34.502   5444.2    526.9
     1     1    11     4    12    20     0     2   -92.0  -10.955  -34.274   5430.9    528.0
     1     1    11     4    12    19     0     1   -93.0  -10.926  -34.039   5418.1    529.1
     1     1    11     4    12    18     0     0   -94.0  -10.904  -33.801   5409.9    529.9
     1     1    11     4    12    17     0     1   -95.0  -10.886  -33.560   5418.9    530.1
     1     1    11     4    12    16     0     2   -96.0  -10.867  -33.315   5454.7    527.7
     1     1    11     4    12    15     0     3   -97.0  -10.847  -33.064   5515.1    523.7
     1     1    11     4    12    14     0     2   -98.0  -10.827  -32.810   5567.2    518.5
     1     1    11     4    12    13     0     1   -99.0  -10.806  -32.558   5580.8    517.9
     1     1    11     4    12    12     0     0  -100.0  -10.785  -32.306   5558.0    519.6
     1     1    11     4    12    11     0     1  -101.0  -10.764  -32.056   5530.1    523.0
     1     1    11     4    12    10     0     2  -102.0  -10.744  -31.812   5528.4    522.8
     1     1    11     4    12     9     0     3  -103.0  -10.725  -31.574   5552.4    520.7
     1     1    11     4    12     8     0     2  -104.0  -10.708  -31.340   5582.3    517.4
     1     1    11     4    12     7     0     1  -105.0  -10.697  -31.104   5600.2    516.2
     1     1    11     4    12     6     0     0  -106.0  -10.691  -30.869   5609.2    515.6
     1     1    11     4    12     5     0     1  -107.0  -10.690  -30.635   5621.0    515.8
     1     1    11     4    12     4     0     2  -108.0  -10.690  -30.406   5646.2    514.5
     1     1    11     4    12     3     0     3  -109.0  -10.690  -30.179   5685.5    512.3
     1     1    11     4    12     2     0     2  -110.0  -10.691  -29.953   5723.5    508.9
     1     1    11     4    12     1     0     1  -111.0  -10.697  -29.728   5741.0    507.7
     1     1    11     4    12     0     0     0  -112.0  -10.707  -29.501   5733.0    508.2
     1     1    11     4    11    23     0     1  -113.0  -10.717  -29.270   5713.5    510.3
     1     1    11     4    11    22     0     2  -114.0  -10.721  -29.035   5700.9    511.1
     1     1    11     4    11    21     0     3  -115.0  -10.719  -28.798   5702.3    511.1
     1     1    11     4    11    20     0     2  -116.0  -10.716  -28.560   5718.9    509.8
     1     1    11     4    11    19     0     1  -117.0  -10.713  -28.325   5743.2    507.9
     1     1    11     4    11    18     0     0  -118.0  -10.713  -28.094   5766.0    506.1
     1     1    11     4    11    17     0     1  -119.0  -10.715  -27.867   5783.1    505.1
     1     1    11     4    11    16     0     2  -120.0  -10.719  -27.643   5794.7    504.5
     1     1    11     4    11    15     0     3  -121.0  -10.722  -27.419   5799.9    504.3
     1     1    11     4    11    14     0     2  -122.0  -10.724  -27.192   5797.0    504.6
     1     1    11     4    11    13     0     1  -123.0  -10.726  -26.963   5787.9    505.6
     1     1    11     4    11    12     0     0  -124.0  -10.731  -26.734   5779.2    506.6
     1     1    11     4    11    11     0     1  -125.0  -10.736  -26.505   5786.8    506.7
     1     1    11     4    11    10     0     2  -126.0  -10.736  -26.275   5819.9    504.0
     1     1    11     4    11     9     0     3  -127.0  -10.729  -26.044   5869.6    500.3
     1     1    11     4    11     8     0     2  -128.0  -10.719  -25.808   5911.9    496.2
     1     1    11     4    11     7     0     1  -129.0  -10.710  -25.564   5930.7    495.0
     1     1    11     4    11     6     0     0  -130.0  -10.706  -25.312   5932.6    494.9
     1     1    11     4    11     5     0     1  -131.0  -10.706  -25.051   5922.8    495.8
     1     1    11     4    11     4     0     2  -132.0  -10.712  -24.783   5903.4    497.3
     1     1    11     4    11     3     0     3  -133.0  -10.720  -24.509   5879.7    499.3
     1     1    11     4    11     2     0     2  -134.0  -10.734  -24.236   5858.9    501.0
     1     1    11     4    11     1     0     1  -135.0  -10.754  -23.965   5843.2    502.2
     1     1    11     4    11     0     0     0  -136.0  -10.781  -23.697   5831.4    503.1
     1     1    11     4    10    23     0     1  -137.0  -10.816  -23.441   5824.6    503.7
     1     1    11     4    10    22     0     2  -138.0  -10.858  -23.200   5824.0    503.7
     1     1    11     4    10    21     0     3  -139.0  -10.907  -22.971   5827.1    503.4
     1     1    11     4    10    20     0     2  -140.0  -10.958  -22.751   5838.4    502.9
     1     1    11     4    10    19     0     1  -141.0  -11.005  -22.538   5867.0    501.1
     1     1    11     4    10    18     0     0  -142.0  -11.047  -22.334   5918.4    497.9
     1     1    11     4    10    17     0     1  -143.0  -11.085  -22.142   5984.6    493.2
     1     1    11     4    10    16     0     2  -144.0  -11.117  -21.964   6053.8    488.9
     1     1    11     4    10    15     0     3  -145.0  -11.144  -21.797   6122.9    484.6
     1     1    11     4    10    14     0     2  -146.0  -11.170  -21.636   6182.0    480.6
     1     1    11     4    10    13     0     1  -147.0  -11.196  -21.475   6224.7    478.1
     1     1    11     4    10    12     0     0  -148.0  -11.222  -21.314   6250.9    476.7
     1     1    11     4    10    11     0     1  -149.0  -11.247  -21.150   6275.0    475.9
     1     1    11     4    10    10     0     2  -150.0  -11.270  -20.981   6311.9    473.5
     1     1    11     4    10     9     0     3  -151.0  -11.294  -20.809   6357.9    470.2
     1     1    11     4    10     8     0     2  -152.0  -11.321  -20.639   6404.0    467.0
     1     1    11     4    10     7     0     1  -153.0  -11.354  -20.478   6449.6    464.3
     1     1    11     4    10     6     0     0  -154.0  -11.389  -20.327   6501.6    461.3
     1     1    11     4    10     5     0     1  -155.0  -11.420  -20.180   6556.6    457.9
     1     1    11     4    10     4     0     2  -156.0  -11.438  -20.030   6606.5    455.1
     1     1    11     4    10     3     0     3  -157.0  -11.445  -19.878   6651.6    452.8
     1     1    11     4    10     2     0     2  -158.0  -11.446  -19.719   6687.9    450.4
     1     1    11     4    10     1     0     1  -159.0  -11.447  -19.548   6706.1    449.2
     1     1    11     4    10     0     0     0  -160.0  -11.448  -19.366   6698.7    449.5
     1     1    11     4     9    23     0     1  -161.0  -11.448  -19.181   6678.7    451.7
     1     1    11     4     9    22     0     2  -162.0  -11.442  -19.003   6666.8    452.6
     1     1    11     4     9    21     0     3  -163.0  -11.428  -18.830   6668.6    452.6
     1     1    11     4     9    20     0     2  -164.0  -11.406  -18.663   6684.3    451.3
     1     1    11     4     9    19     0     1  -165.0  -11.378  -18.500   6708.3    449.4
     1     1    11     4     9    18     0     0  -166.0  -11.343  -18.338   6733.0    447.5
     1     1    11     4     9    17     0     1  -167.0  -11.308  -18.167   6749.2    446.2
     1     1    11     4     9    16     0     2  -168.0  -11.276  -17.983   6753.4    446.1
     1     1    11     4     9    15     0     3  -169.0  -11.251  -17.789   6752.8    446.4
     1     1    11     4     9    14     0     2  -170.0  -11.233  -17.589   6758.5    446.7
     1     1    11     4     9    13     0     1  -171.0  -11.224  -17.383   6779.0    445.8
     1     1    11     4     9    12     0     0  -172.0  -11.223  -17.172   6817.3    443.9
     1     1    11     4     9    11     0     1  -173.0  -11.231  -16.958   6870.0    440.3
     1     1    11     4     9    10     0     2  -174.0  -11.250  -16.741   6924.2    436.5
     1     1    11     4     9     9     0     3  -175.0  -11.281  -16.521   6966.3    433.6
     1     1    11     4     9     8     0     2  -176.0  -11.322  -16.300   6992.6    432.0
     1     1    11     4     9     7     0     1  -177.0  -11.372  -16.079   7011.5    431.1
     1     1    11     4     9     6     0     0  -178.0  -11.431  -15.863   7036.4    429.9
     1     1    11     4     9     5     0     1  -179.0  -11.494  -15.654   7063.9    428.1
     1     1    11     4     9     4     0     2  -180.0  -11.559  -15.455   7080.9    427.1
     1     1    11     4     9     3     0     3  -181.0  -11.627  -15.261   7080.0    427.1
     1     1    11     4     9     2     0     2  -182.0  -11.698  -15.070   7070.8    428.6
     1     1    11     4     9     1     0     1  -183.0  -11.771  -14.885   7067.1    429.1
     1     1    11     4     9     0     0     0  -184.0  -11.847  -14.707   7069.2    429.2
     1     1    11     4     8    23     0     1  -185.0  -11.925  -14.534   7080.0    428.8
     1     1    11     4     8    22     0     2  -186.0  -12.004  -14.363   7103.3    427.6
     1     1    11     4     8    21     0     3  -187.0  -12.082  -14.196   7140.0    425.6
     1     1    11     4     8    20     0     2  -188.0  -12.158  -14.033   7184.4    422.6
     1     1    11     4     8    19     0     1  -189.0  -12.230  -13.873   7229.2    419.8
     1     1    11     4     8    18     0     0  -190.0  -12.297  -13.714   7273.7    417.1
     1     1    11     4     8    17     0     1  -191.0  -12.364  -13.551   7315.3    414.7
     1     1    11     4     8    16     0     2  -192.0  -12.433  -13.378   7353.4    412.7
     1     1    11     4     8    15     0     3  -193.0  -12.506  -13.195   7391.6    410.7
     1     1    11     4     8    14     0     2  -194.0  -12.589  -13.004   7442.2    408.5
     1     1    11     4     8    13     0     1  -195.0  -12.684  -12.812   7514.3    404.6
     1     1    11     4     8    12     0     0  -196.0  -12.793  -12.619   7604.5    399.8
     1     1    11     4     8    11     0     1  -197.0  -12.915  -12.434   7691.6    393.9
     1     1    11     4     8    10     0     2  -198.0  -13.051  -12.268   7753.7    390.4
     1     1    11     4     8     9     0     3  -199.0  -13.203  -12.123   7793.2    388.4
     1     1    11     4     8     8     0     2  -200.0  -13.372  -11.997   7818.0    387.2
     1     1    11     4     8     7     0     1  -201.0  -13.560  -11.885   7832.2    386.3
     1     1    11     4     8     6     0     0  -202.0  -13.765  -11.782   7835.6    386.0
     1     1    11     4     8     5     0     1  -203.0  -13.984  -11.680   7847.8    386.5
     1     1    11     4     8     4     0     2  -204.0  -14.214  -11.574   7889.7    384.6
     1     1    11     4     8     3     0     3  -205.0  -14.458  -11.465   7956.0    381.1
     1     1    11     4     8     2     0     2  -206.0  -14.719  -11.361   8035.3    377.0
     1     1    11     4     8     1     0     1  -207.0  -14.999  -11.270   8128.6    372.7
     1     1    11     4     8     0     0     0  -208.0  -15.303  -11.194   8240.5    367.1
     1     1    11     4     7    23     0     1  -209.0  -15.625  -11.127   8357.9    360.7
     1     1    11     4     7    22     0     2  -210.0  -15.950  -11.065   8474.0    355.3
     1     1    11     4     7    21     0     3  -211.0  -16.277  -11.013   8587.9    349.5
     1     1    11     4     7    20     0     2  -212.0  -16.615  -10.970   8684.5    344.4
     1     1    11     4     7    19     0     1  -213.0  -16.964  -10.928   8748.6    340.8
     1     1    11     4     7    18     0     0  -214.0  -17.321  -10.894   8792.0    339.4
     1     1    11     4     7    17     0     1  -215.0  -17.691  -10.859   8839.9    337.4
     1     1    11     4     7    16     0     2  -216.0  -18.076  -10.809   8886.5    334.6
     1     1    11     4     7    15     0     3  -217.0  -18.470  -10.746   8916.2    333.0
     1     1    11     4     7    14     0     2  -218.0  -18.890  -10.676   8953.5    332.6
     1     1    11     4     7    13     0     1  -219.0  -19.364  -10.592   9034.3    329.2
     1     1    11     4     7    12     0     0  -220.0  -19.903  -10.485   9166.3    322.9
     1     1    11     4     7    11     0     1  -221.0  -20.502  -10.358   9365.0    314.4
     1     1    11     4     7    10     0     2  -222.0  -21.150  -10.212   9640.2    301.8
     1     1    11     4     7     9     0     3  -223.0  -21.846  -10.036   9914.4    287.4
     1     1    11     4     7     8     0     2  -224.0  -22.620   -9.851  10137.3    278.0
