     3     1
    GDAS    11     1     8     0     0
    GDAS    11     1    15     0     0
    GDAS    11     1    22     0     0
     1 BACKWARD OMEGA   
  2011     1    24    16   -8.870  -56.780   609.6
     1 PRESSURE
     1     1    11     1    24    16     0     2     0.0   -8.870  -56.780    609.6    919.8
     1     1    11     1    24    15     0     3    -1.0   -8.866  -56.788    602.3    921.6
     1     1    11     1    24    14     0     2    -2.0   -8.871  -56.789    599.3    921.7
     1     1    11     1    24    13     0     1    -3.0   -8.881  -56.796    598.7    922.1
     1     1    11     1    24    12     0     0    -4.0   -8.894  -56.809    602.2    922.3
     1     1    11     1    24    11     0     3    -5.0   -8.905  -56.835    615.2    921.2
     1     1    11     1    24    10     0     6    -6.0   -8.907  -56.882    643.1    918.3
     1     1    11     1    24     9     0     9    -7.0   -8.902  -56.950    689.5    913.2
     1     1    11     1    24     8     0     8    -8.0   -8.881  -57.021    736.3    906.3
     1     1    11     1    24     7     0     7    -9.0   -8.836  -57.085    757.3    903.0
     1     1    11     1    24     6     0     6   -10.0   -8.769  -57.147    751.2    902.9
     1     1    11     1    24     5     0     5   -11.0   -8.697  -57.218    735.8    905.4
     1     1    11     1    24     4     0     4   -12.0   -8.633  -57.302    725.2    906.3
     1     1    11     1    24     3     0     3   -13.0   -8.574  -57.394    719.4    907.3
     1     1    11     1    24     2     0     2   -14.0   -8.513  -57.478    717.0    907.7
     1     1    11     1    24     1     0     1   -15.0   -8.446  -57.546    714.5    908.2
     1     1    11     1    24     0     0     0   -16.0   -8.377  -57.601    709.4    909.1
     1     1    11     1    23    23     0     1   -17.0   -8.318  -57.652    695.7    910.0
     1     1    11     1    23    22     0     2   -18.0   -8.279  -57.709    672.0    913.2
     1     1    11     1    23    21     0     3   -19.0   -8.256  -57.774    646.4    916.9
     1     1    11     1    23    20     0     2   -20.0   -8.239  -57.840    622.8    921.4
     1     1    11     1    23    19     0     1   -21.0   -8.218  -57.898    597.0    925.6
     1     1    11     1    23    18     0     0   -22.0   -8.190  -57.947    565.4    930.5
     1     1    11     1    23    17     0     1   -23.0   -8.159  -57.979    533.9    936.3
     1     1    11     1    23    16     0     2   -24.0   -8.132  -57.986    506.8    940.3
     1     1    11     1    23    15     0     3   -25.0   -8.112  -57.968    481.1    943.6
     1     1    11     1    23    14     0     2   -26.0   -8.089  -57.932    459.9    945.6
     1     1    11     1    23    13     0     1   -27.0   -8.057  -57.888    448.3    945.9
     1     1    11     1    23    12     0     0   -28.0   -8.017  -57.834    447.8    944.7
     1     1    11     1    23    11     0     1   -29.0   -7.970  -57.781    456.1    941.6
     1     1    11     1    23    10     0     2   -30.0   -7.919  -57.743    469.1    938.7
     1     1    11     1    23     9     0     3   -31.0   -7.864  -57.718    486.1    935.9
     1     1    11     1    23     8     0     2   -32.0   -7.806  -57.705    507.2    933.5
     1     1    11     1    23     7     0     1   -33.0   -7.743  -57.701    532.3    931.0
     1     1    11     1    23     6     0     0   -34.0   -7.675  -57.709    560.2    928.4
     1     1    11     1    23     5     0     1   -35.0   -7.601  -57.727    587.4    926.2
     1     1    11     1    23     4     0     2   -36.0   -7.522  -57.753    611.5    924.6
     1     1    11     1    23     3     0     3   -37.0   -7.438  -57.788    633.7    923.4
     1     1    11     1    23     2     0     2   -38.0   -7.349  -57.834    655.0    921.4
     1     1    11     1    23     1     0     1   -39.0   -7.253  -57.895    674.4    919.4
     1     1    11     1    23     0     0     0   -40.0   -7.152  -57.972    688.4    917.8
     1     1    11     1    22    23     0     1   -41.0   -7.042  -58.056    708.5    916.5
     1     1    11     1    22    22     0     2   -42.0   -6.922  -58.139    748.1    912.1
     1     1    11     1    22    21     0     3   -43.0   -6.794  -58.224    805.4    906.0
     1     1    11     1    22    20     0     2   -44.0   -6.661  -58.312    870.0    899.9
     1     1    11     1    22    19     0     1   -45.0   -6.525  -58.399    932.9    894.2
     1     1    11     1    22    18     0     0   -46.0   -6.391  -58.485    993.9    888.7
     1     1    11     1    22    17     0     1   -47.0   -6.250  -58.567   1056.4    883.2
     1     1    11     1    22    16     0     2   -48.0   -6.094  -58.639   1127.3    877.0
     1     1    11     1    22    15     0     3   -49.0   -5.924  -58.700   1209.0    869.0
     1     1    11     1    22    14     0     2   -50.0   -5.748  -58.756   1267.7    859.5
     1     1    11     1    22    13     0     1   -51.0   -5.569  -58.808   1286.9    859.0
     1     1    11     1    22    12     0     0   -52.0   -5.387  -58.857   1304.9    859.2
     1     1    11     1    22    11     0     1   -53.0   -5.206  -58.910   1338.9    854.7
     1     1    11     1    22    10     0     2   -54.0   -5.022  -58.966   1353.9    849.8
     1     1    11     1    22     9     0     3   -55.0   -4.828  -59.020   1312.2    853.0
     1     1    11     1    22     8     0     2   -56.0   -4.615  -59.046   1267.6    864.2
     1     1    11     1    22     7     0     1   -57.0   -4.389  -59.037   1270.1    863.8
     1     1    11     1    22     6     0     0   -58.0   -4.159  -59.012   1320.7    859.6
     1     1    11     1    22     5     0     1   -59.0   -3.941  -58.992   1403.4    850.3
     1     1    11     1    22     4     0     2   -60.0   -3.743  -58.984   1489.7    841.8
     1     1    11     1    22     3     0     3   -61.0   -3.566  -58.985   1567.7    833.8
     1     1    11     1    22     2     0     2   -62.0   -3.415  -58.993   1629.8    827.3
     1     1    11     1    22     1     0     1   -63.0   -3.290  -59.007   1670.9    822.9
     1     1    11     1    22     0     0     0   -64.0   -3.188  -59.027   1687.5    821.1
     1     1    11     1    21    23     0     1   -65.0   -3.088  -59.045   1705.8    821.4
     1     1    11     1    21    22     0     2   -66.0   -2.979  -59.062   1754.4    816.7
     1     1    11     1    21    21     0     3   -67.0   -2.864  -59.077   1835.2    808.1
     1     1    11     1    21    20     0     2   -68.0   -2.747  -59.097   1930.5    797.8
     1     1    11     1    21    19     0     1   -69.0   -2.634  -59.133   2028.1    789.2
     1     1    11     1    21    18     0     0   -70.0   -2.533  -59.186   2133.3    779.9
     1     1    11     1    21    17     0     1   -71.0   -2.440  -59.256   2181.0    769.7
     1     1    11     1    21    16     0     2   -72.0   -2.334  -59.332   2136.5    776.1
     1     1    11     1    21    15     0     3   -73.0   -2.204  -59.407   2056.7    785.9
     1     1    11     1    21    14     0     2   -74.0   -2.044  -59.475   1998.5    793.3
     1     1    11     1    21    13     0     1   -75.0   -1.856  -59.528   1968.5    793.8
     1     1    11     1    21    12     0     0   -76.0   -1.647  -59.566   1945.2    796.0
     1     1    11     1    21    11     0     1   -77.0   -1.431  -59.593   1926.0    797.0
     1     1    11     1    21    10     0     2   -78.0   -1.213  -59.608   1913.3    798.4
     1     1    11     1    21     9     0     3   -79.0   -0.986  -59.611   1922.3    797.7
     1     1    11     1    21     8     0     2   -80.0   -0.755  -59.603   1907.7    792.2
     1     1    11     1    21     7     0     1   -81.0   -0.526  -59.575   1836.6    798.7
     1     1    11     1    21     6     0     0   -82.0   -0.299  -59.527   1746.2    807.0
     1     1    11     1    21     5     0     1   -83.0   -0.086  -59.463   1674.1    814.0
     1     1    11     1    21     4     0     2   -84.0    0.106  -59.388   1625.1    816.6
     1     1    11     1    21     3     0     3   -85.0    0.286  -59.308   1584.6    819.0
     1     1    11     1    21     2     0     2   -86.0    0.469  -59.226   1552.7    820.4
     1     1    11     1    21     1     0     1   -87.0    0.657  -59.145   1543.5    819.3
     1     1    11     1    21     0     0     0   -88.0    0.837  -59.071   1569.0    814.3
     1     1    11     1    20    23     0     1   -89.0    1.001  -59.009   1611.0    805.2
     1     1    11     1    20    22     0     2   -90.0    1.161  -58.952   1638.2    801.0
     1     1    11     1    20    21     0     3   -91.0    1.334  -58.898   1641.1    801.1
     1     1    11     1    20    20     0     2   -92.0    1.527  -58.845   1645.9    802.9
     1     1    11     1    20    19     0     1   -93.0    1.748  -58.792   1670.6    800.5
     1     1    11     1    20    18     0     0   -94.0    1.995  -58.741   1709.0    796.7
     1     1    11     1    20    17     0     1   -95.0    2.257  -58.687   1758.0    795.2
     1     1    11     1    20    16     0     2   -96.0    2.523  -58.626   1817.2    793.4
     1     1    11     1    20    15     0     3   -97.0    2.791  -58.563   1890.3    790.0
     1     1    11     1    20    14     0     2   -98.0    3.051  -58.506   1965.6    784.1
     1     1    11     1    20    13     0     1   -99.0    3.304  -58.451   2032.1    779.1
     1     1    11     1    20    12     0     0  -100.0    3.553  -58.397   2091.5    774.6
     1     1    11     1    20    11     0     1  -101.0    3.808  -58.329   2139.6    771.2
     1     1    11     1    20    10     0     2  -102.0    4.081  -58.234   2173.2    769.8
     1     1    11     1    20     9     0     3  -103.0    4.368  -58.120   2210.1    770.1
     1     1    11     1    20     8     0     2  -104.0    4.656  -58.005   2272.1    769.6
     1     1    11     1    20     7     0     1  -105.0    4.929  -57.895   2352.8    763.7
     1     1    11     1    20     6     0     0  -106.0    5.185  -57.790   2432.7    756.1
     1     1    11     1    20     5     0     1  -107.0    5.422  -57.688   2493.9    750.7
     1     1    11     1    20     4     0     2  -108.0    5.644  -57.589   2530.9    748.2
     1     1    11     1    20     3     0     3  -109.0    5.854  -57.489   2545.6    748.1
     1     1    11     1    20     2     0     2  -110.0    6.059  -57.388   2549.9    749.4
     1     1    11     1    20     1     0     1  -111.0    6.260  -57.285   2554.0    749.5
     1     1    11     1    20     0     0     0  -112.0    6.455  -57.182   2559.9    749.4
     1     1    11     1    19    23     0     1  -113.0    6.642  -57.075   2568.3    748.5
     1     1    11     1    19    22     0     2  -114.0    6.817  -56.960   2582.1    747.5
     1     1    11     1    19    21     0     3  -115.0    6.981  -56.837   2606.0    745.2
     1     1    11     1    19    20     0     2  -116.0    7.133  -56.709   2632.9    742.4
     1     1    11     1    19    19     0     1  -117.0    7.272  -56.576   2653.3    740.7
     1     1    11     1    19    18     0     0  -118.0    7.398  -56.434   2664.1    739.9
     1     1    11     1    19    17     0     1  -119.0    7.511  -56.282   2664.8    740.4
     1     1    11     1    19    16     0     2  -120.0    7.611  -56.119   2660.2    741.6
     1     1    11     1    19    15     0     3  -121.0    7.699  -55.945   2659.2    742.6
     1     1    11     1    19    14     0     2  -122.0    7.776  -55.762   2663.5    741.7
     1     1    11     1    19    13     0     1  -123.0    7.842  -55.569   2673.4    740.9
     1     1    11     1    19    12     0     0  -124.0    7.894  -55.369   2697.1    739.0
     1     1    11     1    19    11     0     1  -125.0    7.938  -55.163   2728.1    734.9
     1     1    11     1    19    10     0     2  -126.0    7.985  -54.947   2745.2    732.3
     1     1    11     1    19     9     0     3  -127.0    8.037  -54.722   2737.0    732.6
     1     1    11     1    19     8     0     2  -128.0    8.098  -54.489   2716.0    735.7
     1     1    11     1    19     7     0     1  -129.0    8.169  -54.245   2697.2    737.3
     1     1    11     1    19     6     0     0  -130.0    8.247  -53.992   2680.4    738.6
     1     1    11     1    19     5     0     1  -131.0    8.331  -53.735   2671.5    740.3
     1     1    11     1    19     4     0     2  -132.0    8.422  -53.483   2673.1    740.3
     1     1    11     1    19     3     0     3  -133.0    8.517  -53.234   2678.4    740.0
     1     1    11     1    19     2     0     2  -134.0    8.605  -52.987   2683.1    739.6
     1     1    11     1    19     1     0     1  -135.0    8.676  -52.745   2687.4    739.4
     1     1    11     1    19     0     0     0  -136.0    8.729  -52.507   2690.5    739.0
     1     1    11     1    18    23     0     1  -137.0    8.766  -52.265   2691.2    738.7
     1     1    11     1    18    22     0     2  -138.0    8.788  -52.008   2689.7    738.5
     1     1    11     1    18    21     0     3  -139.0    8.799  -51.740   2683.7    738.6
     1     1    11     1    18    20     0     2  -140.0    8.808  -51.461   2676.8    739.7
     1     1    11     1    18    19     0     1  -141.0    8.825  -51.168   2678.0    739.9
     1     1    11     1    18    18     0     0  -142.0    8.852  -50.861   2693.6    738.8
     1     1    11     1    18    17     0     1  -143.0    8.892  -50.543   2720.5    736.4
     1     1    11     1    18    16     0     2  -144.0    8.951  -50.216   2750.4    734.0
     1     1    11     1    18    15     0     3  -145.0    9.023  -49.876   2777.9    731.9
     1     1    11     1    18    14     0     2  -146.0    9.107  -49.535   2810.1    729.7
     1     1    11     1    18    13     0     1  -147.0    9.197  -49.196   2857.2    725.4
     1     1    11     1    18    12     0     0  -148.0    9.292  -48.857   2920.3    719.8
     1     1    11     1    18    11     0     1  -149.0    9.387  -48.526   2986.2    712.7
     1     1    11     1    18    10     0     2  -150.0    9.473  -48.208   3040.8    707.7
     1     1    11     1    18     9     0     3  -151.0    9.553  -47.900   3081.9    703.8
     1     1    11     1    18     8     0     2  -152.0    9.621  -47.599   3111.2    701.6
     1     1    11     1    18     7     0     1  -153.0    9.677  -47.303   3130.8    699.9
     1     1    11     1    18     6     0     0  -154.0    9.722  -47.009   3138.6    699.0
     1     1    11     1    18     5     0     1  -155.0    9.761  -46.716   3144.0    699.8
     1     1    11     1    18     4     0     2  -156.0    9.796  -46.421   3158.0    699.0
     1     1    11     1    18     3     0     3  -157.0    9.828  -46.122   3180.2    697.5
     1     1    11     1    18     2     0     2  -158.0    9.854  -45.821   3205.1    695.0
     1     1    11     1    18     1     0     1  -159.0    9.873  -45.515   3228.8    693.2
     1     1    11     1    18     0     0     0  -160.0    9.884  -45.206   3256.7    691.1
     1     1    11     1    17    23     0     1  -161.0    9.883  -44.890   3287.9    687.9
     1     1    11     1    17    22     0     2  -162.0    9.866  -44.567   3319.2    685.1
     1     1    11     1    17    21     0     3  -163.0    9.838  -44.234   3353.1    682.1
     1     1    11     1    17    20     0     2  -164.0    9.807  -43.895   3394.5    678.9
     1     1    11     1    17    19     0     1  -165.0    9.775  -43.547   3442.6    674.5
     1     1    11     1    17    18     0     0  -166.0    9.743  -43.187   3492.5    670.2
     1     1    11     1    17    17     0     1  -167.0    9.714  -42.818   3536.6    666.4
     1     1    11     1    17    16     0     2  -168.0    9.690  -42.439   3570.1    664.1
     1     1    11     1    17    15     0     3  -169.0    9.673  -42.051   3594.8    662.4
     1     1    11     1    17    14     0     2  -170.0    9.664  -41.656   3617.0    661.1
     1     1    11     1    17    13     0     1  -171.0    9.669  -41.253   3643.1    659.0
     1     1    11     1    17    12     0     0  -172.0    9.688  -40.840   3674.4    656.5
     1     1    11     1    17    11     0     1  -173.0    9.718  -40.424   3710.4    653.2
     1     1    11     1    17    10     0     2  -174.0    9.757  -40.015   3749.9    649.8
     1     1    11     1    17     9     0     3  -175.0    9.803  -39.615   3792.0    646.0
     1     1    11     1    17     8     0     2  -176.0    9.852  -39.222   3828.9    642.5
     1     1    11     1    17     7     0     1  -177.0    9.903  -38.831   3855.6    640.3
     1     1    11     1    17     6     0     0  -178.0    9.958  -38.442   3871.1    638.7
     1     1    11     1    17     5     0     1  -179.0   10.020  -38.055   3873.5    638.9
     1     1    11     1    17     4     0     2  -180.0   10.090  -37.669   3870.3    640.1
     1     1    11     1    17     3     0     3  -181.0   10.167  -37.285   3878.0    640.5
     1     1    11     1    17     2     0     2  -182.0   10.250  -36.902   3894.7    638.4
     1     1    11     1    17     1     0     1  -183.0   10.337  -36.522   3903.4    637.3
     1     1    11     1    17     0     0     0  -184.0   10.428  -36.142   3901.1    637.8
     1     1    11     1    16    23     0     1  -185.0   10.524  -35.763   3898.4    638.3
     1     1    11     1    16    22     0     2  -186.0   10.621  -35.386   3905.9    637.8
     1     1    11     1    16    21     0     3  -187.0   10.723  -35.016   3934.1    635.9
     1     1    11     1    16    20     0     2  -188.0   10.826  -34.653   3979.6    631.4
     1     1    11     1    16    19     0     1  -189.0   10.931  -34.295   4032.3    627.1
     1     1    11     1    16    18     0     0  -190.0   11.037  -33.942   4093.7    622.3
     1     1    11     1    16    17     0     1  -191.0   11.148  -33.591   4166.1    617.2
     1     1    11     1    16    16     0     2  -192.0   11.269  -33.238   4247.4    611.2
     1     1    11     1    16    15     0     3  -193.0   11.401  -32.885   4331.2    605.0
     1     1    11     1    16    14     0     2  -194.0   11.543  -32.534   4407.3    598.8
     1     1    11     1    16    13     0     1  -195.0   11.694  -32.183   4468.4    594.1
     1     1    11     1    16    12     0     0  -196.0   11.854  -31.828   4514.7    590.7
     1     1    11     1    16    11     0     1  -197.0   12.021  -31.476   4551.6    588.1
     1     1    11     1    16    10     0     2  -198.0   12.192  -31.133   4582.7    585.5
     1     1    11     1    16     9     0     3  -199.0   12.368  -30.803   4605.7    583.5
     1     1    11     1    16     8     0     2  -200.0   12.545  -30.483   4633.1    582.4
     1     1    11     1    16     7     0     1  -201.0   12.723  -30.169   4679.1    578.8
     1     1    11     1    16     6     0     0  -202.0   12.903  -29.860   4743.5    574.0
     1     1    11     1    16     5     0     1  -203.0   13.085  -29.558   4809.4    568.4
     1     1    11     1    16     4     0     2  -204.0   13.263  -29.265   4862.6    565.2
     1     1    11     1    16     3     0     3  -205.0   13.434  -28.981   4909.2    562.4
     1     1    11     1    16     2     0     2  -206.0   13.602  -28.704   4967.2    559.4
     1     1    11     1    16     1     0     1  -207.0   13.775  -28.434   5053.2    553.4
     1     1    11     1    16     0     0     0  -208.0   13.959  -28.167   5167.6    545.5
     1     1    11     1    15    23     0     1  -209.0   14.160  -27.911   5290.9    535.5
     1     1    11     1    15    22     0     2  -210.0   14.382  -27.677   5407.0    527.9
     1     1    11     1    15    21     0     3  -211.0   14.624  -27.464   5527.3    520.1
     1     1    11     1    15    20     0     2  -212.0   14.890  -27.266   5637.5    511.1
     1     1    11     1    15    19     0     1  -213.0   15.183  -27.078   5709.2    505.5
     1     1    11     1    15    18     0     0  -214.0   15.499  -26.901   5736.6    503.5
     1     1    11     1    15    17     0     1  -215.0   15.841  -26.738   5754.5    504.5
     1     1    11     1    15    16     0     2  -216.0   16.213  -26.588   5814.8    501.7
     1     1    11     1    15    15     0     3  -217.0   16.618  -26.445   5949.9    493.7
     1     1    11     1    15    14     0     2  -218.0   17.051  -26.305   6144.6    479.4
     1     1    11     1    15    13     0     1  -219.0   17.509  -26.172   6331.8    465.5
     1     1    11     1    15    12     0     0  -220.0   17.998  -26.048   6471.7    456.6
     1     1    11     1    15    11     0     1  -221.0   18.529  -25.924   6595.3    450.8
     1     1    11     1    15    10     0     2  -222.0   19.110  -25.784   6732.8    441.6
     1     1    11     1    15     9     0     3  -223.0   19.740  -25.624   6873.2    432.4
     1     1    11     1    15     8     0     2  -224.0   20.419  -25.453   7014.3    423.9
     1     1    11     1    15     7     0     1  -225.0   21.149  -25.276   7162.5    415.3
     1     1    11     1    15     6     0     0  -226.0   21.924  -25.091   7309.6    406.2
     1     1    11     1    15     5     0     1  -227.0   22.730  -24.899   7448.6    398.6
     1     1    11     1    15     4     0     2  -228.0   23.552  -24.691   7604.5    390.2
     1     1    11     1    15     3     0     3  -229.0   24.395  -24.471   7797.5    379.6
     1     1    11     1    15     2     0     2  -230.0   25.273  -24.255   7996.6    368.8
     1     1    11     1    15     1     0     1  -231.0   26.178  -24.030   8170.4    359.9
     1     1    11     1    15     0     0     0  -232.0   27.095  -23.796   8325.1    352.0
     1     1    11     1    14    23     0     1  -233.0   28.042  -23.596   8484.7    343.9
     1     1    11     1    14    22     0     2  -234.0   29.019  -23.454   8617.6    336.9
     1     1    11     1    14    21     0     3  -235.0   29.987  -23.373   8711.2    332.6
     1     1    11     1    14    20     0     2  -236.0   30.928  -23.347   8786.7    329.0
     1     1    11     1    14    19     0     1  -237.0   31.844  -23.353   8843.4    326.2
     1     1    11     1    14    18     0     0  -238.0   32.725  -23.392   8888.6    324.3
     1     1    11     1    14    17     0     1  -239.0   33.558  -23.469   8970.2    320.8
     1     1    11     1    14    16     0     2  -240.0   34.348  -23.567   9111.9    313.8
     1     1    11     1    14    15     0     3  -241.0   35.094  -23.693   9260.3    306.5
     1     1    11     1    14    14     0     2  -242.0   35.794  -23.872   9358.9    301.9
     1     1    11     1    14    13     0     1  -243.0   36.466  -24.098   9424.7    299.2
     1     1    11     1    14    12     0     0  -244.0   37.113  -24.392   9462.5    296.4
     1     1    11     1    14    11     0     1  -245.0   37.724  -24.782   9466.2    296.6
     1     1    11     1    14    10     0     2  -246.0   38.297  -25.263   9479.2    296.5
     1     1    11     1    14     9     0     3  -247.0   38.807  -25.857   9515.8    293.7
     1     1    11     1    14     8     0     2  -248.0   39.275  -26.611   9602.5    291.3
     1     1    11     1    14     7     0     1  -249.0   39.772  -27.557   9756.9    282.0
     1     1    11     1    14     6     0     0  -250.0   40.266  -28.709   9931.2    273.9
     1     1    11     1    14     5     0     1  -251.0   40.673  -30.128  10057.2    267.2
     1     1    11     1    14     4     0     2  -252.0   41.020  -31.723  10082.5    266.3
     1     1    11     1    14     3     0     3  -253.0   41.286  -33.483  10089.4    264.5
     1     1    11     1    14     2     0     2  -254.0   41.425  -35.330   9958.4    270.3
     1     1    11     1    14     1     0     1  -255.0   41.420  -37.175   9773.2    278.3
     1     1    11     1    14     0     0     0  -256.0   41.291  -39.008   9593.1    286.1
     1     1    11     1    13    23     0     1  -257.0   41.042  -40.871   9440.7    292.2
     1     1    11     1    13    22     0     2  -258.0   40.637  -42.699   9350.4    296.3
     1     1    11     1    13    21     0     3  -259.0   40.213  -44.588   9302.3    297.6
     1     1    11     1    13    20     0     2  -260.0   39.685  -46.526   9189.7    303.4
     1     1    11     1    13    19     0     1  -261.0   39.091  -48.514   9070.6    308.5
     1     1    11     1    13    18     0     0  -262.0   38.465  -50.636   8845.6    318.7
     1     1    11     1    13    17     0     1  -263.0   37.742  -52.825   8567.5    333.5
     1     1    11     1    13    16     0     2  -264.0   36.969  -55.133   8449.4    337.7
     1     1    11     1    13    15     0     3  -265.0   36.218  -57.554   8362.4    342.1
     1     1    11     1    13    14     0     2  -266.0   35.390  -59.933   8295.8    345.8
     1     1    11     1    13    13     0     1  -267.0   34.548  -62.232   8225.2    349.8
     1     1    11     1    13    12     0     0  -268.0   33.793  -64.501   8082.1    358.5
     1     1    11     1    13    11     0     1  -269.0   33.046  -66.623   8043.0    360.5
     1     1    11     1    13    10     0     2  -270.0   32.337  -68.586   8006.4    362.9
     1     1    11     1    13     9     0     3  -271.0   31.692  -70.460   7915.3    368.9
     1     1    11     1    13     8     0     2  -272.0   31.115  -72.248   7883.9    370.9
     1     1    11     1    13     7     0     1  -273.0   30.584  -73.922   7880.9    372.0
     1     1    11     1    13     6     0     0  -274.0   30.074  -75.532   7924.3    370.4
     1     1    11     1    13     5     0     1  -275.0   29.620  -77.064   7965.0    369.0
     1     1    11     1    13     4     0     2  -276.0   29.253  -78.531   8012.4    367.1
     1     1    11     1    13     3     0     3  -277.0   28.979  -79.964   8075.7    364.6
     1     1    11     1    13     2     0     2  -278.0   28.758  -81.374   8121.1    360.9
     1     1    11     1    13     1     0     1  -279.0   28.554  -82.729   8102.6    362.8
     1     1    11     1    13     0     0     0  -280.0   28.364  -84.050   8070.8    365.1
     1     1    11     1    12    23     0     1  -281.0   28.181  -85.346   8042.0    367.1
     1     1    11     1    12    22     0     2  -282.0   28.017  -86.608   8046.4    366.9
     1     1    11     1    12    21     0     3  -283.0   27.885  -87.815   8054.7    366.8
     1     1    11     1    12    20     0     2  -284.0   27.783  -88.959   8085.0    365.9
     1     1    11     1    12    19     0     1  -285.0   27.693  -90.054   8143.4    363.1
     1     1    11     1    12    18     0     0  -286.0   27.603  -91.106   8196.3    360.6
     1     1    11     1    12    17     0     1  -287.0   27.521  -92.116   8233.0    359.2
     1     1    11     1    12    16     0     2  -288.0   27.462  -93.086   8253.0    358.4
     1     1    11     1    12    15     0     3  -289.0   27.424  -94.021   8235.4    359.4
     1     1    11     1    12    14     0     2  -290.0   27.402  -94.927   8213.3    361.2
     1     1    11     1    12    13     0     1  -291.0   27.380  -95.814   8247.7    359.6
     1     1    11     1    12    12     0     0  -292.0   27.350  -96.699   8360.0    353.8
     1     1    11     1    12    11     0     1  -293.0   27.315  -97.586   8495.4    344.8
     1     1    11     1    12    10     0     2  -294.0   27.279  -98.453   8573.4    337.7
     1     1    11     1    12     9     0     3  -295.0   27.233  -99.290   8587.6    333.4
     1     1    11     1    12     8     0     2  -296.0   27.169 -100.090   8559.1    331.1
     1     1    11     1    12     7     0     1  -297.0   27.088 -100.841   8430.2    322.1
     1     1    11     1    12     6     0     0  -298.0   27.008 -101.531   8356.5    314.0
     1     1    11     1    12     5     0     1  -299.0   26.933 -102.170   8405.5    302.9
     1     1    11     1    12     4     0     2  -300.0   26.859 -102.793   8520.4    290.3
     1     1    11     1    12     3     0     3  -301.0   26.789 -103.407   8618.3    282.6
     1     1    11     1    12     2     0     2  -302.0   26.709 -103.989   8640.7    278.8
     1     1    11     1    12     1     0     1  -303.0   26.603 -104.525   8568.7    276.6
     1     1    11     1    12     0     0     0  -304.0   26.475 -105.030   8472.8    271.2
     1     1    11     1    11    23     0     1  -305.0   26.330 -105.543   8316.4    264.1
     1     1    11     1    11    22     0     2  -306.0   26.172 -106.092   8150.5    258.9
     1     1    11     1    11    21     0     3  -307.0   26.001 -106.651   8189.8    264.6
     1     1    11     1    11    20     0     2  -308.0   25.832 -107.168   8448.7    278.8
     1     1    11     1    11    19     0     1  -309.0   25.680 -107.620   8750.7    297.8
     1     1    11     1    11    18     0     0  -310.0   25.544 -108.025   8947.6    312.7
     1     1    11     1    11    17     0     1  -311.0   25.409 -108.400   8982.2    317.8
     1     1    11     1    11    16     0     2  -312.0   25.263 -108.760   9008.4    321.3
     1     1    11     1    11    15     0     3  -313.0   25.106 -109.115   9040.6    321.8
     1     1    11     1    11    14     0     2  -314.0   24.943 -109.468   9071.2    319.2
     1     1    11     1    11    13     0     1  -315.0   24.780 -109.824   9077.3    316.6
     1     1    11     1    11    12     0     0  -316.0   24.613 -110.188   9045.4    314.2
     1     1    11     1    11    11     0     1  -317.0   24.431 -110.554   9009.2    314.5
     1     1    11     1    11    10     0     2  -318.0   24.214 -110.917   9008.9    316.7
     1     1    11     1    11     9     0     3  -319.0   23.948 -111.278   9048.4    319.1
     1     1    11     1    11     8     0     2  -320.0   23.655 -111.644   9080.0    318.6
     1     1    11     1    11     7     0     1  -321.0   23.358 -112.012   9112.2    317.9
     1     1    11     1    11     6     0     0  -322.0   23.046 -112.375   9139.7    316.4
     1     1    11     1    11     5     0     1  -323.0   22.718 -112.738   9154.7    315.4
     1     1    11     1    11     4     0     2  -324.0   22.387 -113.099   9151.4    315.6
     1     1    11     1    11     3     0     3  -325.0   22.061 -113.448   9131.1    316.6
     1     1    11     1    11     2     0     2  -326.0   21.740 -113.785   9101.7    318.1
     1     1    11     1    11     1     0     1  -327.0   21.422 -114.119   9062.0    319.3
     1     1    11     1    11     0     0     0  -328.0   21.113 -114.445   8997.6    321.8
     1     1    11     1    10    23     0     1  -329.0   20.822 -114.775   8919.0    326.5
     1     1    11     1    10    22     0     2  -330.0   20.559 -115.124   8841.6    330.4
     1     1    11     1    10    21     0     3  -331.0   20.325 -115.484   8762.8    334.2
     1     1    11     1    10    20     0     2  -332.0   20.110 -115.846   8694.5    338.3
     1     1    11     1    10    19     0     1  -333.0   19.907 -116.207   8657.4    340.5
     1     1    11     1    10    18     0     0  -334.0   19.718 -116.570   8664.4    340.7
     1     1    11     1    10    17     0     1  -335.0   19.548 -116.934   8707.8    337.9
     1     1    11     1    10    16     0     2  -336.0   19.396 -117.296   8767.5    334.8
