     3     1
    GDAS    11     1     8     0     0
    GDAS    11     1    15     0     0
    GDAS    11     1    22     0     0
     1 BACKWARD OMEGA   
  2011     1    24    16   -8.860  -56.770   457.2
     1 PRESSURE
     1     1    11     1    24    16     0     2     0.0   -8.860  -56.770    457.2    935.6
     1     1    11     1    24    15     0     3    -1.0   -8.863  -56.795    448.0    938.1
     1     1    11     1    24    14     0     2    -2.0   -8.876  -56.817    442.6    938.9
     1     1    11     1    24    13     0     1    -3.0   -8.892  -56.847    439.8    940.0
     1     1    11     1    24    12     0     0    -4.0   -8.912  -56.886    441.4    940.8
     1     1    11     1    24    11     0     3    -5.0   -8.926  -56.939    451.9    940.0
     1     1    11     1    24    10     0     6    -6.0   -8.927  -57.009    475.3    937.4
     1     1    11     1    24     9     0     9    -7.0   -8.917  -57.095    510.9    932.0
     1     1    11     1    24     8     0     8    -8.0   -8.893  -57.183    541.8    926.6
     1     1    11     1    24     7     0     7    -9.0   -8.852  -57.268    551.6    925.0
     1     1    11     1    24     6     0     6   -10.0   -8.797  -57.352    541.2    925.8
     1     1    11     1    24     5     0     5   -11.0   -8.743  -57.441    525.4    928.7
     1     1    11     1    24     4     0     4   -12.0   -8.698  -57.535    516.5    929.9
     1     1    11     1    24     3     0     3   -13.0   -8.661  -57.628    515.7    930.7
     1     1    11     1    24     2     0     2   -14.0   -8.622  -57.712    519.6    930.2
     1     1    11     1    24     1     0     1   -15.0   -8.578  -57.784    522.1    930.4
     1     1    11     1    24     0     0     0   -16.0   -8.531  -57.847    521.1    931.1
     1     1    11     1    23    23     0     1   -17.0   -8.492  -57.908    516.6    931.8
     1     1    11     1    23    22     0     2   -18.0   -8.469  -57.972    512.7    932.6
     1     1    11     1    23    21     0     3   -19.0   -8.458  -58.042    512.4    932.3
     1     1    11     1    23    20     0     2   -20.0   -8.448  -58.112    507.1    932.8
     1     1    11     1    23    19     0     1   -21.0   -8.430  -58.175    489.8    935.8
     1     1    11     1    23    18     0     0   -22.0   -8.403  -58.230    463.1    939.9
     1     1    11     1    23    17     0     1   -23.0   -8.374  -58.269    437.6    945.0
     1     1    11     1    23    16     0     2   -24.0   -8.349  -58.285    420.9    947.7
     1     1    11     1    23    15     0     3   -25.0   -8.327  -58.277    411.5    949.5
     1     1    11     1    23    14     0     2   -26.0   -8.303  -58.251    407.2    949.7
     1     1    11     1    23    13     0     1   -27.0   -8.270  -58.215    406.8    949.8
     1     1    11     1    23    12     0     0   -28.0   -8.228  -58.167    410.7    949.6
     1     1    11     1    23    11     0     1   -29.0   -8.180  -58.117    419.2    949.0
     1     1    11     1    23    10     0     2   -30.0   -8.129  -58.079    433.2    947.9
     1     1    11     1    23     9     0     3   -31.0   -8.074  -58.053    453.4    945.9
     1     1    11     1    23     8     0     2   -32.0   -8.014  -58.036    477.7    943.7
     1     1    11     1    23     7     0     1   -33.0   -7.948  -58.025    504.4    941.0
     1     1    11     1    23     6     0     0   -34.0   -7.876  -58.022    534.3    937.5
     1     1    11     1    23     5     0     1   -35.0   -7.799  -58.032    563.1    934.0
     1     1    11     1    23     4     0     2   -36.0   -7.716  -58.055    587.5    931.5
     1     1    11     1    23     3     0     3   -37.0   -7.629  -58.090    609.7    929.3
     1     1    11     1    23     2     0     2   -38.0   -7.537  -58.138    632.9    926.5
     1     1    11     1    23     1     0     1   -39.0   -7.438  -58.200    657.2    923.2
     1     1    11     1    23     0     0     0   -40.0   -7.334  -58.278    681.1    920.0
     1     1    11     1    22    23     0     1   -41.0   -7.224  -58.363    709.2    916.9
     1     1    11     1    22    22     0     2   -42.0   -7.107  -58.450    745.1    912.6
     1     1    11     1    22    21     0     3   -43.0   -6.983  -58.540    786.4    907.9
     1     1    11     1    22    20     0     2   -44.0   -6.852  -58.631    829.3    904.4
     1     1    11     1    22    19     0     1   -45.0   -6.713  -58.717    872.1    901.2
     1     1    11     1    22    18     0     0   -46.0   -6.571  -58.798    916.3    897.4
     1     1    11     1    22    17     0     1   -47.0   -6.425  -58.872    966.1    893.0
     1     1    11     1    22    16     0     2   -48.0   -6.270  -58.936   1026.1    887.3
     1     1    11     1    22    15     0     3   -49.0   -6.102  -58.988   1096.0    880.5
     1     1    11     1    22    14     0     2   -50.0   -5.925  -59.034   1133.5    872.4
     1     1    11     1    22    13     0     1   -51.0   -5.741  -59.072   1115.6    876.0
     1     1    11     1    22    12     0     0   -52.0   -5.547  -59.100   1086.7    881.1
     1     1    11     1    22    11     0     1   -53.0   -5.347  -59.129   1089.5    882.2
     1     1    11     1    22    10     0     2   -54.0   -5.145  -59.167   1120.4    876.6
     1     1    11     1    22     9     0     3   -55.0   -4.945  -59.213   1141.3    872.8
     1     1    11     1    22     8     0     2   -56.0   -4.734  -59.238   1155.0    873.5
     1     1    11     1    22     7     0     1   -57.0   -4.504  -59.224   1174.0    871.9
     1     1    11     1    22     6     0     0   -58.0   -4.262  -59.187   1213.0    869.4
     1     1    11     1    22     5     0     1   -59.0   -4.031  -59.152   1276.0    863.1
     1     1    11     1    22     4     0     2   -60.0   -3.821  -59.128   1347.9    856.0
     1     1    11     1    22     3     0     3   -61.0   -3.629  -59.112   1418.7    848.9
     1     1    11     1    22     2     0     2   -62.0   -3.456  -59.104   1479.1    842.8
     1     1    11     1    22     1     0     1   -63.0   -3.306  -59.100   1523.4    837.8
     1     1    11     1    22     0     0     0   -64.0   -3.179  -59.102   1547.1    835.1
     1     1    11     1    21    23     0     1   -65.0   -3.055  -59.106   1572.7    834.5
     1     1    11     1    21    22     0     2   -66.0   -2.921  -59.110   1625.9    828.9
     1     1    11     1    21    21     0     3   -67.0   -2.780  -59.115   1707.1    819.7
     1     1    11     1    21    20     0     2   -68.0   -2.640  -59.127   1800.8    809.9
     1     1    11     1    21    19     0     1   -69.0   -2.505  -59.156   1899.7    801.2
     1     1    11     1    21    18     0     0   -70.0   -2.385  -59.204   2009.7    791.0
     1     1    11     1    21    17     0     1   -71.0   -2.276  -59.271   2078.5    779.8
     1     1    11     1    21    16     0     2   -72.0   -2.157  -59.347   2081.2    781.6
     1     1    11     1    21    15     0     3   -73.0   -2.021  -59.430   2067.1    785.0
     1     1    11     1    21    14     0     2   -74.0   -1.867  -59.511   2057.1    785.2
     1     1    11     1    21    13     0     1   -75.0   -1.694  -59.576   2046.0    786.4
     1     1    11     1    21    12     0     0   -76.0   -1.504  -59.630   2042.8    787.0
     1     1    11     1    21    11     0     1   -77.0   -1.305  -59.676   2046.3    785.6
     1     1    11     1    21    10     0     2   -78.0   -1.099  -59.712   2056.0    784.9
     1     1    11     1    21     9     0     3   -79.0   -0.881  -59.736   2072.6    781.2
     1     1    11     1    21     8     0     2   -80.0   -0.658  -59.748   2057.1    777.9
     1     1    11     1    21     7     0     1   -81.0   -0.434  -59.740   1995.0    783.3
     1     1    11     1    21     6     0     0   -82.0   -0.207  -59.716   1919.4    790.0
     1     1    11     1    21     5     0     1   -83.0    0.007  -59.675   1863.2    795.5
     1     1    11     1    21     4     0     2   -84.0    0.201  -59.622   1826.5    797.3
     1     1    11     1    21     3     0     3   -85.0    0.387  -59.564   1788.6    800.2
     1     1    11     1    21     2     0     2   -86.0    0.579  -59.500   1756.6    802.4
     1     1    11     1    21     1     0     1   -87.0    0.783  -59.433   1747.4    802.1
     1     1    11     1    21     0     0     0   -88.0    0.988  -59.369   1775.4    797.7
     1     1    11     1    20    23     0     1   -89.0    1.195  -59.311   1817.7    789.5
     1     1    11     1    20    22     0     2   -90.0    1.407  -59.254   1851.0    785.1
     1     1    11     1    20    21     0     3   -91.0    1.630  -59.202   1880.6    781.4
     1     1    11     1    20    20     0     2   -92.0    1.873  -59.156   1921.5    778.1
     1     1    11     1    20    19     0     1   -93.0    2.134  -59.115   1981.3    773.1
     1     1    11     1    20    18     0     0   -94.0    2.398  -59.078   2044.0    769.0
     1     1    11     1    20    17     0     1   -95.0    2.656  -59.044   2103.6    766.6
     1     1    11     1    20    16     0     2   -96.0    2.908  -59.019   2166.4    763.8
     1     1    11     1    20    15     0     3   -97.0    3.153  -59.006   2238.9    759.6
     1     1    11     1    20    14     0     2   -98.0    3.385  -59.002   2315.6    752.0
     1     1    11     1    20    13     0     1   -99.0    3.599  -58.999   2386.0    745.8
     1     1    11     1    20    12     0     0  -100.0    3.796  -58.996   2447.1    740.4
     1     1    11     1    20    11     0     1  -101.0    3.988  -58.983   2495.3    736.4
     1     1    11     1    20    10     0     2  -102.0    4.189  -58.945   2537.1    730.6
     1     1    11     1    20     9     0     3  -103.0    4.395  -58.883   2600.4    723.2
     1     1    11     1    20     8     0     2  -104.0    4.599  -58.812   2698.6    713.5
     1     1    11     1    20     7     0     1  -105.0    4.795  -58.740   2819.2    701.3
     1     1    11     1    20     6     0     0  -106.0    4.987  -58.668   2938.9    690.5
     1     1    11     1    20     5     0     1  -107.0    5.176  -58.598   3043.9    685.7
     1     1    11     1    20     4     0     2  -108.0    5.363  -58.527   3118.8    684.0
     1     1    11     1    20     3     0     3  -109.0    5.549  -58.456   3162.8    684.2
     1     1    11     1    20     2     0     2  -110.0    5.734  -58.384   3181.9    686.1
     1     1    11     1    20     1     0     1  -111.0    5.917  -58.311   3187.6    688.3
     1     1    11     1    20     0     0     0  -112.0    6.095  -58.236   3193.5    690.2
     1     1    11     1    19    23     0     1  -113.0    6.263  -58.155   3203.1    690.0
     1     1    11     1    19    22     0     2  -114.0    6.419  -58.067   3207.5    690.5
     1     1    11     1    19    21     0     3  -115.0    6.563  -57.973   3200.9    691.8
     1     1    11     1    19    20     0     2  -116.0    6.697  -57.875   3201.7    694.3
     1     1    11     1    19    19     0     1  -117.0    6.825  -57.775   3234.4    692.2
     1     1    11     1    19    18     0     0  -118.0    6.945  -57.671   3297.9    687.3
     1     1    11     1    19    17     0     1  -119.0    7.053  -57.559   3351.5    680.1
     1     1    11     1    19    16     0     2  -120.0    7.147  -57.437   3359.0    680.1
     1     1    11     1    19    15     0     3  -121.0    7.228  -57.306   3330.2    683.4
     1     1    11     1    19    14     0     2  -122.0    7.300  -57.168   3286.5    688.1
     1     1    11     1    19    13     0     1  -123.0    7.365  -57.028   3237.8    691.5
     1     1    11     1    19    12     0     0  -124.0    7.422  -56.882   3181.6    696.3
     1     1    11     1    19    11     0     1  -125.0    7.477  -56.724   3132.0    701.1
     1     1    11     1    19    10     0     2  -126.0    7.534  -56.547   3099.6    703.4
     1     1    11     1    19     9     0     3  -127.0    7.589  -56.355   3083.5    704.4
     1     1    11     1    19     8     0     2  -128.0    7.645  -56.151   3080.3    704.4
     1     1    11     1    19     7     0     1  -129.0    7.705  -55.938   3080.9    703.9
     1     1    11     1    19     6     0     0  -130.0    7.774  -55.715   3078.1    704.0
     1     1    11     1    19     5     0     1  -131.0    7.846  -55.485   3076.4    704.9
     1     1    11     1    19     4     0     2  -132.0    7.918  -55.250   3081.5    704.8
     1     1    11     1    19     3     0     3  -133.0    7.995  -55.010   3093.3    704.2
     1     1    11     1    19     2     0     2  -134.0    8.072  -54.770   3112.5    702.7
     1     1    11     1    19     1     0     1  -135.0    8.141  -54.539   3138.9    700.5
     1     1    11     1    19     0     0     0  -136.0    8.199  -54.317   3172.0    697.8
     1     1    11     1    18    23     0     1  -137.0    8.241  -54.097   3205.1    694.2
     1     1    11     1    18    22     0     2  -138.0    8.265  -53.872   3229.5    691.8
     1     1    11     1    18    21     0     3  -139.0    8.274  -53.641   3243.4    690.4
     1     1    11     1    18    20     0     2  -140.0    8.274  -53.405   3246.4    690.2
     1     1    11     1    18    19     0     1  -141.0    8.267  -53.160   3238.5    691.0
     1     1    11     1    18    18     0     0  -142.0    8.255  -52.907   3219.8    692.7
     1     1    11     1    18    17     0     1  -143.0    8.245  -52.651   3202.7    695.6
     1     1    11     1    18    16     0     2  -144.0    8.248  -52.395   3200.0    696.4
     1     1    11     1    18    15     0     3  -145.0    8.266  -52.134   3212.4    695.8
     1     1    11     1    18    14     0     2  -146.0    8.298  -51.866   3228.2    693.2
     1     1    11     1    18    13     0     1  -147.0    8.340  -51.594   3237.2    692.3
     1     1    11     1    18    12     0     0  -148.0    8.391  -51.318   3242.1    691.7
     1     1    11     1    18    11     0     1  -149.0    8.448  -51.035   3250.7    691.2
     1     1    11     1    18    10     0     2  -150.0    8.506  -50.745   3268.0    689.3
     1     1    11     1    18     9     0     3  -151.0    8.566  -50.452   3292.6    686.8
     1     1    11     1    18     8     0     2  -152.0    8.624  -50.156   3317.5    684.2
     1     1    11     1    18     7     0     1  -153.0    8.675  -49.858   3335.5    682.7
     1     1    11     1    18     6     0     0  -154.0    8.720  -49.559   3346.8    681.8
     1     1    11     1    18     5     0     1  -155.0    8.761  -49.261   3359.1    681.7
     1     1    11     1    18     4     0     2  -156.0    8.800  -48.965   3378.4    680.4
     1     1    11     1    18     3     0     3  -157.0    8.835  -48.671   3400.0    678.6
     1     1    11     1    18     2     0     2  -158.0    8.864  -48.376   3425.0    677.0
     1     1    11     1    18     1     0     1  -159.0    8.886  -48.074   3459.9    674.3
     1     1    11     1    18     0     0     0  -160.0    8.904  -47.764   3505.9    670.6
     1     1    11     1    17    23     0     1  -161.0    8.913  -47.443   3555.1    665.7
     1     1    11     1    17    22     0     2  -162.0    8.907  -47.110   3601.1    661.8
     1     1    11     1    17    21     0     3  -163.0    8.884  -46.769   3643.9    658.0
     1     1    11     1    17    20     0     2  -164.0    8.852  -46.420   3675.1    654.9
     1     1    11     1    17    19     0     1  -165.0    8.820  -46.063   3688.2    653.9
     1     1    11     1    17    18     0     0  -166.0    8.785  -45.700   3688.0    654.2
     1     1    11     1    17    17     0     1  -167.0    8.752  -45.333   3689.8    655.2
     1     1    11     1    17    16     0     2  -168.0    8.728  -44.957   3706.9    654.2
     1     1    11     1    17    15     0     3  -169.0    8.713  -44.574   3739.6    651.8
     1     1    11     1    17    14     0     2  -170.0    8.710  -44.185   3776.9    648.0
     1     1    11     1    17    13     0     1  -171.0    8.719  -43.793   3810.3    645.4
     1     1    11     1    17    12     0     0  -172.0    8.740  -43.398   3839.7    643.0
     1     1    11     1    17    11     0     1  -173.0    8.771  -42.995   3870.9    640.6
     1     1    11     1    17    10     0     2  -174.0    8.812  -42.583   3907.4    637.2
     1     1    11     1    17     9     0     3  -175.0    8.866  -42.161   3945.8    633.7
     1     1    11     1    17     8     0     2  -176.0    8.940  -41.738   3975.8    630.5
     1     1    11     1    17     7     0     1  -177.0    9.035  -41.321   3990.6    629.5
     1     1    11     1    17     6     0     0  -178.0    9.140  -40.907   3993.8    629.1
     1     1    11     1    17     5     0     1  -179.0    9.250  -40.498   3991.1    630.2
     1     1    11     1    17     4     0     2  -180.0    9.359  -40.095   3988.6    630.8
     1     1    11     1    17     3     0     3  -181.0    9.467  -39.695   3986.3    631.3
     1     1    11     1    17     2     0     2  -182.0    9.576  -39.297   3988.3    631.5
     1     1    11     1    17     1     0     1  -183.0    9.689  -38.902   4003.2    630.7
     1     1    11     1    17     0     0     0  -184.0    9.807  -38.508   4032.3    628.3
     1     1    11     1    16    23     0     1  -185.0    9.927  -38.115   4074.9    624.9
     1     1    11     1    16    22     0     2  -186.0   10.043  -37.728   4131.2    620.4
     1     1    11     1    16    21     0     3  -187.0   10.159  -37.352   4201.8    614.9
     1     1    11     1    16    20     0     2  -188.0   10.277  -36.978   4269.5    608.2
     1     1    11     1    16    19     0     1  -189.0   10.399  -36.600   4316.4    604.5
     1     1    11     1    16    18     0     0  -190.0   10.526  -36.223   4353.5    602.3
     1     1    11     1    16    17     0     1  -191.0   10.657  -35.849   4402.5    599.9
     1     1    11     1    16    16     0     2  -192.0   10.797  -35.476   4473.2    594.9
     1     1    11     1    16    15     0     3  -193.0   10.949  -35.105   4563.0    588.6
     1     1    11     1    16    14     0     2  -194.0   11.113  -34.738   4649.3    580.6
     1     1    11     1    16    13     0     1  -195.0   11.287  -34.375   4712.6    576.3
     1     1    11     1    16    12     0     0  -196.0   11.468  -34.015   4760.4    573.0
     1     1    11     1    16    11     0     1  -197.0   11.653  -33.661   4805.2    570.2
     1     1    11     1    16    10     0     2  -198.0   11.839  -33.316   4852.6    566.3
     1     1    11     1    16     9     0     3  -199.0   12.023  -32.979   4894.1    562.7
     1     1    11     1    16     8     0     2  -200.0   12.206  -32.646   4934.0    560.5
     1     1    11     1    16     7     0     1  -201.0   12.386  -32.320   4985.4    557.0
     1     1    11     1    16     6     0     0  -202.0   12.563  -32.001   5052.5    552.3
     1     1    11     1    16     5     0     1  -203.0   12.739  -31.682   5124.4    546.7
     1     1    11     1    16     4     0     2  -204.0   12.916  -31.357   5189.2    542.6
     1     1    11     1    16     3     0     3  -205.0   13.095  -31.028   5246.9    538.9
     1     1    11     1    16     2     0     2  -206.0   13.277  -30.702   5309.7    535.4
     1     1    11     1    16     1     0     1  -207.0   13.470  -30.384   5391.1    530.0
     1     1    11     1    16     0     0     0  -208.0   13.679  -30.075   5492.8    523.1
     1     1    11     1    15    23     0     1  -209.0   13.906  -29.779   5608.3    515.0
     1     1    11     1    15    22     0     2  -210.0   14.155  -29.499   5724.4    506.9
     1     1    11     1    15    21     0     3  -211.0   14.427  -29.236   5838.5    499.7
     1     1    11     1    15    20     0     2  -212.0   14.722  -28.986   5941.2    491.8
     1     1    11     1    15    19     0     1  -213.0   15.036  -28.748   6019.9    486.5
     1     1    11     1    15    18     0     0  -214.0   15.369  -28.522   6066.9    482.6
     1     1    11     1    15    17     0     1  -215.0   15.720  -28.307   6101.3    482.3
     1     1    11     1    15    16     0     2  -216.0   16.096  -28.102   6161.2    479.0
     1     1    11     1    15    15     0     3  -217.0   16.498  -27.906   6265.8    473.1
     1     1    11     1    15    14     0     2  -218.0   16.923  -27.715   6411.5    463.3
     1     1    11     1    15    13     0     1  -219.0   17.373  -27.531   6571.9    452.8
     1     1    11     1    15    12     0     0  -220.0   17.854  -27.350   6720.5    443.0
     1     1    11     1    15    11     0     1  -221.0   18.374  -27.170   6851.1    435.2
     1     1    11     1    15    10     0     2  -222.0   18.940  -26.984   6970.7    427.7
     1     1    11     1    15     9     0     3  -223.0   19.551  -26.784   7094.6    421.0
     1     1    11     1    15     8     0     2  -224.0   20.215  -26.578   7243.3    412.4
     1     1    11     1    15     7     0     1  -225.0   20.934  -26.369   7413.4    402.1
     1     1    11     1    15     6     0     0  -226.0   21.705  -26.150   7591.1    391.5
     1     1    11     1    15     5     0     1  -227.0   22.513  -25.918   7767.3    381.9
     1     1    11     1    15     4     0     2  -228.0   23.343  -25.678   7941.6    373.0
     1     1    11     1    15     3     0     3  -229.0   24.189  -25.434   8138.9    362.8
     1     1    11     1    15     2     0     2  -230.0   25.075  -25.190   8355.2    351.5
     1     1    11     1    15     1     0     1  -231.0   25.997  -24.946   8554.0    341.2
     1     1    11     1    15     0     0     0  -232.0   26.927  -24.705   8732.7    332.8
     1     1    11     1    14    23     0     1  -233.0   27.882  -24.503   8893.1    324.9
     1     1    11     1    14    22     0     2  -234.0   28.868  -24.372   9018.0    318.8
     1     1    11     1    14    21     0     3  -235.0   29.843  -24.312   9106.1    314.7
     1     1    11     1    14    20     0     2  -236.0   30.790  -24.307   9176.7    311.6
     1     1    11     1    14    19     0     1  -237.0   31.707  -24.341   9252.1    308.1
     1     1    11     1    14    18     0     0  -238.0   32.579  -24.422   9343.0    304.2
     1     1    11     1    14    17     0     1  -239.0   33.408  -24.552   9465.8    298.5
     1     1    11     1    14    16     0     2  -240.0   34.199  -24.727   9577.2    293.2
     1     1    11     1    14    15     0     3  -241.0   34.950  -24.960   9633.9    290.8
     1     1    11     1    14    14     0     2  -242.0   35.662  -25.235   9694.5    288.5
     1     1    11     1    14    13     0     1  -243.0   36.345  -25.571   9770.3    284.9
     1     1    11     1    14    12     0     0  -244.0   37.008  -26.008   9879.1    281.6
     1     1    11     1    14    11     0     1  -245.0   37.663  -26.560  10016.3    273.1
     1     1    11     1    14    10     0     2  -246.0   38.273  -27.266  10137.8    267.7
