     3     1
    GDAS    11     9     1     0     0
    GDAS    11     9     8     0     0
    GDAS    11     9    15     0     0
     1 BACKWARD OMEGA   
  2011     9    17    16   -8.870  -56.820  2133.6
     1 PRESSURE
     1     1    11     9    17    16     0     2     0.0   -8.870  -56.820   2133.6    773.2
     1     1    11     9    17    15     0     3    -1.0   -8.818  -56.617   2135.5    772.3
     1     1    11     9    17    14     0     2    -2.0   -8.753  -56.386   2127.5    766.6
     1     1    11     9    17    13     0     1    -3.0   -8.684  -56.118   2072.6    768.2
     1     1    11     9    17    12     0     0    -4.0   -8.616  -55.819   1973.2    774.0
     1     1    11     9    17    11     0     1    -5.0   -8.552  -55.518   1852.0    783.6
     1     1    11     9    17    10     0     2    -6.0   -8.490  -55.232   1729.6    793.0
     1     1    11     9    17     9     0     3    -7.0   -8.426  -54.946   1610.0    802.9
     1     1    11     9    17     8     0     2    -8.0   -8.373  -54.649   1488.2    814.8
     1     1    11     9    17     7     0     1    -9.0   -8.343  -54.337   1357.9    827.1
     1     1    11     9    17     6     0     0   -10.0   -8.338  -54.001   1214.9    840.7
     1     1    11     9    17     5     0     1   -11.0   -8.349  -53.654   1093.1    858.1
     1     1    11     9    17     4     0     2   -12.0   -8.362  -53.315   1018.5    866.6
     1     1    11     9    17     3     0     3   -13.0   -8.375  -52.990    978.5    871.5
     1     1    11     9    17     2     0     2   -14.0   -8.394  -52.678    958.1    873.1
     1     1    11     9    17     1     0     1   -15.0   -8.420  -52.386    943.0    874.3
     1     1    11     9    17     0     0     0   -16.0   -8.454  -52.124    916.6    876.6
     1     1    11     9    16    23     0     1   -17.0   -8.489  -51.886    879.5    880.7
     1     1    11     9    16    22     0     2   -18.0   -8.519  -51.667    843.2    883.1
     1     1    11     9    16    21     0     3   -19.0   -8.541  -51.470    809.1    884.5
     1     1    11     9    16    20     0     2   -20.0   -8.553  -51.285    780.0    887.1
     1     1    11     9    16    19     0     1   -21.0   -8.555  -51.098    759.9    888.3
     1     1    11     9    16    18     0     0   -22.0   -8.546  -50.912    746.3    890.5
     1     1    11     9    16    17     0     1   -23.0   -8.530  -50.722    736.9    895.1
     1     1    11     9    16    16     0     2   -24.0   -8.514  -50.524    728.8    899.3
     1     1    11     9    16    15     0     3   -25.0   -8.500  -50.321    719.1    903.8
     1     1    11     9    16    14     0     2   -26.0   -8.480  -50.092    703.1    908.3
     1     1    11     9    16    13     0     1   -27.0   -8.450  -49.816    684.9    912.8
     1     1    11     9    16    12     0     0   -28.0   -8.417  -49.484    695.8    914.5
     1     1    11     9    16    11     0     1   -29.0   -8.388  -49.082    760.4    908.8
     1     1    11     9    16    10     0     2   -30.0   -8.365  -48.612    857.0    897.5
     1     1    11     9    16     9     0     3   -31.0   -8.352  -48.100    932.6    889.7
     1     1    11     9    16     8     0     2   -32.0   -8.359  -47.586   1025.6    877.8
     1     1    11     9    16     7     0     1   -33.0   -8.389  -47.122   1189.9    851.9
     1     1    11     9    16     6     0     0   -34.0   -8.432  -46.717   1343.9    825.7
     1     1    11     9    16     5     0     1   -35.0   -8.480  -46.345   1396.3    820.4
     1     1    11     9    16     4     0     2   -36.0   -8.539  -45.967   1318.4    829.9
     1     1    11     9    16     3     0     3   -37.0   -8.626  -45.543   1199.2    848.7
     1     1    11     9    16     2     0     2   -38.0   -8.731  -45.112   1142.4    849.0
     1     1    11     9    16     1     0     1   -39.0   -8.844  -44.698   1114.2    851.9
     1     1    11     9    16     0     0     0   -40.0   -8.970  -44.309   1131.8    860.8
     1     1    11     9    15    23     0     1   -41.0   -9.103  -43.963   1197.9    853.4
     1     1    11     9    15    22     0     2   -42.0   -9.229  -43.653   1238.5    836.9
     1     1    11     9    15    21     0     3   -43.0   -9.345  -43.370   1234.8    832.9
     1     1    11     9    15    20     0     2   -44.0   -9.457  -43.099   1202.4    833.0
     1     1    11     9    15    19     0     1   -45.0   -9.569  -42.823   1154.4    840.1
     1     1    11     9    15    18     0     0   -46.0   -9.679  -42.545   1110.2    847.0
     1     1    11     9    15    17     0     1   -47.0   -9.793  -42.260   1067.1    851.0
     1     1    11     9    15    16     0     2   -48.0   -9.919  -41.962    995.3    854.8
     1     1    11     9    15    15     0     3   -49.0  -10.067  -41.651    892.9    858.4
     1     1    11     9    15    14     0     2   -50.0  -10.242  -41.326    822.1    861.7
     1     1    11     9    15    13     0     1   -51.0  -10.434  -40.988    808.1    858.0
     1     1    11     9    15    12     0     0   -52.0  -10.635  -40.657    842.1    865.7
     1     1    11     9    15    11     0     1   -53.0  -10.842  -40.337    890.4    869.7
     1     1    11     9    15    10     0     2   -54.0  -11.061  -40.027    909.0    875.6
     1     1    11     9    15     9     0     3   -55.0  -11.294  -39.714    893.9    881.9
     1     1    11     9    15     8     0     2   -56.0  -11.542  -39.394    883.8    888.1
     1     1    11     9    15     7     0     1   -57.0  -11.801  -39.082    895.5    892.6
     1     1    11     9    15     6     0     0   -58.0  -12.068  -38.785    910.8    894.7
     1     1    11     9    15     5     0     1   -59.0  -12.328  -38.507    895.7    902.5
     1     1    11     9    15     4     0     2   -60.0  -12.575  -38.248    851.3    915.2
     1     1    11     9    15     3     0     3   -61.0  -12.807  -38.006    803.9    927.2
     1     1    11     9    15     2     0     2   -62.0  -13.027  -37.778    769.0    933.5
     1     1    11     9    15     1     0     1   -63.0  -13.241  -37.567    749.6    935.6
     1     1    11     9    15     0     0     0   -64.0  -13.454  -37.372    742.5    936.0
     1     1    11     9    14    23     0     1   -65.0  -13.664  -37.184    741.3    935.3
     1     1    11     9    14    22     0     2   -66.0  -13.870  -36.993    743.6    934.6
     1     1    11     9    14    21     0     3   -67.0  -14.067  -36.801    752.0    933.5
     1     1    11     9    14    20     0     2   -68.0  -14.243  -36.610    762.9    931.7
     1     1    11     9    14    19     0     1   -69.0  -14.391  -36.423    772.1    931.0
     1     1    11     9    14    18     0     0   -70.0  -14.511  -36.239    783.8    930.0
     1     1    11     9    14    17     0     1   -71.0  -14.612  -36.051    797.0    928.5
     1     1    11     9    14    16     0     2   -72.0  -14.700  -35.853    806.3    927.7
     1     1    11     9    14    15     0     3   -73.0  -14.776  -35.648    810.1    927.6
     1     1    11     9    14    14     0     2   -74.0  -14.846  -35.434    813.1    927.8
     1     1    11     9    14    13     0     1   -75.0  -14.913  -35.209    821.3    927.3
     1     1    11     9    14    12     0     0   -76.0  -14.977  -34.975    838.6    925.8
     1     1    11     9    14    11     0     1   -77.0  -15.036  -34.739    861.7    922.3
     1     1    11     9    14    10     0     2   -78.0  -15.094  -34.506    884.2    919.3
     1     1    11     9    14     9     0     3   -79.0  -15.151  -34.276    904.5    916.4
     1     1    11     9    14     8     0     2   -80.0  -15.212  -34.049    921.4    914.2
     1     1    11     9    14     7     0     1   -81.0  -15.278  -33.825    935.3    912.7
     1     1    11     9    14     6     0     0   -82.0  -15.348  -33.606    946.3    911.2
     1     1    11     9    14     5     0     1   -83.0  -15.422  -33.386    954.8    910.9
     1     1    11     9    14     4     0     2   -84.0  -15.495  -33.164    963.8    910.5
     1     1    11     9    14     3     0     3   -85.0  -15.568  -32.939    976.3    909.8
     1     1    11     9    14     2     0     2   -86.0  -15.644  -32.715    992.3    907.9
     1     1    11     9    14     1     0     1   -87.0  -15.728  -32.494   1010.3    906.0
     1     1    11     9    14     0     0     0   -88.0  -15.819  -32.276   1029.5    903.9
     1     1    11     9    13    23     0     1   -89.0  -15.914  -32.061   1050.9    901.4
     1     1    11     9    13    22     0     2   -90.0  -16.011  -31.846   1076.1    898.5
     1     1    11     9    13    21     0     3   -91.0  -16.110  -31.636   1107.8    895.2
     1     1    11     9    13    20     0     2   -92.0  -16.202  -31.435   1138.2    891.3
     1     1    11     9    13    19     0     1   -93.0  -16.283  -31.246   1156.5    889.4
     1     1    11     9    13    18     0     0   -94.0  -16.356  -31.068   1161.2    889.0
     1     1    11     9    13    17     0     1   -95.0  -16.424  -30.888   1163.8    890.1
     1     1    11     9    13    16     0     2   -96.0  -16.486  -30.698   1174.9    889.0
     1     1    11     9    13    15     0     3   -97.0  -16.540  -30.497   1191.9    887.1
     1     1    11     9    13    14     0     2   -98.0  -16.594  -30.291   1209.2    885.2
     1     1    11     9    13    13     0     1   -99.0  -16.653  -30.085   1223.2    884.1
     1     1    11     9    13    12     0     0  -100.0  -16.719  -29.877   1232.3    883.3
     1     1    11     9    13    11     0     1  -101.0  -16.789  -29.665   1234.7    882.6
     1     1    11     9    13    10     0     2  -102.0  -16.855  -29.449   1232.6    882.7
     1     1    11     9    13     9     0     3  -103.0  -16.915  -29.230   1233.5    882.7
     1     1    11     9    13     8     0     2  -104.0  -16.978  -29.014   1248.3    881.5
     1     1    11     9    13     7     0     1  -105.0  -17.058  -28.803   1279.4    877.4
     1     1    11     9    13     6     0     0  -106.0  -17.152  -28.602   1319.6    872.6
     1     1    11     9    13     5     0     1  -107.0  -17.253  -28.408   1354.3    868.3
     1     1    11     9    13     4     0     2  -108.0  -17.355  -28.216   1374.2    867.0
     1     1    11     9    13     3     0     3  -109.0  -17.462  -28.029   1382.5    866.8
     1     1    11     9    13     2     0     2  -110.0  -17.571  -27.846   1384.8    867.2
     1     1    11     9    13     1     0     1  -111.0  -17.678  -27.668   1386.4    867.4
     1     1    11     9    13     0     0     0  -112.0  -17.783  -27.493   1390.7    867.4
     1     1    11     9    12    23     0     1  -113.0  -17.874  -27.323   1404.4    866.1
     1     1    11     9    12    22     0     2  -114.0  -17.941  -27.161   1432.4    863.1
     1     1    11     9    12    21     0     3  -115.0  -17.985  -27.013   1476.7    858.5
     1     1    11     9    12    20     0     2  -116.0  -18.017  -26.874   1525.9    852.0
     1     1    11     9    12    19     0     1  -117.0  -18.045  -26.740   1566.1    847.5
     1     1    11     9    12    18     0     0  -118.0  -18.067  -26.607   1594.6    844.4
     1     1    11     9    12    17     0     1  -119.0  -18.079  -26.466   1610.3    843.0
     1     1    11     9    12    16     0     2  -120.0  -18.078  -26.306   1615.6    843.0
     1     1    11     9    12    15     0     3  -121.0  -18.067  -26.128   1616.2    843.4
     1     1    11     9    12    14     0     2  -122.0  -18.052  -25.937   1614.0    843.8
     1     1    11     9    12    13     0     1  -123.0  -18.041  -25.738   1608.3    844.8
     1     1    11     9    12    12     0     0  -124.0  -18.035  -25.529   1599.9    846.0
     1     1    11     9    12    11     0     1  -125.0  -18.032  -25.309   1592.8    846.9
     1     1    11     9    12    10     0     2  -126.0  -18.027  -25.083   1589.6    847.0
     1     1    11     9    12     9     0     3  -127.0  -18.018  -24.853   1586.4    846.9
     1     1    11     9    12     8     0     2  -128.0  -18.011  -24.618   1579.6    847.2
     1     1    11     9    12     7     0     1  -129.0  -18.008  -24.375   1571.6    848.1
     1     1    11     9    12     6     0     0  -130.0  -18.007  -24.128   1570.1    848.3
     1     1    11     9    12     5     0     1  -131.0  -18.007  -23.878   1577.9    847.7
     1     1    11     9    12     4     0     2  -132.0  -18.008  -23.625   1591.4    846.4
     1     1    11     9    12     3     0     3  -133.0  -18.009  -23.371   1606.3    844.9
     1     1    11     9    12     2     0     2  -134.0  -18.009  -23.115   1620.2    843.9
     1     1    11     9    12     1     0     1  -135.0  -18.007  -22.852   1634.1    843.1
     1     1    11     9    12     0     0     0  -136.0  -18.006  -22.582   1651.7    841.9
     1     1    11     9    11    23     0     1  -137.0  -18.010  -22.308   1675.1    839.4
     1     1    11     9    11    22     0     2  -138.0  -18.019  -22.030   1703.1    836.3
     1     1    11     9    11    21     0     3  -139.0  -18.032  -21.749   1731.1    833.1
     1     1    11     9    11    20     0     2  -140.0  -18.048  -21.476   1752.6    830.4
     1     1    11     9    11    19     0     1  -141.0  -18.066  -21.215   1763.1    829.0
     1     1    11     9    11    18     0     0  -142.0  -18.084  -20.962   1761.4    828.8
     1     1    11     9    11    17     0     1  -143.0  -18.106  -20.705   1754.0    830.2
     1     1    11     9    11    16     0     2  -144.0  -18.131  -20.438   1749.3    830.9
     1     1    11     9    11    15     0     3  -145.0  -18.162  -20.160   1750.8    831.0
     1     1    11     9    11    14     0     2  -146.0  -18.196  -19.878   1757.2    830.5
     1     1    11     9    11    13     0     1  -147.0  -18.233  -19.596   1765.0    830.1
     1     1    11     9    11    12     0     0  -148.0  -18.273  -19.312   1773.1    829.7
     1     1    11     9    11    11     0     1  -149.0  -18.318  -19.030   1785.1    828.8
     1     1    11     9    11    10     0     2  -150.0  -18.371  -18.758   1805.5    826.7
     1     1    11     9    11     9     0     3  -151.0  -18.431  -18.497   1834.4    823.8
     1     1    11     9    11     8     0     2  -152.0  -18.496  -18.244   1869.6    820.0
     1     1    11     9    11     7     0     1  -153.0  -18.559  -17.993   1908.0    815.9
     1     1    11     9    11     6     0     0  -154.0  -18.622  -17.745   1947.7    811.7
     1     1    11     9    11     5     0     1  -155.0  -18.683  -17.502   1982.8    808.0
     1     1    11     9    11     4     0     2  -156.0  -18.737  -17.261   2008.3    805.6
     1     1    11     9    11     3     0     3  -157.0  -18.783  -17.021   2023.8    804.3
     1     1    11     9    11     2     0     2  -158.0  -18.829  -16.781   2035.2    804.1
     1     1    11     9    11     1     0     1  -159.0  -18.881  -16.538   2048.5    803.1
     1     1    11     9    11     0     0     0  -160.0  -18.938  -16.294   2064.3    802.0
     1     1    11     9    10    23     0     1  -161.0  -18.997  -16.055   2077.7    800.1
     1     1    11     9    10    22     0     2  -162.0  -19.054  -15.828   2082.8    799.4
     1     1    11     9    10    21     0     3  -163.0  -19.108  -15.612   2080.6    799.6
     1     1    11     9    10    20     0     2  -164.0  -19.162  -15.402   2083.2    800.2
     1     1    11     9    10    19     0     1  -165.0  -19.218  -15.198   2101.2    798.2
     1     1    11     9    10    18     0     0  -166.0  -19.275  -15.002   2133.0    794.9
     1     1    11     9    10    17     0     1  -167.0  -19.334  -14.806   2173.0    790.7
     1     1    11     9    10    16     0     2  -168.0  -19.392  -14.601   2215.8    786.6
     1     1    11     9    10    15     0     3  -169.0  -19.452  -14.389   2260.9    782.4
     1     1    11     9    10    14     0     2  -170.0  -19.509  -14.173   2302.2    778.3
     1     1    11     9    10    13     0     1  -171.0  -19.561  -13.954   2332.9    775.6
     1     1    11     9    10    12     0     0  -172.0  -19.606  -13.732   2352.4    774.1
     1     1    11     9    10    11     0     1  -173.0  -19.646  -13.512   2368.7    773.0
     1     1    11     9    10    10     0     2  -174.0  -19.683  -13.298   2389.9    770.9
     1     1    11     9    10     9     0     3  -175.0  -19.715  -13.093   2418.0    768.2
     1     1    11     9    10     8     0     2  -176.0  -19.752  -12.902   2446.4    764.7
     1     1    11     9    10     7     0     1  -177.0  -19.800  -12.725   2468.8    762.5
     1     1    11     9    10     6     0     0  -178.0  -19.858  -12.562   2487.8    760.6
     1     1    11     9    10     5     0     1  -179.0  -19.921  -12.408   2509.0    759.2
     1     1    11     9    10     4     0     2  -180.0  -19.982  -12.258   2533.5    756.8
     1     1    11     9    10     3     0     3  -181.0  -20.041  -12.111   2555.3    754.6
     1     1    11     9    10     2     0     2  -182.0  -20.100  -11.966   2576.0    753.6
     1     1    11     9    10     1     0     1  -183.0  -20.160  -11.826   2601.4    751.8
     1     1    11     9    10     0     0     0  -184.0  -20.221  -11.693   2631.8    749.3
     1     1    11     9     9    23     0     1  -185.0  -20.276  -11.570   2657.5    746.1
     1     1    11     9     9    22     0     2  -186.0  -20.322  -11.456   2669.7    744.8
     1     1    11     9     9    21     0     3  -187.0  -20.357  -11.348   2668.6    744.7
     1     1    11     9     9    20     0     2  -188.0  -20.387  -11.238   2667.3    745.7
     1     1    11     9     9    19     0     1  -189.0  -20.415  -11.124   2678.9    744.5
     1     1    11     9     9    18     0     0  -190.0  -20.442  -11.007   2703.9    742.1
     1     1    11     9     9    17     0     1  -191.0  -20.466  -10.892   2738.7    738.6
     1     1    11     9     9    16     0     2  -192.0  -20.485  -10.780   2778.0    734.9
     1     1    11     9     9    15     0     3  -193.0  -20.497  -10.670   2819.1    731.1
     1     1    11     9     9    14     0     2  -194.0  -20.510  -10.564   2862.0    727.7
     1     1    11     9     9    13     0     1  -195.0  -20.530  -10.461   2907.2    724.0
     1     1    11     9     9    12     0     0  -196.0  -20.556  -10.364   2953.8    720.2
     1     1    11     9     9    11     0     1  -197.0  -20.594  -10.272   2991.9    716.0
     1     1    11     9     9    10     0     2  -198.0  -20.652  -10.185   3012.7    714.2
     1     1    11     9     9     9     0     3  -199.0  -20.730  -10.100   3016.9    713.7
     1     1    11     9     9     8     0     2  -200.0  -20.821  -10.020   3021.0    714.4
     1     1    11     9     9     7     0     1  -201.0  -20.910   -9.950   3042.4    712.4
     1     1    11     9     9     6     0     0  -202.0  -20.993   -9.895   3084.2    708.7
     1     1    11     9     9     5     0     1  -203.0  -21.068   -9.859   3127.7    703.4
     1     1    11     9     9     4     0     2  -204.0  -21.136   -9.837   3150.8    701.6
     1     1    11     9     9     3     0     3  -205.0  -21.199   -9.825   3152.1    701.6
     1     1    11     9     9     2     0     2  -206.0  -21.259   -9.818   3148.2    703.6
     1     1    11     9     9     1     0     1  -207.0  -21.317   -9.816   3156.1    703.1
     1     1    11     9     9     0     0     0  -208.0  -21.374   -9.824   3175.0    701.8
     1     1    11     9     8    23     0     1  -209.0  -21.431   -9.837   3201.5    699.3
     1     1    11     9     8    22     0     2  -210.0  -21.493   -9.852   3232.3    696.6
     1     1    11     9     8    21     0     3  -211.0  -21.558   -9.870   3266.8    693.6
     1     1    11     9     8    20     0     2  -212.0  -21.622   -9.897   3299.5    690.0
     1     1    11     9     8    19     0     1  -213.0  -21.682   -9.935   3325.7    687.5
     1     1    11     9     8    18     0     0  -214.0  -21.739   -9.984   3346.1    685.4
     1     1    11     9     8    17     0     1  -215.0  -21.790  -10.042   3360.9    684.2
     1     1    11     9     8    16     0     2  -216.0  -21.834  -10.106   3369.2    683.5
     1     1    11     9     8    15     0     3  -217.0  -21.871  -10.174   3369.5    683.4
     1     1    11     9     8    14     0     2  -218.0  -21.909  -10.241   3372.6    684.2
     1     1    11     9     8    13     0     1  -219.0  -21.953  -10.303   3390.8    682.7
     1     1    11     9     8    12     0     0  -220.0  -22.002  -10.365   3426.8    679.9
     1     1    11     9     8    11     0     1  -221.0  -22.054  -10.437   3472.2    675.4
     1     1    11     9     8    10     0     2  -222.0  -22.110  -10.530   3515.8    671.7
     1     1    11     9     8     9     0     3  -223.0  -22.168  -10.642   3553.4    668.4
     1     1    11     9     8     8     0     2  -224.0  -22.225  -10.771   3583.4    665.7
     1     1    11     9     8     7     0     1  -225.0  -22.277  -10.912   3608.9    663.4
     1     1    11     9     8     6     0     0  -226.0  -22.324  -11.064   3633.8    661.2
     1     1    11     9     8     5     0     1  -227.0  -22.358  -11.217   3652.5    659.3
     1     1    11     9     8     4     0     2  -228.0  -22.374  -11.361   3657.3    659.0
     1     1    11     9     8     3     0     3  -229.0  -22.373  -11.493   3648.9    659.8
     1     1    11     9     8     2     0     2  -230.0  -22.366  -11.618   3633.3    661.6
     1     1    11     9     8     1     0     1  -231.0  -22.358  -11.741   3617.4    663.1
     1     1    11     9     8     0     0     0  -232.0  -22.350  -11.863   3602.9    664.4
     1     1    11     9     7    23     0     1  -233.0  -22.347  -11.984   3592.8    665.3
     1     1    11     9     7    22     0     2  -234.0  -22.352  -12.103   3588.0    665.4
     1     1    11     9     7    21     0     3  -235.0  -22.365  -12.218   3585.6    665.3
     1     1    11     9     7    20     0     2  -236.0  -22.390  -12.334   3590.9    665.1
     1     1    11     9     7    19     0     1  -237.0  -22.427  -12.456   3609.9    663.2
     1     1    11     9     7    18     0     0  -238.0  -22.475  -12.587   3641.3    660.3
     1     1    11     9     7    17     0     1  -239.0  -22.531  -12.728   3678.0    656.8
     1     1    11     9     7    16     0     2  -240.0  -22.591  -12.879   3714.7    653.9
     1     1    11     9     7    15     0     3  -241.0  -22.656  -13.037   3753.3    650.9
     1     1    11     9     7    14     0     2  -242.0  -22.723  -13.200   3789.2    647.6
     1     1    11     9     7    13     0     1  -243.0  -22.792  -13.365   3816.6    645.5
     1     1    11     9     7    12     0     0  -244.0  -22.864  -13.529   3835.1    644.1
     1     1    11     9     7    11     0     1  -245.0  -22.941  -13.697   3855.9    643.1
     1     1    11     9     7    10     0     2  -246.0  -23.023  -13.870   3890.4    640.2
     1     1    11     9     7     9     0     3  -247.0  -23.110  -14.052   3936.8    636.2
     1     1    11     9     7     8     0     2  -248.0  -23.202  -14.242   3976.2    631.4
     1     1    11     9     7     7     0     1  -249.0  -23.301  -14.440   3998.0    629.8
     1     1    11     9     7     6     0     0  -250.0  -23.403  -14.641   4014.3    628.6
     1     1    11     9     7     5     0     1  -251.0  -23.507  -14.846   4035.3    627.3
     1     1    11     9     7     4     0     2  -252.0  -23.614  -15.055   4061.6    624.9
     1     1    11     9     7     3     0     3  -253.0  -23.723  -15.267   4086.1    622.6
     1     1    11     9     7     2     0     2  -254.0  -23.848  -15.473   4113.2    621.1
     1     1    11     9     7     1     0     1  -255.0  -23.999  -15.669   4152.1    618.1
     1     1    11     9     7     0     0     0  -256.0  -24.179  -15.859   4206.6    614.1
     1     1    11     9     6    23     0     1  -257.0  -24.397  -16.051   4276.2    608.0
     1     1    11     9     6    22     0     2  -258.0  -24.664  -16.245   4360.1    601.3
     1     1    11     9     6    21     0     3  -259.0  -24.977  -16.446   4460.1    593.2
     1     1    11     9     6    20     0     2  -260.0  -25.338  -16.672   4558.0    584.0
     1     1    11     9     6    19     0     1  -261.0  -25.744  -16.931   4640.5    577.7
     1     1    11     9     6    18     0     0  -262.0  -26.186  -17.218   4717.5    571.7
     1     1    11     9     6    17     0     1  -263.0  -26.679  -17.530   4801.5    566.1
     1     1    11     9     6    16     0     2  -264.0  -27.232  -17.874   4901.4    558.7
     1     1    11     9     6    15     0     3  -265.0  -27.827  -18.253   5016.1    550.3
     1     1    11     9     6    14     0     2  -266.0  -28.444  -18.658   5123.5    541.0
     1     1    11     9     6    13     0     1  -267.0  -29.059  -19.082   5215.6    535.4
     1     1    11     9     6    12     0     0  -268.0  -29.663  -19.527   5318.7    529.1
     1     1    11     9     6    11     0     1  -269.0  -30.254  -19.998   5427.2    519.7
     1     1    11     9     6    10     0     2  -270.0  -30.833  -20.491   5518.4    512.7
     1     1    11     9     6     9     0     3  -271.0  -31.396  -20.996   5559.8    507.6
     1     1    11     9     6     8     0     2  -272.0  -31.938  -21.503   5575.3    509.7
     1     1    11     9     6     7     0     1  -273.0  -32.455  -22.013   5614.2    506.5
     1     1    11     9     6     6     0     0  -274.0  -32.924  -22.533   5674.5    502.5
     1     1    11     9     6     5     0     1  -275.0  -33.350  -23.039   5752.1    496.9
     1     1    11     9     6     4     0     2  -276.0  -33.748  -23.516   5838.1    491.2
     1     1    11     9     6     3     0     3  -277.0  -34.122  -23.965   5931.4    485.1
     1     1    11     9     6     2     0     2  -278.0  -34.486  -24.391   6017.2    478.4
     1     1    11     9     6     1     0     1  -279.0  -34.845  -24.809   6059.8    474.3
     1     1    11     9     6     0     0     0  -280.0  -35.189  -25.224   6051.4    475.4
     1     1    11     9     5    23     0     1  -281.0  -35.524  -25.633   6033.9    478.3
     1     1    11     9     5    22     0     2  -282.0  -35.855  -26.046   6013.3    478.0
     1     1    11     9     5    21     0     3  -283.0  -36.164  -26.468   5969.8    481.1
     1     1    11     9     5    20     0     2  -284.0  -36.452  -26.880   5936.6    484.8
     1     1    11     9     5    19     0     1  -285.0  -36.728  -27.282   5935.2    484.2
     1     1    11     9     5    18     0     0  -286.0  -36.981  -27.685   5949.7    482.4
     1     1    11     9     5    17     0     1  -287.0  -37.224  -28.106   5971.7    481.3
     1     1    11     9     5    16     0     2  -288.0  -37.457  -28.548   5992.8    479.6
     1     1    11     9     5    15     0     3  -289.0  -37.631  -28.992   5990.7    479.2
     1     1    11     9     5    14     0     2  -290.0  -37.788  -29.427   5988.0    481.6
     1     1    11     9     5    13     0     1  -291.0  -37.958  -29.846   5999.0    479.9
     1     1    11     9     5    12     0     0  -292.0  -38.106  -30.235   6002.8    479.4
     1     1    11     9     5    11     0     1  -293.0  -38.273  -30.612   6033.5    479.8
     1     1    11     9     5    10     0     2  -294.0  -38.473  -31.008   6118.5    473.3
     1     1    11     9     5     9     0     3  -295.0  -38.686  -31.414   6220.0    465.2
     1     1    11     9     5     8     0     2  -296.0  -38.909  -31.824   6303.7    459.1
     1     1    11     9     5     7     0     1  -297.0  -39.137  -32.243   6394.8    455.6
     1     1    11     9     5     6     0     0  -298.0  -39.358  -32.670   6528.9    447.2
     1     1    11     9     5     5     0     1  -299.0  -39.577  -33.110   6704.4    436.5
     1     1    11     9     5     4     0     2  -300.0  -39.811  -33.552   6908.9    423.6
     1     1    11     9     5     3     0     3  -301.0  -40.059  -33.984   7130.1    410.8
     1     1    11     9     5     2     0     2  -302.0  -40.351  -34.417   7340.3    397.3
     1     1    11     9     5     1     0     1  -303.0  -40.714  -34.839   7505.9    387.2
     1     1    11     9     5     0     0     0  -304.0  -41.136  -35.247   7620.4    380.7
     1     1    11     9     4    23     0     1  -305.0  -41.612  -35.690   7705.9    376.7
     1     1    11     9     4    22     0     2  -306.0  -42.136  -36.219   7763.0    372.6
     1     1    11     9     4    21     0     3  -307.0  -42.661  -36.838   7801.4    371.6
     1     1    11     9     4    20     0     2  -308.0  -43.142  -37.584   7860.5    368.8
     1     1    11     9     4    19     0     1  -309.0  -43.576  -38.491   7946.7    362.8
     1     1    11     9     4    18     0     0  -310.0  -43.949  -39.543   8032.0    358.7
     1     1    11     9     4    17     0     1  -311.0  -44.202  -40.837   8099.8    352.4
     1     1    11     9     4    16     0     2  -312.0  -44.319  -42.375   8084.8    355.2
     1     1    11     9     4    15     0     3  -313.0  -44.248  -43.993   8032.2    351.7
     1     1    11     9     4    14     0     2  -314.0  -44.088  -45.356   7743.9    372.0
     1     1    11     9     4    13     0     1  -315.0  -43.810  -46.965   7619.8    378.1
     1     1    11     9     4    12     0     0  -316.0  -43.385  -48.651   7494.6    385.4
     1     1    11     9     4    11     0     1  -317.0  -42.899  -50.298   7440.3    387.4
     1     1    11     9     4    10     0     2  -318.0  -42.282  -51.962   7328.7    393.3
     1     1    11     9     4     9     0     3  -319.0  -41.527  -53.661   7203.0    400.2
     1     1    11     9     4     8     0     2  -320.0  -40.708  -55.367   7068.4    408.6
     1     1    11     9     4     7     0     1  -321.0  -39.875  -57.036   6971.1    413.7
     1     1    11     9     4     6     0     0  -322.0  -38.952  -58.632   6818.7    422.2
     1     1    11     9     4     5     0     1  -323.0  -37.988  -60.201   6556.8    430.2
     1     1    11     9     4     4     0     2  -324.0  -37.040  -61.734   6396.5    440.8
     1     1    11     9     4     3     0     3  -325.0  -36.097  -63.137   6236.9    455.4
     1     1    11     9     4     2     0     2  -326.0  -35.126  -64.470   6137.7    455.4
     1     1    11     9     4     1     0     1  -327.0  -34.140  -65.800   5970.7    447.6
     1     1    11     9     4     0     0     0  -328.0  -33.179  -67.110   5901.7    451.2
     1     1    11     9     3    23     0     1  -329.0  -32.196  -68.458   5860.6    407.8
     1     1    11     9     3    22     0     2  -330.0  -31.226  -70.326   5825.4    326.7
     1     1    11     9     3    21     0     3  -331.0  -30.293  -71.733   5896.7    475.3
     1     1    11     9     3    20     0     2  -332.0  -29.499  -72.760   5482.1    515.8
     1     1    11     9     3    19     0     1  -333.0  -28.816  -73.759   5250.7    532.0
     1     1    11     9     3    18     0     0  -334.0  -28.231  -74.786   5126.4    540.3
     1     1    11     9     3    17     0     1  -335.0  -27.725  -75.834   5064.5    545.0
     1     1    11     9     3    16     0     2  -336.0  -27.285  -76.886   5037.5    547.1
