     3     1
    GDAS    11    10    22     0     0
    GDAS    11    10    29     0     0
    GDAS    11    11     1     0     0
     1 BACKWARD OMEGA   
  2011    11     2    16   -8.880  -57.000   914.4
     1 PRESSURE
     1     1    11    11     2    16     0     2     0.0   -8.880  -57.000    914.4    891.0
     1     1    11    11     2    15     0     3    -1.0   -8.821  -56.982    807.2    899.6
     1     1    11    11     2    14     0     2    -2.0   -8.765  -56.956    715.7    912.3
     1     1    11    11     2    13     0     1    -3.0   -8.685  -56.909    672.2    914.1
     1     1    11    11     2    12     0     0    -4.0   -8.578  -56.845    663.1    911.7
     1     1    11    11     2    11     0     1    -5.0   -8.458  -56.775    663.8    906.1
     1     1    11    11     2    10     0     2    -6.0   -8.346  -56.707    659.9    903.7
     1     1    11    11     2     9     0     3    -7.0   -8.241  -56.639    657.4    901.2
     1     1    11    11     2     8     0     2    -8.0   -8.143  -56.572    662.0    898.6
     1     1    11    11     2     7     0     1    -9.0   -8.052  -56.508    675.3    894.8
     1     1    11    11     2     6     0     0   -10.0   -7.971  -56.448    694.8    891.6
     1     1    11    11     2     5     0     1   -11.0   -7.904  -56.393    716.2    890.3
     1     1    11    11     2     4     0     2   -12.0   -7.852  -56.350    737.0    889.2
     1     1    11    11     2     3     0     3   -13.0   -7.817  -56.315    758.2    887.8
     1     1    11    11     2     2     0     2   -14.0   -7.790  -56.285    788.0    885.9
     1     1    11    11     2     1     0     1   -15.0   -7.762  -56.253    834.5    881.8
     1     1    11    11     2     0     0     0   -16.0   -7.734  -56.222    899.5    875.7
     1     1    11    11     1    23     0     1   -17.0   -7.698  -56.207    961.3    866.8
     1     1    11    11     1    22     0     2   -18.0   -7.653  -56.224    994.7    863.5
     1     1    11    11     1    21     0     3   -19.0   -7.600  -56.272   1000.6    863.7
     1     1    11    11     1    20     0     2   -20.0   -7.544  -56.331    988.1    867.7
     1     1    11    11     1    19     0     1   -21.0   -7.491  -56.378    966.0    871.9
     1     1    11    11     1    18     0     0   -22.0   -7.440  -56.415    936.0    876.8
     1     1    11    11     1    17     0     1   -23.0   -7.390  -56.444    902.3    882.6
     1     1    11    11     1    16     0     2   -24.0   -7.343  -56.466    867.1    888.0
     1     1    11    11     1    15     0     3   -25.0   -7.296  -56.485    828.3    893.4
     1     1    11    11     1    14     0     2   -26.0   -7.244  -56.503    790.4    898.8
     1     1    11    11     1    13     0     1   -27.0   -7.182  -56.526    758.7    903.3
     1     1    11    11     1    12     0     0   -28.0   -7.109  -56.555    733.9    907.5
     1     1    11    11     1    11     0     1   -29.0   -7.031  -56.598    719.5    910.7
     1     1    11    11     1    10     0     2   -30.0   -6.955  -56.660    721.0    911.6
     1     1    11    11     1     9     0     3   -31.0   -6.882  -56.740    742.4    910.1
     1     1    11    11     1     8     0     2   -32.0   -6.816  -56.828    770.4    906.3
     1     1    11    11     1     7     0     1   -33.0   -6.759  -56.919    785.1    905.2
     1     1    11    11     1     6     0     0   -34.0   -6.711  -57.015    780.3    906.0
     1     1    11    11     1     5     0     1   -35.0   -6.671  -57.108    763.9    909.6
     1     1    11    11     1     4     0     2   -36.0   -6.635  -57.190    739.7    912.3
     1     1    11    11     1     3     0     3   -37.0   -6.596  -57.261    698.8    917.0
     1     1    11    11     1     2     0     2   -38.0   -6.543  -57.314    648.8    923.7
     1     1    11    11     1     1     0     1   -39.0   -6.466  -57.338    606.0    928.7
     1     1    11    11     1     0     0     0   -40.0   -6.365  -57.336    578.4    932.0
     1     1    11    10    31    23     0     1   -41.0   -6.258  -57.320    556.0    933.1
     1     1    11    10    31    22     0     2   -42.0   -6.164  -57.295    521.0    936.3
     1     1    11    10    31    21     0     3   -43.0   -6.083  -57.255    469.8    941.7
     1     1    11    10    31    20     0     2   -44.0   -6.015  -57.205    428.0    949.9
     1     1    11    10    31    19     0     1   -45.0   -5.969  -57.158    413.0    951.4
     1     1    11    10    31    18     0     0   -46.0   -5.951  -57.115    419.5    950.8
     1     1    11    10    31    17     0     1   -47.0   -5.951  -57.084    438.3    949.0
     1     1    11    10    31    16     0     2   -48.0   -5.963  -57.079    460.1    947.5
     1     1    11    10    31    15     0     3   -49.0   -5.986  -57.103    484.1    945.6
     1     1    11    10    31    14     0     2   -50.0   -6.016  -57.149    511.4    942.8
     1     1    11    10    31    13     0     1   -51.0   -6.049  -57.213    543.5    939.1
     1     1    11    10    31    12     0     0   -52.0   -6.086  -57.293    578.5    935.2
     1     1    11    10    31    11     0     1   -53.0   -6.120  -57.379    608.2    930.6
     1     1    11    10    31    10     0     2   -54.0   -6.148  -57.456    628.5    928.1
     1     1    11    10    31     9     0     3   -55.0   -6.168  -57.520    644.3    925.8
     1     1    11    10    31     8     0     2   -56.0   -6.182  -57.580    668.8    924.1
     1     1    11    10    31     7     0     1   -57.0   -6.193  -57.643    714.1    918.9
     1     1    11    10    31     6     0     0   -58.0   -6.202  -57.708    782.5    911.7
     1     1    11    10    31     5     0     1   -59.0   -6.200  -57.775    863.6    902.9
     1     1    11    10    31     4     0     2   -60.0   -6.175  -57.842    944.4    895.0
     1     1    11    10    31     3     0     3   -61.0   -6.129  -57.906   1023.4    887.4
     1     1    11    10    31     2     0     2   -62.0   -6.088  -57.976   1116.9    880.0
     1     1    11    10    31     1     0     1   -63.0   -6.074  -58.062   1251.4    867.2
     1     1    11    10    31     0     0     0   -64.0   -6.089  -58.162   1442.9    849.1
     1     1    11    10    30    23     0     1   -65.0   -6.129  -58.264   1679.8    823.2
     1     1    11    10    30    22     0     2   -66.0   -6.184  -58.364   1918.3    797.9
     1     1    11    10    30    21     0     3   -67.0   -6.250  -58.472   2118.6    776.9
     1     1    11    10    30    20     0     2   -68.0   -6.315  -58.593   2255.7    763.9
     1     1    11    10    30    19     0     1   -69.0   -6.370  -58.727   2331.3    757.9
     1     1    11    10    30    18     0     0   -70.0   -6.413  -58.867   2365.7    756.2
     1     1    11    10    30    17     0     1   -71.0   -6.438  -59.007   2372.1    756.5
     1     1    11    10    30    16     0     2   -72.0   -6.437  -59.144   2357.2    759.1
     1     1    11    10    30    15     0     3   -73.0   -6.409  -59.279   2333.4    762.7
     1     1    11    10    30    14     0     2   -74.0   -6.361  -59.397   2314.2    765.2
     1     1    11    10    30    13     0     1   -75.0   -6.300  -59.486   2302.3    765.8
     1     1    11    10    30    12     0     0   -76.0   -6.231  -59.550   2290.2    766.7
     1     1    11    10    30    11     0     1   -77.0   -6.158  -59.600   2269.1    767.3
     1     1    11    10    30    10     0     2   -78.0   -6.084  -59.649   2232.1    770.2
     1     1    11    10    30     9     0     3   -79.0   -6.010  -59.700   2182.9    774.1
     1     1    11    10    30     8     0     2   -80.0   -5.930  -59.742   2131.0    779.5
     1     1    11    10    30     7     0     1   -81.0   -5.838  -59.764   2079.1    784.0
     1     1    11    10    30     6     0     0   -82.0   -5.738  -59.767   2018.8    789.4
     1     1    11    10    30     5     0     1   -83.0   -5.633  -59.753   1947.4    796.8
     1     1    11    10    30     4     0     2   -84.0   -5.528  -59.724   1869.9    805.1
     1     1    11    10    30     3     0     3   -85.0   -5.423  -59.683   1793.2    813.1
     1     1    11    10    30     2     0     2   -86.0   -5.324  -59.632   1729.6    819.9
     1     1    11    10    30     1     0     1   -87.0   -5.236  -59.573   1691.4    823.9
     1     1    11    10    30     0     0     0   -88.0   -5.159  -59.509   1679.9    824.7
     1     1    11    10    29    23     0     1   -89.0   -5.090  -59.444   1670.7    822.9
     1     1    11    10    29    22     0     2   -90.0   -5.025  -59.382   1643.0    825.0
     1     1    11    10    29    21     0     3   -91.0   -4.964  -59.320   1599.9    828.8
     1     1    11    10    29    20     0     2   -92.0   -4.900  -59.250   1550.6    834.8
     1     1    11    10    29    19     0     1   -93.0   -4.830  -59.165   1502.4    840.1
     1     1    11    10    29    18     0     0   -94.0   -4.752  -59.064   1456.9    845.1
     1     1    11    10    29    17     0     1   -95.0   -4.669  -58.948   1421.7    849.8
     1     1    11    10    29    16     0     2   -96.0   -4.579  -58.818   1402.8    852.4
     1     1    11    10    29    15     0     3   -97.0   -4.485  -58.673   1396.6    853.8
     1     1    11    10    29    14     0     2   -98.0   -4.383  -58.515   1392.7    853.6
     1     1    11    10    29    13     0     1   -99.0   -4.271  -58.345   1381.8    854.8
     1     1    11    10    29    12     0     0  -100.0   -4.150  -58.164   1362.2    857.0
     1     1    11    10    29    11     0     1  -101.0   -4.025  -57.970   1348.5    859.3
     1     1    11    10    29    10     0     2  -102.0   -3.903  -57.760   1350.1    857.5
     1     1    11    10    29     9     0     3  -103.0   -3.781  -57.532   1355.8    855.5
     1     1    11    10    29     8     0     2  -104.0   -3.666  -57.291   1363.6    855.3
     1     1    11    10    29     7     0     1  -105.0   -3.561  -57.037   1383.2    854.2
     1     1    11    10    29     6     0     0  -106.0   -3.466  -56.765   1418.0    851.2
     1     1    11    10    29     5     0     1  -107.0   -3.382  -56.476   1462.9    847.3
     1     1    11    10    29     4     0     2  -108.0   -3.308  -56.176   1510.2    842.2
     1     1    11    10    29     3     0     3  -109.0   -3.238  -55.868   1544.2    837.8
     1     1    11    10    29     2     0     2  -110.0   -3.175  -55.563   1544.4    836.5
     1     1    11    10    29     1     0     1  -111.0   -3.115  -55.264   1469.6    840.8
     1     1    11    10    29     0     0     0  -112.0   -3.046  -54.978   1270.5    858.3
     1     1    11    10    28    23     0     1  -113.0   -2.984  -54.735   1066.4    891.3
     1     1    11    10    28    22     0     2  -114.0   -2.935  -54.529    955.1    899.5
     1     1    11    10    28    21     0     3  -115.0   -2.894  -54.341    901.6    902.2
     1     1    11    10    28    20     0     2  -116.0   -2.858  -54.157    879.6    903.3
     1     1    11    10    28    19     0     1  -117.0   -2.828  -53.969    876.3    903.3
     1     1    11    10    28    18     0     0  -118.0   -2.806  -53.783    883.9    902.6
     1     1    11    10    28    17     0     1  -119.0   -2.783  -53.598    891.0    902.1
     1     1    11    10    28    16     0     2  -120.0   -2.752  -53.405    891.2    903.1
     1     1    11    10    28    15     0     3  -121.0   -2.712  -53.201    885.1    904.9
     1     1    11    10    28    14     0     2  -122.0   -2.658  -52.977    886.2    906.9
     1     1    11    10    28    13     0     1  -123.0   -2.589  -52.726    903.8    905.9
     1     1    11    10    28    12     0     0  -124.0   -2.514  -52.453    930.0    904.1
     1     1    11    10    28    11     0     1  -125.0   -2.438  -52.165    950.7    901.5
     1     1    11    10    28    10     0     2  -126.0   -2.361  -51.874    959.3    901.5
     1     1    11    10    28     9     0     3  -127.0   -2.283  -51.576    963.8    901.4
     1     1    11    10    28     8     0     2  -128.0   -2.205  -51.276    968.1    901.5
     1     1    11    10    28     7     0     1  -129.0   -2.127  -50.979    972.1    901.5
     1     1    11    10    28     6     0     0  -130.0   -2.048  -50.683    974.6    901.4
     1     1    11    10    28     5     0     1  -131.0   -1.968  -50.388    986.2    901.9
     1     1    11    10    28     4     0     2  -132.0   -1.902  -50.099   1019.1    898.7
     1     1    11    10    28     3     0     3  -133.0   -1.859  -49.818   1071.5    892.9
     1     1    11    10    28     2     0     2  -134.0   -1.824  -49.547   1116.8    885.1
     1     1    11    10    28     1     0     1  -135.0   -1.780  -49.282   1141.3    883.3
     1     1    11    10    28     0     0     0  -136.0   -1.736  -49.016   1170.9    881.0
     1     1    11    10    27    23     0     1  -137.0   -1.696  -48.755   1204.1    875.6
     1     1    11    10    27    22     0     2  -138.0   -1.653  -48.508   1215.2    873.3
     1     1    11    10    27    21     0     3  -139.0   -1.599  -48.269   1188.5    875.3
     1     1    11    10    27    20     0     2  -140.0   -1.544  -48.030   1126.0    882.8
     1     1    11    10    27    19     0     1  -141.0   -1.499  -47.793   1046.5    891.7
     1     1    11    10    27    18     0     0  -142.0   -1.463  -47.562    958.7    900.3
     1     1    11    10    27    17     0     1  -143.0   -1.441  -47.329    873.3    911.3
     1     1    11    10    27    16     0     2  -144.0   -1.434  -47.079    806.3    918.4
     1     1    11    10    27    15     0     3  -145.0   -1.443  -46.814    758.4    924.0
     1     1    11    10    27    14     0     2  -146.0   -1.460  -46.534    728.4    927.7
     1     1    11    10    27    13     0     1  -147.0   -1.473  -46.236    714.5    929.6
     1     1    11    10    27    12     0     0  -148.0   -1.481  -45.925    712.7    930.1
     1     1    11    10    27    11     0     1  -149.0   -1.482  -45.595    715.4    928.7
     1     1    11    10    27    10     0     2  -150.0   -1.474  -45.241    715.0    927.9
     1     1    11    10    27     9     0     3  -151.0   -1.461  -44.863    709.0    928.2
     1     1    11    10    27     8     0     2  -152.0   -1.445  -44.469    703.2    930.1
     1     1    11    10    27     7     0     1  -153.0   -1.425  -44.069    701.0    930.6
     1     1    11    10    27     6     0     0  -154.0   -1.400  -43.664    702.5    930.8
     1     1    11    10    27     5     0     1  -155.0   -1.371  -43.257    709.6    930.4
     1     1    11    10    27     4     0     2  -156.0   -1.343  -42.847    717.4    929.5
     1     1    11    10    27     3     0     3  -157.0   -1.320  -42.434    722.1    929.4
     1     1    11    10    27     2     0     2  -158.0   -1.307  -42.018    729.2    929.4
     1     1    11    10    27     1     0     1  -159.0   -1.305  -41.603    744.4    928.2
     1     1    11    10    27     0     0     0  -160.0   -1.318  -41.190    772.1    925.9
     1     1    11    10    26    23     0     1  -161.0   -1.351  -40.790    811.6    920.8
     1     1    11    10    26    22     0     2  -162.0   -1.405  -40.414    857.0    915.6
     1     1    11    10    26    21     0     3  -163.0   -1.476  -40.060    905.6    909.8
     1     1    11    10    26    20     0     2  -164.0   -1.558  -39.722    955.4    904.4
     1     1    11    10    26    19     0     1  -165.0   -1.650  -39.397   1004.6    899.2
     1     1    11    10    26    18     0     0  -166.0   -1.748  -39.087   1051.8    894.4
     1     1    11    10    26    17     0     1  -167.0   -1.847  -38.789   1100.4    890.3
     1     1    11    10    26    16     0     2  -168.0   -1.939  -38.498   1154.9    885.5
     1     1    11    10    26    15     0     3  -169.0   -2.018  -38.216   1216.0    879.4
     1     1    11    10    26    14     0     2  -170.0   -2.081  -37.941   1273.2    872.7
     1     1    11    10    26    13     0     1  -171.0   -2.136  -37.669   1311.4    868.5
     1     1    11    10    26    12     0     0  -172.0   -2.187  -37.399   1325.8    867.3
     1     1    11    10    26    11     0     1  -173.0   -2.225  -37.119   1315.2    867.6
     1     1    11    10    26    10     0     2  -174.0   -2.239  -36.813   1285.2    870.7
     1     1    11    10    26     9     0     3  -175.0   -2.231  -36.479   1264.4    874.3
     1     1    11    10    26     8     0     2  -176.0   -2.212  -36.135   1278.3    873.3
     1     1    11    10    26     7     0     1  -177.0   -2.197  -35.797   1314.2    867.9
     1     1    11    10    26     6     0     0  -178.0   -2.191  -35.469   1345.8    863.7
     1     1    11    10    26     5     0     1  -179.0   -2.191  -35.147   1366.6    862.2
     1     1    11    10    26     4     0     2  -180.0   -2.189  -34.821   1382.9    861.1
     1     1    11    10    26     3     0     3  -181.0   -2.180  -34.488   1398.3    859.9
     1     1    11    10    26     2     0     2  -182.0   -2.163  -34.156   1408.2    858.9
     1     1    11    10    26     1     0     1  -183.0   -2.141  -33.831   1407.9    859.4
     1     1    11    10    26     0     0     0  -184.0   -2.112  -33.512   1400.2    860.8
     1     1    11    10    25    23     0     1  -185.0   -2.085  -33.202   1393.6    861.7
     1     1    11    10    25    22     0     2  -186.0   -2.061  -32.902   1391.2    861.3
     1     1    11    10    25    21     0     3  -187.0   -2.039  -32.611   1390.0    861.0
     1     1    11    10    25    20     0     2  -188.0   -2.019  -32.325   1391.7    860.8
     1     1    11    10    25    19     0     1  -189.0   -1.999  -32.042   1398.0    859.8
     1     1    11    10    25    18     0     0  -190.0   -1.982  -31.765   1406.5    858.6
     1     1    11    10    25    17     0     1  -191.0   -1.967  -31.488   1420.2    858.0
     1     1    11    10    25    16     0     2  -192.0   -1.946  -31.203   1445.4    855.9
     1     1    11    10    25    15     0     3  -193.0   -1.911  -30.914   1484.2    852.4
     1     1    11    10    25    14     0     2  -194.0   -1.870  -30.622   1524.0    847.4
     1     1    11    10    25    13     0     1  -195.0   -1.834  -30.325   1549.7    844.9
     1     1    11    10    25    12     0     0  -196.0   -1.796  -30.021   1558.7    844.3
     1     1    11    10    25    11     0     1  -197.0   -1.756  -29.713   1556.8    844.8
     1     1    11    10    25    10     0     2  -198.0   -1.717  -29.407   1552.7    845.1
     1     1    11    10    25     9     0     3  -199.0   -1.678  -29.104   1550.6    845.2
     1     1    11    10    25     8     0     2  -200.0   -1.638  -28.809   1551.5    844.9
     1     1    11    10    25     7     0     1  -201.0   -1.592  -28.527   1555.0    844.6
     1     1    11    10    25     6     0     0  -202.0   -1.541  -28.256   1561.6    843.8
     1     1    11    10    25     5     0     1  -203.0   -1.485  -27.992   1571.6    843.0
     1     1    11    10    25     4     0     2  -204.0   -1.423  -27.735   1580.3    841.8
     1     1    11    10    25     3     0     3  -205.0   -1.357  -27.484   1582.0    841.8
     1     1    11    10    25     2     0     2  -206.0   -1.291  -27.239   1583.3    842.8
     1     1    11    10    25     1     0     1  -207.0   -1.219  -26.999   1593.9    842.2
     1     1    11    10    25     0     0     0  -208.0   -1.139  -26.765   1619.2    840.4
     1     1    11    10    24    23     0     1  -209.0   -1.057  -26.547   1654.6    835.7
     1     1    11    10    24    22     0     2  -210.0   -0.985  -26.351   1689.4    831.8
     1     1    11    10    24    21     0     3  -211.0   -0.924  -26.175   1721.6    828.2
     1     1    11    10    24    20     0     2  -212.0   -0.869  -26.015   1746.1    825.3
     1     1    11    10    24    19     0     1  -213.0   -0.814  -25.866   1758.4    823.9
     1     1    11    10    24    18     0     0  -214.0   -0.761  -25.727   1759.0    823.7
     1     1    11    10    24    17     0     1  -215.0   -0.715  -25.590   1760.3    824.9
     1     1    11    10    24    16     0     2  -216.0   -0.674  -25.453   1772.1    824.0
     1     1    11    10    24    15     0     3  -217.0   -0.639  -25.315   1792.2    822.2
     1     1    11    10    24    14     0     2  -218.0   -0.604  -25.177   1812.5    820.1
     1     1    11    10    24    13     0     1  -219.0   -0.571  -25.037   1825.8    819.3
     1     1    11    10    24    12     0     0  -220.0   -0.539  -24.896   1831.4    819.3
     1     1    11    10    24    11     0     1  -221.0   -0.511  -24.759   1838.6    819.3
     1     1    11    10    24    10     0     2  -222.0   -0.483  -24.629   1855.3    817.5
     1     1    11    10    24     9     0     3  -223.0   -0.454  -24.506   1879.4    814.8
     1     1    11    10    24     8     0     2  -224.0   -0.427  -24.382   1903.3    811.7
     1     1    11    10    24     7     0     1  -225.0   -0.403  -24.251   1921.3    809.9
     1     1    11    10    24     6     0     0  -226.0   -0.385  -24.114   1935.6    808.4
     1     1    11    10    24     5     0     1  -227.0   -0.371  -23.970   1945.2    807.4
     1     1    11    10    24     4     0     2  -228.0   -0.361  -23.821   1949.2    807.2
     1     1    11    10    24     3     0     3  -229.0   -0.355  -23.666   1948.7    807.3
     1     1    11    10    24     2     0     2  -230.0   -0.352  -23.507   1947.4    808.1
     1     1    11    10    24     1     0     1  -231.0   -0.354  -23.342   1948.2    808.3
     1     1    11    10    24     0     0     0  -232.0   -0.362  -23.173   1949.2    808.4
     1     1    11    10    23    23     0     1  -233.0   -0.379  -23.001   1949.5    807.7
     1     1    11    10    23    22     0     2  -234.0   -0.412  -22.827   1949.3    807.2
     1     1    11    10    23    21     0     3  -235.0   -0.461  -22.651   1949.2    806.6
     1     1    11    10    23    20     0     2  -236.0   -0.525  -22.472   1951.0    806.3
     1     1    11    10    23    19     0     1  -237.0   -0.601  -22.294   1954.1    805.5
     1     1    11    10    23    18     0     0  -238.0   -0.689  -22.117   1956.3    804.9
     1     1    11    10    23    17     0     1  -239.0   -0.782  -21.938   1956.8    805.0
     1     1    11    10    23    16     0     2  -240.0   -0.873  -21.751   1957.9    805.2
     1     1    11    10    23    15     0     3  -241.0   -0.966  -21.558   1964.2    805.0
     1     1    11    10    23    14     0     2  -242.0   -1.061  -21.362   1977.1    804.1
     1     1    11    10    23    13     0     1  -243.0   -1.161  -21.166   1992.6    802.8
     1     1    11    10    23    12     0     0  -244.0   -1.265  -20.968   2004.5    801.9
     1     1    11    10    23    11     0     1  -245.0   -1.371  -20.771   2016.3    801.2
     1     1    11    10    23    10     0     2  -246.0   -1.477  -20.579   2033.4    799.4
     1     1    11    10    23     9     0     3  -247.0   -1.583  -20.389   2053.9    797.3
     1     1    11    10    23     8     0     2  -248.0   -1.694  -20.202   2069.2    794.8
     1     1    11    10    23     7     0     1  -249.0   -1.814  -20.018   2069.7    794.3
     1     1    11    10    23     6     0     0  -250.0   -1.941  -19.836   2055.2    795.4
     1     1    11    10    23     5     0     1  -251.0   -2.076  -19.654   2034.1    798.1
     1     1    11    10    23     4     0     2  -252.0   -2.218  -19.469   2012.4    800.0
     1     1    11    10    23     3     0     3  -253.0   -2.366  -19.284   1987.8    802.2
     1     1    11    10    23     2     0     2  -254.0   -2.522  -19.101   1963.0    805.3
     1     1    11    10    23     1     0     1  -255.0   -2.684  -18.923   1942.8    807.6
     1     1    11    10    23     0     0     0  -256.0   -2.854  -18.752   1926.4    809.3
     1     1    11    10    22    23     0     1  -257.0   -3.032  -18.586   1916.1    810.4
     1     1    11    10    22    22     0     2  -258.0   -3.219  -18.421   1917.6    810.1
     1     1    11    10    22    21     0     3  -259.0   -3.416  -18.256   1933.9    808.3
     1     1    11    10    22    20     0     2  -260.0   -3.621  -18.092   1962.1    804.9
     1     1    11    10    22    19     0     1  -261.0   -3.829  -17.929   1998.5    801.1
     1     1    11    10    22    18     0     0  -262.0   -4.039  -17.768   2041.5    796.6
     1     1    11    10    22    17     0     1  -263.0   -4.251  -17.611   2078.5    792.3
     1     1    11    10    22    16     0     2  -264.0   -4.465  -17.458   2101.8    790.6
     1     1    11    10    22    15     0     3  -265.0   -4.682  -17.308   2118.9    789.6
     1     1    11    10    22    14     0     2  -266.0   -4.898  -17.168   2136.0    788.7
     1     1    11    10    22    13     0     1  -267.0   -5.109  -17.041   2152.1    787.5
     1     1    11    10    22    12     0     0  -268.0   -5.315  -16.927   2165.0    786.9
     1     1    11    10    22    11     0     1  -269.0   -5.513  -16.817   2181.0    786.0
     1     1    11    10    22    10     0     2  -270.0   -5.698  -16.703   2206.6    783.7
     1     1    11    10    22     9     0     3  -271.0   -5.870  -16.585   2243.5    780.5
     1     1    11    10    22     8     0     2  -272.0   -6.027  -16.467   2279.9    775.7
     1     1    11    10    22     7     0     1  -273.0   -6.173  -16.349   2301.6    773.3
     1     1    11    10    22     6     0     0  -274.0   -6.308  -16.233   2306.0    772.6
     1     1    11    10    22     5     0     1  -275.0   -6.435  -16.113   2305.8    773.9
     1     1    11    10    22     4     0     2  -276.0   -6.552  -15.986   2313.7    773.2
     1     1    11    10    22     3     0     3  -277.0   -6.661  -15.851   2329.0    771.8
     1     1    11    10    22     2     0     2  -278.0   -6.760  -15.708   2343.9    770.0
     1     1    11    10    22     1     0     1  -279.0   -6.847  -15.559   2352.7    769.6
     1     1    11    10    22     0     0     0  -280.0   -6.921  -15.403   2358.3    769.4
