     3     1
    GDAS    11    12     1     0     0
    GDAS    11    12     8     0     0
    GDAS    11    12    15     0     0
     1 BACKWARD OMEGA   
  2011    12    18    15   -8.870  -56.750  4419.6
     1 PRESSURE
     1     1    11    12    18    15     0     3     0.0   -8.870  -56.750   4419.6    584.0
     1     1    11    12    18    14     0     2    -1.0   -8.839  -56.792   4412.6    582.5
     1     1    11    12    18    13     0     1    -2.0   -8.800  -56.829   4356.5    586.2
     1     1    11    12    18    12     0     0    -3.0   -8.753  -56.862   4253.7    593.3
     1     1    11    12    18    11     0     1    -4.0   -8.694  -56.908   4144.7    603.5
     1     1    11    12    18    10     0     2    -5.0   -8.619  -56.979   4070.4    608.3
     1     1    11    12    18     9     0     3    -6.0   -8.535  -57.074   4033.7    610.3
     1     1    11    12    18     8     0     2    -7.0   -8.449  -57.172   4015.1    609.7
     1     1    11    12    18     7     0     1    -8.0   -8.365  -57.258   3990.8    611.4
     1     1    11    12    18     6     0     0    -9.0   -8.281  -57.334   3959.9    613.9
     1     1    11    12    18     5     0     1   -10.0   -8.197  -57.407   3933.2    617.6
     1     1    11    12    18     4     0     2   -11.0   -8.115  -57.479   3918.7    619.7
     1     1    11    12    18     3     0     3   -12.0   -8.035  -57.553   3910.4    621.6
     1     1    11    12    18     2     0     2   -13.0   -7.957  -57.630   3893.3    623.6
     1     1    11    12    18     1     0     1   -14.0   -7.884  -57.715   3856.9    628.3
     1     1    11    12    18     0     0     0   -15.0   -7.816  -57.808   3806.3    634.1
     1     1    11    12    17    23     0     1   -16.0   -7.757  -57.907   3757.9    640.0
     1     1    11    12    17    22     0     2   -17.0   -7.707  -58.010   3723.4    643.3
     1     1    11    12    17    21     0     3   -18.0   -7.661  -58.113   3695.0    644.5
     1     1    11    12    17    20     0     2   -19.0   -7.615  -58.215   3660.8    646.4
     1     1    11    12    17    19     0     1   -20.0   -7.562  -58.315   3619.1    650.7
     1     1    11    12    17    18     0     0   -21.0   -7.504  -58.415   3589.2    654.1
     1     1    11    12    17    17     0     1   -22.0   -7.446  -58.514   3564.6    655.0
     1     1    11    12    17    16     0     2   -23.0   -7.387  -58.610   3524.3    658.3
     1     1    11    12    17    15     0     3   -24.0   -7.324  -58.700   3460.4    663.6
     1     1    11    12    17    14     0     2   -25.0   -7.250  -58.782   3402.9    671.1
     1     1    11    12    17    13     0     1   -26.0   -7.171  -58.855   3385.3    672.7
     1     1    11    12    17    12     0     0   -27.0   -7.087  -58.921   3407.2    671.2
     1     1    11    12    17    11     0     1   -28.0   -7.006  -58.994   3447.5    666.0
     1     1    11    12    17    10     0     2   -29.0   -6.929  -59.084   3469.6    662.8
     1     1    11    12    17     9     0     3   -30.0   -6.852  -59.188   3452.3    663.0
     1     1    11    12    17     8     0     2   -31.0   -6.769  -59.289   3414.7    668.3
     1     1    11    12    17     7     0     1   -32.0   -6.679  -59.384   3389.6    670.8
     1     1    11    12    17     6     0     0   -33.0   -6.585  -59.473   3385.6    671.6
     1     1    11    12    17     5     0     1   -34.0   -6.490  -59.554   3403.7    670.2
     1     1    11    12    17     4     0     2   -35.0   -6.395  -59.627   3437.2    667.6
     1     1    11    12    17     3     0     3   -36.0   -6.297  -59.693   3474.8    664.3
     1     1    11    12    17     2     0     2   -37.0   -6.196  -59.748   3511.3    661.2
     1     1    11    12    17     1     0     1   -38.0   -6.090  -59.792   3556.8    658.0
     1     1    11    12    17     0     0     0   -39.0   -5.985  -59.827   3630.7    652.8
     1     1    11    12    16    23     0     1   -40.0   -5.888  -59.862   3704.5    643.7
     1     1    11    12    16    22     0     2   -41.0   -5.801  -59.905   3736.6    640.9
     1     1    11    12    16    21     0     3   -42.0   -5.720  -59.955   3727.5    641.4
     1     1    11    12    16    20     0     2   -43.0   -5.636  -60.009   3696.2    645.9
     1     1    11    12    16    19     0     1   -44.0   -5.545  -60.058   3662.8    649.1
     1     1    11    12    16    18     0     0   -45.0   -5.446  -60.102   3636.7    652.3
     1     1    11    12    16    17     0     1   -46.0   -5.345  -60.137   3627.8    653.7
     1     1    11    12    16    16     0     2   -47.0   -5.250  -60.164   3638.4    653.4
     1     1    11    12    16    15     0     3   -48.0   -5.165  -60.184   3670.3    651.5
     1     1    11    12    16    14     0     2   -49.0   -5.090  -60.194   3707.5    647.4
     1     1    11    12    16    13     0     1   -50.0   -5.020  -60.187   3730.3    645.6
     1     1    11    12    16    12     0     0   -51.0   -4.955  -60.164   3734.6    645.2
     1     1    11    12    16    11     0     1   -52.0   -4.890  -60.144   3723.1    646.1
     1     1    11    12    16    10     0     2   -53.0   -4.827  -60.148   3702.3    647.5
     1     1    11    12    16     9     0     3   -54.0   -4.769  -60.176   3673.7    649.5
     1     1    11    12    16     8     0     2   -55.0   -4.719  -60.210   3649.7    652.2
     1     1    11    12    16     7     0     1   -56.0   -4.677  -60.230   3641.3    652.8
     1     1    11    12    16     6     0     0   -57.0   -4.642  -60.239   3648.0    652.2
     1     1    11    12    16     5     0     1   -58.0   -4.611  -60.240   3664.9    650.8
     1     1    11    12    16     4     0     2   -59.0   -4.579  -60.236   3686.4    649.3
     1     1    11    12    16     3     0     3   -60.0   -4.546  -60.228   3710.8    647.6
     1     1    11    12    16     2     0     2   -61.0   -4.516  -60.223   3728.2    645.5
     1     1    11    12    16     1     0     1   -62.0   -4.500  -60.231   3731.6    645.3
     1     1    11    12    16     0     0     0   -63.0   -4.497  -60.252   3722.2    646.0
     1     1    11    12    15    23     0     1   -64.0   -4.500  -60.277   3689.4    647.3
     1     1    11    12    15    22     0     2   -65.0   -4.500  -60.294   3625.2    652.0
     1     1    11    12    15    21     0     3   -66.0   -4.499  -60.301   3531.6    659.0
     1     1    11    12    15    20     0     2   -67.0   -4.502  -60.302   3443.3    669.3
     1     1    11    12    15    19     0     1   -68.0   -4.514  -60.306   3393.4    673.7
     1     1    11    12    15    18     0     0   -69.0   -4.535  -60.315   3379.5    675.3
     1     1    11    12    15    17     0     1   -70.0   -4.558  -60.331   3387.3    673.9
     1     1    11    12    15    16     0     2   -71.0   -4.577  -60.355   3404.8    672.9
     1     1    11    12    15    15     0     3   -72.0   -4.591  -60.385   3434.2    671.0
     1     1    11    12    15    14     0     2   -73.0   -4.600  -60.422   3461.3    667.5
     1     1    11    12    15    13     0     1   -74.0   -4.608  -60.465   3468.3    666.8
     1     1    11    12    15    12     0     0   -75.0   -4.614  -60.513   3453.9    667.8
     1     1    11    12    15    11     0     1   -76.0   -4.608  -60.563   3423.8    670.4
     1     1    11    12    15    10     0     2   -77.0   -4.581  -60.608   3383.0    673.3
     1     1    11    12    15     9     0     3   -78.0   -4.531  -60.650   3326.8    677.4
     1     1    11    12    15     8     0     2   -79.0   -4.468  -60.681   3262.3    683.9
     1     1    11    12    15     7     0     1   -80.0   -4.405  -60.695   3209.0    689.0
     1     1    11    12    15     6     0     0   -81.0   -4.343  -60.690   3177.5    692.2
     1     1    11    12    15     5     0     1   -82.0   -4.279  -60.667   3159.0    693.0
     1     1    11    12    15     4     0     2   -83.0   -4.210  -60.626   3139.5    695.0
     1     1    11    12    15     3     0     3   -84.0   -4.140  -60.569   3116.4    697.1
     1     1    11    12    15     2     0     2   -85.0   -4.068  -60.500   3105.6    699.1
     1     1    11    12    15     1     0     1   -86.0   -3.999  -60.429   3126.8    697.1
     1     1    11    12    15     0     0     0   -87.0   -3.933  -60.365   3181.5    692.1
     1     1    11    12    14    23     0     1   -88.0   -3.868  -60.309   3243.1    684.5
     1     1    11    12    14    22     0     2   -89.0   -3.802  -60.256   3288.9    680.4
     1     1    11    12    14    21     0     3   -90.0   -3.735  -60.208   3324.0    677.4
     1     1    11    12    14    20     0     2   -91.0   -3.672  -60.164   3359.2    675.6
     1     1    11    12    14    19     0     1   -92.0   -3.615  -60.128   3399.4    672.6
     1     1    11    12    14    18     0     0   -93.0   -3.564  -60.098   3439.1    669.6
     1     1    11    12    14    17     0     1   -94.0   -3.520  -60.072   3480.6    667.0
     1     1    11    12    14    16     0     2   -95.0   -3.485  -60.048   3530.3    663.5
     1     1    11    12    14    15     0     3   -96.0   -3.458  -60.028   3590.3    659.1
     1     1    11    12    14    14     0     2   -97.0   -3.438  -60.009   3644.4    653.3
     1     1    11    12    14    13     0     1   -98.0   -3.420  -59.984   3676.5    650.7
     1     1    11    12    14    12     0     0   -99.0   -3.403  -59.948   3686.5    649.7
     1     1    11    12    14    11     0     1  -100.0   -3.378  -59.898   3696.2    650.3
     1     1    11    12    14    10     0     2  -101.0   -3.334  -59.832   3725.4    647.5
     1     1    11    12    14     9     0     3  -102.0   -3.274  -59.751   3771.3    643.5
     1     1    11    12    14     8     0     2  -103.0   -3.210  -59.658   3815.0    638.7
     1     1    11    12    14     7     0     1  -104.0   -3.156  -59.557   3838.0    636.9
     1     1    11    12    14     6     0     0  -105.0   -3.111  -59.448   3841.2    636.6
     1     1    11    12    14     5     0     1  -106.0   -3.068  -59.332   3828.0    638.1
     1     1    11    12    14     4     0     2  -107.0   -3.021  -59.212   3807.1    640.3
     1     1    11    12    14     3     0     3  -108.0   -2.969  -59.088   3790.1    642.1
     1     1    11    12    14     2     0     2  -109.0   -2.913  -58.966   3780.8    642.1
     1     1    11    12    14     1     0     1  -110.0   -2.853  -58.848   3771.3    642.3
     1     1    11    12    14     0     0     0  -111.0   -2.787  -58.731   3757.1    643.5
     1     1    11    12    13    23     0     1  -112.0   -2.713  -58.612   3757.9    644.6
     1     1    11    12    13    22     0     2  -113.0   -2.630  -58.490   3782.6    641.9
     1     1    11    12    13    21     0     3  -114.0   -2.540  -58.364   3817.5    638.5
     1     1    11    12    13    20     0     2  -115.0   -2.448  -58.238   3843.3    635.9
     1     1    11    12    13    19     0     1  -116.0   -2.354  -58.112   3859.5    636.0
     1     1    11    12    13    18     0     0  -117.0   -2.258  -57.985   3887.6    635.0
     1     1    11    12    13    17     0     1  -118.0   -2.157  -57.867   3938.2    631.2
     1     1    11    12    13    16     0     2  -119.0   -2.053  -57.771   4011.8    625.4
     1     1    11    12    13    15     0     3  -120.0   -1.946  -57.700   4103.9    618.2
     1     1    11    12    13    14     0     2  -121.0   -1.838  -57.646   4182.9    609.6
     1     1    11    12    13    13     0     1  -122.0   -1.731  -57.592   4225.8    606.2
     1     1    11    12    13    12     0     0  -123.0   -1.625  -57.534   4244.9    604.7
     1     1    11    12    13    11     0     1  -124.0   -1.527  -57.469   4256.2    603.7
     1     1    11    12    13    10     0     2  -125.0   -1.442  -57.394   4263.1    602.0
     1     1    11    12    13     9     0     3  -126.0   -1.368  -57.305   4253.7    601.5
     1     1    11    12    13     8     0     2  -127.0   -1.295  -57.200   4246.5    603.4
     1     1    11    12    13     7     0     1  -128.0   -1.215  -57.094   4269.6    601.5
     1     1    11    12    13     6     0     0  -129.0   -1.128  -56.993   4332.8    596.6
     1     1    11    12    13     5     0     1  -130.0   -1.038  -56.891   4408.0    588.0
     1     1    11    12    13     4     0     2  -131.0   -0.950  -56.780   4463.0    582.9
     1     1    11    12    13     3     0     3  -132.0   -0.862  -56.663   4492.9    579.7
     1     1    11    12    13     2     0     2  -133.0   -0.768  -56.543   4495.9    578.2
     1     1    11    12    13     1     0     1  -134.0   -0.662  -56.422   4478.1    578.4
     1     1    11    12    13     0     0     0  -135.0   -0.545  -56.302   4450.3    579.3
     1     1    11    12    12    23     0     1  -136.0   -0.429  -56.184   4442.1    580.1
     1     1    11    12    12    22     0     2  -137.0   -0.323  -56.076   4475.2    576.1
     1     1    11    12    12    21     0     3  -138.0   -0.228  -55.978   4545.3    569.8
     1     1    11    12    12    20     0     2  -139.0   -0.142  -55.886   4624.0    562.0
     1     1    11    12    12    19     0     1  -140.0   -0.061  -55.795   4686.2    557.3
     1     1    11    12    12    18     0     0  -141.0    0.016  -55.701   4735.6    553.6
     1     1    11    12    12    17     0     1  -142.0    0.090  -55.612   4774.3    551.0
     1     1    11    12    12    16     0     2  -143.0    0.158  -55.534   4798.7    549.3
     1     1    11    12    12    15     0     3  -144.0    0.223  -55.467   4805.1    549.0
     1     1    11    12    12    14     0     2  -145.0    0.278  -55.406   4809.4    549.8
     1     1    11    12    12    13     0     1  -146.0    0.320  -55.347   4830.4    548.1
     1     1    11    12    12    12     0     0  -147.0    0.346  -55.288   4868.5    545.3
     1     1    11    12    12    11     0     1  -148.0    0.367  -55.226   4921.3    540.9
     1     1    11    12    12    10     0     2  -149.0    0.397  -55.158   4986.9    535.8
     1     1    11    12    12     9     0     3  -150.0    0.435  -55.085   5064.4    530.0
     1     1    11    12    12     8     0     2  -151.0    0.473  -55.011   5136.9    524.0
     1     1    11    12    12     7     0     1  -152.0    0.507  -54.940   5189.1    520.8
     1     1    11    12    12     6     0     0  -153.0    0.536  -54.871   5218.1    519.2
     1     1    11    12    12     5     0     1  -154.0    0.564  -54.796   5226.3    519.6
     1     1    11    12    12     4     0     2  -155.0    0.591  -54.710   5217.8    520.9
     1     1    11    12    12     3     0     3  -156.0    0.620  -54.615   5194.8    523.3
     1     1    11    12    12     2     0     2  -157.0    0.651  -54.517   5172.1    526.0
     1     1    11    12    12     1     0     1  -158.0    0.682  -54.420   5163.6    527.0
     1     1    11    12    12     0     0     0  -159.0    0.712  -54.321   5169.9    526.9
     1     1    11    12    11    23     0     1  -160.0    0.736  -54.224   5195.1    525.6
     1     1    11    12    11    22     0     2  -161.0    0.744  -54.133   5245.1    522.5
     1     1    11    12    11    21     0     3  -162.0    0.734  -54.050   5323.1    517.4
     1     1    11    12    11    20     0     2  -163.0    0.708  -53.968   5401.3    510.9
     1     1    11    12    11    19     0     1  -164.0    0.676  -53.877   5449.4    508.5
     1     1    11    12    11    18     0     0  -165.0    0.643  -53.780   5469.1    508.1
     1     1    11    12    11    17     0     1  -166.0    0.603  -53.678   5462.8    509.5
     1     1    11    12    11    16     0     2  -167.0    0.551  -53.572   5433.1    512.4
     1     1    11    12    11    15     0     3  -168.0    0.489  -53.459   5382.8    516.9
     1     1    11    12    11    14     0     2  -169.0    0.423  -53.342   5333.8    522.3
     1     1    11    12    11    13     0     1  -170.0    0.354  -53.225   5303.4    525.0
     1     1    11    12    11    12     0     0  -171.0    0.280  -53.108   5285.9    527.0
     1     1    11    12    11    11     0     1  -172.0    0.204  -52.989   5272.6    528.3
     1     1    11    12    11    10     0     2  -173.0    0.134  -52.870   5255.6    529.2
     1     1    11    12    11     9     0     3  -174.0    0.067  -52.752   5237.3    530.1
     1     1    11    12    11     8     0     2  -175.0    0.008  -52.633   5221.1    531.3
     1     1    11    12    11     7     0     1  -176.0   -0.039  -52.512   5212.2    531.8
     1     1    11    12    11     6     0     0  -177.0   -0.073  -52.389   5213.7    531.7
     1     1    11    12    11     5     0     1  -178.0   -0.096  -52.266   5220.8    531.1
     1     1    11    12    11     4     0     2  -179.0   -0.111  -52.148   5229.2    530.8
     1     1    11    12    11     3     0     3  -180.0   -0.117  -52.033   5240.7    530.4
     1     1    11    12    11     2     0     2  -181.0   -0.120  -51.922   5262.6    529.9
     1     1    11    12    11     1     0     1  -182.0   -0.127  -51.811   5297.1    528.7
     1     1    11    12    11     0     0     0  -183.0   -0.138  -51.702   5343.1    526.8
     1     1    11    12    10    23     0     1  -184.0   -0.147  -51.592   5402.4    523.8
     1     1    11    12    10    22     0     2  -185.0   -0.146  -51.483   5475.2    519.7
     1     1    11    12    10    21     0     3  -186.0   -0.135  -51.374   5559.2    514.9
     1     1    11    12    10    20     0     2  -187.0   -0.120  -51.268   5639.1    509.8
     1     1    11    12    10    19     0     1  -188.0   -0.103  -51.163   5700.8    507.0
     1     1    11    12    10    18     0     0  -189.0   -0.085  -51.058   5745.2    505.3
     1     1    11    12    10    17     0     1  -190.0   -0.065  -50.956   5784.0    504.5
     1     1    11    12    10    16     0     2  -191.0   -0.043  -50.860   5828.5    501.9
     1     1    11    12    10    15     0     3  -192.0   -0.019  -50.766   5878.4    498.9
     1     1    11    12    10    14     0     2  -193.0    0.004  -50.667   5921.7    495.4
     1     1    11    12    10    13     0     1  -194.0    0.024  -50.554   5948.8    493.6
     1     1    11    12    10    12     0     0  -195.0    0.044  -50.424   5959.9    492.8
     1     1    11    12    10    11     0     1  -196.0    0.066  -50.285   5969.7    492.7
     1     1    11    12    10    10     0     2  -197.0    0.090  -50.148   5992.3    490.9
     1     1    11    12    10     9     0     3  -198.0    0.111  -50.013   6029.4    488.2
     1     1    11    12    10     8     0     2  -199.0    0.130  -49.874   6062.9    485.0
     1     1    11    12    10     7     0     1  -200.0    0.148  -49.728   6077.2    484.3
     1     1    11    12    10     6     0     0  -201.0    0.168  -49.577   6075.8    484.5
     1     1    11    12    10     5     0     1  -202.0    0.193  -49.419   6069.5    485.8
     1     1    11    12    10     4     0     2  -203.0    0.224  -49.253   6068.7    486.2
     1     1    11    12    10     3     0     3  -204.0    0.264  -49.080   6075.7    486.2
     1     1    11    12    10     2     0     2  -205.0    0.312  -48.904   6094.2    485.2
     1     1    11    12    10     1     0     1  -206.0    0.370  -48.727   6123.2    483.2
     1     1    11    12    10     0     0     0  -207.0    0.438  -48.549   6156.1    481.0
     1     1    11    12     9    23     0     1  -208.0    0.514  -48.377   6186.6    478.6
     1     1    11    12     9    22     0     2  -209.0    0.593  -48.218   6211.7    476.8
     1     1    11    12     9    21     0     3  -210.0    0.678  -48.073   6232.0    475.3
     1     1    11    12     9    20     0     2  -211.0    0.766  -47.935   6247.4    474.4
     1     1    11    12     9    19     0     1  -212.0    0.854  -47.795   6257.7    473.8
     1     1    11    12     9    18     0     0  -213.0    0.944  -47.653   6261.1    473.5
     1     1    11    12     9    17     0     1  -214.0    1.035  -47.504   6264.3    474.1
     1     1    11    12     9    16     0     2  -215.0    1.124  -47.343   6274.9    473.7
     1     1    11    12     9    15     0     3  -216.0    1.213  -47.170   6291.1    472.9
     1     1    11    12     9    14     0     2  -217.0    1.296  -46.986   6300.8    471.6
     1     1    11    12     9    13     0     1  -218.0    1.367  -46.789   6294.8    472.0
     1     1    11    12     9    12     0     0  -219.0    1.426  -46.580   6272.0    473.2
     1     1    11    12     9    11     0     1  -220.0    1.484  -46.368   6243.2    475.4
     1     1    11    12     9    10     0     2  -221.0    1.550  -46.164   6223.3    476.4
     1     1    11    12     9     9     0     3  -222.0    1.624  -45.970   6216.3    476.6
     1     1    11    12     9     8     0     2  -223.0    1.700  -45.783   6218.7    476.2
     1     1    11    12     9     7     0     1  -224.0    1.770  -45.598   6221.5    475.9
     1     1    11    12     9     6     0     0  -225.0    1.832  -45.417   6219.0    476.0
     1     1    11    12     9     5     0     1  -226.0    1.889  -45.241   6222.6    476.9
     1     1    11    12     9     4     0     2  -227.0    1.942  -45.073   6253.6    475.8
     1     1    11    12     9     3     0     3  -228.0    1.990  -44.915   6319.9    472.2
     1     1    11    12     9     2     0     2  -229.0    2.034  -44.772   6399.7    466.1
     1     1    11    12     9     1     0     1  -230.0    2.079  -44.640   6469.7    461.9
     1     1    11    12     9     0     0     0  -231.0    2.128  -44.512   6528.6    458.4
     1     1    11    12     8    23     0     1  -232.0    2.175  -44.377   6560.8    455.4
     1     1    11    12     8    22     0     2  -233.0    2.220  -44.224   6553.9    455.7
     1     1    11    12     8    21     0     3  -234.0    2.268  -44.051   6513.4    458.1
     1     1    11    12     8    20     0     2  -235.0    2.321  -43.859   6482.4    462.2
     1     1    11    12     8    19     0     1  -236.0    2.371  -43.657   6497.9    461.1
     1     1    11    12     8    18     0     0  -237.0    2.412  -43.448   6557.1    457.4
     1     1    11    12     8    17     0     1  -238.0    2.443  -43.235   6627.7    451.8
     1     1    11    12     8    16     0     2  -239.0    2.471  -43.018   6678.4    449.0
     1     1    11    12     8    15     0     3  -240.0    2.496  -42.792   6701.8    447.5
     1     1    11    12     8    14     0     2  -241.0    2.517  -42.551   6712.8    448.1
     1     1    11    12     8    13     0     1  -242.0    2.523  -42.294   6729.8    446.9
     1     1    11    12     8    12     0     0  -243.0    2.513  -42.024   6748.8    445.7
     1     1    11    12     8    11     0     1  -244.0    2.491  -41.756   6774.4    444.3
     1     1    11    12     8    10     0     2  -245.0    2.459  -41.501   6816.8    441.8
     1     1    11    12     8     9     0     3  -246.0    2.414  -41.256   6884.1    437.9
     1     1    11    12     8     8     0     2  -247.0    2.351  -41.019   6967.5    432.4
     1     1    11    12     8     7     0     1  -248.0    2.277  -40.788   7049.6    427.6
     1     1    11    12     8     6     0     0  -249.0    2.204  -40.560   7135.1    423.4
     1     1    11    12     8     5     0     1  -250.0    2.126  -40.331   7255.7    418.3
     1     1    11    12     8     4     0     2  -251.0    2.029  -40.096   7458.1    408.7
     1     1    11    12     8     3     0     3  -252.0    1.898  -39.861   7747.4    392.2
     1     1    11    12     8     2     0     2  -253.0    1.759  -39.653   7952.3    375.1
     1     1    11    12     8     1     0     1  -254.0    1.623  -39.473   8028.5    374.4
     1     1    11    12     8     0     0     0  -255.0    1.482  -39.307   8046.7    374.6
     1     1    11    12     7    23     0     1  -256.0    1.331  -39.163   8052.5    375.5
     1     1    11    12     7    22     0     2  -257.0    1.174  -39.059   8056.1    374.6
     1     1    11    12     7    21     0     3  -258.0    1.021  -39.001   8037.2    375.0
     1     1    11    12     7    20     0     2  -259.0    0.873  -38.974   8002.3    377.5
     1     1    11    12     7    19     0     1  -260.0    0.734  -38.963   7973.0    379.0
     1     1    11    12     7    18     0     0  -261.0    0.603  -38.968   7955.4    380.0
     1     1    11    12     7    17     0     1  -262.0    0.495  -38.977   7930.4    380.4
     1     1    11    12     7    16     0     2  -263.0    0.418  -38.978   7873.2    383.5
     1     1    11    12     7    15     0     3  -264.0    0.364  -38.973   7781.9    388.4
     1     1    11    12     7    14     0     2  -265.0    0.325  -38.968   7703.9    394.9
     1     1    11    12     7    13     0     1  -266.0    0.305  -38.964   7685.2    395.8
     1     1    11    12     7    12     0     0  -267.0    0.309  -38.958   7725.3    393.8
     1     1    11    12     7    11     0     1  -268.0    0.336  -38.946   7783.5    388.4
     1     1    11    12     7    10     0     2  -269.0    0.377  -38.925   7815.2    386.4
     1     1    11    12     7     9     0     3  -270.0    0.429  -38.896   7816.5    386.0
     1     1    11    12     7     8     0     2  -271.0    0.490  -38.861   7818.2    387.4
     1     1    11    12     7     7     0     1  -272.0    0.564  -38.820   7852.7    385.5
     1     1    11    12     7     6     0     0  -273.0    0.656  -38.767   7920.4    382.0
     1     1    11    12     7     5     0     1  -274.0    0.768  -38.702   7996.9    377.0
     1     1    11    12     7     4     0     2  -275.0    0.893  -38.628   8060.5    374.1
     1     1    11    12     7     3     0     3  -276.0    1.030  -38.545   8117.7    371.5
     1     1    11    12     7     2     0     2  -277.0    1.167  -38.457   8168.6    369.0
     1     1    11    12     7     1     0     1  -278.0    1.293  -38.368   8211.0    367.0
     1     1    11    12     7     0     0     0  -279.0    1.411  -38.282   8246.5    365.4
     1     1    11    12     6    23     0     1  -280.0    1.518  -38.197   8272.9    363.8
     1     1    11    12     6    22     0     2  -281.0    1.615  -38.108   8285.2    363.1
     1     1    11    12     6    21     0     3  -282.0    1.701  -38.019   8279.7    363.2
     1     1    11    12     6    20     0     2  -283.0    1.782  -37.924   8279.9    364.3
     1     1    11    12     6    19     0     1  -284.0    1.868  -37.819   8313.9    362.7
     1     1    11    12     6    18     0     0  -285.0    1.965  -37.703   8388.3    359.1
     1     1    11    12     6    17     0     1  -286.0    2.081  -37.571   8477.2    353.5
     1     1    11    12     6    16     0     2  -287.0    2.214  -37.421   8539.8    350.3
     1     1    11    12     6    15     0     3  -288.0    2.364  -37.261   8563.1    349.2
     1     1    11    12     6    14     0     2  -289.0    2.525  -37.098   8556.4    350.2
     1     1    11    12     6    13     0     1  -290.0    2.685  -36.933   8526.1    351.2
     1     1    11    12     6    12     0     0  -291.0    2.834  -36.764   8447.4    354.2
     1     1    11    12     6    11     0     1  -292.0    2.960  -36.589   8323.6    360.9
     1     1    11    12     6    10     0     2  -293.0    3.063  -36.411   8204.1    368.2
     1     1    11    12     6     9     0     3  -294.0    3.158  -36.237   8127.6    372.3
     1     1    11    12     6     8     0     2  -295.0    3.253  -36.071   8074.0    373.3
     1     1    11    12     6     7     0     1  -296.0    3.344  -35.910   8013.0    376.3
     1     1    11    12     6     6     0     0  -297.0    3.430  -35.754   7947.0    379.7
     1     1    11    12     6     5     0     1  -298.0    3.512  -35.601   7884.3    383.3
     1     1    11    12     6     4     0     2  -299.0    3.595  -35.449   7838.7    386.2
     1     1    11    12     6     3     0     3  -300.0    3.686  -35.292   7825.1    387.5
     1     1    11    12     6     2     0     2  -301.0    3.780  -35.141   7795.0    386.3
     1     1    11    12     6     1     0     1  -302.0    3.867  -35.001   7715.6    391.2
     1     1    11    12     6     0     0     0  -303.0    3.944  -34.865   7595.7    397.3
     1     1    11    12     5    23     0     1  -304.0    4.015  -34.723   7451.6    406.1
     1     1    11    12     5    22     0     2  -305.0    4.089  -34.577   7307.5    414.0
     1     1    11    12     5    21     0     3  -306.0    4.168  -34.430   7168.1    421.4
     1     1    11    12     5    20     0     2  -307.0    4.253  -34.280   7024.1    428.8
     1     1    11    12     5    19     0     1  -308.0    4.343  -34.119   6876.8    437.3
     1     1    11    12     5    18     0     0  -309.0    4.440  -33.952   6731.8    445.6
     1     1    11    12     5    17     0     1  -310.0    4.538  -33.776   6591.4    454.2
     1     1    11    12     5    16     0     2  -311.0    4.636  -33.588   6453.6    462.3
     1     1    11    12     5    15     0     3  -312.0    4.737  -33.385   6301.1    471.0
     1     1    11    12     5    14     0     2  -313.0    4.838  -33.166   6117.0    482.1
     1     1    11    12     5    13     0     1  -314.0    4.940  -32.933   5902.3    496.0
     1     1    11    12     5    12     0     0  -315.0    5.046  -32.691   5710.6    511.3
     1     1    11    12     5    11     0     1  -316.0    5.156  -32.450   5575.0    519.4
     1     1    11    12     5    10     0     2  -317.0    5.271  -32.219   5463.0    525.1
     1     1    11    12     5     9     0     3  -318.0    5.390  -31.998   5339.6    532.4
     1     1    11    12     5     8     0     2  -319.0    5.510  -31.787   5222.3    542.3
     1     1    11    12     5     7     0     1  -320.0    5.629  -31.587   5129.5    547.7
     1     1    11    12     5     6     0     0  -321.0    5.747  -31.396   5039.1    553.0
     1     1    11    12     5     5     0     1  -322.0    5.862  -31.214   4966.6    560.1
     1     1    11    12     5     4     0     2  -323.0    5.968  -31.039   4942.0    562.2
     1     1    11    12     5     3     0     3  -324.0    6.063  -30.872   4971.7    560.5
     1     1    11    12     5     2     0     2  -325.0    6.146  -30.707   5021.0    554.7
     1     1    11    12     5     1     0     1  -326.0    6.216  -30.539   5050.8    552.8
     1     1    11    12     5     0     0     0  -327.0    6.271  -30.369   5055.5    552.5
     1     1    11    12     4    23     0     1  -328.0    6.311  -30.195   5045.3    553.9
     1     1    11    12     4    22     0     2  -329.0    6.336  -30.016   5037.9    554.6
     1     1    11    12     4    21     0     3  -330.0    6.349  -29.831   5032.1    554.4
     1     1    11    12     4    20     0     2  -331.0    6.355  -29.641   5005.7    554.9
     1     1    11    12     4    19     0     1  -332.0    6.361  -29.449   4948.2    559.1
     1     1    11    12     4    18     0     0  -333.0    6.364  -29.251   4869.2    564.8
     1     1    11    12     4    17     0     1  -334.0    6.367  -29.050   4793.6    571.7
     1     1    11    12     4    16     0     2  -335.0    6.374  -28.851   4741.1    575.6
     1     1    11    12     4    15     0     3  -336.0    6.383  -28.656   4706.0    577.9
