     3     1
    GDAS    11     2    15     0     0
    GDAS    11     2    22     0     0
    GDAS    11     3     1     0     0
     1 BACKWARD OMEGA   
  2011     3     1    16   -8.860  -56.770  2133.6
     1 PRESSURE
     1     1    11     3     1    16     0     2     0.0   -8.860  -56.770   2133.6    768.4
     1     1    11     3     1    15     0     3    -1.0   -8.696  -57.009   2061.0    774.2
     1     1    11     3     1    14     0     2    -2.0   -8.535  -57.237   2009.6    780.5
     1     1    11     3     1    13     0     1    -3.0   -8.376  -57.466   1987.2    781.4
     1     1    11     3     1    12     0     0    -4.0   -8.216  -57.698   1962.1    786.0
     1     1    11     3     1    11     0     1    -5.0   -8.069  -57.929   1919.0    794.7
     1     1    11     3     1    10     0     2    -6.0   -7.947  -58.147   1868.5    802.9
     1     1    11     3     1     9     0     3    -7.0   -7.851  -58.343   1830.2    805.6
     1     1    11     3     1     8     0     2    -8.0   -7.773  -58.526   1804.4    807.5
     1     1    11     3     1     7     0     1    -9.0   -7.709  -58.704   1787.6    808.8
     1     1    11     3     1     6     0     0   -10.0   -7.658  -58.870   1777.7    809.7
     1     1    11     3     1     5     0     1   -11.0   -7.618  -59.026   1776.1    810.5
     1     1    11     3     1     4     0     2   -12.0   -7.588  -59.172   1781.5    810.6
     1     1    11     3     1     3     0     3   -13.0   -7.569  -59.309   1790.1    810.4
     1     1    11     3     1     2     0     2   -14.0   -7.560  -59.447   1788.1    809.4
     1     1    11     3     1     1     0     1   -15.0   -7.561  -59.596   1766.6    811.7
     1     1    11     3     1     0     0     0   -16.0   -7.569  -59.756   1732.7    815.1
     1     1    11     2    28    23     0     1   -17.0   -7.580  -59.926   1698.1    819.0
     1     1    11     2    28    22     0     2   -18.0   -7.590  -60.107   1670.3    821.3
     1     1    11     2    28    21     0     3   -19.0   -7.598  -60.300   1647.0    823.0
     1     1    11     2    28    20     0     2   -20.0   -7.609  -60.494   1624.0    825.4
     1     1    11     2    28    19     0     1   -21.0   -7.630  -60.679   1595.5    828.4
     1     1    11     2    28    18     0     0   -22.0   -7.663  -60.853   1555.6    832.5
     1     1    11     2    28    17     0     1   -23.0   -7.712  -61.018   1513.0    838.5
     1     1    11     2    28    16     0     2   -24.0   -7.778  -61.180   1483.8    842.4
     1     1    11     2    28    15     0     3   -25.0   -7.860  -61.340   1474.9    844.1
     1     1    11     2    28    14     0     2   -26.0   -7.957  -61.501   1474.0    842.6
     1     1    11     2    28    13     0     1   -27.0   -8.068  -61.666   1460.5    842.9
     1     1    11     2    28    12     0     0   -28.0   -8.196  -61.831   1424.9    845.0
     1     1    11     2    28    11     0     1   -29.0   -8.332  -61.986   1387.9    849.4
     1     1    11     2    28    10     0     2   -30.0   -8.463  -62.120   1375.7    849.6
     1     1    11     2    28     9     0     3   -31.0   -8.584  -62.232   1389.4    847.5
     1     1    11     2    28     8     0     2   -32.0   -8.702  -62.327   1406.8    843.6
     1     1    11     2    28     7     0     1   -33.0   -8.821  -62.413   1402.6    843.6
     1     1    11     2    28     6     0     0   -34.0   -8.939  -62.494   1370.1    846.5
     1     1    11     2    28     5     0     1   -35.0   -9.060  -62.572   1321.9    852.9
     1     1    11     2    28     4     0     2   -36.0   -9.193  -62.643   1275.5    857.5
     1     1    11     2    28     3     0     3   -37.0   -9.336  -62.701   1231.4    861.2
     1     1    11     2    28     2     0     2   -38.0   -9.491  -62.745   1205.3    864.6
     1     1    11     2    28     1     0     1   -39.0   -9.662  -62.772   1224.4    862.0
     1     1    11     2    28     0     0     0   -40.0   -9.851  -62.794   1313.8    852.8
     1     1    11     2    27    23     0     1   -41.0  -10.045  -62.833   1473.8    833.8
     1     1    11     2    27    22     0     2   -42.0  -10.235  -62.894   1658.2    811.5
     1     1    11     2    27    21     0     3   -43.0  -10.434  -62.980   1821.0    792.7
     1     1    11     2    27    20     0     2   -44.0  -10.648  -63.085   1921.1    779.6
     1     1    11     2    27    19     0     1   -45.0  -10.862  -63.194   1959.0    776.7
     1     1    11     2    27    18     0     0   -46.0  -11.062  -63.306   1988.1    776.6
     1     1    11     2    27    17     0     1   -47.0  -11.263  -63.405   2032.7    774.5
     1     1    11     2    27    16     0     2   -48.0  -11.479  -63.485   2072.4    772.1
     1     1    11     2    27    15     0     3   -49.0  -11.696  -63.564   2090.9    772.5
     1     1    11     2    27    14     0     2   -50.0  -11.907  -63.639   2113.7    775.0
     1     1    11     2    27    13     0     1   -51.0  -12.110  -63.695   2160.9    770.4
     1     1    11     2    27    12     0     0   -52.0  -12.307  -63.734   2213.5    764.2
     1     1    11     2    27    11     0     1   -53.0  -12.497  -63.756   2248.2    759.4
     1     1    11     2    27    10     0     2   -54.0  -12.681  -63.763   2263.1    758.4
     1     1    11     2    27     9     0     3   -55.0  -12.858  -63.755   2275.9    757.5
     1     1    11     2    27     8     0     2   -56.0  -13.025  -63.735   2293.6    755.9
     1     1    11     2    27     7     0     1   -57.0  -13.179  -63.705   2312.7    753.9
     1     1    11     2    27     6     0     0   -58.0  -13.323  -63.667   2329.4    752.4
     1     1    11     2    27     5     0     1   -59.0  -13.457  -63.627   2344.7    751.3
     1     1    11     2    27     4     0     2   -60.0  -13.580  -63.589   2359.2    750.0
     1     1    11     2    27     3     0     3   -61.0  -13.690  -63.555   2372.0    749.0
     1     1    11     2    27     2     0     2   -62.0  -13.785  -63.522   2376.5    747.7
     1     1    11     2    27     1     0     1   -63.0  -13.862  -63.488   2366.0    748.2
     1     1    11     2    27     0     0     0   -64.0  -13.923  -63.454   2339.9    750.2
     1     1    11     2    26    23     0     1   -65.0  -13.972  -63.429   2319.3    753.5
     1     1    11     2    26    22     0     2   -66.0  -14.012  -63.419   2327.6    752.4
     1     1    11     2    26    21     0     3   -67.0  -14.043  -63.420   2366.9    748.4
     1     1    11     2    26    20     0     2   -68.0  -14.060  -63.417   2418.3    742.6
     1     1    11     2    26    19     0     1   -69.0  -14.061  -63.396   2460.4    739.2
     1     1    11     2    26    18     0     0   -70.0  -14.049  -63.355   2492.1    736.9
     1     1    11     2    26    17     0     1   -71.0  -14.031  -63.299   2503.8    735.3
     1     1    11     2    26    16     0     2   -72.0  -14.011  -63.231   2487.4    737.1
     1     1    11     2    26    15     0     3   -73.0  -13.989  -63.154   2444.3    741.2
     1     1    11     2    26    14     0     2   -74.0  -13.976  -63.077   2408.5    746.9
     1     1    11     2    26    13     0     1   -75.0  -13.979  -63.005   2408.8    746.1
     1     1    11     2    26    12     0     0   -76.0  -13.997  -62.938   2443.0    742.4
     1     1    11     2    26    11     0     1   -77.0  -14.017  -62.880   2482.5    735.9
     1     1    11     2    26    10     0     2   -78.0  -14.030  -62.836   2500.7    734.0
     1     1    11     2    26     9     0     3   -79.0  -14.037  -62.809   2500.0    733.8
     1     1    11     2    26     8     0     2   -80.0  -14.039  -62.793   2482.8    735.6
     1     1    11     2    26     7     0     1   -81.0  -14.041  -62.785   2450.9    738.6
     1     1    11     2    26     6     0     0   -82.0  -14.042  -62.784   2402.9    743.0
     1     1    11     2    26     5     0     1   -83.0  -14.035  -62.790   2356.3    749.0
     1     1    11     2    26     4     0     2   -84.0  -14.016  -62.801   2329.5    751.7
     1     1    11     2    26     3     0     3   -85.0  -13.984  -62.816   2323.3    752.6
     1     1    11     2    26     2     0     2   -86.0  -13.946  -62.842   2337.4    751.4
     1     1    11     2    26     1     0     1   -87.0  -13.908  -62.884   2375.2    748.2
     1     1    11     2    26     0     0     0   -88.0  -13.867  -62.943   2439.0    742.7
     1     1    11     2    25    23     0     1   -89.0  -13.817  -63.013   2494.6    734.5
     1     1    11     2    25    22     0     2   -90.0  -13.756  -63.085   2509.7    733.2
     1     1    11     2    25    21     0     3   -91.0  -13.683  -63.158   2489.1    735.0
     1     1    11     2    25    20     0     2   -92.0  -13.597  -63.233   2465.3    740.6
     1     1    11     2    25    19     0     1   -93.0  -13.494  -63.305   2459.5    741.5
     1     1    11     2    25    18     0     0   -94.0  -13.373  -63.371   2458.8    741.9
     1     1    11     2    25    17     0     1   -95.0  -13.239  -63.426   2453.0    742.8
     1     1    11     2    25    16     0     2   -96.0  -13.096  -63.465   2445.0    744.6
     1     1    11     2    25    15     0     3   -97.0  -12.943  -63.486   2443.3    745.7
     1     1    11     2    25    14     0     2   -98.0  -12.785  -63.496   2410.1    744.9
     1     1    11     2    25    13     0     1   -99.0  -12.626  -63.505   2314.5    754.0
     1     1    11     2    25    12     0     0  -100.0  -12.463  -63.512   2167.6    767.7
     1     1    11     2    25    11     0     1  -101.0  -12.293  -63.515   2015.4    785.1
     1     1    11     2    25    10     0     2  -102.0  -12.112  -63.507   1891.6    796.1
     1     1    11     2    25     9     0     3  -103.0  -11.922  -63.481   1793.4    804.3
     1     1    11     2    25     8     0     2  -104.0  -11.734  -63.442   1736.2    809.1
     1     1    11     2    25     7     0     1  -105.0  -11.556  -63.397   1726.0    807.6
     1     1    11     2    25     6     0     0  -106.0  -11.387  -63.346   1748.8    803.1
     1     1    11     2    25     5     0     1  -107.0  -11.225  -63.290   1782.9    797.0
     1     1    11     2    25     4     0     2  -108.0  -11.067  -63.228   1815.2    792.6
     1     1    11     2    25     3     0     3  -109.0  -10.915  -63.161   1851.8    789.7
     1     1    11     2    25     2     0     2  -110.0  -10.771  -63.097   1892.0    786.5
     1     1    11     2    25     1     0     1  -111.0  -10.637  -63.041   1928.0    783.6
     1     1    11     2    25     0     0     0  -112.0  -10.512  -62.995   1954.3    781.5
     1     1    11     2    24    23     0     1  -113.0  -10.393  -62.949   1967.2    781.1
     1     1    11     2    24    22     0     2  -114.0  -10.282  -62.897   1961.1    781.9
     1     1    11     2    24    21     0     3  -115.0  -10.178  -62.836   1928.6    785.2
     1     1    11     2    24    20     0     2  -116.0  -10.077  -62.771   1900.3    792.5
     1     1    11     2    24    19     0     1  -117.0   -9.972  -62.706   1910.5    793.1
     1     1    11     2    24    18     0     0  -118.0   -9.861  -62.639   1958.3    789.6
     1     1    11     2    24    17     0     1  -119.0   -9.747  -62.577   2010.2    783.0
     1     1    11     2    24    16     0     2  -120.0   -9.632  -62.526   2035.2    781.5
     1     1    11     2    24    15     0     3  -121.0   -9.514  -62.484   2031.8    782.7
     1     1    11     2    24    14     0     2  -122.0   -9.397  -62.451   2012.2    786.0
     1     1    11     2    24    13     0     1  -123.0   -9.287  -62.424   1992.3    788.5
     1     1    11     2    24    12     0     0  -124.0   -9.182  -62.405   1978.9    790.3
     1     1    11     2    24    11     0     1  -125.0   -9.077  -62.388   1975.9    790.7
     1     1    11     2    24    10     0     2  -126.0   -8.962  -62.371   1983.0    789.9
     1     1    11     2    24     9     0     3  -127.0   -8.838  -62.353   1995.5    788.3
     1     1    11     2    24     8     0     2  -128.0   -8.712  -62.333   1999.9    787.5
     1     1    11     2    24     7     0     1  -129.0   -8.588  -62.310   1988.6    789.2
     1     1    11     2    24     6     0     0  -130.0   -8.465  -62.284   1965.1    792.1
     1     1    11     2    24     5     0     1  -131.0   -8.344  -62.257   1955.3    795.9
     1     1    11     2    24     4     0     2  -132.0   -8.222  -62.232   1990.7    793.8
     1     1    11     2    24     3     0     3  -133.0   -8.101  -62.206   2084.0    786.3
     1     1    11     2    24     2     0     2  -134.0   -7.982  -62.180   2199.8    772.2
     1     1    11     2    24     1     0     1  -135.0   -7.865  -62.158   2290.4    763.0
     1     1    11     2    24     0     0     0  -136.0   -7.752  -62.141   2351.9    757.4
     1     1    11     2    23    23     0     1  -137.0   -7.640  -62.126   2391.3    753.8
     1     1    11     2    23    22     0     2  -138.0   -7.527  -62.111   2409.9    751.6
     1     1    11     2    23    21     0     3  -139.0   -7.415  -62.099   2403.0    751.7
     1     1    11     2    23    20     0     2  -140.0   -7.300  -62.083   2384.4    755.4
     1     1    11     2    23    19     0     1  -141.0   -7.179  -62.056   2377.2    757.2
     1     1    11     2    23    18     0     0  -142.0   -7.049  -62.018   2392.7    756.8
     1     1    11     2    23    17     0     1  -143.0   -6.914  -61.960   2412.0    753.4
     1     1    11     2    23    16     0     2  -144.0   -6.777  -61.874   2410.3    754.2
     1     1    11     2    23    15     0     3  -145.0   -6.637  -61.761   2391.0    756.8
     1     1    11     2    23    14     0     2  -146.0   -6.492  -61.641   2362.3    760.0
     1     1    11     2    23    13     0     1  -147.0   -6.340  -61.535   2329.8    763.1
     1     1    11     2    23    12     0     0  -148.0   -6.178  -61.444   2296.0    766.4
     1     1    11     2    23    11     0     1  -149.0   -6.013  -61.329   2273.0    768.7
     1     1    11     2    23    10     0     2  -150.0   -5.856  -61.154   2262.1    768.4
     1     1    11     2    23     9     0     3  -151.0   -5.710  -60.922   2258.7    768.1
     1     1    11     2    23     8     0     2  -152.0   -5.580  -60.663   2257.7    768.4
     1     1    11     2    23     7     0     1  -153.0   -5.469  -60.405   2257.8    769.3
     1     1    11     2    23     6     0     0  -154.0   -5.379  -60.147   2261.3    769.5
     1     1    11     2    23     5     0     1  -155.0   -5.306  -59.894   2262.4    769.3
     1     1    11     2    23     4     0     2  -156.0   -5.246  -59.650   2261.2    770.0
     1     1    11     2    23     3     0     3  -157.0   -5.197  -59.416   2271.5    769.8
     1     1    11     2    23     2     0     2  -158.0   -5.158  -59.191   2285.8    766.3
     1     1    11     2    23     1     0     1  -159.0   -5.124  -58.968   2286.5    765.2
     1     1    11     2    23     0     0     0  -160.0   -5.095  -58.744   2272.3    766.4
     1     1    11     2    22    23     0     1  -161.0   -5.064  -58.515   2263.0    768.5
     1     1    11     2    22    22     0     2  -162.0   -5.035  -58.280   2265.6    766.7
     1     1    11     2    22    21     0     3  -163.0   -5.015  -58.039   2256.5    766.0
     1     1    11     2    22    20     0     2  -164.0   -4.987  -57.795   2226.8    769.6
     1     1    11     2    22    19     0     1  -165.0   -4.932  -57.548   2178.3    774.4
     1     1    11     2    22    18     0     0  -166.0   -4.857  -57.293   2107.3    781.2
     1     1    11     2    22    17     0     1  -167.0   -4.769  -57.037   2010.5    790.4
     1     1    11     2    22    16     0     2  -168.0   -4.667  -56.784   1905.7    801.8
     1     1    11     2    22    15     0     3  -169.0   -4.550  -56.528   1816.6    811.0
     1     1    11     2    22    14     0     2  -170.0   -4.431  -56.270   1760.1    817.6
     1     1    11     2    22    13     0     1  -171.0   -4.320  -56.020   1741.5    819.6
     1     1    11     2    22    12     0     0  -172.0   -4.212  -55.788   1750.2    818.6
     1     1    11     2    22    11     0     1  -173.0   -4.101  -55.574   1767.1    815.4
     1     1    11     2    22    10     0     2  -174.0   -3.989  -55.378   1779.6    814.3
     1     1    11     2    22     9     0     3  -175.0   -3.877  -55.200   1792.5    812.7
     1     1    11     2    22     8     0     2  -176.0   -3.766  -55.025   1819.8    811.1
     1     1    11     2    22     7     0     1  -177.0   -3.651  -54.838   1869.2    806.1
     1     1    11     2    22     6     0     0  -178.0   -3.536  -54.642   1918.0    799.5
     1     1    11     2    22     5     0     1  -179.0   -3.431  -54.437   1904.2    796.7
     1     1    11     2    22     4     0     2  -180.0   -3.344  -54.218   1787.3    807.8
     1     1    11     2    22     3     0     3  -181.0   -3.275  -53.984   1586.5    828.2
     1     1    11     2    22     2     0     2  -182.0   -3.209  -53.743   1408.6    854.4
     1     1    11     2    22     1     0     1  -183.0   -3.129  -53.503   1308.5    863.0
     1     1    11     2    22     0     0     0  -184.0   -3.037  -53.265   1263.7    866.6
     1     1    11     2    21    23     0     1  -185.0   -2.943  -53.030   1246.5    866.0
     1     1    11     2    21    22     0     2  -186.0   -2.861  -52.806   1228.6    867.7
     1     1    11     2    21    21     0     3  -187.0   -2.794  -52.596   1196.4    871.0
     1     1    11     2    21    20     0     2  -188.0   -2.730  -52.393   1156.7    877.7
     1     1    11     2    21    19     0     1  -189.0   -2.661  -52.187   1124.0    882.5
     1     1    11     2    21    18     0     0  -190.0   -2.591  -51.980   1102.6    886.2
     1     1    11     2    21    17     0     1  -191.0   -2.523  -51.764   1079.7    888.4
     1     1    11     2    21    16     0     2  -192.0   -2.460  -51.537   1045.8    893.7
     1     1    11     2    21    15     0     3  -193.0   -2.404  -51.297   1012.3    899.2
     1     1    11     2    21    14     0     2  -194.0   -2.348  -51.029    983.0    902.4
     1     1    11     2    21    13     0     1  -195.0   -2.284  -50.717    953.4    905.5
     1     1    11     2    21    12     0     0  -196.0   -2.207  -50.357    923.5    909.1
     1     1    11     2    21    11     0     1  -197.0   -2.119  -49.994    905.6    911.9
     1     1    11     2    21    10     0     2  -198.0   -2.024  -49.675    906.2    910.2
     1     1    11     2    21     9     0     3  -199.0   -1.929  -49.398    920.2    907.0
     1     1    11     2    21     8     0     2  -200.0   -1.840  -49.144    938.2    903.8
     1     1    11     2    21     7     0     1  -201.0   -1.757  -48.889    953.3    901.8
     1     1    11     2    21     6     0     0  -202.0   -1.680  -48.633    964.9    900.8
     1     1    11     2    21     5     0     1  -203.0   -1.607  -48.379    980.2    900.6
     1     1    11     2    21     4     0     2  -204.0   -1.537  -48.132   1008.2    898.6
     1     1    11     2    21     3     0     3  -205.0   -1.474  -47.896   1050.3    894.6
     1     1    11     2    21     2     0     2  -206.0   -1.415  -47.670   1092.4    888.9
     1     1    11     2    21     1     0     1  -207.0   -1.354  -47.453   1124.9    886.2
     1     1    11     2    21     0     0     0  -208.0   -1.294  -47.246   1156.9    883.5
     1     1    11     2    20    23     0     1  -209.0   -1.235  -47.051   1189.7    879.3
     1     1    11     2    20    22     0     2  -210.0   -1.178  -46.875   1212.3    875.9
     1     1    11     2    20    21     0     3  -211.0   -1.123  -46.716   1216.5    875.1
     1     1    11     2    20    20     0     2  -212.0   -1.073  -46.568   1196.9    877.2
     1     1    11     2    20    19     0     1  -213.0   -1.026  -46.420   1159.5    882.6
     1     1    11     2    20    18     0     0  -214.0   -0.982  -46.264   1123.1    887.3
     1     1    11     2    20    17     0     1  -215.0   -0.940  -46.096   1105.8    890.3
     1     1    11     2    20    16     0     2  -216.0   -0.903  -45.917   1112.2    889.7
     1     1    11     2    20    15     0     3  -217.0   -0.869  -45.734   1122.7    887.6
     1     1    11     2    20    14     0     2  -218.0   -0.828  -45.546   1113.8    887.7
     1     1    11     2    20    13     0     1  -219.0   -0.773  -45.350   1083.8    891.6
     1     1    11     2    20    12     0     0  -220.0   -0.705  -45.149   1049.2    895.9
     1     1    11     2    20    11     0     1  -221.0   -0.623  -44.943   1012.7    898.5
     1     1    11     2    20    10     0     2  -222.0   -0.522  -44.728    975.8    902.3
     1     1    11     2    20     9     0     3  -223.0   -0.405  -44.502    951.2    905.1
     1     1    11     2    20     8     0     2  -224.0   -0.287  -44.275    949.9    905.5
     1     1    11     2    20     7     0     1  -225.0   -0.182  -44.054    979.7    902.7
     1     1    11     2    20     6     0     0  -226.0   -0.090  -43.844   1038.3    895.7
     1     1    11     2    20     5     0     1  -227.0   -0.011  -43.654   1115.5    888.1
     1     1    11     2    20     4     0     2  -228.0    0.058  -43.485   1199.4    879.2
     1     1    11     2    20     3     0     3  -229.0    0.119  -43.334   1275.3    871.1
     1     1    11     2    20     2     0     2  -230.0    0.180  -43.189   1334.7    864.9
     1     1    11     2    20     1     0     1  -231.0    0.247  -43.038   1378.3    861.2
     1     1    11     2    20     0     0     0  -232.0    0.320  -42.880   1418.7    858.1
     1     1    11     2    19    23     0     1  -233.0    0.381  -42.724   1451.2    853.3
     1     1    11     2    19    22     0     2  -234.0    0.416  -42.583   1458.0    851.5
     1     1    11     2    19    21     0     3  -235.0    0.427  -42.457   1430.2    853.5
     1     1    11     2    19    20     0     2  -236.0    0.424  -42.336   1371.8    859.8
     1     1    11     2    19    19     0     1  -237.0    0.420  -42.210   1286.8    868.6
     1     1    11     2    19    18     0     0  -238.0    0.419  -42.074   1177.6    880.2
     1     1    11     2    19    17     0     1  -239.0    0.423  -41.924   1060.7    893.8
     1     1    11     2    19    16     0     2  -240.0    0.436  -41.750    958.0    905.5
     1     1    11     2    19    15     0     3  -241.0    0.457  -41.553    876.0    914.7
     1     1    11     2    19    14     0     2  -242.0    0.492  -41.337    813.7    921.1
     1     1    11     2    19    13     0     1  -243.0    0.548  -41.107    757.4    925.9
     1     1    11     2    19    12     0     0  -244.0    0.624  -40.868    691.6    932.7
     1     1    11     2    19    11     0     1  -245.0    0.711  -40.630    630.7    940.8
     1     1    11     2    19    10     0     2  -246.0    0.791  -40.408    584.3    944.0
     1     1    11     2    19     9     0     3  -247.0    0.862  -40.205    540.5    947.3
     1     1    11     2    19     8     0     2  -248.0    0.927  -40.017    501.8    952.3
     1     1    11     2    19     7     0     1  -249.0    0.990  -39.835    479.2    955.3
     1     1    11     2    19     6     0     0  -250.0    1.055  -39.655    472.8    955.4
     1     1    11     2    19     5     0     1  -251.0    1.113  -39.468    466.5    955.4
     1     1    11     2    19     4     0     2  -252.0    1.152  -39.271    451.1    957.9
     1     1    11     2    19     3     0     3  -253.0    1.168  -39.063    429.4    961.2
     1     1    11     2    19     2     0     2  -254.0    1.170  -38.845    407.9    964.0
     1     1    11     2    19     1     0     1  -255.0    1.172  -38.621    392.5    965.8
     1     1    11     2    19     0     0     0  -256.0    1.177  -38.389    384.3    966.8
     1     1    11     2    18    23     0     1  -257.0    1.182  -38.156    380.3    966.2
     1     1    11     2    18    22     0     2  -258.0    1.184  -37.926    378.7    965.7
     1     1    11     2    18    21     0     3  -259.0    1.181  -37.703    379.8    964.9
     1     1    11     2    18    20     0     2  -260.0    1.179  -37.489    382.4    964.8
     1     1    11     2    18    19     0     1  -261.0    1.185  -37.288    385.5    964.5
     1     1    11     2    18    18     0     0  -262.0    1.194  -37.100    388.6    964.3
     1     1    11     2    18    17     0     1  -263.0    1.200  -36.916    389.9    964.4
     1     1    11     2    18    16     0     2  -264.0    1.199  -36.724    388.0    965.0
     1     1    11     2    18    15     0     3  -265.0    1.189  -36.524    382.4    966.0
     1     1    11     2    18    14     0     2  -266.0    1.180  -36.320    376.1    967.5
     1     1    11     2    18    13     0     1  -267.0    1.181  -36.114    373.2    968.4
     1     1    11     2    18    12     0     0  -268.0    1.186  -35.907    374.5    968.7
     1     1    11     2    18    11     0     1  -269.0    1.197  -35.704    375.6    967.8
     1     1    11     2    18    10     0     2  -270.0    1.212  -35.511    373.9    967.8
     1     1    11     2    18     9     0     3  -271.0    1.227  -35.326    372.5    967.8
     1     1    11     2    18     8     0     2  -272.0    1.243  -35.147    371.3    967.6
     1     1    11     2    18     7     0     1  -273.0    1.261  -34.974    367.8    967.6
     1     1    11     2    18     6     0     0  -274.0    1.282  -34.804    362.7    968.2
     1     1    11     2    18     5     0     1  -275.0    1.307  -34.638    359.6    969.4
     1     1    11     2    18     4     0     2  -276.0    1.333  -34.476    359.7    969.9
     1     1    11     2    18     3     0     3  -277.0    1.357  -34.316    360.5    970.3
     1     1    11     2    18     2     0     2  -278.0    1.388  -34.159    361.9    970.4
     1     1    11     2    18     1     0     1  -279.0    1.432  -33.999    363.5    970.2
     1     1    11     2    18     0     0     0  -280.0    1.491  -33.836    362.8    970.2
     1     1    11     2    17    23     0     1  -281.0    1.554  -33.673    358.2    970.2
     1     1    11     2    17    22     0     2  -282.0    1.609  -33.513    353.2    970.6
     1     1    11     2    17    21     0     3  -283.0    1.653  -33.355    354.0    970.5
     1     1    11     2    17    20     0     2  -284.0    1.691  -33.204    360.1    969.4
     1     1    11     2    17    19     0     1  -285.0    1.730  -33.064    364.4    968.5
     1     1    11     2    17    18     0     0  -286.0    1.768  -32.933    362.2    968.5
     1     1    11     2    17    17     0     1  -287.0    1.806  -32.804    345.7    970.1
     1     1    11     2    17    16     0     2  -288.0    1.839  -32.669    314.8    974.4
     1     1    11     2    17    15     0     3  -289.0    1.865  -32.527    278.8    979.6
     1     1    11     2    17    14     0     2  -290.0    1.902  -32.377    245.9    983.7
     1     1    11     2    17    13     0     1  -291.0    1.972  -32.202    218.2    986.5
     1     1    11     2    17    12     0     0  -292.0    2.073  -31.992    195.5    989.2
     1     1    11     2    17    11     0     1  -293.0    2.207  -31.774    178.9    990.6
     1     1    11     2    17    10     0     2  -294.0    2.365  -31.570    168.4    991.2
     1     1    11     2    17     9     0     3  -295.0    2.536  -31.372    163.6    991.3
     1     1    11     2    17     8     0     2  -296.0    2.708  -31.174    161.6    991.1
     1     1    11     2    17     7     0     1  -297.0    2.881  -30.980    158.6    991.3
     1     1    11     2    17     6     0     0  -298.0    3.054  -30.798    154.4    991.9
     1     1    11     2    17     5     0     1  -299.0    3.226  -30.628    151.3    992.8
     1     1    11     2    17     4     0     2  -300.0    3.393  -30.464    150.6    993.0
     1     1    11     2    17     3     0     3  -301.0    3.556  -30.303    150.5    993.1
     1     1    11     2    17     2     0     2  -302.0    3.715  -30.145    150.9    993.5
     1     1    11     2    17     1     0     1  -303.0    3.868  -29.989    152.5    993.7
     1     1    11     2    17     0     0     0  -304.0    4.014  -29.838    154.9    993.7
     1     1    11     2    16    23     0     1  -305.0    4.163  -29.689    158.7    992.9
     1     1    11     2    16    22     0     2  -306.0    4.324  -29.536    164.6    991.7
     1     1    11     2    16    21     0     3  -307.0    4.495  -29.378    172.6    990.3
     1     1    11     2    16    20     0     2  -308.0    4.669  -29.217    179.8    988.9
     1     1    11     2    16    19     0     1  -309.0    4.839  -29.055    183.6    988.2
     1     1    11     2    16    18     0     0  -310.0    5.004  -28.893    184.7    987.7
     1     1    11     2    16    17     0     1  -311.0    5.171  -28.723    184.9    988.1
     1     1    11     2    16    16     0     2  -312.0    5.341  -28.540    185.4    988.2
     1     1    11     2    16    15     0     3  -313.0    5.514  -28.345    186.5    988.3
     1     1    11     2    16    14     0     2  -314.0    5.694  -28.139    186.7    988.4
     1     1    11     2    16    13     0     1  -315.0    5.887  -27.924    185.7    988.9
     1     1    11     2    16    12     0     0  -316.0    6.094  -27.702    183.2    989.4
     1     1    11     2    16    11     0     1  -317.0    6.309  -27.477    179.6    989.7
     1     1    11     2    16    10     0     2  -318.0    6.526  -27.257    177.9    989.8
     1     1    11     2    16     9     0     3  -319.0    6.740  -27.041    178.5    989.4
     1     1    11     2    16     8     0     2  -320.0    6.951  -26.827    180.8    988.9
     1     1    11     2    16     7     0     1  -321.0    7.163  -26.612    183.9    988.4
     1     1    11     2    16     6     0     0  -322.0    7.376  -26.392    186.6    987.7
     1     1    11     2    16     5     0     1  -323.0    7.582  -26.164    186.8    987.8
     1     1    11     2    16     4     0     2  -324.0    7.778  -25.925    183.0    988.4
     1     1    11     2    16     3     0     3  -325.0    7.964  -25.677    176.7    989.5
     1     1    11     2    16     2     0     2  -326.0    8.147  -25.419    171.3    990.6
     1     1    11     2    16     1     0     1  -327.0    8.334  -25.151    167.1    991.2
     1     1    11     2    16     0     0     0  -328.0    8.524  -24.873    161.8    992.1
     1     1    11     2    15    23     0     1  -329.0    8.718  -24.593    157.9    992.7
     1     1    11     2    15    22     0     2  -330.0    8.920  -24.317    158.7    992.3
     1     1    11     2    15    21     0     3  -331.0    9.130  -24.042    164.4    991.3
     1     1    11     2    15    20     0     2  -332.0    9.357  -23.763    171.5    989.9
     1     1    11     2    15    19     0     1  -333.0    9.606  -23.481    176.8    989.2
     1     1    11     2    15    18     0     0  -334.0    9.874  -23.194    181.1    988.6
     1     1    11     2    15    17     0     1  -335.0   10.144  -22.903    184.8    988.7
     1     1    11     2    15    16     0     2  -336.0   10.400  -22.604    187.2    988.9
