     3     1
    GDAS    11    12     1     0     0
    GDAS    11    12     8     0     0
    GDAS    11    12    15     0     0
     1 BACKWARD OMEGA   
  2011    12    18    15   -8.870  -56.740  2590.8
     1 PRESSURE
     1     1    11    12    18    15     0     3     0.0   -8.870  -56.740   2590.8    729.8
     1     1    11    12    18    14     0     2    -1.0   -8.698  -56.796   2537.0    731.4
     1     1    11    12    18    13     0     1    -2.0   -8.537  -56.837   2465.7    734.8
     1     1    11    12    18    12     0     0    -3.0   -8.379  -56.858   2369.1    740.4
     1     1    11    12    18    11     0     1    -4.0   -8.219  -56.876   2264.7    748.8
     1     1    11    12    18    10     0     2    -5.0   -8.060  -56.912   2169.4    754.3
     1     1    11    12    18     9     0     3    -6.0   -7.907  -56.969   2089.9    762.4
     1     1    11    12    18     8     0     2    -7.0   -7.754  -57.030   2036.7    771.0
     1     1    11    12    18     7     0     1    -8.0   -7.591  -57.078   2011.9    776.4
     1     1    11    12    18     6     0     0    -9.0   -7.422  -57.114   2012.6    779.1
     1     1    11    12    18     5     0     1   -10.0   -7.252  -57.139   2027.7    780.0
     1     1    11    12    18     4     0     2   -11.0   -7.090  -57.152   2047.1    781.1
     1     1    11    12    18     3     0     3   -12.0   -6.938  -57.155   2067.4    781.0
     1     1    11    12    18     2     0     2   -13.0   -6.789  -57.149   2084.9    780.0
     1     1    11    12    18     1     0     1   -14.0   -6.636  -57.136   2099.3    779.4
     1     1    11    12    18     0     0     0   -15.0   -6.481  -57.117   2112.4    779.1
     1     1    11    12    17    23     0     1   -16.0   -6.327  -57.091   2115.0    778.1
     1     1    11    12    17    22     0     2   -17.0   -6.177  -57.049   2108.8    779.9
     1     1    11    12    17    21     0     3   -18.0   -6.031  -56.990   2117.1    780.3
     1     1    11    12    17    20     0     2   -19.0   -5.888  -56.922   2136.0    777.7
     1     1    11    12    17    19     0     1   -20.0   -5.743  -56.855   2146.6    776.6
     1     1    11    12    17    18     0     0   -21.0   -5.598  -56.787   2145.7    776.9
     1     1    11    12    17    17     0     1   -22.0   -5.450  -56.713   2141.7    777.9
     1     1    11    12    17    16     0     2   -23.0   -5.298  -56.628   2141.9    777.7
     1     1    11    12    17    15     0     3   -24.0   -5.141  -56.533   2146.3    777.0
     1     1    11    12    17    14     0     2   -25.0   -4.981  -56.426   2154.1    775.5
     1     1    11    12    17    13     0     1   -26.0   -4.817  -56.305   2167.4    774.7
     1     1    11    12    17    12     0     0   -27.0   -4.648  -56.173   2186.2    773.5
     1     1    11    12    17    11     0     1   -28.0   -4.474  -56.032   2201.1    772.0
     1     1    11    12    17    10     0     2   -29.0   -4.294  -55.880   2206.9    772.4
     1     1    11    12    17     9     0     3   -30.0   -4.109  -55.717   2209.3    773.0
     1     1    11    12    17     8     0     2   -31.0   -3.922  -55.547   2203.4    773.6
     1     1    11    12    17     7     0     1   -32.0   -3.737  -55.375   2186.3    775.4
     1     1    11    12    17     6     0     0   -33.0   -3.558  -55.201   2170.4    777.6
     1     1    11    12    17     5     0     1   -34.0   -3.387  -55.022   2159.1    778.8
     1     1    11    12    17     4     0     2   -35.0   -3.221  -54.834   2134.5    780.1
     1     1    11    12    17     3     0     3   -36.0   -3.058  -54.632   2076.5    785.1
     1     1    11    12    17     2     0     2   -37.0   -2.910  -54.420   1989.5    794.0
     1     1    11    12    17     1     0     1   -38.0   -2.785  -54.201   1900.4    803.7
     1     1    11    12    17     0     0     0   -39.0   -2.676  -53.978   1839.2    810.3
     1     1    11    12    16    23     0     1   -40.0   -2.566  -53.759   1810.9    812.1
     1     1    11    12    16    22     0     2   -41.0   -2.444  -53.558   1800.9    812.8
     1     1    11    12    16    21     0     3   -42.0   -2.313  -53.379   1813.1    812.8
     1     1    11    12    16    20     0     2   -43.0   -2.178  -53.207   1837.7    810.2
     1     1    11    12    16    19     0     1   -44.0   -2.046  -53.025   1855.0    809.9
     1     1    11    12    16    18     0     0   -45.0   -1.918  -52.833   1858.9    809.1
     1     1    11    12    16    17     0     1   -46.0   -1.803  -52.632   1851.3    810.3
     1     1    11    12    16    16     0     2   -47.0   -1.703  -52.416   1836.2    812.2
     1     1    11    12    16    15     0     3   -48.0   -1.620  -52.179   1810.9    815.7
     1     1    11    12    16    14     0     2   -49.0   -1.547  -51.926   1789.2    820.1
     1     1    11    12    16    13     0     1   -50.0   -1.478  -51.667   1792.1    820.7
     1     1    11    12    16    12     0     0   -51.0   -1.416  -51.401   1826.7    818.2
     1     1    11    12    16    11     0     1   -52.0   -1.361  -51.145   1871.9    812.3
     1     1    11    12    16    10     0     2   -53.0   -1.314  -50.906   1903.0    809.2
     1     1    11    12    16     9     0     3   -54.0   -1.274  -50.678   1919.4    807.3
     1     1    11    12    16     8     0     2   -55.0   -1.237  -50.454   1926.2    806.6
     1     1    11    12    16     7     0     1   -56.0   -1.203  -50.231   1927.0    806.3
     1     1    11    12    16     6     0     0   -57.0   -1.168  -50.007   1923.1    806.4
     1     1    11    12    16     5     0     1   -58.0   -1.138  -49.778   1921.5    807.5
     1     1    11    12    16     4     0     2   -59.0   -1.121  -49.543   1929.5    807.2
     1     1    11    12    16     3     0     3   -60.0   -1.114  -49.307   1948.2    805.7
     1     1    11    12    16     2     0     2   -61.0   -1.112  -49.075   1971.7    802.8
     1     1    11    12    16     1     0     1   -62.0   -1.109  -48.850   1992.0    800.6
     1     1    11    12    16     0     0     0   -63.0   -1.106  -48.630   2007.8    799.2
     1     1    11    12    15    23     0     1   -64.0   -1.104  -48.418   2022.6    797.6
     1     1    11    12    15    22     0     2   -65.0   -1.107  -48.216   2036.6    795.6
     1     1    11    12    15    21     0     3   -66.0   -1.115  -48.023   2044.3    794.1
     1     1    11    12    15    20     0     2   -67.0   -1.122  -47.831   2040.8    794.5
     1     1    11    12    15    19     0     1   -68.0   -1.125  -47.631   2025.8    796.1
     1     1    11    12    15    18     0     0   -69.0   -1.121  -47.425   1997.7    798.8
     1     1    11    12    15    17     0     1   -70.0   -1.130  -47.215   1967.9    803.3
     1     1    11    12    15    16     0     2   -71.0   -1.171  -47.000   1947.3    805.5
     1     1    11    12    15    15     0     3   -72.0   -1.245  -46.780   1940.3    806.8
     1     1    11    12    15    14     0     2   -73.0   -1.334  -46.560   1950.9    805.3
     1     1    11    12    15    13     0     1   -74.0   -1.426  -46.342   1970.7    802.5
     1     1    11    12    15    12     0     0   -75.0   -1.523  -46.128   1986.8    800.3
     1     1    11    12    15    11     0     1   -76.0   -1.620  -45.914   1997.2    799.2
     1     1    11    12    15    10     0     2   -77.0   -1.707  -45.694   2013.6    797.6
     1     1    11    12    15     9     0     3   -78.0   -1.784  -45.466   2046.1    794.1
     1     1    11    12    15     8     0     2   -79.0   -1.860  -45.241   2086.0    789.0
     1     1    11    12    15     7     0     1   -80.0   -1.944  -45.025   2123.6    785.4
     1     1    11    12    15     6     0     0   -81.0   -2.038  -44.822   2152.7    782.2
     1     1    11    12    15     5     0     1   -82.0   -2.139  -44.632   2170.4    781.9
     1     1    11    12    15     4     0     2   -83.0   -2.247  -44.449   2183.7    781.4
     1     1    11    12    15     3     0     3   -84.0   -2.363  -44.277   2197.2    780.9
     1     1    11    12    15     2     0     2   -85.0   -2.481  -44.115   2211.5    779.3
     1     1    11    12    15     1     0     1   -86.0   -2.596  -43.964   2222.4    777.8
     1     1    11    12    15     0     0     0   -87.0   -2.711  -43.819   2225.8    776.6
     1     1    11    12    14    23     0     1   -88.0   -2.823  -43.673   2232.8    775.9
     1     1    11    12    14    22     0     2   -89.0   -2.935  -43.519   2259.6    772.5
     1     1    11    12    14    21     0     3   -90.0   -3.047  -43.361   2309.7    766.5
     1     1    11    12    14    20     0     2   -91.0   -3.157  -43.210   2355.9    759.5
     1     1    11    12    14    19     0     1   -92.0   -3.261  -43.067   2374.1    757.9
     1     1    11    12    14    18     0     0   -93.0   -3.358  -42.929   2362.9    758.9
     1     1    11    12    14    17     0     1   -94.0   -3.449  -42.788   2332.5    763.6
     1     1    11    12    14    16     0     2   -95.0   -3.538  -42.640   2296.8    767.3
     1     1    11    12    14    15     0     3   -96.0   -3.625  -42.485   2258.8    771.3
     1     1    11    12    14    14     0     2   -97.0   -3.714  -42.324   2220.3    774.3
     1     1    11    12    14    13     0     1   -98.0   -3.812  -42.162   2183.8    777.1
     1     1    11    12    14    12     0     0   -99.0   -3.924  -42.000   2157.6    778.8
     1     1    11    12    14    11     0     1  -100.0   -4.037  -41.838   2144.7    772.2
     1     1    11    12    14    10     0     2  -101.0   -4.138  -41.675   2155.2    764.3
     1     1    11    12    14     9     0     3  -102.0   -4.229  -41.512   2187.2    754.9
     1     1    11    12    14     8     0     2  -103.0   -4.323  -41.352   2233.4    745.4
     1     1    11    12    14     7     0     1  -104.0   -4.431  -41.197   2288.8    736.4
     1     1    11    12    14     6     0     0  -105.0   -4.550  -41.046   2354.4    727.7
     1     1    11    12    14     5     0     1  -106.0   -4.671  -40.903   2413.0    721.1
     1     1    11    12    14     4     0     2  -107.0   -4.790  -40.769   2437.5    718.8
     1     1    11    12    14     3     0     3  -108.0   -4.912  -40.648   2422.5    719.1
     1     1    11    12    14     2     0     2  -109.0   -5.036  -40.536   2391.6    721.3
     1     1    11    12    14     1     0     1  -110.0   -5.156  -40.425   2373.5    720.5
     1     1    11    12    14     0     0     0  -111.0   -5.270  -40.311   2374.1    718.5
     1     1    11    12    13    23     0     1  -112.0   -5.374  -40.195   2386.5    714.6
     1     1    11    12    13    22     0     2  -113.0   -5.465  -40.081   2398.9    711.9
     1     1    11    12    13    21     0     3  -114.0   -5.547  -39.967   2408.2    710.9
     1     1    11    12    13    20     0     2  -115.0   -5.620  -39.844   2402.9    714.2
     1     1    11    12    13    19     0     1  -116.0   -5.684  -39.701   2367.6    721.3
     1     1    11    12    13    18     0     0  -117.0   -5.741  -39.531   2300.0    732.1
     1     1    11    12    13    17     0     1  -118.0   -5.800  -39.327   2226.1    746.7
     1     1    11    12    13    16     0     2  -119.0   -5.871  -39.093   2176.7    757.6
     1     1    11    12    13    15     0     3  -120.0   -5.961  -38.839   2163.7    762.7
     1     1    11    12    13    14     0     2  -121.0   -6.067  -38.588   2182.5    759.5
     1     1    11    12    13    13     0     1  -122.0   -6.183  -38.353   2215.3    756.7
     1     1    11    12    13    12     0     0  -123.0   -6.310  -38.132   2257.4    752.6
     1     1    11    12    13    11     0     1  -124.0   -6.445  -37.926   2305.5    747.5
     1     1    11    12    13    10     0     2  -125.0   -6.583  -37.737   2352.2    739.8
     1     1    11    12    13     9     0     3  -126.0   -6.722  -37.567   2388.6    732.7
     1     1    11    12    13     8     0     2  -127.0   -6.861  -37.419   2409.1    726.1
     1     1    11    12    13     7     0     1  -128.0   -6.996  -37.295   2410.7    721.3
     1     1    11    12    13     6     0     0  -129.0   -7.124  -37.193   2394.9    718.8
     1     1    11    12    13     5     0     1  -130.0   -7.249  -37.108   2374.6    719.5
     1     1    11    12    13     4     0     2  -131.0   -7.374  -37.039   2368.9    718.2
     1     1    11    12    13     3     0     3  -132.0   -7.498  -36.982   2382.0    716.0
     1     1    11    12    13     2     0     2  -133.0   -7.616  -36.936   2415.5    712.2
     1     1    11    12    13     1     0     1  -134.0   -7.723  -36.893   2463.2    707.2
     1     1    11    12    13     0     0     0  -135.0   -7.819  -36.848   2516.2    702.1
     1     1    11    12    12    23     0     1  -136.0   -7.911  -36.811   2552.5    697.1
     1     1    11    12    12    22     0     2  -137.0   -8.000  -36.795   2555.9    696.1
     1     1    11    12    12    21     0     3  -138.0   -8.081  -36.804   2538.3    699.2
     1     1    11    12    12    20     0     2  -139.0   -8.151  -36.813   2523.6    702.8
     1     1    11    12    12    19     0     1  -140.0   -8.215  -36.795   2525.2    703.2
     1     1    11    12    12    18     0     0  -141.0   -8.278  -36.750   2527.6    703.7
     1     1    11    12    12    17     0     1  -142.0   -8.347  -36.695   2520.2    706.0
     1     1    11    12    12    16     0     2  -143.0   -8.430  -36.643   2502.3    709.4
     1     1    11    12    12    15     0     3  -144.0   -8.524  -36.592   2476.9    713.4
     1     1    11    12    12    14     0     2  -145.0   -8.621  -36.540   2445.4    717.9
     1     1    11    12    12    13     0     1  -146.0   -8.718  -36.483   2409.3    722.8
     1     1    11    12    12    12     0     0  -147.0   -8.819  -36.421   2372.7    727.8
     1     1    11    12    12    11     0     1  -148.0   -8.926  -36.366   2347.9    731.8
     1     1    11    12    12    10     0     2  -149.0   -9.036  -36.325   2348.5    733.5
     1     1    11    12    12     9     0     3  -150.0   -9.145  -36.301   2376.0    734.2
     1     1    11    12    12     8     0     2  -151.0   -9.239  -36.287   2415.2    732.5
     1     1    11    12    12     7     0     1  -152.0   -9.309  -36.278   2455.9    731.0
     1     1    11    12    12     6     0     0  -153.0   -9.359  -36.272   2500.2    728.6
     1     1    11    12    12     5     0     1  -154.0   -9.398  -36.276   2544.0    725.9
     1     1    11    12    12     4     0     2  -155.0   -9.432  -36.295   2580.2    723.9
     1     1    11    12    12     3     0     3  -156.0   -9.460  -36.328   2608.2    722.5
     1     1    11    12    12     2     0     2  -157.0   -9.479  -36.368   2630.2    721.3
     1     1    11    12    12     1     0     1  -158.0   -9.485  -36.410   2653.9    719.7
     1     1    11    12    12     0     0     0  -159.0   -9.481  -36.455   2688.6    716.9
     1     1    11    12    11    23     0     1  -160.0   -9.470  -36.509   2746.2    711.3
     1     1    11    12    11    22     0     2  -161.0   -9.452  -36.575   2833.7    702.4
     1     1    11    12    11    21     0     3  -162.0   -9.431  -36.653   2952.9    690.9
     1     1    11    12    11    20     0     2  -163.0   -9.407  -36.724   3065.3    677.3
     1     1    11    12    11    19     0     1  -164.0   -9.379  -36.763   3120.1    671.5
     1     1    11    12    11    18     0     0  -165.0   -9.346  -36.766   3108.5    671.4
     1     1    11    12    11    17     0     1  -166.0   -9.321  -36.747   3061.6    677.5
     1     1    11    12    11    16     0     2  -167.0   -9.320  -36.724   3011.0    681.8
     1     1    11    12    11    15     0     3  -168.0   -9.341  -36.696   2955.4    687.3
     1     1    11    12    11    14     0     2  -169.0   -9.374  -36.662   2915.7    693.6
     1     1    11    12    11    13     0     1  -170.0   -9.412  -36.627   2913.8    695.1
     1     1    11    12    11    12     0     0  -171.0   -9.457  -36.591   2949.6    693.7
     1     1    11    12    11    11     0     1  -172.0   -9.512  -36.561   3005.5    689.0
     1     1    11    12    11    10     0     2  -173.0   -9.581  -36.541   3062.4    685.9
     1     1    11    12    11     9     0     3  -174.0   -9.665  -36.531   3117.6    683.4
     1     1    11    12    11     8     0     2  -175.0   -9.759  -36.536   3169.6    681.6
     1     1    11    12    11     7     0     1  -176.0   -9.856  -36.564   3219.2    679.7
     1     1    11    12    11     6     0     0  -177.0   -9.950  -36.617   3267.0    677.6
     1     1    11    12    11     5     0     1  -178.0  -10.042  -36.687   3311.4    675.2
     1     1    11    12    11     4     0     2  -179.0  -10.129  -36.763   3351.9    672.3
     1     1    11    12    11     3     0     3  -180.0  -10.214  -36.843   3388.2    669.7
     1     1    11    12    11     2     0     2  -181.0  -10.288  -36.921   3411.5    667.8
     1     1    11    12    11     1     0     1  -182.0  -10.345  -36.993   3414.0    668.0
     1     1    11    12    11     0     0     0  -183.0  -10.382  -37.062   3397.8    669.4
     1     1    11    12    10    23     0     1  -184.0  -10.400  -37.140   3396.0    670.7
     1     1    11    12    10    22     0     2  -185.0  -10.403  -37.236   3434.0    665.7
     1     1    11    12    10    21     0     3  -186.0  -10.393  -37.346   3507.1    657.7
     1     1    11    12    10    20     0     2  -187.0  -10.377  -37.460   3580.6    647.6
     1     1    11    12    10    19     0     1  -188.0  -10.356  -37.566   3620.1    642.8
     1     1    11    12    10    18     0     0  -189.0  -10.330  -37.666   3619.8    641.3
     1     1    11    12    10    17     0     1  -190.0  -10.309  -37.758   3599.8    643.6
     1     1    11    12    10    16     0     2  -191.0  -10.308  -37.842   3584.2    644.2
     1     1    11    12    10    15     0     3  -192.0  -10.329  -37.921   3578.2    644.0
     1     1    11    12    10    14     0     2  -193.0  -10.371  -37.997   3578.7    642.5
     1     1    11    12    10    13     0     1  -194.0  -10.430  -38.073   3581.9    641.7
     1     1    11    12    10    12     0     0  -195.0  -10.506  -38.152   3587.6    640.6
     1     1    11    12    10    11     0     1  -196.0  -10.592  -38.241   3602.6    639.1
     1     1    11    12    10    10     0     2  -197.0  -10.681  -38.345   3633.4    635.8
     1     1    11    12    10     9     0     3  -198.0  -10.771  -38.463   3677.3    631.7
     1     1    11    12    10     8     0     2  -199.0  -10.854  -38.585   3718.8    627.4
     1     1    11    12    10     7     0     1  -200.0  -10.924  -38.705   3745.3    625.8
     1     1    11    12    10     6     0     0  -201.0  -10.980  -38.821   3760.6    625.1
     1     1    11    12    10     5     0     1  -202.0  -11.024  -38.931   3761.7    625.2
     1     1    11    12    10     4     0     2  -203.0  -11.059  -39.034   3741.8    626.8
     1     1    11    12    10     3     0     3  -204.0  -11.090  -39.134   3700.0    629.8
     1     1    11    12    10     2     0     2  -205.0  -11.113  -39.239   3656.3    634.4
     1     1    11    12    10     1     0     1  -206.0  -11.119  -39.354   3635.3    635.9
     1     1    11    12    10     0     0     0  -207.0  -11.104  -39.481   3650.2    634.7
     1     1    11    12     9    23     0     1  -208.0  -11.070  -39.617   3696.8    629.0
     1     1    11    12     9    22     0     2  -209.0  -11.022  -39.751   3746.1    623.2
     1     1    11    12     9    21     0     3  -210.0  -10.967  -39.874   3768.3    619.2
     1     1    11    12     9    20     0     2  -211.0  -10.898  -39.980   3768.3    619.6
     1     1    11    12     9    19     0     1  -212.0  -10.812  -40.070   3769.8    617.6
     1     1    11    12     9    18     0     0  -213.0  -10.710  -40.146   3775.1    614.5
     1     1    11    12     9    17     0     1  -214.0  -10.605  -40.200   3788.4    612.2
     1     1    11    12     9    16     0     2  -215.0  -10.508  -40.230   3818.3    608.9
     1     1    11    12     9    15     0     3  -216.0  -10.417  -40.237   3865.8    604.7
     1     1    11    12     9    14     0     2  -217.0  -10.332  -40.228   3912.8    599.3
     1     1    11    12     9    13     0     1  -218.0  -10.257  -40.206   3937.1    597.1
     1     1    11    12     9    12     0     0  -219.0  -10.187  -40.172   3933.0    597.2
     1     1    11    12     9    11     0     1  -220.0  -10.130  -40.136   3922.2    599.4
     1     1    11    12     9    10     0     2  -221.0  -10.096  -40.109   3930.7    598.6
     1     1    11    12     9     9     0     3  -222.0  -10.089  -40.089   3961.1    596.1
     1     1    11    12     9     8     0     2  -223.0  -10.102  -40.076   4001.8    592.6
     1     1    11    12     9     7     0     1  -224.0  -10.132  -40.072   4040.3    590.2
     1     1    11    12     9     6     0     0  -225.0  -10.180  -40.075   4075.4    588.0
     1     1    11    12     9     5     0     1  -226.0  -10.227  -40.079   4092.2    586.2
     1     1    11    12     9     4     0     2  -227.0  -10.256  -40.077   4079.8    587.6
     1     1    11    12     9     3     0     3  -228.0  -10.265  -40.071   4040.1    590.9
     1     1    11    12     9     2     0     2  -229.0  -10.254  -40.069   4002.1    595.8
     1     1    11    12     9     1     0     1  -230.0  -10.224  -40.075   3989.4    596.3
     1     1    11    12     9     0     0     0  -231.0  -10.178  -40.086   3995.8    595.0
     1     1    11    12     8    23     0     1  -232.0  -10.125  -40.100   4008.2    592.5
     1     1    11    12     8    22     0     2  -233.0  -10.072  -40.120   4024.2    590.7
     1     1    11    12     8    21     0     3  -234.0  -10.022  -40.145   4053.0    587.9
     1     1    11    12     8    20     0     2  -235.0   -9.963  -40.169   4098.7    584.2
     1     1    11    12     8    19     0     1  -236.0   -9.884  -40.185   4158.8    580.4
     1     1    11    12     8    18     0     0  -237.0   -9.785  -40.191   4231.5    576.2
     1     1    11    12     8    17     0     1  -238.0   -9.681  -40.178   4312.5    571.5
     1     1    11    12     8    16     0     2  -239.0   -9.586  -40.136   4395.9    567.1
     1     1    11    12     8    15     0     3  -240.0   -9.503  -40.066   4478.6    562.8
     1     1    11    12     8    14     0     2  -241.0   -9.425  -39.980   4553.5    558.5
     1     1    11    12     8    13     0     1  -242.0   -9.351  -39.894   4615.9    555.0
     1     1    11    12     8    12     0     0  -243.0   -9.280  -39.813   4670.0    552.1
     1     1    11    12     8    11     0     1  -244.0   -9.217  -39.726   4701.1    548.9
     1     1    11    12     8    10     0     2  -245.0   -9.158  -39.626   4691.8    549.6
     1     1    11    12     8     9     0     3  -246.0   -9.102  -39.518   4643.3    553.0
     1     1    11    12     8     8     0     2  -247.0   -9.048  -39.409   4588.7    559.6
     1     1    11    12     8     7     0     1  -248.0   -9.000  -39.304   4560.2    562.0
     1     1    11    12     8     6     0     0  -249.0   -8.957  -39.199   4554.5    562.1
     1     1    11    12     8     5     0     1  -250.0   -8.923  -39.090   4559.7    560.9
     1     1    11    12     8     4     0     2  -251.0   -8.902  -38.970   4562.7    560.6
     1     1    11    12     8     3     0     3  -252.0   -8.894  -38.840   4562.9    560.1
     1     1    11    12     8     2     0     2  -253.0   -8.891  -38.713   4556.3    559.6
     1     1    11    12     8     1     0     1  -254.0   -8.886  -38.599   4532.1    560.7
     1     1    11    12     8     0     0     0  -255.0   -8.883  -38.497   4484.6    563.5
     1     1    11    12     7    23     0     1  -256.0   -8.872  -38.405   4435.8    567.9
     1     1    11    12     7    22     0     2  -257.0   -8.845  -38.324   4413.9    568.7
     1     1    11    12     7    21     0     3  -258.0   -8.802  -38.252   4422.7    567.0
     1     1    11    12     7    20     0     2  -259.0   -8.758  -38.181   4445.6    563.3
     1     1    11    12     7    19     0     1  -260.0   -8.723  -38.102   4466.7    561.0
     1     1    11    12     7    18     0     0  -261.0   -8.696  -38.018   4486.4    558.9
     1     1    11    12     7    17     0     1  -262.0   -8.673  -37.924   4507.2    557.0
     1     1    11    12     7    16     0     2  -263.0   -8.654  -37.816   4529.4    555.1
     1     1    11    12     7    15     0     3  -264.0   -8.637  -37.693   4550.5    553.2
     1     1    11    12     7    14     0     2  -265.0   -8.629  -37.560   4563.5    551.6
     1     1    11    12     7    13     0     1  -266.0   -8.638  -37.422   4562.1    551.5
     1     1    11    12     7    12     0     0  -267.0   -8.663  -37.281   4544.8    552.8
     1     1    11    12     7    11     0     1  -268.0   -8.698  -37.144   4528.7    555.1
     1     1    11    12     7    10     0     2  -269.0   -8.735  -37.022   4532.2    554.7
     1     1    11    12     7     9     0     3  -270.0   -8.773  -36.915   4557.2    553.5
     1     1    11    12     7     8     0     2  -271.0   -8.811  -36.817   4589.5    551.1
     1     1    11    12     7     7     0     1  -272.0   -8.847  -36.724   4615.6    550.0
     1     1    11    12     7     6     0     0  -273.0   -8.880  -36.636   4636.9    549.1
     1     1    11    12     7     5     0     1  -274.0   -8.908  -36.549   4656.0    548.6
     1     1    11    12     7     4     0     2  -275.0   -8.930  -36.458   4675.3    548.0
     1     1    11    12     7     3     0     3  -276.0   -8.945  -36.362   4695.5    547.2
     1     1    11    12     7     2     0     2  -277.0   -8.954  -36.262   4728.0    546.3
     1     1    11    12     7     1     0     1  -278.0   -8.960  -36.159   4781.9    543.1
     1     1    11    12     7     0     0     0  -279.0   -8.961  -36.051   4854.0    538.7
     1     1    11    12     6    23     0     1  -280.0   -8.956  -35.943   4931.8    533.9
     1     1    11    12     6    22     0     2  -281.0   -8.945  -35.842   4999.7    532.1
     1     1    11    12     6    21     0     3  -282.0   -8.930  -35.747   5057.0    530.8
     1     1    11    12     6    20     0     2  -283.0   -8.914  -35.656   5110.5    530.1
     1     1    11    12     6    19     0     1  -284.0   -8.901  -35.568   5165.7    528.8
     1     1    11    12     6    18     0     0  -285.0   -8.893  -35.483   5222.2    527.3
     1     1    11    12     6    17     0     1  -286.0   -8.888  -35.396   5269.0    526.0
     1     1    11    12     6    16     0     2  -287.0   -8.884  -35.303   5294.3    527.0
     1     1    11    12     6    15     0     3  -288.0   -8.882  -35.205   5296.5    529.6
     1     1    11    12     6    14     0     2  -289.0   -8.890  -35.099   5300.7    534.1
     1     1    11    12     6    13     0     1  -290.0   -8.910  -34.982   5331.6    535.0
     1     1    11    12     6    12     0     0  -291.0   -8.945  -34.854   5381.7    531.9
     1     1    11    12     6    11     0     1  -292.0   -8.989  -34.724   5444.6    526.5
     1     1    11    12     6    10     0     2  -293.0   -9.042  -34.598   5504.3    522.3
     1     1    11    12     6     9     0     3  -294.0   -9.102  -34.476   5561.3    518.2
     1     1    11    12     6     8     0     2  -295.0   -9.164  -34.355   5603.8    514.6
     1     1    11    12     6     7     0     1  -296.0   -9.225  -34.235   5620.8    513.3
     1     1    11    12     6     6     0     0  -297.0   -9.281  -34.116   5614.1    513.7
     1     1    11    12     6     5     0     1  -298.0   -9.333  -33.997   5600.9    515.8
     1     1    11    12     6     4     0     2  -299.0   -9.378  -33.874   5598.1    516.3
     1     1    11    12     6     3     0     3  -300.0   -9.417  -33.747   5605.2    516.0
     1     1    11    12     6     2     0     2  -301.0   -9.454  -33.620   5620.6    515.2
     1     1    11    12     6     1     0     1  -302.0   -9.491  -33.494   5643.3    514.0
     1     1    11    12     6     0     0     0  -303.0   -9.528  -33.369   5672.6    512.4
     1     1    11    12     5    23     0     1  -304.0   -9.563  -33.249   5708.9    509.9
     1     1    11    12     5    22     0     2  -305.0   -9.594  -33.134   5753.1    506.8
     1     1    11    12     5    21     0     3  -306.0   -9.622  -33.024   5805.3    503.3
     1     1    11    12     5    20     0     2  -307.0   -9.651  -32.914   5850.9    499.4
     1     1    11    12     5    19     0     1  -308.0   -9.684  -32.803   5877.2    497.7
     1     1    11    12     5    18     0     0  -309.0   -9.720  -32.692   5887.7    497.1
     1     1    11    12     5    17     0     1  -310.0   -9.756  -32.583   5893.1    497.5
     1     1    11    12     5    16     0     2  -311.0   -9.789  -32.475   5901.6    497.0
     1     1    11    12     5    15     0     3  -312.0   -9.819  -32.369   5911.1    496.5
     1     1    11    12     5    14     0     2  -313.0   -9.847  -32.261   5917.3    496.0
     1     1    11    12     5    13     0     1  -314.0   -9.871  -32.149   5915.5    496.0
     1     1    11    12     5    12     0     0  -315.0   -9.894  -32.030   5901.3    496.8
     1     1    11    12     5    11     0     1  -316.0   -9.910  -31.912   5889.7    498.4
     1     1    11    12     5    10     0     2  -317.0   -9.915  -31.802   5898.0    497.7
     1     1    11    12     5     9     0     3  -318.0   -9.911  -31.696   5926.7    495.6
     1     1    11    12     5     8     0     2  -319.0   -9.899  -31.594   5951.2    492.3
     1     1    11    12     5     7     0     1  -320.0   -9.883  -31.493   5946.8    492.5
     1     1    11    12     5     6     0     0  -321.0   -9.865  -31.396   5914.1    494.4
     1     1    11    12     5     5     0     1  -322.0   -9.844  -31.302   5874.6    498.4
     1     1    11    12     5     4     0     2  -323.0   -9.824  -31.211   5849.6    500.3
     1     1    11    12     5     3     0     3  -324.0   -9.802  -31.121   5839.3    501.1
     1     1    11    12     5     2     0     2  -325.0   -9.778  -31.032   5843.8    501.1
     1     1    11    12     5     1     0     1  -326.0   -9.747  -30.940   5861.9    500.2
     1     1    11    12     5     0     0     0  -327.0   -9.708  -30.845   5892.4    498.5
     1     1    11    12     4    23     0     1  -328.0   -9.669  -30.746   5931.6    495.6
     1     1    11    12     4    22     0     2  -329.0   -9.632  -30.646   5976.6    492.5
     1     1    11    12     4    21     0     3  -330.0   -9.598  -30.545   6027.9    489.0
     1     1    11    12     4    20     0     2  -331.0   -9.564  -30.442   6071.9    485.4
     1     1    11    12     4    19     0     1  -332.0   -9.528  -30.339   6095.7    484.0
     1     1    11    12     4    18     0     0  -333.0   -9.490  -30.236   6100.3    483.7
     1     1    11    12     4    17     0     1  -334.0   -9.449  -30.131   6094.5    484.6
     1     1    11    12     4    16     0     2  -335.0   -9.405  -30.020   6086.5    485.2
     1     1    11    12     4    15     0     3  -336.0   -9.358  -29.906   6076.7    485.9
