     3     1
    GDAS    11     9     1     0     0
    GDAS    11     9     8     0     0
    GDAS    11     9    15     0     0
     1 BACKWARD OMEGA   
  2011     9    17    16   -8.890  -56.880   914.4
     1 PRESSURE
     1     1    11     9    17    16     0     2     0.0   -8.890  -56.880    914.4    891.6
     1     1    11     9    17    15     0     3    -1.0   -8.851  -56.722    922.0    891.1
     1     1    11     9    17    14     0     2    -2.0   -8.807  -56.555    938.7    884.4
     1     1    11     9    17    13     0     1    -3.0   -8.761  -56.372    937.9    881.6
     1     1    11     9    17    12     0     0    -4.0   -8.703  -56.160    912.0    880.9
     1     1    11     9    17    11     0     1    -5.0   -8.638  -55.933    862.5    883.0
     1     1    11     9    17    10     0     2    -6.0   -8.580  -55.704    798.6    886.2
     1     1    11     9    17     9     0     3    -7.0   -8.533  -55.458    721.4    891.0
     1     1    11     9    17     8     0     2    -8.0   -8.484  -55.180    629.4    899.0
     1     1    11     9    17     7     0     1    -9.0   -8.436  -54.878    527.0    909.0
     1     1    11     9    17     6     0     0   -10.0   -8.407  -54.581    430.0    921.0
     1     1    11     9    17     5     0     1   -11.0   -8.403  -54.310    353.4    929.6
     1     1    11     9    17     4     0     2   -12.0   -8.418  -54.056    296.7    935.4
     1     1    11     9    17     3     0     3   -13.0   -8.442  -53.817    255.6    940.8
     1     1    11     9    17     2     0     2   -14.0   -8.468  -53.595    227.7    943.9
     1     1    11     9    17     1     0     1   -15.0   -8.495  -53.390    209.3    946.1
     1     1    11     9    17     0     0     0   -16.0   -8.525  -53.193    199.7    947.4
     1     1    11     9    16    23     0     1   -17.0   -8.552  -52.999    195.1    947.1
     1     1    11     9    16    22     0     2   -18.0   -8.568  -52.819    188.3    947.5
     1     1    11     9    16    21     0     3   -19.0   -8.575  -52.665    176.9    948.9
     1     1    11     9    16    20     0     2   -20.0   -8.574  -52.528    165.5    951.8
     1     1    11     9    16    19     0     1   -21.0   -8.566  -52.396    157.4    953.8
     1     1    11     9    16    18     0     0   -22.0   -8.551  -52.268    152.3    955.5
     1     1    11     9    16    17     0     1   -23.0   -8.532  -52.137    152.0    957.6
     1     1    11     9    16    16     0     2   -24.0   -8.509  -51.996    158.6    958.5
     1     1    11     9    16    15     0     3   -25.0   -8.481  -51.841    169.9    957.0
     1     1    11     9    16    14     0     2   -26.0   -8.452  -51.660    185.9    954.6
     1     1    11     9    16    13     0     1   -27.0   -8.425  -51.439    210.1    951.4
     1     1    11     9    16    12     0     0   -28.0   -8.397  -51.174    245.7    947.4
     1     1    11     9    16    11     0     1   -29.0   -8.366  -50.876    284.7    942.4
     1     1    11     9    16    10     0     2   -30.0   -8.335  -50.565    303.1    941.9
     1     1    11     9    16     9     0     3   -31.0   -8.307  -50.255    288.3    945.8
     1     1    11     9    16     8     0     2   -32.0   -8.285  -49.969    253.1    953.5
     1     1    11     9    16     7     0     1   -33.0   -8.276  -49.705    229.0    959.3
     1     1    11     9    16     6     0     0   -34.0   -8.283  -49.424    236.6    959.5
     1     1    11     9    16     5     0     1   -35.0   -8.299  -49.114    278.4    958.0
     1     1    11     9    16     4     0     2   -36.0   -8.313  -48.774    345.2    951.1
     1     1    11     9    16     3     0     3   -37.0   -8.329  -48.416    411.1    945.7
     1     1    11     9    16     2     0     2   -38.0   -8.351  -48.055    466.4    940.9
     1     1    11     9    16     1     0     1   -39.0   -8.386  -47.714    528.8    930.1
     1     1    11     9    16     0     0     0   -40.0   -8.433  -47.400    619.4    913.9
     1     1    11     9    15    23     0     1   -41.0   -8.480  -47.108    739.8    893.3
     1     1    11     9    15    22     0     2   -42.0   -8.519  -46.836    856.6    875.8
     1     1    11     9    15    21     0     3   -43.0   -8.553  -46.586    934.0    867.4
     1     1    11     9    15    20     0     2   -44.0   -8.587  -46.355    969.1    865.8
     1     1    11     9    15    19     0     1   -45.0   -8.624  -46.138    974.7    867.5
     1     1    11     9    15    18     0     0   -46.0   -8.664  -45.933    967.8    869.9
     1     1    11     9    15    17     0     1   -47.0   -8.703  -45.728    960.5    869.8
     1     1    11     9    15    16     0     2   -48.0   -8.738  -45.510    958.4    868.6
     1     1    11     9    15    15     0     3   -49.0   -8.772  -45.278    964.4    866.3
     1     1    11     9    15    14     0     2   -50.0   -8.806  -45.021    990.2    861.8
     1     1    11     9    15    13     0     1   -51.0   -8.842  -44.732   1026.6    859.7
     1     1    11     9    15    12     0     0   -52.0   -8.883  -44.414   1025.2    863.3
     1     1    11     9    15    11     0     1   -53.0   -8.938  -44.074    987.4    874.3
     1     1    11     9    15    10     0     2   -54.0   -9.015  -43.707    971.5    873.4
     1     1    11     9    15     9     0     3   -55.0   -9.106  -43.319   1013.7    857.5
     1     1    11     9    15     8     0     2   -56.0   -9.200  -42.926   1088.0    842.9
     1     1    11     9    15     7     0     1   -57.0   -9.286  -42.543   1172.7    840.0
     1     1    11     9    15     6     0     0   -58.0   -9.360  -42.190   1253.1    835.0
     1     1    11     9    15     5     0     1   -59.0   -9.426  -41.857   1316.2    828.0
     1     1    11     9    15     4     0     2   -60.0   -9.493  -41.528   1358.8    818.5
     1     1    11     9    15     3     0     3   -61.0   -9.569  -41.201   1390.7    809.5
     1     1    11     9    15     2     0     2   -62.0   -9.659  -40.880   1405.5    802.8
     1     1    11     9    15     1     0     1   -63.0   -9.774  -40.570   1401.0    807.4
     1     1    11     9    15     0     0     0   -64.0   -9.912  -40.282   1400.2    812.5
     1     1    11     9    14    23     0     1   -65.0  -10.067  -40.022   1414.8    816.1
     1     1    11     9    14    22     0     2   -66.0  -10.228  -39.784   1415.4    817.4
     1     1    11     9    14    21     0     3   -67.0  -10.392  -39.561   1377.2    823.7
     1     1    11     9    14    20     0     2   -68.0  -10.557  -39.350   1326.0    835.0
     1     1    11     9    14    19     0     1   -69.0  -10.709  -39.146   1290.3    841.5
     1     1    11     9    14    18     0     0   -70.0  -10.848  -38.949   1253.7    846.9
     1     1    11     9    14    17     0     1   -71.0  -10.981  -38.756   1217.2    854.1
     1     1    11     9    14    16     0     2   -72.0  -11.110  -38.573   1185.4    858.4
     1     1    11     9    14    15     0     3   -73.0  -11.237  -38.402   1141.1    864.8
     1     1    11     9    14    14     0     2   -74.0  -11.361  -38.234   1082.2    873.9
     1     1    11     9    14    13     0     1   -75.0  -11.483  -38.063   1015.6    884.1
     1     1    11     9    14    12     0     0   -76.0  -11.605  -37.891    947.1    896.6
     1     1    11     9    14    11     0     1   -77.0  -11.730  -37.711    877.9    908.6
     1     1    11     9    14    10     0     2   -78.0  -11.859  -37.515    812.4    919.8
     1     1    11     9    14     9     0     3   -79.0  -11.988  -37.303    762.2    928.8
     1     1    11     9    14     8     0     2   -80.0  -12.113  -37.082    734.8    934.3
     1     1    11     9    14     7     0     1   -81.0  -12.235  -36.860    719.7    935.4
     1     1    11     9    14     6     0     0   -82.0  -12.359  -36.639    704.4    936.9
     1     1    11     9    14     5     0     1   -83.0  -12.488  -36.420    691.8    939.2
     1     1    11     9    14     4     0     2   -84.0  -12.619  -36.199    685.6    940.2
     1     1    11     9    14     3     0     3   -85.0  -12.749  -35.971    680.7    940.7
     1     1    11     9    14     2     0     2   -86.0  -12.880  -35.741    671.0    941.7
     1     1    11     9    14     1     0     1   -87.0  -13.010  -35.513    660.3    943.8
     1     1    11     9    14     0     0     0   -88.0  -13.139  -35.289    658.4    944.6
     1     1    11     9    13    23     0     1   -89.0  -13.270  -35.065    666.9    942.8
     1     1    11     9    13    22     0     2   -90.0  -13.408  -34.834    678.1    940.4
     1     1    11     9    13    21     0     3   -91.0  -13.553  -34.597    684.3    938.9
     1     1    11     9    13    20     0     2   -92.0  -13.699  -34.360    682.1    939.2
     1     1    11     9    13    19     0     1   -93.0  -13.835  -34.127    675.0    940.6
     1     1    11     9    13    18     0     0   -94.0  -13.959  -33.899    673.4    941.7
     1     1    11     9    13    17     0     1   -95.0  -14.075  -33.674    680.4    941.0
     1     1    11     9    13    16     0     2   -96.0  -14.190  -33.452    689.1    939.8
     1     1    11     9    13    15     0     3   -97.0  -14.304  -33.233    691.5    939.5
     1     1    11     9    13    14     0     2   -98.0  -14.417  -33.014    690.9    940.7
     1     1    11     9    13    13     0     1   -99.0  -14.530  -32.793    695.0    940.9
     1     1    11     9    13    12     0     0  -100.0  -14.639  -32.570    703.1    940.2
     1     1    11     9    13    11     0     1  -101.0  -14.744  -32.345    711.4    938.7
     1     1    11     9    13    10     0     2  -102.0  -14.842  -32.113    720.5    937.5
     1     1    11     9    13     9     0     3  -103.0  -14.933  -31.872    733.6    935.8
     1     1    11     9    13     8     0     2  -104.0  -15.025  -31.627    747.6    933.4
     1     1    11     9    13     7     0     1  -105.0  -15.124  -31.386    759.9    931.9
     1     1    11     9    13     6     0     0  -106.0  -15.231  -31.152    775.5    930.3
     1     1    11     9    13     5     0     1  -107.0  -15.345  -30.925    790.2    928.3
     1     1    11     9    13     4     0     2  -108.0  -15.464  -30.699    794.9    928.1
     1     1    11     9    13     3     0     3  -109.0  -15.585  -30.476    790.7    929.2
     1     1    11     9    13     2     0     2  -110.0  -15.706  -30.259    785.9    930.6
     1     1    11     9    13     1     0     1  -111.0  -15.819  -30.049    785.1    930.8
     1     1    11     9    13     0     0     0  -112.0  -15.924  -29.847    786.4    930.9
     1     1    11     9    12    23     0     1  -113.0  -16.023  -29.642    788.5    930.2
     1     1    11     9    12    22     0     2  -114.0  -16.116  -29.426    793.0    929.5
     1     1    11     9    12    21     0     3  -115.0  -16.199  -29.200    803.1    928.2
     1     1    11     9    12    20     0     2  -116.0  -16.275  -28.970    818.8    926.3
     1     1    11     9    12    19     0     1  -117.0  -16.346  -28.744    835.6    924.1
     1     1    11     9    12    18     0     0  -118.0  -16.412  -28.522    849.5    922.4
     1     1    11     9    12    17     0     1  -119.0  -16.471  -28.296    856.4    921.7
     1     1    11     9    12    16     0     2  -120.0  -16.520  -28.057    852.6    922.4
     1     1    11     9    12    15     0     3  -121.0  -16.558  -27.803    838.5    924.2
     1     1    11     9    12    14     0     2  -122.0  -16.591  -27.538    820.4    926.9
     1     1    11     9    12    13     0     1  -123.0  -16.629  -27.268    805.6    929.0
     1     1    11     9    12    12     0     0  -124.0  -16.671  -26.997    797.5    930.5
     1     1    11     9    12    11     0     1  -125.0  -16.714  -26.725    791.3    930.3
     1     1    11     9    12    10     0     2  -126.0  -16.749  -26.453    780.1    931.3
     1     1    11     9    12     9     0     3  -127.0  -16.779  -26.180    762.0    932.9
     1     1    11     9    12     8     0     2  -128.0  -16.806  -25.897    742.9    935.4
     1     1    11     9    12     7     0     1  -129.0  -16.835  -25.598    731.0    936.7
     1     1    11     9    12     6     0     0  -130.0  -16.867  -25.281    727.6    936.6
     1     1    11     9    12     5     0     1  -131.0  -16.900  -24.955    729.3    936.3
     1     1    11     9    12     4     0     2  -132.0  -16.936  -24.627    732.5    936.1
     1     1    11     9    12     3     0     3  -133.0  -16.973  -24.303    732.3    936.0
     1     1    11     9    12     2     0     2  -134.0  -17.009  -23.978    729.8    937.4
     1     1    11     9    12     1     0     1  -135.0  -17.044  -23.645    733.6    937.9
     1     1    11     9    12     0     0     0  -136.0  -17.078  -23.302    744.4    936.9
     1     1    11     9    11    23     0     1  -137.0  -17.116  -22.955    757.8    935.0
     1     1    11     9    11    22     0     2  -138.0  -17.160  -22.606    773.3    933.1
     1     1    11     9    11    21     0     3  -139.0  -17.211  -22.258    787.7    931.0
     1     1    11     9    11    20     0     2  -140.0  -17.266  -21.911    795.5    929.7
     1     1    11     9    11    19     0     1  -141.0  -17.322  -21.565    796.9    929.4
     1     1    11     9    11    18     0     0  -142.0  -17.379  -21.216    792.0    929.5
     1     1    11     9    11    17     0     1  -143.0  -17.434  -20.858    784.4    930.9
     1     1    11     9    11    16     0     2  -144.0  -17.485  -20.483    781.2    931.5
     1     1    11     9    11    15     0     3  -145.0  -17.535  -20.095    784.8    931.2
     1     1    11     9    11    14     0     2  -146.0  -17.590  -19.699    790.0    930.6
     1     1    11     9    11    13     0     1  -147.0  -17.653  -19.296    791.3    931.0
     1     1    11     9    11    12     0     0  -148.0  -17.725  -18.887    791.6    931.8
     1     1    11     9    11    11     0     1  -149.0  -17.808  -18.478    795.3    931.5
     1     1    11     9    11    10     0     2  -150.0  -17.902  -18.078    805.0    930.3
     1     1    11     9    11     9     0     3  -151.0  -18.004  -17.689    821.2    928.4
     1     1    11     9    11     8     0     2  -152.0  -18.108  -17.309    840.8    925.8
     1     1    11     9    11     7     0     1  -153.0  -18.210  -16.931    858.7    923.6
     1     1    11     9    11     6     0     0  -154.0  -18.314  -16.553    871.1    921.9
     1     1    11     9    11     5     0     1  -155.0  -18.413  -16.170    877.7    921.6
     1     1    11     9    11     4     0     2  -156.0  -18.501  -15.780    882.5    921.3
     1     1    11     9    11     3     0     3  -157.0  -18.579  -15.382    886.6    920.9
     1     1    11     9    11     2     0     2  -158.0  -18.661  -14.980    888.8    920.9
     1     1    11     9    11     1     0     1  -159.0  -18.752  -14.573    889.6    921.4
     1     1    11     9    11     0     0     0  -160.0  -18.851  -14.161    890.0    921.7
     1     1    11     9    10    23     0     1  -161.0  -18.949  -13.745    890.7    921.4
     1     1    11     9    10    22     0     2  -162.0  -19.042  -13.330    895.7    920.8
     1     1    11     9    10    21     0     3  -163.0  -19.129  -12.915    909.1    919.1
     1     1    11     9    10    20     0     2  -164.0  -19.226  -12.502    929.5    916.3
     1     1    11     9    10    19     0     1  -165.0  -19.346  -12.092    954.2    913.4
     1     1    11     9    10    18     0     0  -166.0  -19.487  -11.685    984.7    909.9
     1     1    11     9    10    17     0     1  -167.0  -19.641  -11.285   1015.0    905.8
     1     1    11     9    10    16     0     2  -168.0  -19.801  -10.897   1038.0    903.3
     1     1    11     9    10    15     0     3  -169.0  -19.967  -10.520   1055.4    901.8
     1     1    11     9    10    14     0     2  -170.0  -20.131  -10.145   1070.0    900.5
     1     1    11     9    10    13     0     1  -171.0  -20.281   -9.766   1081.2    899.4
     1     1    11     9    10    12     0     0  -172.0  -20.416   -9.386   1089.7    898.9
     1     1    11     9    10    11     0     1  -173.0  -20.543   -9.002   1104.4    898.1
     1     1    11     9    10    10     0     2  -174.0  -20.670   -8.614   1130.7    895.3
     1     1    11     9    10     9     0     3  -175.0  -20.799   -8.223   1171.2    891.7
     1     1    11     9    10     8     0     2  -176.0  -20.938   -7.844   1215.7    885.0
     1     1    11     9    10     7     0     1  -177.0  -21.091   -7.488   1246.1    881.2
     1     1    11     9    10     6     0     0  -178.0  -21.251   -7.149   1260.0    879.4
     1     1    11     9    10     5     0     1  -179.0  -21.417   -6.821   1267.8    879.7
     1     1    11     9    10     4     0     2  -180.0  -21.588   -6.503   1278.9    878.5
     1     1    11     9    10     3     0     3  -181.0  -21.764   -6.192   1293.8    877.2
     1     1    11     9    10     2     0     2  -182.0  -21.943   -5.889   1314.0    875.4
     1     1    11     9    10     1     0     1  -183.0  -22.124   -5.593   1338.3    873.0
     1     1    11     9    10     0     0     0  -184.0  -22.306   -5.306   1364.5    870.6
     1     1    11     9     9    23     0     1  -185.0  -22.488   -5.029   1395.0    867.7
     1     1    11     9     9    22     0     2  -186.0  -22.667   -4.763   1433.4    863.8
     1     1    11     9     9    21     0     3  -187.0  -22.845   -4.510   1481.4    859.0
     1     1    11     9     9    20     0     2  -188.0  -23.024   -4.273   1529.0    852.7
     1     1    11     9     9    19     0     1  -189.0  -23.204   -4.051   1566.4    848.6
     1     1    11     9     9    18     0     0  -190.0  -23.385   -3.842   1595.4    845.5
     1     1    11     9     9    17     0     1  -191.0  -23.568   -3.644   1618.5    843.2
     1     1    11     9     9    16     0     2  -192.0  -23.753   -3.457   1637.9    841.1
     1     1    11     9     9    15     0     3  -193.0  -23.941   -3.280   1653.4    839.4
     1     1    11     9     9    14     0     2  -194.0  -24.135   -3.113   1667.2    838.5
     1     1    11     9     9    13     0     1  -195.0  -24.337   -2.954   1680.8    837.3
     1     1    11     9     9    12     0     0  -196.0  -24.547   -2.803   1693.2    836.3
     1     1    11     9     9    11     0     1  -197.0  -24.770   -2.661   1710.9    835.3
     1     1    11     9     9    10     0     2  -198.0  -25.012   -2.530   1740.3    832.5
     1     1    11     9     9     9     0     3  -199.0  -25.276   -2.411   1781.2    828.6
     1     1    11     9     9     8     0     2  -200.0  -25.551   -2.313   1827.8    823.0
     1     1    11     9     9     7     0     1  -201.0  -25.832   -2.247   1873.4    818.1
     1     1    11     9     9     6     0     0  -202.0  -26.123   -2.217   1915.0    813.2
     1     1    11     9     9     5     0     1  -203.0  -26.414   -2.221   1945.8    809.8
     1     1    11     9     9     4     0     2  -204.0  -26.694   -2.250   1965.5    808.2
     1     1    11     9     9     3     0     3  -205.0  -26.965   -2.306   1980.2    807.0
     1     1    11     9     9     2     0     2  -206.0  -27.229   -2.392   1995.7    805.9
     1     1    11     9     9     1     0     1  -207.0  -27.488   -2.505   2013.5    804.2
     1     1    11     9     9     0     0     0  -208.0  -27.743   -2.645   2031.1    802.4
     1     1    11     9     8    23     0     1  -209.0  -27.987   -2.801   2053.7    800.9
     1     1    11     9     8    22     0     2  -210.0  -28.211   -2.964   2084.6    797.6
     1     1    11     9     8    21     0     3  -211.0  -28.413   -3.133   2117.7    794.2
     1     1    11     9     8    20     0     2  -212.0  -28.603   -3.315   2153.2    790.6
     1     1    11     9     8    19     0     1  -213.0  -28.792   -3.517   2195.3    786.3
     1     1    11     9     8    18     0     0  -214.0  -28.984   -3.737   2246.7    781.2
     1     1    11     9     8    17     0     1  -215.0  -29.171   -3.980   2289.5    775.1
     1     1    11     9     8    16     0     2  -216.0  -29.347   -4.247   2305.0    773.7
     1     1    11     9     8    15     0     3  -217.0  -29.507   -4.536   2297.0    774.7
     1     1    11     9     8    14     0     2  -218.0  -29.657   -4.837   2282.6    777.3
     1     1    11     9     8    13     0     1  -219.0  -29.801   -5.139   2274.9    777.6
     1     1    11     9     8    12     0     0  -220.0  -29.936   -5.440   2269.9    777.7
     1     1    11     9     8    11     0     1  -221.0  -30.070   -5.741   2274.2    778.3
     1     1    11     9     8    10     0     2  -222.0  -30.210   -6.052   2302.0    776.1
     1     1    11     9     8     9     0     3  -223.0  -30.356   -6.375   2357.8    770.8
     1     1    11     9     8     8     0     2  -224.0  -30.501   -6.713   2420.1    762.5
     1     1    11     9     8     7     0     1  -225.0  -30.641   -7.064   2463.8    757.7
     1     1    11     9     8     6     0     0  -226.0  -30.779   -7.427   2486.1    755.4
     1     1    11     9     8     5     0     1  -227.0  -30.915   -7.798   2497.2    755.1
     1     1    11     9     8     4     0     2  -228.0  -31.047   -8.175   2504.9    754.2
     1     1    11     9     8     3     0     3  -229.0  -31.176   -8.557   2510.5    753.8
     1     1    11     9     8     2     0     2  -230.0  -31.313   -8.933   2526.2    753.5
     1     1    11     9     8     1     0     1  -231.0  -31.460   -9.300   2561.3    750.2
     1     1    11     9     8     0     0     0  -232.0  -31.612   -9.657   2610.8    745.4
     1     1    11     9     7    23     0     1  -233.0  -31.772  -10.011   2656.9    739.9
     1     1    11     9     7    22     0     2  -234.0  -31.943  -10.365   2689.2    737.3
     1     1    11     9     7    21     0     3  -235.0  -32.126  -10.705   2721.7    735.1
     1     1    11     9     7    20     0     2  -236.0  -32.319  -11.043   2768.4    730.7
     1     1    11     9     7    19     0     1  -237.0  -32.520  -11.400   2827.9    724.3
     1     1    11     9     7    18     0     0  -238.0  -32.731  -11.776   2892.7    717.9
     1     1    11     9     7    17     0     1  -239.0  -32.947  -12.175   2950.1    711.5
     1     1    11     9     7    16     0     2  -240.0  -33.159  -12.599   2987.3    708.0
     1     1    11     9     7    15     0     3  -241.0  -33.373  -13.041   3006.8    706.3
     1     1    11     9     7    14     0     2  -242.0  -33.586  -13.499   3022.9    705.7
     1     1    11     9     7    13     0     1  -243.0  -33.794  -13.966   3046.2    703.7
     1     1    11     9     7    12     0     0  -244.0  -33.995  -14.447   3071.2    701.1
     1     1    11     9     7    11     0     1  -245.0  -34.189  -14.942   3096.4    699.1
     1     1    11     9     7    10     0     2  -246.0  -34.376  -15.444   3133.5    696.4
     1     1    11     9     7     9     0     3  -247.0  -34.559  -15.949   3200.7    691.3
     1     1    11     9     7     8     0     2  -248.0  -34.723  -16.459   3271.7    681.7
     1     1    11     9     7     7     0     1  -249.0  -34.867  -16.974   3306.1    678.3
     1     1    11     9     7     6     0     0  -250.0  -35.011  -17.499   3315.0    678.6
     1     1    11     9     7     5     0     1  -251.0  -35.142  -18.023   3316.8    678.8
     1     1    11     9     7     4     0     2  -252.0  -35.245  -18.530   3320.9    678.8
     1     1    11     9     7     3     0     3  -253.0  -35.341  -19.022   3337.2    678.0
     1     1    11     9     7     2     0     2  -254.0  -35.438  -19.505   3360.5    675.2
     1     1    11     9     7     1     0     1  -255.0  -35.530  -19.982   3376.0    673.7
     1     1    11     9     7     0     0     0  -256.0  -35.626  -20.468   3380.6    673.6
     1     1    11     9     6    23     0     1  -257.0  -35.723  -20.970   3397.9    674.1
     1     1    11     9     6    22     0     2  -258.0  -35.813  -21.480   3442.8    669.8
     1     1    11     9     6    21     0     3  -259.0  -35.900  -22.017   3495.6    664.4
     1     1    11     9     6    20     0     2  -260.0  -35.983  -22.584   3518.5    660.1
     1     1    11     9     6    19     0     1  -261.0  -36.047  -23.154   3496.7    662.3
     1     1    11     9     6    18     0     0  -262.0  -36.089  -23.731   3453.7    666.8
     1     1    11     9     6    17     0     1  -263.0  -36.110  -24.332   3432.0    671.2
     1     1    11     9     6    16     0     2  -264.0  -36.114  -24.956   3452.2    669.0
     1     1    11     9     6    15     0     3  -265.0  -36.117  -25.619   3475.5    664.6
     1     1    11     9     6    14     0     2  -266.0  -36.111  -26.324   3464.4    665.1
     1     1    11     9     6    13     0     1  -267.0  -36.071  -27.050   3441.5    669.5
     1     1    11     9     6    12     0     0  -268.0  -36.016  -27.824   3415.9    670.4
     1     1    11     9     6    11     0     1  -269.0  -35.936  -28.631   3375.8    674.3
     1     1    11     9     6    10     0     2  -270.0  -35.803  -29.433   3328.6    677.4
     1     1    11     9     6     9     0     3  -271.0  -35.632  -30.292   3228.7    685.6
     1     1    11     9     6     8     0     2  -272.0  -35.426  -31.176   3134.8    694.3
     1     1    11     9     6     7     0     1  -273.0  -35.162  -32.037   3054.9    701.0
     1     1    11     9     6     6     0     0  -274.0  -34.833  -32.884   2989.4    707.5
     1     1    11     9     6     5     0     1  -275.0  -34.520  -33.682   2922.8    713.0
     1     1    11     9     6     4     0     2  -276.0  -34.234  -34.406   2830.0    722.0
     1     1    11     9     6     3     0     3  -277.0  -33.952  -35.100   2726.4    731.5
     1     1    11     9     6     2     0     2  -278.0  -33.675  -35.792   2636.7    742.0
     1     1    11     9     6     1     0     1  -279.0  -33.407  -36.491   2581.5    746.9
     1     1    11     9     6     0     0     0  -280.0  -33.141  -37.181   2554.9    749.4
     1     1    11     9     5    23     0     1  -281.0  -32.868  -37.844   2536.0    749.5
     1     1    11     9     5    22     0     2  -282.0  -32.589  -38.473   2499.3    752.6
     1     1    11     9     5    21     0     3  -283.0  -32.322  -39.069   2443.6    758.3
     1     1    11     9     5    20     0     2  -284.0  -32.064  -39.641   2378.1    765.1
     1     1    11     9     5    19     0     1  -285.0  -31.809  -40.197   2293.8    771.8
     1     1    11     9     5    18     0     0  -286.0  -31.566  -40.741   2177.7    782.8
     1     1    11     9     5    17     0     1  -287.0  -31.326  -41.277   2045.0    796.9
     1     1    11     9     5    16     0     2  -288.0  -31.077  -41.804   1921.6    810.7
     1     1    11     9     5    15     0     3  -289.0  -30.819  -42.323   1831.0    820.8
     1     1    11     9     5    14     0     2  -290.0  -30.550  -42.824   1763.0    825.5
     1     1    11     9     5    13     0     1  -291.0  -30.257  -43.298   1693.6    831.9
     1     1    11     9     5    12     0     0  -292.0  -29.943  -43.738   1619.7    839.4
     1     1    11     9     5    11     0     1  -293.0  -29.615  -44.154   1554.4    847.3
     1     1    11     9     5    10     0     2  -294.0  -29.277  -44.554   1510.6    852.0
     1     1    11     9     5     9     0     3  -295.0  -28.934  -44.928   1484.8    854.1
     1     1    11     9     5     8     0     2  -296.0  -28.599  -45.278   1465.6    855.2
     1     1    11     9     5     7     0     1  -297.0  -28.274  -45.602   1452.6    857.2
     1     1    11     9     5     6     0     0  -298.0  -27.952  -45.888   1457.8    857.2
     1     1    11     9     5     5     0     1  -299.0  -27.662  -46.154   1476.0    855.3
     1     1    11     9     5     4     0     2  -300.0  -27.421  -46.420   1490.7    853.9
     1     1    11     9     5     3     0     3  -301.0  -27.220  -46.673   1488.4    854.1
     1     1    11     9     5     2     0     2  -302.0  -27.038  -46.913   1482.5    856.8
     1     1    11     9     5     1     0     1  -303.0  -26.865  -47.154   1498.3    855.8
     1     1    11     9     5     0     0     0  -304.0  -26.706  -47.399   1540.7    851.5
     1     1    11     9     4    23     0     1  -305.0  -26.548  -47.655   1589.7    844.3
     1     1    11     9     4    22     0     2  -306.0  -26.375  -47.923   1619.9    840.5
     1     1    11     9     4    21     0     3  -307.0  -26.183  -48.205   1643.6    829.4
     1     1    11     9     4    20     0     2  -308.0  -25.971  -48.502   1732.9    805.0
     1     1    11     9     4    19     0     1  -309.0  -25.733  -48.803   1883.0    765.7
     1     1    11     9     4    18     0     0  -310.0  -25.455  -49.081   1987.9    734.1
     1     1    11     9     4    17     0     1  -311.0  -25.161  -49.308   1993.7    726.6
     1     1    11     9     4    16     0     2  -312.0  -24.883  -49.485   1941.5    732.3
     1     1    11     9     4    15     0     3  -313.0  -24.621  -49.630   1896.1    740.6
     1     1    11     9     4    14     0     2  -314.0  -24.369  -49.755   1887.5    746.2
     1     1    11     9     4    13     0     1  -315.0  -24.116  -49.864   1923.3    747.4
     1     1    11     9     4    12     0     0  -316.0  -23.866  -49.953   1987.4    746.0
     1     1    11     9     4    11     0     1  -317.0  -23.614  -50.025   2050.6    743.0
     1     1    11     9     4    10     0     2  -318.0  -23.356  -50.089   2103.7    743.4
     1     1    11     9     4     9     0     3  -319.0  -23.092  -50.149   2164.9    743.5
     1     1    11     9     4     8     0     2  -320.0  -22.819  -50.198   2229.6    739.4
     1     1    11     9     4     7     0     1  -321.0  -22.537  -50.224   2284.6    735.0
     1     1    11     9     4     6     0     0  -322.0  -22.246  -50.222   2330.0    731.6
     1     1    11     9     4     5     0     1  -323.0  -21.953  -50.190   2373.9    729.3
     1     1    11     9     4     4     0     2  -324.0  -21.668  -50.128   2417.3    726.6
     1     1    11     9     4     3     0     3  -325.0  -21.386  -50.033   2450.7    724.9
     1     1    11     9     4     2     0     2  -326.0  -21.103  -49.908   2488.5    723.9
     1     1    11     9     4     1     0     1  -327.0  -20.825  -49.766   2548.3    717.9
     1     1    11     9     4     0     0     0  -328.0  -20.564  -49.610   2626.7    709.0
     1     1    11     9     3    23     0     1  -329.0  -20.337  -49.451   2705.7    699.1
     1     1    11     9     3    22     0     2  -330.0  -20.152  -49.301   2762.6    691.5
     1     1    11     9     3    21     0     3  -331.0  -20.009  -49.170   2778.6    687.6
     1     1    11     9     3    20     0     2  -332.0  -19.886  -49.051   2763.8    688.6
     1     1    11     9     3    19     0     1  -333.0  -19.753  -48.920   2751.8    688.2
     1     1    11     9     3    18     0     0  -334.0  -19.612  -48.770   2750.6    686.0
     1     1    11     9     3    17     0     1  -335.0  -19.482  -48.587   2760.8    682.2
     1     1    11     9     3    16     0     2  -336.0  -19.379  -48.364   2777.3    676.8
