     3     1
    GDAS    11     1     8     0     0
    GDAS    11     1    15     0     0
    GDAS    11     1    22     0     0
     1 BACKWARD OMEGA   
  2011     1    24    16   -8.880  -56.760  1219.2
     1 PRESSURE
     1     1    11     1    24    16     0     2     0.0   -8.880  -56.760   1219.2    856.9
     1     1    11     1    24    15     0     3    -1.0   -8.842  -56.655   1259.8    852.5
     1     1    11     1    24    14     0     2    -2.0   -8.808  -56.531   1294.5    845.5
     1     1    11     1    24    13     0     1    -3.0   -8.777  -56.403   1309.5    842.7
     1     1    11     1    24    12     0     0    -4.0   -8.743  -56.265   1315.1    841.0
     1     1    11     1    24    11     0     3    -5.0   -8.709  -56.127   1316.5    838.4
     1     1    11     1    24    10     0     6    -6.0   -8.678  -55.998   1303.1    836.7
     1     1    11     1    24     9     0     9    -7.0   -8.657  -55.885   1265.0    838.2
     1     1    11     1    24     8     0     8    -8.0   -8.632  -55.792   1219.6    843.6
     1     1    11     1    24     7     0     7    -9.0   -8.591  -55.713   1181.7    846.2
     1     1    11     1    24     6     0     6   -10.0   -8.536  -55.644   1147.2    848.8
     1     1    11     1    24     5     0     5   -11.0   -8.468  -55.574   1103.5    851.2
     1     1    11     1    24     4     0     4   -12.0   -8.386  -55.493   1045.3    857.1
     1     1    11     1    24     3     0     3   -13.0   -8.287  -55.405    984.9    863.5
     1     1    11     1    24     2     0     2   -14.0   -8.181  -55.321    931.3    869.2
     1     1    11     1    24     1     0     1   -15.0   -8.086  -55.249    878.2    874.0
     1     1    11     1    24     0     0     0   -16.0   -8.007  -55.184    809.3    880.5
     1     1    11     1    23    23     0     1   -17.0   -7.945  -55.126    741.8    890.2
     1     1    11     1    23    22     0     2   -18.0   -7.892  -55.070    698.0    895.3
     1     1    11     1    23    21     0     3   -19.0   -7.848  -55.017    678.8    897.6
     1     1    11     1    23    20     0     2   -20.0   -7.813  -54.961    665.6    898.0
     1     1    11     1    23    19     0     1   -21.0   -7.786  -54.901    641.2    901.2
     1     1    11     1    23    18     0     0   -22.0   -7.767  -54.839    604.4    905.6
     1     1    11     1    23    17     0     1   -23.0   -7.756  -54.777    568.9    911.4
     1     1    11     1    23    16     0     2   -24.0   -7.750  -54.717    547.1    914.2
     1     1    11     1    23    15     0     3   -25.0   -7.751  -54.657    536.8    915.9
     1     1    11     1    23    14     0     2   -26.0   -7.760  -54.595    533.1    915.4
     1     1    11     1    23    13     0     1   -27.0   -7.776  -54.535    532.3    914.9
     1     1    11     1    23    12     0     0   -28.0   -7.801  -54.474    535.4    913.9
     1     1    11     1    23    11     0     1   -29.0   -7.827  -54.421    541.5    912.1
     1     1    11     1    23    10     0     2   -30.0   -7.846  -54.382    549.2    910.5
     1     1    11     1    23     9     0     3   -31.0   -7.858  -54.358    558.7    908.8
     1     1    11     1    23     8     0     2   -32.0   -7.863  -54.343    571.1    907.5
     1     1    11     1    23     7     0     1   -33.0   -7.862  -54.331    587.8    905.9
     1     1    11     1    23     6     0     0   -34.0   -7.855  -54.324    608.9    903.9
     1     1    11     1    23     5     0     1   -35.0   -7.842  -54.332    629.6    901.9
     1     1    11     1    23     4     0     2   -36.0   -7.821  -54.367    644.2    901.0
     1     1    11     1    23     3     0     3   -37.0   -7.791  -54.427    653.7    901.0
     1     1    11     1    23     2     0     2   -38.0   -7.748  -54.503    666.5    901.1
     1     1    11     1    23     1     0     1   -39.0   -7.691  -54.584    690.5    899.3
     1     1    11     1    23     0     0     0   -40.0   -7.623  -54.668    725.9    896.5
     1     1    11     1    22    23     0     1   -41.0   -7.549  -54.755    759.2    892.1
     1     1    11     1    22    22     0     2   -42.0   -7.473  -54.851    777.6    890.7
     1     1    11     1    22    21     0     3   -43.0   -7.394  -54.962    783.8    890.6
     1     1    11     1    22    20     0     2   -44.0   -7.315  -55.076    788.3    892.4
     1     1    11     1    22    19     0     1   -45.0   -7.238  -55.173    796.9    892.8
     1     1    11     1    22    18     0     0   -46.0   -7.162  -55.255    807.8    893.2
     1     1    11     1    22    17     0     1   -47.0   -7.080  -55.318    809.2    893.5
     1     1    11     1    22    16     0     2   -48.0   -6.989  -55.361    787.5    897.0
     1     1    11     1    22    15     0     3   -49.0   -6.890  -55.382    740.2    902.3
     1     1    11     1    22    14     0     2   -50.0   -6.780  -55.383    687.1    909.9
     1     1    11     1    22    13     0     1   -51.0   -6.653  -55.366    646.4    914.2
     1     1    11     1    22    12     0     0   -52.0   -6.509  -55.329    618.0    916.9
     1     1    11     1    22    11     0     1   -53.0   -6.354  -55.276    601.2    917.4
     1     1    11     1    22    10     0     2   -54.0   -6.195  -55.213    596.1    916.7
     1     1    11     1    22     9     0     3   -55.0   -6.028  -55.138    607.8    914.0
     1     1    11     1    22     8     0     2   -56.0   -5.853  -55.065    639.4    910.8
     1     1    11     1    22     7     0     1   -57.0   -5.678  -55.008    682.2    906.1
     1     1    11     1    22     6     0     0   -58.0   -5.503  -54.966    721.4    902.4
     1     1    11     1    22     5     0     1   -59.0   -5.324  -54.931    742.8    901.1
     1     1    11     1    22     4     0     2   -60.0   -5.132  -54.894    742.6    902.8
     1     1    11     1    22     3     0     3   -61.0   -4.928  -54.853    726.4    906.6
     1     1    11     1    22     2     0     2   -62.0   -4.713  -54.812    711.3    911.6
     1     1    11     1    22     1     0     1   -63.0   -4.491  -54.774    712.5    913.6
     1     1    11     1    22     0     0     0   -64.0   -4.268  -54.741    734.9    913.5
     1     1    11     1    21    23     0     1   -65.0   -4.057  -54.712    770.5    910.0
     1     1    11     1    21    22     0     2   -66.0   -3.867  -54.690    805.9    906.9
     1     1    11     1    21    21     0     3   -67.0   -3.699  -54.677    839.5    903.6
     1     1    11     1    21    20     0     2   -68.0   -3.540  -54.670    872.5    901.5
     1     1    11     1    21    19     0     1   -69.0   -3.379  -54.666    902.4    898.6
     1     1    11     1    21    18     0     0   -70.0   -3.214  -54.662    918.7    897.1
     1     1    11     1    21    17     0     1   -71.0   -3.041  -54.655    929.2    898.4
     1     1    11     1    21    16     0     2   -72.0   -2.855  -54.637    948.9    897.6
     1     1    11     1    21    15     0     3   -73.0   -2.653  -54.609    977.9    895.4
     1     1    11     1    21    14     0     2   -74.0   -2.441  -54.581    998.4    892.0
     1     1    11     1    21    13     0     1   -75.0   -2.222  -54.563    998.4    893.0
     1     1    11     1    21    12     0     0   -76.0   -1.993  -54.555    988.0    895.2
     1     1    11     1    21    11     0     1   -77.0   -1.757  -54.538    983.5    890.3
     1     1    11     1    21    10     0     2   -78.0   -1.519  -54.491    997.3    881.9
     1     1    11     1    21     9     0     3   -79.0   -1.275  -54.426   1027.5    871.6
     1     1    11     1    21     8     0     2   -80.0   -1.022  -54.361   1056.0    860.4
     1     1    11     1    21     7     0     1   -81.0   -0.765  -54.306   1066.1    858.6
     1     1    11     1    21     6     0     0   -82.0   -0.507  -54.257   1061.0    860.4
     1     1    11     1    21     5     0     1   -83.0   -0.256  -54.211   1058.9    863.0
     1     1    11     1    21     4     0     2   -84.0   -0.027  -54.166   1066.1    863.6
     1     1    11     1    21     3     0     3   -85.0    0.177  -54.118   1069.0    863.7
     1     1    11     1    21     2     0     2   -86.0    0.365  -54.065   1058.5    865.0
     1     1    11     1    21     1     0     1   -87.0    0.550  -54.006   1030.1    867.8
     1     1    11     1    21     0     0     0   -88.0    0.736  -53.944    978.3    873.1
     1     1    11     1    20    23     0     1   -89.0    0.914  -53.886    910.4    881.2
     1     1    11     1    20    22     0     2   -90.0    1.077  -53.841    848.7    888.6
     1     1    11     1    20    21     0     3   -91.0    1.227  -53.811    810.8    892.4
     1     1    11     1    20    20     0     2   -92.0    1.375  -53.790    801.4    892.8
     1     1    11     1    20    19     0     1   -93.0    1.530  -53.773    814.0    890.7
     1     1    11     1    20    18     0     0   -94.0    1.693  -53.759    839.3    887.3
     1     1    11     1    20    17     0     1   -95.0    1.869  -53.735    871.5    883.9
     1     1    11     1    20    16     0     2   -96.0    2.062  -53.688    905.2    880.0
     1     1    11     1    20    15     0     3   -97.0    2.270  -53.618    926.2    877.9
     1     1    11     1    20    14     0     2   -98.0    2.499  -53.527    927.5    878.0
     1     1    11     1    20    13     0     1   -99.0    2.760  -53.419    922.8    878.9
     1     1    11     1    20    12     0     0  -100.0    3.057  -53.290    936.6    878.1
     1     1    11     1    20    11     0     1  -101.0    3.364  -53.151    965.6    876.4
     1     1    11     1    20    10     0     2  -102.0    3.661  -53.013    981.8    878.8
     1     1    11     1    20     9     0     3  -103.0    3.951  -52.876    972.9    886.5
     1     1    11     1    20     8     0     2  -104.0    4.228  -52.735    950.1    894.6
     1     1    11     1    20     7     0     1  -105.0    4.484  -52.586    930.9    899.0
     1     1    11     1    20     6     0     0  -106.0    4.716  -52.431    905.8    903.9
     1     1    11     1    20     5     0     1  -107.0    4.933  -52.268    863.4    910.9
     1     1    11     1    20     4     0     2  -108.0    5.153  -52.093    808.4    919.7
     1     1    11     1    20     3     0     3  -109.0    5.384  -51.898    764.0    926.5
     1     1    11     1    20     2     0     2  -110.0    5.617  -51.691    745.9    928.8
     1     1    11     1    20     1     0     1  -111.0    5.846  -51.482    750.8    927.6
     1     1    11     1    20     0     0     0  -112.0    6.071  -51.274    765.0    925.2
     1     1    11     1    19    23     0     1  -113.0    6.289  -51.066    776.6    923.2
     1     1    11     1    19    22     0     2  -114.0    6.499  -50.855    781.1    922.2
     1     1    11     1    19    21     0     3  -115.0    6.702  -50.640    777.8    922.1
     1     1    11     1    19    20     0     2  -116.0    6.901  -50.421    772.3    923.4
     1     1    11     1    19    19     0     1  -117.0    7.102  -50.200    770.8    923.8
     1     1    11     1    19    18     0     0  -118.0    7.304  -49.979    770.6    923.5
     1     1    11     1    19    17     0     1  -119.0    7.501  -49.753    773.8    924.4
     1     1    11     1    19    16     0     2  -120.0    7.692  -49.515    785.2    923.8
     1     1    11     1    19    15     0     3  -121.0    7.874  -49.269    802.2    922.6
     1     1    11     1    19    14     0     2  -122.0    8.051  -49.011    821.4    920.3
     1     1    11     1    19    13     0     1  -123.0    8.225  -48.739    841.7    918.2
     1     1    11     1    19    12     0     0  -124.0    8.399  -48.454    864.0    915.9
     1     1    11     1    19    11     0     1  -125.0    8.568  -48.158    887.4    913.2
     1     1    11     1    19    10     0     2  -126.0    8.733  -47.856    910.3    910.3
     1     1    11     1    19     9     0     3  -127.0    8.895  -47.550    931.5    907.8
     1     1    11     1    19     8     0     2  -128.0    9.054  -47.246    953.8    905.6
     1     1    11     1    19     7     0     1  -129.0    9.213  -46.949    978.5    902.7
     1     1    11     1    19     6     0     0  -130.0    9.369  -46.657   1003.3    900.0
     1     1    11     1    19     5     0     1  -131.0    9.528  -46.364   1022.2    898.0
     1     1    11     1    19     4     0     2  -132.0    9.699  -46.060   1031.0    897.9
     1     1    11     1    19     3     0     3  -133.0    9.886  -45.739   1032.5    898.5
     1     1    11     1    19     2     0     2  -134.0   10.078  -45.412   1036.3    898.9
     1     1    11     1    19     1     0     1  -135.0   10.264  -45.090   1049.1    897.3
     1     1    11     1    19     0     0     0  -136.0   10.444  -44.776   1070.1    895.1
     1     1    11     1    18    23     0     1  -137.0   10.618  -44.467   1095.1    891.7
     1     1    11     1    18    22     0     2  -138.0   10.786  -44.162   1117.8    889.0
     1     1    11     1    18    21     0     3  -139.0   10.953  -43.861   1134.9    886.8
     1     1    11     1    18    20     0     2  -140.0   11.117  -43.563   1148.3    885.8
     1     1    11     1    18    19     0     1  -141.0   11.275  -43.268   1164.2    884.4
     1     1    11     1    18    18     0     0  -142.0   11.424  -42.976   1185.4    882.2
     1     1    11     1    18    17     0     1  -143.0   11.564  -42.684   1209.6    880.0
     1     1    11     1    18    16     0     2  -144.0   11.693  -42.388   1231.6    878.3
     1     1    11     1    18    15     0     3  -145.0   11.811  -42.088   1247.9    877.1
     1     1    11     1    18    14     0     2  -146.0   11.924  -41.786   1261.7    876.3
     1     1    11     1    18    13     0     1  -147.0   12.036  -41.480   1281.1    874.8
     1     1    11     1    18    12     0     0  -148.0   12.144  -41.171   1308.9    872.0
     1     1    11     1    18    11     0     1  -149.0   12.255  -40.860   1339.4    868.1
     1     1    11     1    18    10     0     2  -150.0   12.380  -40.548   1364.3    865.0
     1     1    11     1    18     9     0     3  -151.0   12.523  -40.233   1382.1    863.0
     1     1    11     1    18     8     0     2  -152.0   12.674  -39.917   1394.9    861.7
     1     1    11     1    18     7     0     1  -153.0   12.826  -39.607   1403.9    860.8
     1     1    11     1    18     6     0     0  -154.0   12.979  -39.305   1407.7    860.1
     1     1    11     1    18     5     0     1  -155.0   13.133  -39.007   1408.8    860.8
     1     1    11     1    18     4     0     2  -156.0   13.287  -38.709   1411.1    860.9
     1     1    11     1    18     3     0     3  -157.0   13.440  -38.412   1413.8    861.0
     1     1    11     1    18     2     0     2  -158.0   13.592  -38.112   1418.4    860.9
     1     1    11     1    18     1     0     1  -159.0   13.740  -37.813   1428.1    860.0
     1     1    11     1    18     0     0     0  -160.0   13.881  -37.518   1444.2    858.6
     1     1    11     1    17    23     0     1  -161.0   14.019  -37.225   1466.9    856.1
     1     1    11     1    17    22     0     2  -162.0   14.154  -36.933   1495.8    853.1
     1     1    11     1    17    21     0     3  -163.0   14.281  -36.641   1534.4    849.2
     1     1    11     1    17    20     0     2  -164.0   14.389  -36.352   1578.6    843.9
     1     1    11     1    17    19     0     1  -165.0   14.477  -36.068   1620.2    839.5
     1     1    11     1    17    18     0     0  -166.0   14.547  -35.790   1657.0    835.5
     1     1    11     1    17    17     0     1  -167.0   14.610  -35.506   1685.8    832.8
     1     1    11     1    17    16     0     2  -168.0   14.676  -35.207   1704.4    831.2
     1     1    11     1    17    15     0     3  -169.0   14.751  -34.893   1711.9    830.7
     1     1    11     1    17    14     0     2  -170.0   14.831  -34.566   1713.3    831.3
     1     1    11     1    17    13     0     1  -171.0   14.912  -34.233   1718.7    831.4
     1     1    11     1    17    12     0     0  -172.0   14.994  -33.894   1735.5    830.3
     1     1    11     1    17    11     0     1  -173.0   15.080  -33.552   1754.4    827.1
     1     1    11     1    17    10     0     2  -174.0   15.172  -33.210   1762.7    826.0
     1     1    11     1    17     9     0     3  -175.0   15.274  -32.868   1761.6    826.0
     1     1    11     1    17     8     0     2  -176.0   15.385  -32.526   1760.4    826.5
     1     1    11     1    17     7     0     1  -177.0   15.506  -32.185   1766.0    825.6
     1     1    11     1    17     6     0     0  -178.0   15.637  -31.846   1774.9    824.2
     1     1    11     1    17     5     0     1  -179.0   15.770  -31.506   1779.5    823.4
     1     1    11     1    17     4     0     2  -180.0   15.900  -31.157   1776.7    824.1
     1     1    11     1    17     3     0     3  -181.0   16.024  -30.800   1768.0    825.0
     1     1    11     1    17     2     0     2  -182.0   16.149  -30.442   1757.5    826.5
     1     1    11     1    17     1     0     1  -183.0   16.282  -30.091   1752.7    827.3
     1     1    11     1    17     0     0     0  -184.0   16.424  -29.750   1759.2    827.0
     1     1    11     1    16    23     0     1  -185.0   16.560  -29.423   1776.2    825.0
     1     1    11     1    16    22     0     2  -186.0   16.676  -29.112   1798.5    822.7
     1     1    11     1    16    21     0     3  -187.0   16.772  -28.818   1823.2    820.3
     1     1    11     1    16    20     0     2  -188.0   16.852  -28.538   1846.4    817.4
     1     1    11     1    16    19     0     1  -189.0   16.923  -28.266   1867.1    815.1
     1     1    11     1    16    18     0     0  -190.0   16.983  -28.003   1888.7    812.6
     1     1    11     1    16    17     0     1  -191.0   17.039  -27.741   1912.6    810.6
     1     1    11     1    16    16     0     2  -192.0   17.101  -27.475   1939.1    808.3
     1     1    11     1    16    15     0     3  -193.0   17.165  -27.209   1968.7    805.7
     1     1    11     1    16    14     0     2  -194.0   17.235  -26.946   1994.2    802.7
     1     1    11     1    16    13     0     1  -195.0   17.310  -26.687   2006.1    801.6
     1     1    11     1    16    12     0     0  -196.0   17.391  -26.429   2002.0    802.2
     1     1    11     1    16    11     0     1  -197.0   17.474  -26.172   1992.6    803.9
     1     1    11     1    16    10     0     2  -198.0   17.559  -25.918   1991.7    804.0
     1     1    11     1    16     9     0     3  -199.0   17.648  -25.669   2004.5    802.8
     1     1    11     1    16     8     0     2  -200.0   17.738  -25.426   2029.3    799.8
     1     1    11     1    16     7     0     1  -201.0   17.824  -25.189   2063.3    796.6
     1     1    11     1    16     6     0     0  -202.0   17.905  -24.958   2108.9    792.2
     1     1    11     1    16     5     0     1  -203.0   17.991  -24.734   2161.1    786.9
     1     1    11     1    16     4     0     2  -204.0   18.097  -24.517   2212.7    782.1
     1     1    11     1    16     3     0     3  -205.0   18.227  -24.306   2261.7    777.8
     1     1    11     1    16     2     0     2  -206.0   18.380  -24.107   2309.3    773.3
     1     1    11     1    16     1     0     1  -207.0   18.552  -23.924   2355.8    768.9
     1     1    11     1    16     0     0     0  -208.0   18.739  -23.757   2399.9    764.7
     1     1    11     1    15    23     0     1  -209.0   18.943  -23.608   2436.0    760.8
     1     1    11     1    15    22     0     2  -210.0   19.165  -23.480   2463.0    758.7
     1     1    11     1    15    21     0     3  -211.0   19.403  -23.372   2489.4    756.7
     1     1    11     1    15    20     0     2  -212.0   19.643  -23.278   2529.9    753.5
     1     1    11     1    15    19     0     1  -213.0   19.871  -23.194   2590.8    747.3
     1     1    11     1    15    18     0     0  -214.0   20.089  -23.122   2663.7    740.0
     1     1    11     1    15    17     0     1  -215.0   20.301  -23.053   2738.0    732.9
     1     1    11     1    15    16     0     2  -216.0   20.510  -22.980   2808.6    726.7
     1     1    11     1    15    15     0     3  -217.0   20.719  -22.901   2878.3    720.7
     1     1    11     1    15    14     0     2  -218.0   20.929  -22.814   2951.0    714.6
     1     1    11     1    15    13     0     1  -219.0   21.143  -22.719   3028.0    707.9
     1     1    11     1    15    12     0     0  -220.0   21.363  -22.616   3106.9    701.2
     1     1    11     1    15    11     0     1  -221.0   21.594  -22.510   3189.0    694.0
     1     1    11     1    15    10     0     2  -222.0   21.843  -22.409   3273.1    686.2
     1     1    11     1    15     9     0     3  -223.0   22.115  -22.315   3354.5    678.8
     1     1    11     1    15     8     0     2  -224.0   22.402  -22.225   3430.6    672.1
     1     1    11     1    15     7     0     1  -225.0   22.696  -22.130   3505.8    665.9
     1     1    11     1    15     6     0     0  -226.0   22.997  -22.026   3589.2    659.2
     1     1    11     1    15     5     0     1  -227.0   23.303  -21.911   3687.4    651.5
     1     1    11     1    15     4     0     2  -228.0   23.614  -21.786   3798.5    642.4
     1     1    11     1    15     3     0     3  -229.0   23.931  -21.643   3918.8    632.9
     1     1    11     1    15     2     0     2  -230.0   24.251  -21.492   4030.7    622.8
     1     1    11     1    15     1     0     1  -231.0   24.574  -21.341   4119.0    616.1
     1     1    11     1    15     0     0     0  -232.0   24.900  -21.179   4187.0    611.1
     1     1    11     1    14    23     0     1  -233.0   25.228  -21.014   4247.7    607.2
     1     1    11     1    14    22     0     2  -234.0   25.563  -20.863   4312.5    602.2
     1     1    11     1    14    21     0     3  -235.0   25.912  -20.721   4388.3    596.8
     1     1    11     1    14    20     0     2  -236.0   26.265  -20.592   4477.0    589.5
     1     1    11     1    14    19     0     1  -237.0   26.612  -20.478   4571.1    582.0
     1     1    11     1    14    18     0     0  -238.0   26.957  -20.374   4666.9    574.6
     1     1    11     1    14    17     0     1  -239.0   27.298  -20.273   4753.0    567.4
     1     1    11     1    14    16     0     2  -240.0   27.640  -20.171   4816.8    562.5
     1     1    11     1    14    15     0     3  -241.0   27.986  -20.067   4854.8    559.6
     1     1    11     1    14    14     0     2  -242.0   28.335  -19.967   4888.3    558.9
     1     1    11     1    14    13     0     1  -243.0   28.685  -19.873   4939.3    555.4
     1     1    11     1    14    12     0     0  -244.0   29.036  -19.784   5013.3    550.5
     1     1    11     1    14    11     0     1  -245.0   29.399  -19.718   5110.3    542.9
     1     1    11     1    14    10     0     2  -246.0   29.799  -19.690   5216.6    534.3
     1     1    11     1    14     9     0     3  -247.0   30.251  -19.699   5306.1    526.5
     1     1    11     1    14     8     0     2  -248.0   30.744  -19.738   5346.9    522.7
     1     1    11     1    14     7     0     1  -249.0   31.250  -19.801   5358.3    523.7
     1     1    11     1    14     6     0     0  -250.0   31.770  -19.896   5371.9    522.7
     1     1    11     1    14     5     0     1  -251.0   32.301  -20.028   5391.1    521.3
     1     1    11     1    14     4     0     2  -252.0   32.842  -20.200   5405.3    519.2
     1     1    11     1    14     3     0     3  -253.0   33.406  -20.415   5396.9    519.1
     1     1    11     1    14     2     0     2  -254.0   33.978  -20.672   5388.4    521.5
     1     1    11     1    14     1     0     1  -255.0   34.553  -20.992   5411.3    520.0
     1     1    11     1    14     0     0     0  -256.0   35.163  -21.407   5492.5    515.6
     1     1    11     1    13    23     0     1  -257.0   35.838  -21.874   5609.5    504.0
     1     1    11     1    13    22     0     2  -258.0   36.554  -22.355   5705.8    496.1
     1     1    11     1    13    21     0     3  -259.0   37.297  -22.863   5802.5    490.7
     1     1    11     1    13    20     0     2  -260.0   38.031  -23.471   5924.7    480.8
     1     1    11     1    13    19     0     1  -261.0   38.788  -24.199   6134.2    469.6
     1     1    11     1    13    18     0     0  -262.0   39.648  -25.001   6445.7    444.4
     1     1    11     1    13    17     0     1  -263.0   40.495  -25.870   6728.5    425.3
     1     1    11     1    13    16     0     2  -264.0   41.394  -26.878   6951.9    409.9
     1     1    11     1    13    15     0     3  -265.0   42.390  -28.132   7120.3    398.2
     1     1    11     1    13    14     0     2  -266.0   43.308  -29.531   7173.6    394.8
     1     1    11     1    13    13     0     1  -267.0   44.192  -31.093   7202.4    391.9
     1     1    11     1    13    12     0     0  -268.0   45.116  -32.882   7295.3    385.4
     1     1    11     1    13    11     0     1  -269.0   45.954  -34.800   7392.3    378.2
     1     1    11     1    13    10     0     2  -270.0   46.721  -36.852   7469.0    372.7
     1     1    11     1    13     9     0     3  -271.0   47.431  -39.033   7509.3    369.6
     1     1    11     1    13     8     0     2  -272.0   48.035  -41.236   7543.8    367.4
     1     1    11     1    13     7     0     1  -273.0   48.498  -43.499   7615.4    362.8
     1     1    11     1    13     6     0     0  -274.0   48.805  -45.811   7776.1    354.0
     1     1    11     1    13     5     0     1  -275.0   48.932  -48.125   7965.3    343.6
     1     1    11     1    13     4     0     2  -276.0   48.833  -50.311   8093.7    337.3
     1     1    11     1    13     3     0     3  -277.0   48.520  -52.310   8210.9    331.9
     1     1    11     1    13     2     0     2  -278.0   48.013  -54.145   8290.6    322.5
     1     1    11     1    13     1     0     1  -279.0   47.373  -55.764   8186.7    330.2
     1     1    11     1    13     0     0     0  -280.0   46.691  -57.033   7834.9    352.8
     1     1    11     1    12    23     0     1  -281.0   46.012  -58.095   7330.2    380.9
     1     1    11     1    12    22     0     2  -282.0   45.325  -59.133   6849.1    409.0
     1     1    11     1    12    21     0     3  -283.0   44.587  -60.195   6449.8    431.1
     1     1    11     1    12    20     0     2  -284.0   43.726  -61.269   5913.0    466.9
     1     1    11     1    12    19     0     1  -285.0   42.824  -62.339   5479.8    497.0
     1     1    11     1    12    18     0     0  -286.0   41.850  -63.466   5094.1    513.2
     1     1    11     1    12    17     0     1  -287.0   40.857  -64.708   4569.2    561.3
     1     1    11     1    12    16     0     2  -288.0   39.902  -66.172   4236.3    587.7
     1     1    11     1    12    15     0     3  -289.0   38.918  -67.907   4168.5    590.8
     1     1    11     1    12    14     0     2  -290.0   37.975  -69.723   4153.6    593.0
     1     1    11     1    12    13     0     1  -291.0   37.140  -71.604   4194.0    591.3
     1     1    11     1    12    12     0     0  -292.0   36.382  -73.511   4304.5    582.5
     1     1    11     1    12    11     0     1  -293.0   35.732  -75.367   4310.9    582.9
     1     1    11     1    12    10     0     2  -294.0   35.250  -77.193   4214.6    592.3
     1     1    11     1    12     9     0     3  -295.0   34.839  -78.960   4118.4    596.6
     1     1    11     1    12     8     0     2  -296.0   34.588  -80.708   4050.7    597.2
     1     1    11     1    12     7     0     1  -297.0   34.461  -82.466   3943.2    595.2
     1     1    11     1    12     6     0     0  -298.0   34.455  -84.299   4150.5    568.8
     1     1    11     1    12     5     0     1  -299.0   34.579  -86.169   4466.8    555.5
     1     1    11     1    12     4     0     2  -300.0   34.842  -88.075   4747.7    541.8
     1     1    11     1    12     3     0     3  -301.0   35.258  -90.040   5044.5    526.2
     1     1    11     1    12     2     0     2  -302.0   35.745  -91.966   5199.3    509.0
     1     1    11     1    12     1     0     1  -303.0   36.300  -93.988   5470.4    472.9
     1     1    11     1    12     0     0     0  -304.0   36.940  -95.996   5850.6    460.1
     1     1    11     1    11    23     0     1  -305.0   37.651  -97.961   6094.2    433.3
     1     1    11     1    11    22     0     2  -306.0   38.467  -99.990   6347.7    400.3
     1     1    11     1    11    21     0     3  -307.0   39.361 -102.025   6438.2    371.8
     1     1    11     1    11    20     0     2  -308.0   40.265 -104.074   6492.3    353.9
     1     1    11     1    11    19     0     1  -309.0   41.190 -106.126   6357.6    311.3
     1     1    11     1    11    18     0     0  -310.0   42.060 -108.165   6809.1    308.9
     1     1    11     1    11    17     0     1  -311.0   42.852 -110.135   6894.4    290.1
     1     1    11     1    11    16     0     2  -312.0   43.590 -112.096   7359.6    301.4
     1     1    11     1    11    15     0     3  -313.0   44.244 -114.005   7257.2    275.3
     1     1    11     1    11    14     0     2  -314.0   44.848 -115.845   7474.3    287.3
     1     1    11     1    11    13     0     1  -315.0   45.383 -117.618   7733.6    301.5
     1     1    11     1    11    12     0     0  -316.0   45.811 -119.275   7935.3    331.2
     1     1    11     1    11    11     0     1  -317.0   46.223 -120.836   7771.7    321.6
     1     1    11     1    11    10     0     2  -318.0   46.541 -122.511   7868.6    333.3
     1     1    11     1    11     9     0     3  -319.0   46.775 -124.081   7902.5    354.5
     1     1    11     1    11     8     0     2  -320.0   46.982 -125.607   7889.2    356.5
     1     1    11     1    11     7     0     1  -321.0   47.123 -127.191   7918.6    354.8
     1     1    11     1    11     6     0     0  -322.0   47.179 -128.827   7981.7    351.1
     1     1    11     1    11     5     0     1  -323.0   47.243 -130.455   8035.7    348.8
     1     1    11     1    11     4     0     2  -324.0   47.284 -132.055   8164.5    342.5
     1     1    11     1    11     3     0     3  -325.0   47.237 -133.640   8279.9    336.4
     1     1    11     1    11     2     0     2  -326.0   47.072 -135.127   8215.5    340.3
     1     1    11     1    11     1     0     1  -327.0   46.837 -136.428   8046.6    349.6
     1     1    11     1    11     0     0     0  -328.0   46.557 -137.540   7804.8    362.2
     1     1    11     1    10    23     0     1  -329.0   46.265 -138.513   7518.6    379.0
     1     1    11     1    10    22     0     2  -330.0   45.984 -139.378   7249.9    394.8
     1     1    11     1    10    21     0     3  -331.0   45.705 -140.116   7020.7    408.4
     1     1    11     1    10    20     0     2  -332.0   45.437 -140.752   6842.6    419.0
     1     1    11     1    10    19     0     1  -333.0   45.197 -141.336   6711.1    428.1
     1     1    11     1    10    18     0     0  -334.0   44.988 -141.915   6624.1    433.6
     1     1    11     1    10    17     0     1  -335.0   44.804 -142.468   6561.7    436.1
     1     1    11     1    10    16     0     2  -336.0   44.638 -142.949   6501.6    439.8
