     3     1
    GDAS    11     5     1     0     0
    GDAS    11     5     8     0     0
    GDAS    11     5    15     0     0
     1 BACKWARD OMEGA   
  2011     5    17    16   -8.900  -56.650  1524.0
     1 PRESSURE
     1     1    11     5    17    16     0     2     0.0   -8.900  -56.650   1524.0    827.4
     1     1    11     5    17    15     0     3    -1.0   -8.900  -56.555   1517.9    828.7
     1     1    11     5    17    14     0     2    -2.0   -8.902  -56.460   1521.7    826.5
     1     1    11     5    17    13     0     1    -3.0   -8.905  -56.365   1525.4    825.1
     1     1    11     5    17    12     0     0    -4.0   -8.909  -56.270   1527.1    824.0
     1     1    11     5    17    11     0     1    -5.0   -8.913  -56.171   1534.1    822.8
     1     1    11     5    17    10     0     2    -6.0   -8.915  -56.066   1556.6    819.5
     1     1    11     5    17     9     0     3    -7.0   -8.910  -55.957   1596.6    813.8
     1     1    11     5    17     8     0     2    -8.0   -8.901  -55.851   1632.8    806.5
     1     1    11     5    17     7     0     1    -9.0   -8.893  -55.752   1648.2    803.6
     1     1    11     5    17     6     0     0   -10.0   -8.888  -55.659   1646.1    802.4
     1     1    11     5    17     5     0     1   -11.0   -8.892  -55.573   1634.6    803.3
     1     1    11     5    17     4     0     2   -12.0   -8.907  -55.494   1620.7    804.0
     1     1    11     5    17     3     0     3   -13.0   -8.934  -55.423   1607.1    804.8
     1     1    11     5    17     2     0     2   -14.0   -8.961  -55.361   1589.3    804.7
     1     1    11     5    17     1     0     1   -15.0   -8.981  -55.308   1560.9    806.3
     1     1    11     5    17     0     0     0   -16.0   -8.993  -55.261   1520.7    809.1
     1     1    11     5    16    23     0     1   -17.0   -9.000  -55.215   1480.4    812.9
     1     1    11     5    16    22     0     2   -18.0   -9.004  -55.168   1450.4    814.4
     1     1    11     5    16    21     0     3   -19.0   -9.003  -55.122   1428.4    815.0
     1     1    11     5    16    20     0     2   -20.0   -8.997  -55.077   1415.1    815.8
     1     1    11     5    16    19     0     1   -21.0   -8.983  -55.033   1414.6    815.5
     1     1    11     5    16    18     0     0   -22.0   -8.961  -54.992   1430.8    814.0
     1     1    11     5    16    17     0     1   -23.0   -8.932  -54.940   1458.8    812.0
     1     1    11     5    16    16     0     2   -24.0   -8.899  -54.861   1487.5    810.4
     1     1    11     5    16    15     0     3   -25.0   -8.863  -54.758   1512.3    809.3
     1     1    11     5    16    14     0     2   -26.0   -8.832  -54.641   1509.3    807.9
     1     1    11     5    16    13     0     1   -27.0   -8.815  -54.517   1458.5    813.6
     1     1    11     5    16    12     0     0   -28.0   -8.812  -54.381   1366.9    823.0
     1     1    11     5    16    11     0     1   -29.0   -8.821  -54.239   1270.4    835.6
     1     1    11     5    16    10     0     2   -30.0   -8.838  -54.103   1201.7    842.9
     1     1    11     5    16     9     0     3   -31.0   -8.862  -53.975   1162.0    847.0
     1     1    11     5    16     8     0     2   -32.0   -8.891  -53.849   1136.6    847.7
     1     1    11     5    16     7     0     1   -33.0   -8.926  -53.715   1112.7    849.9
     1     1    11     5    16     6     0     0   -34.0   -8.972  -53.571   1097.7    851.1
     1     1    11     5    16     5     0     1   -35.0   -9.030  -53.426   1087.4    851.1
     1     1    11     5    16     4     0     2   -36.0   -9.101  -53.287   1065.4    853.2
     1     1    11     5    16     3     0     3   -37.0   -9.188  -53.155   1023.9    858.4
     1     1    11     5    16     2     0     2   -38.0   -9.285  -53.027    981.1    866.0
     1     1    11     5    16     1     0     1   -39.0   -9.379  -52.901    949.8    871.0
     1     1    11     5    16     0     0     0   -40.0   -9.466  -52.777    918.9    875.3
     1     1    11     5    15    23     0     1   -41.0   -9.549  -52.654    884.7    880.5
     1     1    11     5    15    22     0     2   -42.0   -9.628  -52.538    851.0    885.1
     1     1    11     5    15    21     0     3   -43.0   -9.705  -52.429    820.2    889.0
     1     1    11     5    15    20     0     2   -44.0   -9.782  -52.325    793.1    892.5
     1     1    11     5    15    19     0     1   -45.0   -9.861  -52.223    767.6    895.7
     1     1    11     5    15    18     0     0   -46.0   -9.940  -52.126    740.1    898.8
     1     1    11     5    15    17     0     1   -47.0  -10.013  -52.030    707.7    903.4
     1     1    11     5    15    16     0     2   -48.0  -10.073  -51.928    672.8    908.1
     1     1    11     5    15    15     0     3   -49.0  -10.119  -51.818    641.0    912.2
     1     1    11     5    15    14     0     2   -50.0  -10.161  -51.690    613.1    914.8
     1     1    11     5    15    13     0     1   -51.0  -10.206  -51.534    589.0    917.0
     1     1    11     5    15    12     0     0   -52.0  -10.256  -51.357    568.0    919.1
     1     1    11     5    15    11     0     1   -53.0  -10.315  -51.173    554.1    920.4
     1     1    11     5    15    10     0     2   -54.0  -10.389  -50.996    551.7    920.5
     1     1    11     5    15     9     0     3   -55.0  -10.476  -50.823    559.0    920.7
     1     1    11     5    15     8     0     2   -56.0  -10.565  -50.652    567.8    920.9
     1     1    11     5    15     7     0     1   -57.0  -10.645  -50.483    573.8    921.9
     1     1    11     5    15     6     0     0   -58.0  -10.718  -50.315    580.6    922.6
     1     1    11     5    15     5     0     1   -59.0  -10.785  -50.149    589.0    923.0
     1     1    11     5    15     4     0     2   -60.0  -10.847  -49.983    597.1    923.0
     1     1    11     5    15     3     0     3   -61.0  -10.907  -49.816    602.7    920.5
     1     1    11     5    15     2     0     2   -62.0  -10.966  -49.656    607.8    918.1
     1     1    11     5    15     1     0     1   -63.0  -11.026  -49.511    612.2    915.3
     1     1    11     5    15     0     0     0   -64.0  -11.085  -49.382    612.0    913.2
     1     1    11     5    14    23     0     1   -65.0  -11.143  -49.266    608.5    911.7
     1     1    11     5    14    22     0     2   -66.0  -11.196  -49.165    603.5    910.3
     1     1    11     5    14    21     0     3   -67.0  -11.243  -49.079    597.6    909.3
     1     1    11     5    14    20     0     2   -68.0  -11.284  -49.000    589.6    908.8
     1     1    11     5    14    19     0     1   -69.0  -11.319  -48.922    579.2    909.3
     1     1    11     5    14    18     0     0   -70.0  -11.347  -48.844    568.1    909.9
     1     1    11     5    14    17     0     1   -71.0  -11.369  -48.758    556.0    910.8
     1     1    11     5    14    16     0     2   -72.0  -11.385  -48.659    542.5    912.0
     1     1    11     5    14    15     0     3   -73.0  -11.395  -48.546    528.2    913.1
     1     1    11     5    14    14     0     2   -74.0  -11.399  -48.411    518.7    913.8
     1     1    11     5    14    13     0     1   -75.0  -11.392  -48.245    518.9    912.7
     1     1    11     5    14    12     0     0   -76.0  -11.371  -48.047    527.9    910.3
     1     1    11     5    14    11     0     1   -77.0  -11.340  -47.833    543.3    905.6
     1     1    11     5    14    10     0     2   -78.0  -11.309  -47.615    566.7    900.4
     1     1    11     5    14     9     0     3   -79.0  -11.282  -47.392    605.1    893.9
     1     1    11     5    14     8     0     2   -80.0  -11.264  -47.169    652.7    885.6
     1     1    11     5    14     7     0     1   -81.0  -11.254  -46.955    694.0    877.5
     1     1    11     5    14     6     0     0   -82.0  -11.248  -46.750    719.7    869.2
     1     1    11     5    14     5     0     1   -83.0  -11.245  -46.549    730.4    863.9
     1     1    11     5    14     4     0     2   -84.0  -11.241  -46.346    732.9    859.2
     1     1    11     5    14     3     0     3   -85.0  -11.241  -46.135    732.3    854.7
     1     1    11     5    14     2     0     2   -86.0  -11.252  -45.920    733.1    852.8
     1     1    11     5    14     1     0     1   -87.0  -11.277  -45.714    728.9    856.5
     1     1    11     5    14     0     0     0   -88.0  -11.317  -45.521    711.6    862.0
     1     1    11     5    13    23     0     1   -89.0  -11.367  -45.346    688.9    868.1
     1     1    11     5    13    22     0     2   -90.0  -11.424  -45.196    670.7    872.8
     1     1    11     5    13    21     0     3   -91.0  -11.487  -45.074    661.5    876.0
     1     1    11     5    13    20     0     2   -92.0  -11.548  -44.970    657.8    877.3
     1     1    11     5    13    19     0     1   -93.0  -11.600  -44.868    656.2    877.3
     1     1    11     5    13    18     0     0   -94.0  -11.642  -44.768    658.5    876.7
     1     1    11     5    13    17     0     1   -95.0  -11.678  -44.666    662.6    876.0
     1     1    11     5    13    16     0     2   -96.0  -11.714  -44.559    666.6    875.4
     1     1    11     5    13    15     0     3   -97.0  -11.748  -44.448    671.1    874.7
     1     1    11     5    13    14     0     2   -98.0  -11.779  -44.330    678.6    873.7
     1     1    11     5    13    13     0     1   -99.0  -11.805  -44.205    694.5    871.9
     1     1    11     5    13    12     0     0  -100.0  -11.825  -44.072    726.3    868.5
     1     1    11     5    13    11     0     1  -101.0  -11.842  -43.925    776.4    862.8
     1     1    11     5    13    10     0     2  -102.0  -11.855  -43.756    837.1    857.2
     1     1    11     5    13     9     0     3  -103.0  -11.867  -43.569    902.3    851.5
     1     1    11     5    13     8     0     2  -104.0  -11.880  -43.372    965.3    846.0
     1     1    11     5    13     7     0     1  -105.0  -11.901  -43.172   1023.7    842.0
     1     1    11     5    13     6     0     0  -106.0  -11.927  -42.971   1079.7    836.7
     1     1    11     5    13     5     0     1  -107.0  -11.961  -42.768   1115.8    823.9
     1     1    11     5    13     4     0     2  -108.0  -12.006  -42.559   1126.9    814.5
     1     1    11     5    13     3     0     3  -109.0  -12.059  -42.340   1128.3    806.4
     1     1    11     5    13     2     0     2  -110.0  -12.125  -42.113   1138.1    797.0
     1     1    11     5    13     1     0     1  -111.0  -12.208  -41.888   1156.9    792.4
     1     1    11     5    13     0     0     0  -112.0  -12.311  -41.673   1158.4    797.7
     1     1    11     5    12    23     0     1  -113.0  -12.430  -41.477   1128.3    808.2
     1     1    11     5    12    22     0     2  -114.0  -12.556  -41.300   1066.4    821.6
     1     1    11     5    12    21     0     3  -115.0  -12.686  -41.141    964.7    839.7
     1     1    11     5    12    20     0     2  -116.0  -12.820  -41.004    853.6    863.6
     1     1    11     5    12    19     0     1  -117.0  -12.950  -40.886    786.1    875.2
     1     1    11     5    12    18     0     0  -118.0  -13.071  -40.781    774.1    876.1
     1     1    11     5    12    17     0     1  -119.0  -13.189  -40.682    784.9    875.1
     1     1    11     5    12    16     0     2  -120.0  -13.314  -40.585    802.5    876.0
     1     1    11     5    12    15     0     3  -121.0  -13.447  -40.491    833.3    875.9
     1     1    11     5    12    14     0     2  -122.0  -13.591  -40.392    868.2    874.1
     1     1    11     5    12    13     0     1  -123.0  -13.748  -40.282    895.7    874.5
     1     1    11     5    12    12     0     0  -124.0  -13.927  -40.160    914.1    876.6
     1     1    11     5    12    11     0     1  -125.0  -14.130  -40.027    926.4    877.3
     1     1    11     5    12    10     0     2  -126.0  -14.345  -39.885    936.4    879.3
     1     1    11     5    12     9     0     3  -127.0  -14.566  -39.745    939.3    882.9
     1     1    11     5    12     8     0     2  -128.0  -14.791  -39.615    936.2    887.6
     1     1    11     5    12     7     0     1  -129.0  -15.017  -39.501    931.0    891.9
     1     1    11     5    12     6     0     0  -130.0  -15.246  -39.400    917.0    895.7
     1     1    11     5    12     5     0     1  -131.0  -15.480  -39.298    879.7    902.6
     1     1    11     5    12     4     0     2  -132.0  -15.721  -39.194    816.1    913.0
     1     1    11     5    12     3     0     3  -133.0  -15.969  -39.096    734.9    925.3
     1     1    11     5    12     2     0     2  -134.0  -16.224  -39.004    648.9    939.6
     1     1    11     5    12     1     0     1  -135.0  -16.482  -38.907    574.1    949.8
     1     1    11     5    12     0     0     0  -136.0  -16.733  -38.798    520.9    956.6
     1     1    11     5    11    23     0     1  -137.0  -16.979  -38.682    488.9    960.6
     1     1    11     5    11    22     0     2  -138.0  -17.218  -38.560    473.4    961.8
     1     1    11     5    11    21     0     3  -139.0  -17.446  -38.428    466.7    961.9
     1     1    11     5    11    20     0     2  -140.0  -17.661  -38.288    458.9    962.3
     1     1    11     5    11    19     0     1  -141.0  -17.863  -38.150    446.9    964.2
     1     1    11     5    11    18     0     0  -142.0  -18.057  -38.018    435.5    965.9
     1     1    11     5    11    17     0     1  -143.0  -18.239  -37.886    423.6    967.2
     1     1    11     5    11    16     0     2  -144.0  -18.403  -37.743    409.2    969.1
     1     1    11     5    11    15     0     3  -145.0  -18.551  -37.587    394.3    971.0
     1     1    11     5    11    14     0     2  -146.0  -18.692  -37.412    381.3    972.8
     1     1    11     5    11    13     0     1  -147.0  -18.837  -37.217    369.4    974.3
     1     1    11     5    11    12     0     0  -148.0  -18.996  -37.003    355.4    976.0
     1     1    11     5    11    11     0     1  -149.0  -19.168  -36.786    341.1    977.3
     1     1    11     5    11    10     0     2  -150.0  -19.346  -36.578    329.2    978.0
     1     1    11     5    11     9     0     3  -151.0  -19.541  -36.368    318.5    978.7
     1     1    11     5    11     8     0     2  -152.0  -19.759  -36.152    307.9    979.9
     1     1    11     5    11     7     0     1  -153.0  -19.999  -35.934    295.4    981.1
     1     1    11     5    11     6     0     0  -154.0  -20.249  -35.729    281.5    983.2
     1     1    11     5    11     5     0     1  -155.0  -20.497  -35.540    269.3    985.0
     1     1    11     5    11     4     0     2  -156.0  -20.747  -35.352    257.8    986.4
     1     1    11     5    11     3     0     3  -157.0  -21.015  -35.149    245.3    987.8
     1     1    11     5    11     2     0     2  -158.0  -21.291  -34.956    234.3    989.4
     1     1    11     5    11     1     0     1  -159.0  -21.565  -34.787    227.3    990.1
     1     1    11     5    11     0     0     0  -160.0  -21.850  -34.616    223.9    990.4
     1     1    11     5    10    23     0     1  -161.0  -22.139  -34.445    221.7    990.2
     1     1    11     5    10    22     0     2  -162.0  -22.418  -34.289    218.7    990.4
     1     1    11     5    10    21     0     3  -163.0  -22.702  -34.140    216.2    990.6
     1     1    11     5    10    20     0     2  -164.0  -22.999  -33.983    215.1    990.4
     1     1    11     5    10    19     0     1  -165.0  -23.292  -33.837    215.1    989.9
     1     1    11     5    10    18     0     0  -166.0  -23.576  -33.713    215.2    989.6
     1     1    11     5    10    17     0     1  -167.0  -23.862  -33.590    214.6    989.6
     1     1    11     5    10    16     0     2  -168.0  -24.145  -33.457    212.6    989.8
     1     1    11     5    10    15     0     3  -169.0  -24.418  -33.328    209.5    990.2
     1     1    11     5    10    14     0     2  -170.0  -24.689  -33.219    204.6    990.8
     1     1    11     5    10    13     0     1  -171.0  -24.980  -33.113    198.0    991.7
     1     1    11     5    10    12     0     0  -172.0  -25.296  -33.005    191.3    992.7
     1     1    11     5    10    11     0     1  -173.0  -25.615  -32.920    184.7    992.9
     1     1    11     5    10    10     0     2  -174.0  -25.941  -32.849    180.1    993.4
     1     1    11     5    10     9     0     3  -175.0  -26.280  -32.782    179.1    992.8
     1     1    11     5    10     8     0     2  -176.0  -26.614  -32.755    176.7    992.4
     1     1    11     5    10     7     0     1  -177.0  -26.957  -32.779    173.3    992.9
     1     1    11     5    10     6     0     0  -178.0  -27.336  -32.832    173.4    992.6
     1     1    11     5    10     5     0     1  -179.0  -27.724  -32.914    176.1    992.2
     1     1    11     5    10     4     0     2  -180.0  -28.116  -33.008    181.6    991.9
     1     1    11     5    10     3     0     3  -181.0  -28.523  -33.102    189.2    990.7
     1     1    11     5    10     2     0     2  -182.0  -28.920  -33.221    196.5    989.6
     1     1    11     5    10     1     0     1  -183.0  -29.311  -33.369    204.5    988.2
     1     1    11     5    10     0     0     0  -184.0  -29.728  -33.512    212.6    986.8
     1     1    11     5     9    23     0     1  -185.0  -30.149  -33.649    219.6    985.6
     1     1    11     5     9    22     0     2  -186.0  -30.560  -33.774    227.0    984.7
     1     1    11     5     9    21     0     3  -187.0  -30.990  -33.856    237.0    983.3
     1     1    11     5     9    20     0     2  -188.0  -31.409  -33.932    243.2    981.2
     1     1    11     5     9    19     0     1  -189.0  -31.817  -34.003    243.6    980.8
     1     1    11     5     9    18     0     0  -190.0  -32.254  -34.016    243.5    980.2
     1     1    11     5     9    17     0     1  -191.0  -32.660  -34.037    234.8    980.2
     1     1    11     5     9    16     0     2  -192.0  -33.047  -34.076    222.1    983.1
     1     1    11     5     9    15     0     3  -193.0  -33.452  -34.109    212.5    983.3
     1     1    11     5     9    14     0     2  -194.0  -33.831  -34.187    201.7    984.7
     1     1    11     5     9    13     0     1  -195.0  -34.206  -34.302    194.0    986.0
     1     1    11     5     9    12     0     0  -196.0  -34.598  -34.433    191.6    986.2
     1     1    11     5     9    11     0     1  -197.0  -34.995  -34.598    195.1    985.8
     1     1    11     5     9    10     0     2  -198.0  -35.390  -34.800    203.4    984.2
     1     1    11     5     9     9     0     3  -199.0  -35.786  -35.046    213.6    982.8
     1     1    11     5     9     8     0     2  -200.0  -36.170  -35.351    223.5    980.7
     1     1    11     5     9     7     0     1  -201.0  -36.546  -35.700    232.1    979.3
     1     1    11     5     9     6     0     0  -202.0  -36.927  -36.096    243.5    977.8
     1     1    11     5     9     5     0     1  -203.0  -37.287  -36.550    256.6    975.8
     1     1    11     5     9     4     0     2  -204.0  -37.629  -37.051    271.9    974.2
     1     1    11     5     9     3     0     3  -205.0  -37.963  -37.605    300.4    971.2
     1     1    11     5     9     2     0     2  -206.0  -38.267  -38.190    332.9    964.5
     1     1    11     5     9     1     0     1  -207.0  -38.539  -38.796    349.8    962.1
     1     1    11     5     9     0     0     0  -208.0  -38.788  -39.442    365.1    961.5
     1     1    11     5     8    23     0     1  -209.0  -39.049  -40.114    385.7    958.3
     1     1    11     5     8    22     0     2  -210.0  -39.345  -40.796    414.4    956.0
     1     1    11     5     8    21     0     3  -211.0  -39.668  -41.476    455.0    950.7
     1     1    11     5     8    20     0     2  -212.0  -39.992  -42.154    494.7    944.1
     1     1    11     5     8    19     0     1  -213.0  -40.308  -42.851    530.3    939.5
     1     1    11     5     8    18     0     0  -214.0  -40.615  -43.572    569.9    934.8
     1     1    11     5     8    17     0     1  -215.0  -40.902  -44.309    607.8    929.2
     1     1    11     5     8    16     0     2  -216.0  -41.182  -45.065    623.4    926.1
     1     1    11     5     8    15     0     3  -217.0  -41.471  -45.844    635.0    926.5
     1     1    11     5     8    14     0     2  -218.0  -41.764  -46.623    646.6    923.9
     1     1    11     5     8    13     0     1  -219.0  -42.060  -47.390    635.9    925.3
     1     1    11     5     8    12     0     0  -220.0  -42.376  -48.156    641.1    924.6
     1     1    11     5     8    11     0     1  -221.0  -42.708  -48.912    666.5    920.3
     1     1    11     5     8    10     0     2  -222.0  -43.058  -49.678    679.4    918.8
     1     1    11     5     8     9     0     3  -223.0  -43.425  -50.478    697.9    916.1
     1     1    11     5     8     8     0     2  -224.0  -43.790  -51.260    717.3    913.3
     1     1    11     5     8     7     0     1  -225.0  -44.149  -52.036    720.2    912.1
     1     1    11     5     8     6     0     0  -226.0  -44.487  -52.864    702.4    914.5
     1     1    11     5     8     5     0     1  -227.0  -44.831  -53.703    700.8    914.2
     1     1    11     5     8     4     0     2  -228.0  -45.180  -54.529    704.3    913.8
     1     1    11     5     8     3     0     3  -229.0  -45.537  -55.360    715.5    912.4
     1     1    11     5     8     2     0     2  -230.0  -45.909  -56.179    740.4    908.9
     1     1    11     5     8     1     0     1  -231.0  -46.287  -56.987    754.4    906.3
     1     1    11     5     8     0     0     0  -232.0  -46.667  -57.805    749.5    906.0
     1     1    11     5     7    23     0     1  -233.0  -47.057  -58.601    754.7    906.2
     1     1    11     5     7    22     0     2  -234.0  -47.432  -59.371    809.8    898.1
     1     1    11     5     7    21     0     3  -235.0  -47.771  -60.167    852.5    893.4
     1     1    11     5     7    20     0     2  -236.0  -48.110  -60.985    895.7    887.6
     1     1    11     5     7    19     0     1  -237.0  -48.465  -61.782    901.3    886.8
     1     1    11     5     7    18     0     0  -238.0  -48.808  -62.573    891.2    887.5
     1     1    11     5     7    17     0     1  -239.0  -49.163  -63.329    861.2    890.5
     1     1    11     5     7    16     0     2  -240.0  -49.594  -64.087    828.9    893.1
     1     1    11     5     7    15     0     3  -241.0  -50.083  -64.942    825.3    893.4
     1     1    11     5     7    14     0     2  -242.0  -50.567  -65.897    886.8    886.2
     1     1    11     5     7    13     0     1  -243.0  -50.999  -66.875    986.6    873.8
     1     1    11     5     7    12     0     0  -244.0  -51.393  -67.844   1061.4    864.8
     1     1    11     5     7    11     0     1  -245.0  -51.795  -68.801   1174.8    849.5
     1     1    11     5     7    10     0     2  -246.0  -52.252  -69.727   1310.3    822.8
     1     1    11     5     7     9     0     3  -247.0  -52.718  -70.619   1369.5    819.4
     1     1    11     5     7     8     0     2  -248.0  -53.166  -71.556   1515.6    802.7
     1     1    11     5     7     7     0     1  -249.0  -53.574  -72.516   1558.7    780.9
     1     1    11     5     7     6     0     0  -250.0  -53.932  -73.420   1198.2    842.4
     1     1    11     5     7     5     0     1  -251.0  -54.278  -74.255   1099.3    860.3
     1     1    11     5     7     4     0     2  -252.0  -54.627  -75.064   1092.9    858.0
     1     1    11     5     7     3     0     3  -253.0  -55.010  -75.798   1052.6    862.1
     1     1    11     5     7     2     0     2  -254.0  -55.407  -76.501   1019.3    867.3
     1     1    11     5     7     1     0     1  -255.0  -55.801  -77.186   1013.1    865.8
     1     1    11     5     7     0     0     0  -256.0  -56.205  -77.814   1012.1    863.8
     1     1    11     5     6    23     0     1  -257.0  -56.589  -78.427   1000.9    864.1
     1     1    11     5     6    22     0     2  -258.0  -56.944  -79.040    973.8    866.5
     1     1    11     5     6    21     0     3  -259.0  -57.294  -79.635    956.5    870.9
     1     1    11     5     6    20     0     2  -260.0  -57.617  -80.268    969.2    868.6
     1     1    11     5     6    19     0     1  -261.0  -57.920  -80.927    994.1    864.5
     1     1    11     5     6    18     0     0  -262.0  -58.231  -81.574   1026.1    861.2
     1     1    11     5     6    17     0     1  -263.0  -58.531  -82.258   1060.6    855.6
     1     1    11     5     6    16     0     2  -264.0  -58.811  -82.992   1091.5    851.9
     1     1    11     5     6    15     0     3  -265.0  -59.079  -83.735   1134.0    847.5
     1     1    11     5     6    14     0     2  -266.0  -59.337  -84.513   1173.7    840.6
     1     1    11     5     6    13     0     1  -267.0  -59.586  -85.349   1192.9    840.1
     1     1    11     5     6    12     0     0  -268.0  -59.832  -86.226   1219.4    837.7
     1     1    11     5     6    11     0     1  -269.0  -60.069  -87.146   1277.5    831.6
     1     1    11     5     6    10     0     2  -270.0  -60.292  -88.094   1343.6    824.6
     1     1    11     5     6     9     0     3  -271.0  -60.504  -89.056   1405.6    818.5
     1     1    11     5     6     8     0     2  -272.0  -60.712  -90.040   1456.6    813.5
     1     1    11     5     6     7     0     1  -273.0  -60.926  -91.048   1499.6    809.6
     1     1    11     5     6     6     0     0  -274.0  -61.157  -92.081   1555.8    803.7
     1     1    11     5     6     5     0     1  -275.0  -61.397  -93.121   1608.6    798.2
     1     1    11     5     6     4     0     2  -276.0  -61.626  -94.152   1649.6    794.3
     1     1    11     5     6     3     0     3  -277.0  -61.848  -95.195   1678.5    791.6
     1     1    11     5     6     2     0     2  -278.0  -62.065  -96.252   1688.6    790.6
     1     1    11     5     6     1     0     1  -279.0  -62.283  -97.299   1702.5    789.1
     1     1    11     5     6     0     0     0  -280.0  -62.509  -98.347   1727.8    786.1
     1     1    11     5     5    23     0     1  -281.0  -62.731  -99.392   1748.1    784.1
     1     1    11     5     5    22     0     2  -282.0  -62.947 -100.389   1770.2    782.0
     1     1    11     5     5    21     0     3  -283.0  -63.169 -101.336   1797.3    779.1
     1     1    11     5     5    20     0     2  -284.0  -63.376 -102.252   1807.1    777.8
     1     1    11     5     5    19     0     1  -285.0  -63.586 -103.127   1812.3    777.1
     1     1    11     5     5    18     0     0  -286.0  -63.815 -103.953   1823.4    775.7
     1     1    11     5     5    17     0     1  -287.0  -64.044 -104.757   1825.5    775.0
     1     1    11     5     5    16     0     2  -288.0  -64.285 -105.537   1836.4    773.9
     1     1    11     5     5    15     0     3  -289.0  -64.555 -106.271   1877.5    769.4
     1     1    11     5     5    14     0     2  -290.0  -64.814 -106.981   1924.4    763.5
     1     1    11     5     5    13     0     1  -291.0  -65.060 -107.674   1962.2    759.7
     1     1    11     5     5    12     0     0  -292.0  -65.313 -108.335   1990.5    756.5
     1     1    11     5     5    11     0     3  -293.0  -65.540 -108.981   2011.6    755.0
     1     1    11     5     5    10     0     6  -294.0  -65.733 -109.600   2024.7    753.0
     1     1    11     5     5     9     0     9  -295.0  -65.916 -110.159   2024.4    753.3
     1     1    11     5     5     8     0     8  -296.0  -66.093 -110.666   2018.2    754.4
     1     1    11     5     5     7     0     7  -297.0  -66.268 -111.133   2017.4    755.0
     1     1    11     5     5     6     0     6  -298.0  -66.456 -111.555   2029.9    754.0
     1     1    11     5     5     5     0     5  -299.0  -66.649 -111.970   2050.9    751.0
     1     1    11     5     5     4     0     4  -300.0  -66.844 -112.396   2073.6    748.9
     1     1    11     5     5     3     0     3  -301.0  -67.058 -112.796   2105.9    746.5
     1     1    11     5     5     2     0     2  -302.0  -67.255 -113.214   2140.5    741.6
     1     1    11     5     5     1     0     1  -303.0  -67.411 -113.671   2157.2    739.7
     1     1    11     5     5     0     0     0  -304.0  -67.557 -114.137   2154.8    740.3
     1     1    11     5     4    23     0     1  -305.0  -67.675 -114.560   2142.7    742.4
     1     1    11     5     4    22     0     2  -306.0  -67.734 -114.880   2134.5    743.9
     1     1    11     5     4    21     0     3  -307.0  -67.735 -115.076   2136.7    744.0
     1     1    11     5     4    20     0     2  -308.0  -67.694 -115.196   2147.8    742.6
     1     1    11     5     4    19     0     1  -309.0  -67.622 -115.294   2161.2    741.5
     1     1    11     5     4    18     0     0  -310.0  -67.517 -115.359   2176.3    740.1
     1     1    11     5     4    17     0     1  -311.0  -67.395 -115.420   2184.1    738.6
     1     1    11     5     4    16     0     2  -312.0  -67.270 -115.510   2182.3    739.3
     1     1    11     5     4    15     0     3  -313.0  -67.135 -115.628   2185.0    739.9
     1     1    11     5     4    14     0     2  -314.0  -66.983 -115.778   2195.4    738.5
     1     1    11     5     4    13     0     1  -315.0  -66.811 -115.973   2188.0    737.6
     1     1    11     5     4    12     0     0  -316.0  -66.614 -116.210   2137.6    742.0
     1     1    11     5     4    11     0     3  -317.0  -66.382 -116.494   2050.0    752.0
     1     1    11     5     4    10     0     6  -318.0  -66.107 -116.838   1944.0    763.6
     1     1    11     5     4     9     0     9  -319.0  -65.777 -117.251   1833.2    775.9
     1     1    11     5     4     8     0     8  -320.0  -65.414 -117.715   1748.1    786.5
     1     1    11     5     4     7     0     7  -321.0  -65.041 -118.228   1699.8    790.6
     1     1    11     5     4     6     0     6  -322.0  -64.636 -118.805   1625.4    792.7
     1     1    11     5     4     5     0     5  -323.0  -64.203 -119.419   1505.2    809.9
     1     1    11     5     4     4     0     4  -324.0  -63.760 -120.059   1391.5    822.1
     1     1    11     5     4     3     0     3  -325.0  -63.280 -120.730   1216.0    833.7
     1     1    11     5     4     2     0     2  -326.0  -62.785 -121.402   1010.5    868.4
     1     1    11     5     4     1     0     1  -327.0  -62.290 -122.087    878.1    883.1
     1     1    11     5     4     0     0     0  -328.0  -61.753 -122.792    741.4    890.8
     1     1    11     5     3    23     0     1  -329.0  -61.226 -123.463    607.3    914.8
     1     1    11     5     3    22     0     2  -330.0  -60.730 -124.107    524.5    923.1
     1     1    11     5     3    21     0     3  -331.0  -60.189 -124.764    424.1    928.5
     1     1    11     5     3    20     0     2  -332.0  -59.657 -125.418    330.5    949.3
     1     1    11     5     3    19     0     1  -333.0  -59.165 -126.060    281.8    955.1
     1     1    11     5     3    18     0     0  -334.0  -58.624 -126.678    251.8    957.8
     1     1    11     5     3    17     0     1  -335.0  -58.105 -127.291    228.3    962.3
     1     1    11     5     3    16     0     2  -336.0  -57.690 -127.923    215.4    965.5
