     3     1
    GDAS    11     8     8     0     0
    GDAS    11     8    15     0     0
    GDAS    11     8    22     0     0
     1 BACKWARD OMEGA   
  2011     8    23    16   -8.820  -56.810  3048.0
     1 PRESSURE
     1     1    11     8    23    16     0     2     0.0   -8.820  -56.810   3048.0    692.2
     1     1    11     8    23    15     0     3    -1.0   -8.871  -56.660   3104.7    688.1
     1     1    11     8    23    14     0     2    -2.0   -8.915  -56.525   3172.7    681.7
     1     1    11     8    23    13     0     1    -3.0   -8.952  -56.406   3246.7    674.7
     1     1    11     8    23    12     0     0    -4.0   -8.982  -56.305   3321.7    667.8
     1     1    11     8    23    11     0     1    -5.0   -9.005  -56.219   3391.3    661.1
     1     1    11     8    23    10     0     2    -6.0   -9.019  -56.140   3449.9    655.3
     1     1    11     8    23     9     0     3    -7.0   -9.026  -56.058   3496.1    650.6
     1     1    11     8    23     8     0     2    -8.0   -9.030  -55.984   3530.5    647.4
     1     1    11     8    23     7     0     1    -9.0   -9.032  -55.929   3553.2    644.8
     1     1    11     8    23     6     0     0   -10.0   -9.029  -55.889   3562.7    643.5
     1     1    11     8    23     5     0     1   -11.0   -9.025  -55.860   3573.9    643.7
     1     1    11     8    23     4     0     2   -12.0   -9.026  -55.846   3603.9    641.5
     1     1    11     8    23     3     0     3   -13.0   -9.032  -55.852   3654.2    638.1
     1     1    11     8    23     2     0     2   -14.0   -9.040  -55.876   3708.2    632.9
     1     1    11     8    23     1     0     1   -15.0   -9.045  -55.911   3749.1    630.2
     1     1    11     8    23     0     0     0   -16.0   -9.048  -55.955   3777.7    628.7
     1     1    11     8    22    23     0     1   -17.0   -9.043  -56.005   3789.9    627.9
     1     1    11     8    22    22     0     2   -18.0   -9.026  -56.058   3780.1    628.8
     1     1    11     8    22    21     0     3   -19.0   -8.996  -56.116   3746.7    631.5
     1     1    11     8    22    20     0     2   -20.0   -8.952  -56.180   3700.9    636.0
     1     1    11     8    22    19     0     1   -21.0   -8.893  -56.250   3657.6    639.2
     1     1    11     8    22    18     0     0   -22.0   -8.819  -56.325   3617.1    641.8
     1     1    11     8    22    17     0     1   -23.0   -8.735  -56.394   3588.5    644.5
     1     1    11     8    22    16     0     2   -24.0   -8.647  -56.455   3580.1    644.5
     1     1    11     8    22    15     0     3   -25.0   -8.557  -56.511   3589.4    643.1
     1     1    11     8    22    14     0     2   -26.0   -8.459  -56.557   3614.0    639.7
     1     1    11     8    22    13     0     1   -27.0   -8.349  -56.588   3653.8    635.2
     1     1    11     8    22    12     0     0   -28.0   -8.229  -56.603   3711.6    628.9
     1     1    11     8    22    11     0     1   -29.0   -8.095  -56.590   3777.2    620.7
     1     1    11     8    22    10     0     2   -30.0   -7.944  -56.543   3843.1    614.4
     1     1    11     8    22     9     0     3   -31.0   -7.777  -56.466   3912.2    610.8
     1     1    11     8    22     8     0     2   -32.0   -7.597  -56.376   3970.7    608.0
     1     1    11     8    22     7     0     1   -33.0   -7.409  -56.286   4008.4    607.5
     1     1    11     8    22     6     0     0   -34.0   -7.218  -56.198   4021.9    608.8
     1     1    11     8    22     5     0     1   -35.0   -7.033  -56.110   4038.1    612.3
     1     1    11     8    22     4     0     2   -36.0   -6.857  -56.031   4081.1    610.3
     1     1    11     8    22     3     0     3   -37.0   -6.694  -55.962   4140.0    606.4
     1     1    11     8    22     2     0     2   -38.0   -6.540  -55.902   4180.3    602.4
     1     1    11     8    22     1     0     1   -39.0   -6.397  -55.843   4182.6    603.4
     1     1    11     8    22     0     0     0   -40.0   -6.266  -55.779   4164.4    605.8
     1     1    11     8    21    23     0     1   -41.0   -6.138  -55.710   4129.1    607.8
     1     1    11     8    21    22     0     2   -42.0   -6.008  -55.636   4071.9    611.9
     1     1    11     8    21    21     0     3   -43.0   -5.875  -55.556   4004.2    616.8
     1     1    11     8    21    20     0     2   -44.0   -5.730  -55.464   3946.0    621.3
     1     1    11     8    21    19     0     1   -45.0   -5.567  -55.358   3902.5    623.9
     1     1    11     8    21    18     0     0   -46.0   -5.381  -55.244   3865.2    626.3
     1     1    11     8    21    17     0     1   -47.0   -5.189  -55.128   3851.5    629.4
     1     1    11     8    21    16     0     2   -48.0   -5.003  -55.013   3885.6    627.6
     1     1    11     8    21    15     0     3   -49.0   -4.818  -54.898   3963.4    622.7
     1     1    11     8    21    14     0     2   -50.0   -4.630  -54.779   4044.3    615.2
     1     1    11     8    21    13     0     1   -51.0   -4.441  -54.654   4096.0    612.2
     1     1    11     8    21    12     0     0   -52.0   -4.251  -54.522   4125.7    611.3
     1     1    11     8    21    11     0     1   -53.0   -4.066  -54.388   4146.3    610.5
     1     1    11     8    21    10     0     2   -54.0   -3.896  -54.253   4162.6    609.1
     1     1    11     8    21     9     0     3   -55.0   -3.745  -54.114   4176.9    607.8
     1     1    11     8    21     8     0     2   -56.0   -3.604  -53.974   4194.6    607.0
     1     1    11     8    21     7     0     1   -57.0   -3.465  -53.838   4213.8    605.9
     1     1    11     8    21     6     0     0   -58.0   -3.325  -53.705   4221.4    605.5
     1     1    11     8    21     5     0     1   -59.0   -3.190  -53.570   4216.5    606.8
     1     1    11     8    21     4     0     2   -60.0   -3.059  -53.431   4205.4    608.3
     1     1    11     8    21     3     0     3   -61.0   -2.931  -53.289   4190.8    610.0
     1     1    11     8    21     2     0     2   -62.0   -2.811  -53.148   4180.7    611.8
     1     1    11     8    21     1     0     1   -63.0   -2.701  -53.011   4184.8    612.1
     1     1    11     8    21     0     0     0   -64.0   -2.594  -52.876   4208.5    611.2
     1     1    11     8    20    23     0     1   -65.0   -2.508  -52.742   4258.2    608.3
     1     1    11     8    20    22     0     2   -66.0   -2.459  -52.612   4337.2    602.6
     1     1    11     8    20    21     0     3   -67.0   -2.446  -52.489   4443.8    594.7
     1     1    11     8    20    20     0     2   -68.0   -2.444  -52.359   4535.9    585.2
     1     1    11     8    20    19     0     1   -69.0   -2.432  -52.215   4572.9    583.1
     1     1    11     8    20    18     0     0   -70.0   -2.415  -52.059   4555.1    584.9
     1     1    11     8    20    17     0     1   -71.0   -2.393  -51.895   4523.0    590.8
     1     1    11     8    20    16     0     2   -72.0   -2.363  -51.718   4515.5    591.7
     1     1    11     8    20    15     0     3   -73.0   -2.320  -51.527   4528.2    591.1
     1     1    11     8    20    14     0     2   -74.0   -2.268  -51.328   4544.7    589.1
     1     1    11     8    20    13     0     1   -75.0   -2.211  -51.129   4549.4    588.8
     1     1    11     8    20    12     0     0   -76.0   -2.149  -50.931   4538.0    589.6
     1     1    11     8    20    11     0     1   -77.0   -2.094  -50.739   4518.4    591.5
     1     1    11     8    20    10     0     2   -78.0   -2.060  -50.565   4502.7    592.5
     1     1    11     8    20     9     0     3   -79.0   -2.051  -50.411   4493.9    592.9
     1     1    11     8    20     8     0     2   -80.0   -2.059  -50.267   4489.2    593.0
     1     1    11     8    20     7     0     1   -81.0   -2.076  -50.120   4484.7    593.3
     1     1    11     8    20     6     0     0   -82.0   -2.102  -49.970   4479.5    593.6
     1     1    11     8    20     5     0     1   -83.0   -2.138  -49.824   4479.6    594.0
     1     1    11     8    20     4     0     2   -84.0   -2.182  -49.689   4491.2    593.0
     1     1    11     8    20     3     0     3   -85.0   -2.231  -49.564   4513.8    591.2
     1     1    11     8    20     2     0     2   -86.0   -2.285  -49.444   4542.6    588.1
     1     1    11     8    20     1     0     1   -87.0   -2.343  -49.329   4574.0    585.1
     1     1    11     8    20     0     0     0   -88.0   -2.403  -49.223   4607.9    581.9
     1     1    11     8    19    23     0     1   -89.0   -2.464  -49.125   4644.0    578.3
     1     1    11     8    19    22     0     2   -90.0   -2.522  -49.033   4681.0    574.6
     1     1    11     8    19    21     0     3   -91.0   -2.578  -48.946   4717.0    571.3
     1     1    11     8    19    20     0     2   -92.0   -2.628  -48.862   4744.8    568.9
     1     1    11     8    19    19     0     1   -93.0   -2.667  -48.778   4758.4    568.0
     1     1    11     8    19    18     0     0   -94.0   -2.695  -48.694   4758.0    568.2
     1     1    11     8    19    17     0     1   -95.0   -2.711  -48.610   4755.9    569.6
     1     1    11     8    19    16     0     2   -96.0   -2.716  -48.523   4765.2    569.4
     1     1    11     8    19    15     0     3   -97.0   -2.710  -48.433   4787.2    568.3
     1     1    11     8    19    14     0     2   -98.0   -2.697  -48.340   4809.5    565.9
     1     1    11     8    19    13     0     1   -99.0   -2.678  -48.247   4820.3    565.4
     1     1    11     8    19    12     0     0  -100.0   -2.653  -48.156   4822.3    565.5
     1     1    11     8    19    11     0     1  -101.0   -2.623  -48.066   4831.1    565.7
     1     1    11     8    19    10     0     2  -102.0   -2.595  -47.982   4859.7    563.4
     1     1    11     8    19     9     0     3  -103.0   -2.570  -47.904   4906.7    559.6
     1     1    11     8    19     8     0     2  -104.0   -2.549  -47.825   4948.6    555.1
     1     1    11     8    19     7     0     1  -105.0   -2.530  -47.743   4962.2    554.1
     1     1    11     8    19     6     0     0  -106.0   -2.511  -47.660   4946.6    555.2
     1     1    11     8    19     5     0     1  -107.0   -2.488  -47.577   4921.5    558.7
     1     1    11     8    19     4     0     2  -108.0   -2.459  -47.488   4907.4    560.1
     1     1    11     8    19     3     0     3  -109.0   -2.426  -47.395   4905.6    560.6
     1     1    11     8    19     2     0     2  -110.0   -2.389  -47.300   4915.6    559.6
     1     1    11     8    19     1     0     1  -111.0   -2.347  -47.207   4934.2    558.0
     1     1    11     8    19     0     0     0  -112.0   -2.299  -47.113   4958.3    556.0
     1     1    11     8    18    23     0     1  -113.0   -2.249  -47.027   4987.9    553.6
     1     1    11     8    18    22     0     2  -114.0   -2.207  -46.957   5024.5    550.7
     1     1    11     8    18    21     0     3  -115.0   -2.172  -46.900   5066.0    547.5
     1     1    11     8    18    20     0     2  -116.0   -2.140  -46.845   5094.6    544.6
     1     1    11     8    18    19     0     1  -117.0   -2.111  -46.783   5094.4    544.9
     1     1    11     8    18    18     0     0  -118.0   -2.082  -46.722   5066.8    547.1
     1     1    11     8    18    17     0     1  -119.0   -2.047  -46.660   5031.6    551.4
     1     1    11     8    18    16     0     2  -120.0   -1.997  -46.587   5008.7    553.6
     1     1    11     8    18    15     0     3  -121.0   -1.931  -46.501   5000.1    554.9
     1     1    11     8    18    14     0     2  -122.0   -1.855  -46.404   5003.0    554.8
     1     1    11     8    18    13     0     1  -123.0   -1.771  -46.297   5010.1    554.4
     1     1    11     8    18    12     0     0  -124.0   -1.681  -46.184   5012.3    554.3
     1     1    11     8    18    11     0     1  -125.0   -1.589  -46.071   5016.8    554.9
     1     1    11     8    18    10     0     2  -126.0   -1.499  -45.961   5040.3    553.5
     1     1    11     8    18     9     0     3  -127.0   -1.411  -45.845   5081.6    550.2
     1     1    11     8    18     8     0     2  -128.0   -1.326  -45.725   5121.5    546.7
     1     1    11     8    18     7     0     1  -129.0   -1.245  -45.608   5154.3    545.2
     1     1    11     8    18     6     0     0  -130.0   -1.165  -45.496   5197.6    543.1
     1     1    11     8    18     5     0     1  -131.0   -1.086  -45.382   5235.5    539.4
     1     1    11     8    18     4     0     2  -132.0   -1.006  -45.263   5249.6    539.5
     1     1    11     8    18     3     0     3  -133.0   -0.924  -45.141   5255.0    540.2
     1     1    11     8    18     2     0     2  -134.0   -0.843  -45.020   5276.0    539.8
     1     1    11     8    18     1     0     1  -135.0   -0.768  -44.900   5315.3    536.3
     1     1    11     8    18     0     0     0  -136.0   -0.698  -44.781   5358.5    533.2
     1     1    11     8    17    23     0     1  -137.0   -0.643  -44.663   5398.3    530.0
     1     1    11     8    17    22     0     2  -138.0   -0.609  -44.546   5429.9    527.6
     1     1    11     8    17    21     0     3  -139.0   -0.595  -44.430   5453.2    525.8
     1     1    11     8    17    20     0     2  -140.0   -0.599  -44.311   5466.4    525.0
     1     1    11     8    17    19     0     1  -141.0   -0.618  -44.188   5469.3    525.0
     1     1    11     8    17    18     0     0  -142.0   -0.651  -44.059   5464.2    525.6
     1     1    11     8    17    17     0     1  -143.0   -0.689  -43.926   5448.0    526.6
     1     1    11     8    17    16     0     2  -144.0   -0.724  -43.791   5415.1    529.0
     1     1    11     8    17    15     0     3  -145.0   -0.757  -43.655   5363.6    532.7
     1     1    11     8    17    14     0     2  -146.0   -0.778  -43.519   5313.3    537.4
     1     1    11     8    17    13     0     1  -147.0   -0.785  -43.380   5288.3    539.2
     1     1    11     8    17    12     0     0  -148.0   -0.779  -43.233   5294.7    538.8
     1     1    11     8    17    11     0     1  -149.0   -0.765  -43.078   5327.1    535.6
     1     1    11     8    17    10     0     2  -150.0   -0.751  -42.920   5375.7    531.8
     1     1    11     8    17     9     0     3  -151.0   -0.737  -42.760   5438.4    527.1
     1     1    11     8    17     8     0     2  -152.0   -0.724  -42.603   5512.9    522.1
     1     1    11     8    17     7     0     1  -153.0   -0.713  -42.450   5598.6    516.6
     1     1    11     8    17     6     0     0  -154.0   -0.705  -42.298   5698.0    510.2
     1     1    11     8    17     5     0     1  -155.0   -0.702  -42.141   5796.8    503.2
     1     1    11     8    17     4     0     2  -156.0   -0.701  -41.978   5877.7    498.2
     1     1    11     8    17     3     0     3  -157.0   -0.698  -41.812   5937.9    494.6
     1     1    11     8    17     2     0     2  -158.0   -0.698  -41.637   5977.3    492.2
     1     1    11     8    17     1     0     1  -159.0   -0.709  -41.453   5996.8    491.0
     1     1    11     8    17     0     0     0  -160.0   -0.729  -41.262   5997.7    491.0
     1     1    11     8    16    23     0     1  -161.0   -0.759  -41.077   5988.7    492.0
     1     1    11     8    16    22     0     2  -162.0   -0.798  -40.907   5978.9    492.5
     1     1    11     8    16    21     0     3  -163.0   -0.845  -40.751   5968.6    493.0
     1     1    11     8    16    20     0     2  -164.0   -0.899  -40.604   5951.9    493.8
     1     1    11     8    16    19     0     1  -165.0   -0.958  -40.463   5922.4    495.7
     1     1    11     8    16    18     0     0  -166.0   -1.022  -40.332   5878.8    498.5
     1     1    11     8    16    17     0     1  -167.0   -1.086  -40.206   5836.8    502.5
     1     1    11     8    16    16     0     2  -168.0   -1.150  -40.079   5814.4    504.3
     1     1    11     8    16    15     0     3  -169.0   -1.217  -39.946   5814.8    504.7
     1     1    11     8    16    14     0     2  -170.0   -1.275  -39.806   5818.0    503.0
     1     1    11     8    16    13     0     1  -171.0   -1.312  -39.662   5803.8    503.8
     1     1    11     8    16    12     0     0  -172.0   -1.330  -39.514   5775.5    505.6
     1     1    11     8    16    11     0     1  -173.0   -1.331  -39.363   5754.0    507.8
     1     1    11     8    16    10     0     2  -174.0   -1.320  -39.210   5756.1    507.1
     1     1    11     8    16     9     0     3  -175.0   -1.299  -39.057   5779.5    505.1
     1     1    11     8    16     8     0     2  -176.0   -1.268  -38.903   5820.2    502.2
     1     1    11     8    16     7     0     1  -177.0   -1.227  -38.747   5870.9    498.7
     1     1    11     8    16     6     0     0  -178.0   -1.175  -38.589   5923.5    495.1
     1     1    11     8    16     5     0     1  -179.0   -1.118  -38.425   5957.6    492.1
     1     1    11     8    16     4     0     2  -180.0   -1.063  -38.254   5957.1    492.4
     1     1    11     8    16     3     0     3  -181.0   -1.006  -38.077   5923.1    494.9
     1     1    11     8    16     2     0     2  -182.0   -0.948  -37.903   5882.8    499.2
     1     1    11     8    16     1     0     1  -183.0   -0.889  -37.741   5862.1    500.7
     1     1    11     8    16     0     0     0  -184.0   -0.830  -37.590   5858.1    500.7
     1     1    11     8    15    23     0     1  -185.0   -0.777  -37.445   5854.0    499.9
     1     1    11     8    15    22     0     2  -186.0   -0.733  -37.305   5834.8    500.7
     1     1    11     8    15    21     0     3  -187.0   -0.700  -37.171   5794.5    502.8
     1     1    11     8    15    20     0     2  -188.0   -0.670  -37.036   5749.5    507.0
     1     1    11     8    15    19     0     1  -189.0   -0.642  -36.896   5719.3    509.1
     1     1    11     8    15    18     0     0  -190.0   -0.613  -36.750   5701.5    510.1
     1     1    11     8    15    17     0     1  -191.0   -0.584  -36.599   5692.4    510.7
     1     1    11     8    15    16     0     2  -192.0   -0.553  -36.443   5691.7    510.9
     1     1    11     8    15    15     0     3  -193.0   -0.521  -36.280   5699.8    510.4
     1     1    11     8    15    14     0     2  -194.0   -0.486  -36.110   5707.5    509.4
     1     1    11     8    15    13     0     1  -195.0   -0.444  -35.935   5707.0    509.5
     1     1    11     8    15    12     0     0  -196.0   -0.395  -35.757   5701.5    510.0
     1     1    11     8    15    11     0     1  -197.0   -0.336  -35.579   5700.6    510.3
     1     1    11     8    15    10     0     2  -198.0   -0.267  -35.404   5710.2    509.2
     1     1    11     8    15     9     0     3  -199.0   -0.191  -35.231   5725.2    507.7
     1     1    11     8    15     8     0     2  -200.0   -0.112  -35.061   5735.5    506.6
     1     1    11     8    15     7     0     1  -201.0   -0.035  -34.898   5736.4    506.7
     1     1    11     8    15     6     0     0  -202.0    0.041  -34.742   5734.0    507.1
     1     1    11     8    15     5     0     1  -203.0    0.116  -34.590   5726.9    507.5
     1     1    11     8    15     4     0     2  -204.0    0.193  -34.443   5711.2    508.7
     1     1    11     8    15     3     0     3  -205.0    0.274  -34.298   5686.5    510.5
     1     1    11     8    15     2     0     2  -206.0    0.356  -34.155   5669.1    512.8
     1     1    11     8    15     1     0     1  -207.0    0.434  -34.014   5672.6    512.6
     1     1    11     8    15     0     0     0  -208.0    0.505  -33.878   5692.7    511.4
     1     1    11     8    14    23     0     1  -209.0    0.572  -33.748   5716.3    508.9
     1     1    11     8    14    22     0     2  -210.0    0.639  -33.625   5732.7    507.7
     1     1    11     8    14    21     0     3  -211.0    0.709  -33.509   5742.9    506.8
     1     1    11     8    14    20     0     2  -212.0    0.780  -33.395   5751.6    506.5
     1     1    11     8    14    19     0     1  -213.0    0.853  -33.282   5764.1    505.7
     1     1    11     8    14    18     0     0  -214.0    0.926  -33.169   5783.0    504.6
     1     1    11     8    14    17     0     1  -215.0    0.991  -33.058   5804.4    503.0
     1     1    11     8    14    16     0     2  -216.0    1.038  -32.950   5821.6    502.0
     1     1    11     8    14    15     0     3  -217.0    1.068  -32.845   5831.8    501.3
     1     1    11     8    14    14     0     2  -218.0    1.085  -32.740   5840.7    501.3
     1     1    11     8    14    13     0     1  -219.0    1.093  -32.634   5855.6    500.5
     1     1    11     8    14    12     0     0  -220.0    1.090  -32.528   5878.6    499.2
     1     1    11     8    14    11     0     1  -221.0    1.077  -32.423   5903.0    496.8
     1     1    11     8    14    10     0     2  -222.0    1.058  -32.321   5919.7    495.4
     1     1    11     8    14     9     0     3  -223.0    1.035  -32.224   5926.2    494.6
     1     1    11     8    14     8     0     2  -224.0    1.005  -32.130   5933.6    494.9
     1     1    11     8    14     7     0     1  -225.0    0.960  -32.039   5954.7    493.6
     1     1    11     8    14     6     0     0  -226.0    0.899  -31.952   5990.2    491.3
     1     1    11     8    14     5     0     1  -227.0    0.831  -31.867   6030.3    488.4
     1     1    11     8    14     4     0     2  -228.0    0.768  -31.783   6065.5    486.5
     1     1    11     8    14     3     0     3  -229.0    0.709  -31.699   6095.8    484.8
     1     1    11     8    14     2     0     2  -230.0    0.654  -31.617   6119.8    483.6
     1     1    11     8    14     1     0     1  -231.0    0.605  -31.537   6136.6    482.8
     1     1    11     8    14     0     0     0  -232.0    0.561  -31.462   6146.7    482.5
     1     1    11     8    13    23     0     1  -233.0    0.525  -31.385   6165.9    482.0
     1     1    11     8    13    22     0     2  -234.0    0.497  -31.302   6211.1    479.0
     1     1    11     8    13    21     0     3  -235.0    0.479  -31.211   6284.3    474.4
     1     1    11     8    13    20     0     2  -236.0    0.469  -31.109   6371.5    468.2
     1     1    11     8    13    19     0     1  -237.0    0.465  -30.999   6456.4    462.9
     1     1    11     8    13    18     0     0  -238.0    0.469  -30.881   6533.3    458.0
     1     1    11     8    13    17     0     1  -239.0    0.477  -30.752   6597.3    454.4
     1     1    11     8    13    16     0     2  -240.0    0.489  -30.611   6648.5    451.7
     1     1    11     8    13    15     0     3  -241.0    0.506  -30.456   6689.4    449.6
     1     1    11     8    13    14     0     2  -242.0    0.526  -30.288   6721.9    447.7
     1     1    11     8    13    13     0     1  -243.0    0.548  -30.107   6747.3    446.2
     1     1    11     8    13    12     0     0  -244.0    0.574  -29.914   6768.5    445.1
     1     1    11     8    13    11     0     1  -245.0    0.599  -29.717   6792.0    443.7
     1     1    11     8    13    10     0     2  -246.0    0.616  -29.526   6822.0    441.8
     1     1    11     8    13     9     0     3  -247.0    0.626  -29.341   6858.9    439.4
     1     1    11     8    13     8     0     2  -248.0    0.632  -29.158   6898.7    436.8
     1     1    11     8    13     7     0     1  -249.0    0.635  -28.972   6934.6    434.4
     1     1    11     8    13     6     0     0  -250.0    0.634  -28.784   6960.2    432.7
     1     1    11     8    13     5     0     1  -251.0    0.632  -28.590   6977.4    432.2
     1     1    11     8    13     4     0     2  -252.0    0.633  -28.386   6992.2    431.6
     1     1    11     8    13     3     0     3  -253.0    0.637  -28.169   7006.7    431.0
     1     1    11     8    13     2     0     2  -254.0    0.649  -27.941   7019.6    430.3
     1     1    11     8    13     1     0     1  -255.0    0.670  -27.706   7028.1    430.1
     1     1    11     8    13     0     0     0  -256.0    0.701  -27.466   7029.5    430.1
     1     1    11     8    12    23     0     1  -257.0    0.739  -27.224   7023.6    430.3
     1     1    11     8    12    22     0     2  -258.0    0.785  -26.983   7013.8    430.8
     1     1    11     8    12    21     0     3  -259.0    0.836  -26.743   7006.0    431.2
     1     1    11     8    12    20     0     2  -260.0    0.886  -26.500   7009.2    431.2
     1     1    11     8    12    19     0     1  -261.0    0.927  -26.251   7027.3    430.0
     1     1    11     8    12    18     0     0  -262.0    0.959  -25.996   7058.3    428.1
     1     1    11     8    12    17     0     1  -263.0    0.985  -25.741   7096.9    425.9
     1     1    11     8    12    16     0     2  -264.0    1.005  -25.486   7135.6    423.7
     1     1    11     8    12    15     0     3  -265.0    1.023  -25.229   7167.6    421.9
     1     1    11     8    12    14     0     2  -266.0    1.039  -24.969   7199.5    420.7
     1     1    11     8    12    13     0     1  -267.0    1.052  -24.706   7242.5    418.4
     1     1    11     8    12    12     0     0  -268.0    1.059  -24.432   7300.7    415.4
     1     1    11     8    12    11     0     1  -269.0    1.059  -24.145   7364.3    411.0
     1     1    11     8    12    10     0     2  -270.0    1.053  -23.842   7417.0    407.7
     1     1    11     8    12     9     0     3  -271.0    1.042  -23.524   7453.5    405.4
     1     1    11     8    12     8     0     2  -272.0    1.025  -23.191   7470.9    404.3
     1     1    11     8    12     7     0     1  -273.0    0.998  -22.853   7470.2    404.3
     1     1    11     8    12     6     0     0  -274.0    0.961  -22.516   7451.1    405.2
     1     1    11     8    12     5     0     1  -275.0    0.915  -22.181   7423.3    407.5
     1     1    11     8    12     4     0     2  -276.0    0.858  -21.839   7405.5    409.0
     1     1    11     8    12     3     0     3  -277.0    0.790  -21.493   7405.5    409.3
     1     1    11     8    12     2     0     2  -278.0    0.715  -21.142   7416.6    408.4
     1     1    11     8    12     1     0     1  -279.0    0.635  -20.787   7426.0    407.8
     1     1    11     8    12     0     0     0  -280.0    0.551  -20.426   7425.8    407.9
     1     1    11     8    11    23     0     1  -281.0    0.469  -20.064   7409.2    408.4
     1     1    11     8    11    22     0     2  -282.0    0.398  -19.704   7378.9    410.3
     1     1    11     8    11    21     0     3  -283.0    0.342  -19.349   7347.7    412.3
     1     1    11     8    11    20     0     2  -284.0    0.303  -19.001   7341.6    413.7
     1     1    11     8    11    19     0     1  -285.0    0.281  -18.661   7379.4    411.5
     1     1    11     8    11    18     0     0  -286.0    0.280  -18.334   7452.2    407.1
     1     1    11     8    11    17     0     1  -287.0    0.288  -18.016   7530.7    401.8
     1     1    11     8    11    16     0     2  -288.0    0.289  -17.713   7599.8    398.7
     1     1    11     8    11    15     0     3  -289.0    0.280  -17.426   7670.6    395.2
     1     1    11     8    11    14     0     2  -290.0    0.269  -17.146   7747.6    391.4
     1     1    11     8    11    13     0     1  -291.0    0.259  -16.864   7824.1    387.1
     1     1    11     8    11    12     0     0  -292.0    0.248  -16.577   7887.4    383.7
     1     1    11     8    11    11     0     1  -293.0    0.236  -16.291   7945.3    381.3
     1     1    11     8    11    10     0     2  -294.0    0.227  -16.005   8016.1    377.9
     1     1    11     8    11     9     0     3  -295.0    0.221  -15.715   8100.5    373.3
     1     1    11     8    11     8     0     2  -296.0    0.213  -15.416   8178.7    368.4
     1     1    11     8    11     7     0     1  -297.0    0.202  -15.108   8236.5    365.3
     1     1    11     8    11     6     0     0  -298.0    0.187  -14.794   8272.1    363.1
     1     1    11     8    11     5     0     1  -299.0    0.173  -14.477   8289.4    362.7
     1     1    11     8    11     4     0     2  -300.0    0.162  -14.154   8297.7    362.5
     1     1    11     8    11     3     0     3  -301.0    0.156  -13.820   8304.9    362.6
     1     1    11     8    11     2     0     2  -302.0    0.156  -13.479   8306.8    362.2
     1     1    11     8    11     1     0     1  -303.0    0.156  -13.141   8286.5    363.0
     1     1    11     8    11     0     0     0  -304.0    0.152  -12.810   8232.6    365.7
     1     1    11     8    10    23     0     1  -305.0    0.144  -12.491   8174.2    370.3
     1     1    11     8    10    22     0     2  -306.0    0.135  -12.176   8148.8    371.8
     1     1    11     8    10    21     0     3  -307.0    0.123  -11.857   8166.8    371.2
     1     1    11     8    10    20     0     2  -308.0    0.108  -11.533   8205.1    367.6
     1     1    11     8    10    19     0     1  -309.0    0.090  -11.209   8230.8    365.9
     1     1    11     8    10    18     0     0  -310.0    0.066  -10.888   8235.2    365.3
     1     1    11     8    10    17     0     1  -311.0    0.039  -10.577   8230.9    366.5
     1     1    11     8    10    16     0     2  -312.0    0.011  -10.274   8235.1    366.3
     1     1    11     8    10    15     0     3  -313.0   -0.017   -9.979   8248.5    365.8
     1     1    11     8    10    14     0     2  -314.0   -0.047   -9.688   8280.9    364.7
     1     1    11     8    10    13     0     1  -315.0   -0.076   -9.399   8340.1    361.8
     1     1    11     8    10    12     0     0  -316.0   -0.104   -9.110   8421.7    357.8
     1     1    11     8    10    11     0     1  -317.0   -0.135   -8.817   8502.9    352.8
     1     1    11     8    10    10     0     2  -318.0   -0.170   -8.523   8562.0    349.9
     1     1    11     8    10     9     0     3  -319.0   -0.205   -8.226   8598.1    348.2
     1     1    11     8    10     8     0     2  -320.0   -0.239   -7.930   8621.7    347.4
     1     1    11     8    10     7     0     1  -321.0   -0.267   -7.639   8646.8    346.1
     1     1    11     8    10     6     0     0  -322.0   -0.290   -7.350   8678.4    344.5
     1     1    11     8    10     5     0     1  -323.0   -0.308   -7.056   8713.4    342.7
     1     1    11     8    10     4     0     2  -324.0   -0.324   -6.755   8745.6    341.2
     1     1    11     8    10     3     0     3  -325.0   -0.340   -6.448   8772.2    340.0
     1     1    11     8    10     2     0     2  -326.0   -0.356   -6.136   8797.4    339.3
     1     1    11     8    10     1     0     1  -327.0   -0.377   -5.821   8825.6    338.2
     1     1    11     8    10     0     0     0  -328.0   -0.400   -5.502   8853.4    337.0
     1     1    11     8     9    23     0     1  -329.0   -0.425   -5.179   8891.2    335.9
     1     1    11     8     9    22     0     2  -330.0   -0.448   -4.851   8957.3    333.1
     1     1    11     8     9    21     0     3  -331.0   -0.469   -4.518   9059.7    328.5
     1     1    11     8     9    20     0     2  -332.0   -0.489   -4.172   9195.0    321.8
     1     1    11     8     9    19     0     1  -333.0   -0.512   -3.807   9348.5    314.3
     1     1    11     8     9    18     0     0  -334.0   -0.535   -3.417   9499.3    307.1
     1     1    11     8     9    17     0     1  -335.0   -0.556   -3.006   9613.3    301.3
     1     1    11     8     9    16     0     2  -336.0   -0.570   -2.583   9667.6    299.1
