     3     1
    GDAS    11     6     1     0     0
    GDAS    11     6     8     0     0
    GDAS    11     6    15     0     0
     1 BACKWARD OMEGA   
  2011     6    19    16   -8.900  -56.860  1219.2
     1 PRESSURE
     1     1    11     6    19    16     0     2     0.0   -8.900  -56.860   1219.2    861.2
     1     1    11     6    19    15     0     3    -1.0   -8.810  -56.764   1194.6    862.1
     1     1    11     6    19    14     0     2    -2.0   -8.696  -56.649   1177.8    860.9
     1     1    11     6    19    13     0     1    -3.0   -8.558  -56.513   1174.8    857.7
     1     1    11     6    19    12     0     0    -4.0   -8.396  -56.354   1189.6    852.1
     1     1    11     6    19    11     0     1    -5.0   -8.233  -56.185   1204.5    844.1
     1     1    11     6    19    10     0     2    -6.0   -8.095  -56.017   1201.3    840.6
     1     1    11     6    19     9     0     3    -7.0   -7.985  -55.852   1180.3    841.7
     1     1    11     6    19     8     0     2    -8.0   -7.890  -55.689   1146.0    848.5
     1     1    11     6    19     7     0     1    -9.0   -7.799  -55.523   1103.4    855.0
     1     1    11     6    19     6     0     0   -10.0   -7.714  -55.356   1054.0    861.9
     1     1    11     6    19     5     0     1   -11.0   -7.642  -55.184   1003.6    869.6
     1     1    11     6    19     4     0     2   -12.0   -7.586  -55.004    955.8    876.1
     1     1    11     6    19     3     0     3   -13.0   -7.544  -54.817    912.0    881.9
     1     1    11     6    19     2     0     2   -14.0   -7.516  -54.629    878.4    886.0
     1     1    11     6    19     1     0     1   -15.0   -7.504  -54.447    858.4    888.2
     1     1    11     6    19     0     0     0   -16.0   -7.506  -54.273    853.5    888.6
     1     1    11     6    18    23     0     1   -17.0   -7.513  -54.107    856.4    887.4
     1     1    11     6    18    22     0     2   -18.0   -7.520  -53.950    855.2    886.7
     1     1    11     6    18    21     0     3   -19.0   -7.525  -53.803    843.2    887.1
     1     1    11     6    18    20     0     2   -20.0   -7.528  -53.666    823.8    889.3
     1     1    11     6    18    19     0     1   -21.0   -7.533  -53.537    803.3    891.3
     1     1    11     6    18    18     0     0   -22.0   -7.539  -53.415    783.6    893.2
     1     1    11     6    18    17     0     1   -23.0   -7.548  -53.291    763.3    895.4
     1     1    11     6    18    16     0     2   -24.0   -7.561  -53.155    740.1    898.1
     1     1    11     6    18    15     0     3   -25.0   -7.579  -53.008    713.2    901.3
     1     1    11     6    18    14     0     2   -26.0   -7.602  -52.839    688.7    904.8
     1     1    11     6    18    13     0     1   -27.0   -7.633  -52.635    672.7    906.6
     1     1    11     6    18    12     0     0   -28.0   -7.671  -52.393    663.6    907.5
     1     1    11     6    18    11     0     1   -29.0   -7.710  -52.129    665.0    907.3
     1     1    11     6    18    10     0     2   -30.0   -7.742  -51.861    683.0    904.7
     1     1    11     6    18     9     0     3   -31.0   -7.766  -51.589    716.9    900.3
     1     1    11     6    18     8     0     2   -32.0   -7.786  -51.313    760.8    895.3
     1     1    11     6    18     7     0     1   -33.0   -7.806  -51.027    810.2    890.2
     1     1    11     6    18     6     0     0   -34.0   -7.825  -50.734    860.8    885.6
     1     1    11     6    18     5     0     1   -35.0   -7.854  -50.445    905.4    881.7
     1     1    11     6    18     4     0     2   -36.0   -7.897  -50.159    938.0    879.2
     1     1    11     6    18     3     0     3   -37.0   -7.948  -49.874    956.6    879.3
     1     1    11     6    18     2     0     2   -38.0   -8.008  -49.600    977.2    881.5
     1     1    11     6    18     1     0     1   -39.0   -8.068  -49.342   1020.6    879.8
     1     1    11     6    18     0     0     0   -40.0   -8.115  -49.085   1095.4    874.4
     1     1    11     6    17    23     0     1   -41.0   -8.146  -48.833   1182.1    864.4
     1     1    11     6    17    22     0     2   -42.0   -8.172  -48.602   1256.8    856.8
     1     1    11     6    17    21     0     3   -43.0   -8.195  -48.392   1320.2    851.2
     1     1    11     6    17    20     0     2   -44.0   -8.220  -48.186   1374.8    846.7
     1     1    11     6    17    19     0     1   -45.0   -8.252  -47.976   1422.1    842.8
     1     1    11     6    17    18     0     0   -46.0   -8.282  -47.760   1463.2    835.1
     1     1    11     6    17    17     0     1   -47.0   -8.301  -47.522   1494.3    827.3
     1     1    11     6    17    16     0     2   -48.0   -8.305  -47.249   1509.8    821.2
     1     1    11     6    17    15     0     3   -49.0   -8.295  -46.942   1514.8    816.9
     1     1    11     6    17    14     0     2   -50.0   -8.285  -46.611   1523.3    817.0
     1     1    11     6    17    13     0     1   -51.0   -8.283  -46.266   1532.5    815.2
     1     1    11     6    17    12     0     0   -52.0   -8.291  -45.905   1528.5    814.6
     1     1    11     6    17    11     0     1   -53.0   -8.311  -45.540   1516.4    815.0
     1     1    11     6    17    10     0     2   -54.0   -8.347  -45.182   1516.2    813.5
     1     1    11     6    17     9     0     3   -55.0   -8.399  -44.836   1531.8    811.0
     1     1    11     6    17     8     0     2   -56.0   -8.458  -44.507   1530.9    811.2
     1     1    11     6    17     7     0     1   -57.0   -8.520  -44.193   1482.5    819.2
     1     1    11     6    17     6     0     0   -58.0   -8.591  -43.878   1399.4    829.4
     1     1    11     6    17     5     0     1   -59.0   -8.683  -43.547   1335.7    834.0
     1     1    11     6    17     4     0     2   -60.0   -8.797  -43.200   1328.7    826.5
     1     1    11     6    17     3     0     3   -61.0   -8.930  -42.841   1367.6    818.0
     1     1    11     6    17     2     0     2   -62.0   -9.066  -42.491   1433.4    815.8
     1     1    11     6    17     1     0     1   -63.0   -9.193  -42.170   1494.1    813.2
     1     1    11     6    17     0     0     0   -64.0   -9.313  -41.875   1530.7    808.7
     1     1    11     6    16    23     0     1   -65.0   -9.431  -41.587   1535.4    802.0
     1     1    11     6    16    22     0     2   -66.0   -9.554  -41.290   1507.7    797.2
     1     1    11     6    16    21     0     3   -67.0   -9.694  -40.983   1446.9    794.1
     1     1    11     6    16    20     0     2   -68.0   -9.856  -40.669   1385.3    804.2
     1     1    11     6    16    19     0     1   -69.0  -10.040  -40.361   1355.4    813.1
     1     1    11     6    16    18     0     0   -70.0  -10.242  -40.065   1384.3    821.4
     1     1    11     6    16    17     0     1   -71.0  -10.452  -39.766   1448.3    818.7
     1     1    11     6    16    16     0     2   -72.0  -10.664  -39.457   1514.9    816.2
     1     1    11     6    16    15     0     3   -73.0  -10.878  -39.143   1571.7    814.9
     1     1    11     6    16    14     0     2   -74.0  -11.099  -38.836   1605.3    814.3
     1     1    11     6    16    13     0     1   -75.0  -11.327  -38.548   1607.3    817.2
     1     1    11     6    16    12     0     0   -76.0  -11.559  -38.279   1567.9    825.0
     1     1    11     6    16    11     0     1   -77.0  -11.778  -38.030   1472.9    839.4
     1     1    11     6    16    10     0     2   -78.0  -11.979  -37.797   1345.4    860.2
     1     1    11     6    16     9     0     3   -79.0  -12.176  -37.568   1221.1    877.5
     1     1    11     6    16     8     0     2   -80.0  -12.378  -37.334   1117.2    891.1
     1     1    11     6    16     7     0     1   -81.0  -12.580  -37.086   1029.8    901.1
     1     1    11     6    16     6     0     0   -82.0  -12.777  -36.820    943.9    909.7
     1     1    11     6    16     5     0     1   -83.0  -12.973  -36.544    868.9    920.1
     1     1    11     6    16     4     0     2   -84.0  -13.172  -36.265    825.1    925.3
     1     1    11     6    16     3     0     3   -85.0  -13.368  -35.982    809.7    926.5
     1     1    11     6    16     2     0     2   -86.0  -13.562  -35.700    810.8    926.0
     1     1    11     6    16     1     0     1   -87.0  -13.760  -35.426    821.6    925.0
     1     1    11     6    16     0     0     0   -88.0  -13.962  -35.163    841.3    923.2
     1     1    11     6    15    23     0     1   -89.0  -14.166  -34.907    870.9    920.0
     1     1    11     6    15    22     0     2   -90.0  -14.374  -34.658    906.7    915.1
     1     1    11     6    15    21     0     3   -91.0  -14.584  -34.414    942.0    910.7
     1     1    11     6    15    20     0     2   -92.0  -14.792  -34.183    972.9    906.9
     1     1    11     6    15    19     0     1   -93.0  -14.992  -33.965    997.9    904.3
     1     1    11     6    15    18     0     0   -94.0  -15.187  -33.758   1020.1    902.0
     1     1    11     6    15    17     0     1   -95.0  -15.375  -33.559   1038.0    900.1
     1     1    11     6    15    16     0     2   -96.0  -15.551  -33.367   1046.5    899.3
     1     1    11     6    15    15     0     3   -97.0  -15.709  -33.177   1042.9    899.8
     1     1    11     6    15    14     0     2   -98.0  -15.856  -32.984   1035.8    901.8
     1     1    11     6    15    13     0     1   -99.0  -16.000  -32.785   1036.4    902.2
     1     1    11     6    15    12     0     0  -100.0  -16.141  -32.586   1047.2    901.5
     1     1    11     6    15    11     0     1  -101.0  -16.272  -32.395   1066.0    898.8
     1     1    11     6    15    10     0     2  -102.0  -16.385  -32.218   1089.9    895.9
     1     1    11     6    15     9     0     3  -103.0  -16.479  -32.053   1118.9    892.5
     1     1    11     6    15     8     0     2  -104.0  -16.563  -31.897   1152.2    889.0
     1     1    11     6    15     7     0     1  -105.0  -16.645  -31.750   1187.3    885.1
     1     1    11     6    15     6     0     0  -106.0  -16.728  -31.613   1223.2    881.2
     1     1    11     6    15     5     0     1  -107.0  -16.805  -31.484   1258.4    877.9
     1     1    11     6    15     4     0     2  -108.0  -16.873  -31.359   1291.8    874.9
     1     1    11     6    15     3     0     3  -109.0  -16.929  -31.235   1323.1    872.2
     1     1    11     6    15     2     0     2  -110.0  -16.976  -31.114   1349.1    869.2
     1     1    11     6    15     1     0     1  -111.0  -17.015  -30.994   1365.9    867.5
     1     1    11     6    15     0     0     0  -112.0  -17.048  -30.876   1372.6    866.8
     1     1    11     6    14    23     0     1  -113.0  -17.077  -30.758   1378.0    867.0
     1     1    11     6    14    22     0     2  -114.0  -17.097  -30.641   1390.0    865.5
     1     1    11     6    14    21     0     3  -115.0  -17.105  -30.524   1406.7    863.6
     1     1    11     6    14    20     0     2  -116.0  -17.109  -30.405   1422.9    861.3
     1     1    11     6    14    19     0     1  -117.0  -17.113  -30.282   1433.4    860.0
     1     1    11     6    14    18     0     0  -118.0  -17.114  -30.155   1437.8    859.3
     1     1    11     6    14    17     0     1  -119.0  -17.108  -30.027   1441.9    859.7
     1     1    11     6    14    16     0     2  -120.0  -17.090  -29.903   1453.9    858.9
     1     1    11     6    14    15     0     3  -121.0  -17.063  -29.784   1476.1    856.9
     1     1    11     6    14    14     0     2  -122.0  -17.028  -29.661   1500.6    853.9
     1     1    11     6    14    13     0     1  -123.0  -16.986  -29.524   1518.2    852.2
     1     1    11     6    14    12     0     0  -124.0  -16.935  -29.368   1527.1    851.5
     1     1    11     6    14    11     0     1  -125.0  -16.877  -29.198   1531.5    851.1
     1     1    11     6    14    10     0     2  -126.0  -16.815  -29.021   1535.9    850.2
     1     1    11     6    14     9     0     3  -127.0  -16.751  -28.840   1543.2    849.3
     1     1    11     6    14     8     0     2  -128.0  -16.687  -28.650   1557.3    848.0
     1     1    11     6    14     7     0     1  -129.0  -16.625  -28.452   1577.7    845.7
     1     1    11     6    14     6     0     0  -130.0  -16.564  -28.248   1601.5    843.2
     1     1    11     6    14     5     0     1  -131.0  -16.507  -28.037   1626.0    840.9
     1     1    11     6    14     4     0     2  -132.0  -16.457  -27.811   1648.9    838.9
     1     1    11     6    14     3     0     3  -133.0  -16.412  -27.569   1671.1    837.2
     1     1    11     6    14     2     0     2  -134.0  -16.372  -27.316   1694.4    835.1
     1     1    11     6    14     1     0     1  -135.0  -16.337  -27.058   1721.8    832.8
     1     1    11     6    14     0     0     0  -136.0  -16.310  -26.795   1754.4    829.7
     1     1    11     6    13    23     0     1  -137.0  -16.291  -26.529   1785.1    826.0
     1     1    11     6    13    22     0     2  -138.0  -16.282  -26.265   1808.8    823.5
     1     1    11     6    13    21     0     3  -139.0  -16.285  -26.006   1824.5    821.8
     1     1    11     6    13    20     0     2  -140.0  -16.296  -25.749   1834.6    820.9
     1     1    11     6    13    19     0     1  -141.0  -16.308  -25.492   1842.1    820.1
     1     1    11     6    13    18     0     0  -142.0  -16.323  -25.236   1846.7    819.5
     1     1    11     6    13    17     0     1  -143.0  -16.338  -24.987   1846.4    819.3
     1     1    11     6    13    16     0     2  -144.0  -16.349  -24.747   1841.1    820.0
     1     1    11     6    13    15     0     3  -145.0  -16.354  -24.520   1834.5    820.8
     1     1    11     6    13    14     0     2  -146.0  -16.362  -24.299   1835.3    821.9
     1     1    11     6    13    13     0     1  -147.0  -16.377  -24.079   1850.8    820.9
     1     1    11     6    13    12     0     0  -148.0  -16.404  -23.863   1881.0    818.4
     1     1    11     6    13    11     0     1  -149.0  -16.438  -23.649   1923.8    813.7
     1     1    11     6    13    10     0     2  -150.0  -16.477  -23.434   1976.1    808.2
     1     1    11     6    13     9     0     3  -151.0  -16.520  -23.219   2035.9    802.1
     1     1    11     6    13     8     0     2  -152.0  -16.563  -23.008   2092.3    795.6
     1     1    11     6    13     7     0     1  -153.0  -16.602  -22.804   2134.8    791.4
     1     1    11     6    13     6     0     0  -154.0  -16.636  -22.608   2162.8    788.6
     1     1    11     6    13     5     0     1  -155.0  -16.668  -22.413   2177.3    787.5
     1     1    11     6    13     4     0     2  -156.0  -16.699  -22.215   2180.4    787.6
     1     1    11     6    13     3     0     3  -157.0  -16.730  -22.015   2175.9    788.3
     1     1    11     6    13     2     0     2  -158.0  -16.760  -21.812   2174.5    789.4
     1     1    11     6    13     1     0     1  -159.0  -16.788  -21.608   2185.0    788.5
     1     1    11     6    13     0     0     0  -160.0  -16.816  -21.404   2207.5    786.6
     1     1    11     6    12    23     0     1  -161.0  -16.850  -21.208   2234.0    783.2
     1     1    11     6    12    22     0     2  -162.0  -16.898  -21.024   2255.0    781.0
     1     1    11     6    12    21     0     3  -163.0  -16.958  -20.851   2269.2    779.4
     1     1    11     6    12    20     0     2  -164.0  -17.026  -20.691   2288.3    778.5
     1     1    11     6    12    19     0     1  -165.0  -17.096  -20.549   2322.9    774.8
     1     1    11     6    12    18     0     0  -166.0  -17.165  -20.425   2367.6    770.1
     1     1    11     6    12    17     0     1  -167.0  -17.231  -20.310   2408.5    765.3
     1     1    11     6    12    16     0     2  -168.0  -17.289  -20.196   2436.2    763.0
     1     1    11     6    12    15     0     3  -169.0  -17.340  -20.084   2453.3    761.6
     1     1    11     6    12    14     0     2  -170.0  -17.384  -19.973   2463.6    761.1
     1     1    11     6    12    13     0     1  -171.0  -17.419  -19.861   2470.1    760.7
     1     1    11     6    12    12     0     0  -172.0  -17.447  -19.748   2473.2    760.6
     1     1    11     6    12    11     0     1  -173.0  -17.469  -19.634   2478.7    760.4
     1     1    11     6    12    10     0     2  -174.0  -17.489  -19.522   2491.8    759.0
     1     1    11     6    12     9     0     3  -175.0  -17.508  -19.411   2512.3    756.9
     1     1    11     6    12     8     0     2  -176.0  -17.527  -19.299   2536.0    754.3
     1     1    11     6    12     7     0     1  -177.0  -17.546  -19.183   2559.2    752.0
     1     1    11     6    12     6     0     0  -178.0  -17.566  -19.065   2581.0    749.9
     1     1    11     6    12     5     0     1  -179.0  -17.589  -18.945   2595.5    748.3
     1     1    11     6    12     4     0     2  -180.0  -17.616  -18.826   2597.6    748.2
     1     1    11     6    12     3     0     3  -181.0  -17.647  -18.708   2587.9    749.3
     1     1    11     6    12     2     0     2  -182.0  -17.678  -18.592   2578.5    751.4
     1     1    11     6    12     1     0     1  -183.0  -17.709  -18.482   2582.8    751.3
     1     1    11     6    12     0     0     0  -184.0  -17.738  -18.377   2602.5    749.8
     1     1    11     6    11    23     0     1  -185.0  -17.764  -18.280   2632.1    746.6
     1     1    11     6    11    22     0     2  -186.0  -17.788  -18.189   2664.6    743.7
     1     1    11     6    11    21     0     3  -187.0  -17.807  -18.103   2698.4    740.6
     1     1    11     6    11    20     0     2  -188.0  -17.822  -18.014   2734.1    737.3
     1     1    11     6    11    19     0     1  -189.0  -17.830  -17.918   2772.7    733.5
     1     1    11     6    11    18     0     0  -190.0  -17.830  -17.812   2813.0    729.5
     1     1    11     6    11    17     0     1  -191.0  -17.825  -17.694   2851.4    726.0
     1     1    11     6    11    16     0     2  -192.0  -17.818  -17.565   2886.1    723.2
     1     1    11     6    11    15     0     3  -193.0  -17.810  -17.424   2919.4    720.6
     1     1    11     6    11    14     0     2  -194.0  -17.807  -17.274   2946.6    717.9
     1     1    11     6    11    13     0     1  -195.0  -17.817  -17.115   2961.5    716.8
     1     1    11     6    11    12     0     0  -196.0  -17.842  -16.948   2963.6    716.8
     1     1    11     6    11    11     0     1  -197.0  -17.880  -16.777   2959.1    717.8
     1     1    11     6    11    10     0     2  -198.0  -17.930  -16.608   2955.7    718.2
     1     1    11     6    11     9     0     3  -199.0  -17.994  -16.441   2956.2    718.2
     1     1    11     6    11     8     0     2  -200.0  -18.069  -16.269   2966.7    717.4
     1     1    11     6    11     7     0     1  -201.0  -18.156  -16.086   2992.1    715.1
     1     1    11     6    11     6     0     0  -202.0  -18.255  -15.890   3031.0    711.3
     1     1    11     6    11     5     0     1  -203.0  -18.372  -15.685   3070.5    707.1
     1     1    11     6    11     4     0     2  -204.0  -18.510  -15.478   3102.3    704.6
     1     1    11     6    11     3     0     3  -205.0  -18.670  -15.278   3131.4    702.5
     1     1    11     6    11     2     0     2  -206.0  -18.844  -15.082   3163.1    700.2
     1     1    11     6    11     1     0     1  -207.0  -19.018  -14.887   3198.4    697.3
     1     1    11     6    11     0     0     0  -208.0  -19.191  -14.689   3229.9    694.3
     1     1    11     6    10    23     0     1  -209.0  -19.375  -14.487   3254.2    692.3
     1     1    11     6    10    22     0     2  -210.0  -19.580  -14.284   3278.0    690.5
     1     1    11     6    10    21     0     3  -211.0  -19.803  -14.084   3309.2    688.1
     1     1    11     6    10    20     0     2  -212.0  -20.043  -13.883   3351.0    684.3
     1     1    11     6    10    19     0     1  -213.0  -20.301  -13.680   3403.2    679.7
     1     1    11     6    10    18     0     0  -214.0  -20.578  -13.477   3461.9    674.2
     1     1    11     6    10    17     0     1  -215.0  -20.878  -13.283   3525.3    669.1
     1     1    11     6    10    16     0     2  -216.0  -21.206  -13.102   3595.4    663.3
     1     1    11     6    10    15     0     3  -217.0  -21.559  -12.931   3671.7    657.2
     1     1    11     6    10    14     0     2  -218.0  -21.928  -12.771   3750.7    650.8
     1     1    11     6    10    13     0     1  -219.0  -22.305  -12.626   3831.7    644.8
     1     1    11     6    10    12     0     0  -220.0  -22.694  -12.499   3919.6    638.1
     1     1    11     6    10    11     0     1  -221.0  -23.102  -12.390   4011.0    630.3
     1     1    11     6    10    10     0     2  -222.0  -23.535  -12.299   4100.8    623.0
     1     1    11     6    10     9     0     3  -223.0  -23.994  -12.228   4188.9    616.0
     1     1    11     6    10     8     0     2  -224.0  -24.463  -12.180   4277.0    609.1
     1     1    11     6    10     7     0     1  -225.0  -24.923  -12.153   4363.7    602.3
     1     1    11     6    10     6     0     0  -226.0  -25.376  -12.149   4449.8    595.7
     1     1    11     6    10     5     0     1  -227.0  -25.820  -12.152   4545.3    589.4
     1     1    11     6    10     4     0     2  -228.0  -26.253  -12.155   4654.4    581.2
     1     1    11     6    10     3     0     3  -229.0  -26.673  -12.167   4769.5    572.7
     1     1    11     6    10     2     0     2  -230.0  -27.087  -12.192   4882.6    564.2
     1     1    11     6    10     1     0     1  -231.0  -27.499  -12.226   4991.8    556.4
     1     1    11     6    10     0     0     0  -232.0  -27.907  -12.277   5099.6    548.7
     1     1    11     6     9    23     0     1  -233.0  -28.311  -12.355   5200.4    541.3
     1     1    11     6     9    22     0     2  -234.0  -28.707  -12.471   5282.6    535.2
     1     1    11     6     9    21     0     3  -235.0  -29.090  -12.638   5334.2    531.3
     1     1    11     6     9    20     0     2  -236.0  -29.456  -12.846   5370.8    530.1
     1     1    11     6     9    19     0     1  -237.0  -29.801  -13.087   5420.6    526.9
     1     1    11     6     9    18     0     0  -238.0  -30.118  -13.376   5497.4    522.0
     1     1    11     6     9    17     0     1  -239.0  -30.411  -13.697   5577.6    514.3
     1     1    11     6     9    16     0     2  -240.0  -30.680  -14.026   5630.4    510.8
     1     1    11     6     9    15     0     3  -241.0  -30.911  -14.360   5655.2    509.0
     1     1    11     6     9    14     0     2  -242.0  -31.119  -14.706   5668.1    509.4
     1     1    11     6     9    13     0     1  -243.0  -31.313  -15.064   5692.7    508.3
     1     1    11     6     9    12     0     0  -244.0  -31.485  -15.431   5748.1    505.5
     1     1    11     6     9    11     0     1  -245.0  -31.636  -15.808   5822.4    498.6
     1     1    11     6     9    10     0     2  -246.0  -31.773  -16.193   5877.0    493.8
     1     1    11     6     9     9     0     3  -247.0  -31.887  -16.581   5899.4    492.1
     1     1    11     6     9     8     0     2  -248.0  -31.985  -16.980   5914.4    492.4
     1     1    11     6     9     7     0     1  -249.0  -32.084  -17.403   5941.7    490.3
     1     1    11     6     9     6     0     0  -250.0  -32.174  -17.843   5977.1    487.8
     1     1    11     6     9     5     0     1  -251.0  -32.251  -18.300   6003.0    485.1
     1     1    11     6     9     4     0     2  -252.0  -32.317  -18.780   6004.1    485.1
     1     1    11     6     9     3     0     3  -253.0  -32.364  -19.275   5979.1    486.7
     1     1    11     6     9     2     0     2  -254.0  -32.394  -19.774   5946.0    490.2
     1     1    11     6     9     1     0     1  -255.0  -32.403  -20.278   5927.7    491.6
     1     1    11     6     9     0     0     0  -256.0  -32.380  -20.790   5939.0    491.6
     1     1    11     6     8    23     0     1  -257.0  -32.329  -21.323   5974.4    488.0
     1     1    11     6     8    22     0     2  -258.0  -32.252  -21.881   6007.6    485.0
     1     1    11     6     8    21     0     3  -259.0  -32.153  -22.445   6024.1    483.4
     1     1    11     6     8    20     0     2  -260.0  -32.036  -23.007   6025.0    483.7
     1     1    11     6     8    19     0     1  -261.0  -31.898  -23.567   6034.0    484.1
     1     1    11     6     8    18     0     0  -262.0  -31.737  -24.127   6070.4    481.8
     1     1    11     6     8    17     0     1  -263.0  -31.556  -24.681   6111.0    477.7
     1     1    11     6     8    16     0     2  -264.0  -31.348  -25.230   6125.3    476.8
     1     1    11     6     8    15     0     3  -265.0  -31.109  -25.781   6111.1    478.0
     1     1    11     6     8    14     0     2  -266.0  -30.872  -26.315   6081.4    480.9
     1     1    11     6     8    13     0     1  -267.0  -30.658  -26.818   6044.8    483.1
     1     1    11     6     8    12     0     0  -268.0  -30.451  -27.295   5992.0    486.4
     1     1    11     6     8    11     0     1  -269.0  -30.242  -27.762   5913.0    491.0
     1     1    11     6     8    10     0     2  -270.0  -30.031  -28.232   5812.7    497.8
     1     1    11     6     8     9     0     3  -271.0  -29.821  -28.702   5691.5    504.8
     1     1    11     6     8     8     0     2  -272.0  -29.619  -29.159   5584.6    514.9
     1     1    11     6     8     7     0     1  -273.0  -29.415  -29.591   5552.5    518.0
     1     1    11     6     8     6     0     0  -274.0  -29.205  -30.021   5602.4    514.2
     1     1    11     6     8     5     0     1  -275.0  -29.018  -30.442   5675.9    506.0
     1     1    11     6     8     4     0     2  -276.0  -28.859  -30.829   5711.7    503.3
     1     1    11     6     8     3     0     3  -277.0  -28.707  -31.189   5702.1    504.1
     1     1    11     6     8     2     0     2  -278.0  -28.583  -31.536   5687.5    507.8
     1     1    11     6     8     1     0     1  -279.0  -28.493  -31.876   5697.6    506.5
     1     1    11     6     8     0     0     0  -280.0  -28.413  -32.204   5717.6    504.8
     1     1    11     6     7    23     0     1  -281.0  -28.354  -32.539   5743.1    503.1
     1     1    11     6     7    22     0     2  -282.0  -28.319  -32.889   5775.1    500.7
     1     1    11     6     7    21     0     3  -283.0  -28.293  -33.237   5816.7    498.0
     1     1    11     6     7    20     0     2  -284.0  -28.277  -33.595   5856.4    494.4
     1     1    11     6     7    19     0     1  -285.0  -28.273  -33.981   5877.3    492.8
     1     1    11     6     7    18     0     0  -286.0  -28.275  -34.383   5879.8    492.8
     1     1    11     6     7    17     0     1  -287.0  -28.278  -34.801   5886.7    493.7
     1     1    11     6     7    16     0     2  -288.0  -28.282  -35.229   5910.7    491.8
     1     1    11     6     7    15     0     3  -289.0  -28.283  -35.657   5945.9    489.6
     1     1    11     6     7    14     0     2  -290.0  -28.282  -36.095   5994.7    486.8
     1     1    11     6     7    13     0     1  -291.0  -28.281  -36.557   6055.8    482.8
     1     1    11     6     7    12     0     0  -292.0  -28.283  -37.032   6116.5    478.4
     1     1    11     6     7    11     0     1  -293.0  -28.293  -37.514   6165.9    474.6
     1     1    11     6     7    10     0     2  -294.0  -28.320  -38.000   6207.8    471.9
     1     1    11     6     7     9     0     3  -295.0  -28.368  -38.492   6265.9    469.1
     1     1    11     6     7     8     0     2  -296.0  -28.427  -38.996   6341.8    463.3
     1     1    11     6     7     7     0     1  -297.0  -28.497  -39.511   6395.3    458.6
     1     1    11     6     7     6     0     0  -298.0  -28.583  -40.022   6421.7    458.1
     1     1    11     6     7     5     0     1  -299.0  -28.671  -40.547   6452.2    456.9
     1     1    11     6     7     4     0     2  -300.0  -28.757  -41.109   6493.2    454.1
     1     1    11     6     7     3     0     3  -301.0  -28.862  -41.701   6526.5    451.1
     1     1    11     6     7     2     0     2  -302.0  -28.970  -42.304   6542.3    450.1
     1     1    11     6     7     1     0     1  -303.0  -29.057  -42.925   6559.0    450.0
     1     1    11     6     7     0     0     0  -304.0  -29.132  -43.594   6600.3    447.9
     1     1    11     6     6    23     0     1  -305.0  -29.175  -44.316   6634.1    443.1
     1     1    11     6     6    22     0     2  -306.0  -29.177  -45.068   6620.7    443.7
     1     1    11     6     6    21     0     3  -307.0  -29.142  -45.854   6584.9    447.2
     1     1    11     6     6    20     0     2  -308.0  -29.075  -46.665   6605.2    446.4
     1     1    11     6     6    19     0     1  -309.0  -28.971  -47.489   6691.6    440.0
     1     1    11     6     6    18     0     0  -310.0  -28.833  -48.328   6759.3    433.7
     1     1    11     6     6    17     0     1  -311.0  -28.678  -49.171   6695.2    423.4
     1     1    11     6     6    16     0     2  -312.0  -28.506  -50.022   6457.7    399.8
     1     1    11     6     6    15     0     3  -313.0  -28.327  -50.850   6368.6    410.0
     1     1    11     6     6    14     0     2  -314.0  -28.148  -51.623   6313.2    422.6
     1     1    11     6     6    13     0     1  -315.0  -27.967  -52.357   6262.5    431.5
     1     1    11     6     6    12     0     0  -316.0  -27.778  -53.064   6214.7    440.9
     1     1    11     6     6    11     0     1  -317.0  -27.576  -53.749   6132.5    451.5
     1     1    11     6     6    10     0     2  -318.0  -27.365  -54.420   6043.1    464.7
     1     1    11     6     6     9     0     3  -319.0  -27.155  -55.086   6015.0    471.7
     1     1    11     6     6     8     0     2  -320.0  -26.957  -55.734   6012.4    471.4
     1     1    11     6     6     7     0     1  -321.0  -26.767  -56.338   5966.6    477.9
     1     1    11     6     6     6     0     0  -322.0  -26.584  -56.902   5917.4    482.9
     1     1    11     6     6     5     0     1  -323.0  -26.421  -57.448   5887.1    486.2
     1     1    11     6     6     4     0     2  -324.0  -26.292  -57.989   5869.2    489.9
     1     1    11     6     6     3     0     3  -325.0  -26.201  -58.518   5850.2    491.4
     1     1    11     6     6     2     0     2  -326.0  -26.138  -59.031   5843.6    492.2
     1     1    11     6     6     1     0     1  -327.0  -26.095  -59.541   5856.7    490.6
     1     1    11     6     6     0     0     0  -328.0  -26.083  -60.056   5898.1    487.2
     1     1    11     6     5    23     0     1  -329.0  -26.080  -60.589   5940.2    481.3
     1     1    11     6     5    22     0     2  -330.0  -26.063  -61.138   5963.5    479.0
     1     1    11     6     5    21     0     3  -331.0  -26.050  -61.701   5971.7    476.8
     1     1    11     6     5    20     0     2  -332.0  -26.036  -62.274   5956.7    476.5
     1     1    11     6     5    19     0     1  -333.0  -26.013  -62.863   5904.6    478.3
     1     1    11     6     5    18     0     0  -334.0  -25.981  -63.471   5857.5    482.6
     1     1    11     6     5    17     0     1  -335.0  -25.924  -64.107   5878.3    475.4
     1     1    11     6     5    16     0     2  -336.0  -25.813  -64.830   5775.2    439.5
