     3     1
    GDAS    11     6     1     0     0
    GDAS    11     6     8     0     0
    GDAS    11     6    15     0     0
     1 BACKWARD OMEGA   
  2011     6    19    16   -8.910  -56.830  2133.6
     1 PRESSURE
     1     1    11     6    19    16     0     2     0.0   -8.910  -56.830   2133.6    773.3
     1     1    11     6    19    15     0     3    -1.0   -8.738  -56.693   2129.5    769.6
     1     1    11     6    19    14     0     2    -2.0   -8.563  -56.537   2121.0    766.8
     1     1    11     6    19    13     0     1    -3.0   -8.383  -56.367   2120.7    763.0
     1     1    11     6    19    12     0     0    -4.0   -8.194  -56.183   2135.3    757.6
     1     1    11     6    19    11     0     1    -5.0   -8.011  -55.996   2149.1    750.6
     1     1    11     6    19    10     0     2    -6.0   -7.852  -55.820   2155.5    753.2
     1     1    11     6    19     9     0     3    -7.0   -7.720  -55.655   2149.1    756.0
     1     1    11     6    19     8     0     2    -8.0   -7.606  -55.491   2134.3    760.2
     1     1    11     6    19     7     0     1    -9.0   -7.501  -55.319   2117.1    763.8
     1     1    11     6    19     6     0     0   -10.0   -7.405  -55.143   2097.4    767.4
     1     1    11     6    19     5     0     1   -11.0   -7.321  -54.960   2079.8    771.1
     1     1    11     6    19     4     0     2   -12.0   -7.249  -54.768   2072.1    773.5
     1     1    11     6    19     3     0     3   -13.0   -7.189  -54.567   2078.2    774.5
     1     1    11     6    19     2     0     2   -14.0   -7.143  -54.362   2101.5    773.7
     1     1    11     6    19     1     0     1   -15.0   -7.109  -54.159   2145.7    770.7
     1     1    11     6    19     0     0     0   -16.0   -7.087  -53.958   2210.0    765.0
     1     1    11     6    18    23     0     1   -17.0   -7.067  -53.763   2271.3    755.4
     1     1    11     6    18    22     0     2   -18.0   -7.040  -53.577   2311.0    749.6
     1     1    11     6    18    21     0     3   -19.0   -7.004  -53.396   2327.6    745.7
     1     1    11     6    18    20     0     2   -20.0   -6.959  -53.215   2323.8    744.2
     1     1    11     6    18    19     0     1   -21.0   -6.902  -53.024   2304.6    743.7
     1     1    11     6    18    18     0     0   -22.0   -6.832  -52.825   2275.6    747.5
     1     1    11     6    18    17     0     1   -23.0   -6.752  -52.611   2244.1    752.5
     1     1    11     6    18    16     0     2   -24.0   -6.667  -52.380   2218.5    756.0
     1     1    11     6    18    15     0     3   -25.0   -6.577  -52.130   2200.9    758.6
     1     1    11     6    18    14     0     2   -26.0   -6.479  -51.866   2192.4    759.5
     1     1    11     6    18    13     0     1   -27.0   -6.375  -51.590   2192.3    760.1
     1     1    11     6    18    12     0     0   -28.0   -6.263  -51.300   2198.7    760.4
     1     1    11     6    18    11     0     1   -29.0   -6.144  -50.999   2212.4    760.6
     1     1    11     6    18    10     0     2   -30.0   -6.021  -50.687   2221.8    757.0
     1     1    11     6    18     9     0     3   -31.0   -5.895  -50.369   2218.1    755.6
     1     1    11     6    18     8     0     2   -32.0   -5.770  -50.050   2203.1    757.2
     1     1    11     6    18     7     0     1   -33.0   -5.654  -49.730   2201.5    763.8
     1     1    11     6    18     6     0     0   -34.0   -5.549  -49.410   2225.0    765.7
     1     1    11     6    18     5     0     1   -35.0   -5.451  -49.082   2264.8    765.4
     1     1    11     6    18     4     0     2   -36.0   -5.355  -48.739   2300.7    760.0
     1     1    11     6    18     3     0     3   -37.0   -5.259  -48.380   2322.3    755.6
     1     1    11     6    18     2     0     2   -38.0   -5.170  -48.009   2338.4    752.5
     1     1    11     6    18     1     0     1   -39.0   -5.090  -47.633   2353.8    750.1
     1     1    11     6    18     0     0     0   -40.0   -5.016  -47.250   2352.8    749.9
     1     1    11     6    17    23     0     1   -41.0   -4.956  -46.871   2334.4    752.2
     1     1    11     6    17    22     0     2   -42.0   -4.919  -46.501   2313.3    756.5
     1     1    11     6    17    21     0     3   -43.0   -4.900  -46.135   2300.1    758.6
     1     1    11     6    17    20     0     2   -44.0   -4.884  -45.764   2296.4    761.8
     1     1    11     6    17    19     0     1   -45.0   -4.855  -45.385   2305.3    764.2
     1     1    11     6    17    18     0     0   -46.0   -4.816  -45.000   2327.5    765.6
     1     1    11     6    17    17     0     1   -47.0   -4.765  -44.605   2342.7    761.2
     1     1    11     6    17    16     0     2   -48.0   -4.702  -44.202   2341.4    760.1
     1     1    11     6    17    15     0     3   -49.0   -4.633  -43.798   2326.4    761.8
     1     1    11     6    17    14     0     2   -50.0   -4.562  -43.395   2318.0    765.7
     1     1    11     6    17    13     0     1   -51.0   -4.486  -42.988   2329.5    765.1
     1     1    11     6    17    12     0     0   -52.0   -4.403  -42.584   2344.4    761.8
     1     1    11     6    17    11     0     1   -53.0   -4.329  -42.192   2345.7    759.3
     1     1    11     6    17    10     0     2   -54.0   -4.278  -41.809   2338.7    754.8
     1     1    11     6    17     9     0     3   -55.0   -4.238  -41.418   2376.1    740.3
     1     1    11     6    17     8     0     2   -56.0   -4.193  -41.008   2498.1    715.5
     1     1    11     6    17     7     0     1   -57.0   -4.143  -40.590   2643.1    702.2
     1     1    11     6    17     6     0     0   -58.0   -4.101  -40.165   2691.2    705.7
     1     1    11     6    17     5     0     1   -59.0   -4.075  -39.735   2680.7    718.0
     1     1    11     6    17     4     0     2   -60.0   -4.069  -39.317   2724.6    720.5
     1     1    11     6    17     3     0     3   -61.0   -4.080  -38.921   2859.1    711.0
     1     1    11     6    17     2     0     2   -62.0   -4.095  -38.544   3010.7    699.6
     1     1    11     6    17     1     0     1   -63.0   -4.107  -38.178   3104.2    698.4
     1     1    11     6    17     0     0     0   -64.0   -4.114  -37.819   3140.0    699.2
     1     1    11     6    16    23     0     1   -65.0   -4.114  -37.465   3130.4    700.2
     1     1    11     6    16    22     0     2   -66.0   -4.099  -37.121   3108.4    703.8
     1     1    11     6    16    21     0     3   -67.0   -4.066  -36.790   3109.7    704.8
     1     1    11     6    16    20     0     2   -68.0   -4.021  -36.463   3092.1    701.8
     1     1    11     6    16    19     0     1   -69.0   -3.970  -36.135   3001.1    709.5
     1     1    11     6    16    18     0     0   -70.0   -3.912  -35.810   2842.2    723.6
     1     1    11     6    16    17     0     1   -71.0   -3.853  -35.488   2676.0    743.4
     1     1    11     6    16    16     0     2   -72.0   -3.797  -35.169   2526.7    753.8
     1     1    11     6    16    15     0     3   -73.0   -3.744  -34.854   2354.5    768.9
     1     1    11     6    16    14     0     2   -74.0   -3.689  -34.540   2202.8    787.7
     1     1    11     6    16    13     0     1   -75.0   -3.631  -34.224   2127.6    795.2
     1     1    11     6    16    12     0     0   -76.0   -3.569  -33.903   2127.4    794.7
     1     1    11     6    16    11     0     1   -77.0   -3.508  -33.583   2119.0    788.2
     1     1    11     6    16    10     0     2   -78.0   -3.448  -33.268   2071.8    796.1
     1     1    11     6    16     9     0     3   -79.0   -3.382  -32.954   2055.8    800.0
     1     1    11     6    16     8     0     2   -80.0   -3.316  -32.647   2056.0    795.7
     1     1    11     6    16     7     0     1   -81.0   -3.262  -32.343   2042.5    798.2
     1     1    11     6    16     6     0     0   -82.0   -3.218  -32.042   2040.3    799.4
     1     1    11     6    16     5     0     1   -83.0   -3.176  -31.745   2030.3    797.8
     1     1    11     6    16     4     0     2   -84.0   -3.132  -31.452   1999.8    802.5
     1     1    11     6    16     3     0     3   -85.0   -3.089  -31.161   1982.0    806.2
     1     1    11     6    16     2     0     2   -86.0   -3.051  -30.868   1974.1    805.2
     1     1    11     6    16     1     0     1   -87.0   -3.020  -30.569   1953.3    807.1
     1     1    11     6    16     0     0     0   -88.0   -2.997  -30.266   1935.7    810.9
     1     1    11     6    15    23     0     1   -89.0   -2.983  -29.976   1933.8    810.0
     1     1    11     6    15    22     0     2   -90.0   -2.977  -29.710   1926.4    809.0
     1     1    11     6    15    21     0     3   -91.0   -2.974  -29.456   1901.8    811.2
     1     1    11     6    15    20     0     2   -92.0   -2.975  -29.206   1877.8    814.8
     1     1    11     6    15    19     0     1   -93.0   -2.983  -28.957   1868.8    815.4
     1     1    11     6    15    18     0     0   -94.0   -2.999  -28.714   1867.8    814.7
     1     1    11     6    15    17     0     1   -95.0   -3.020  -28.482   1867.9    814.9
     1     1    11     6    15    16     0     2   -96.0   -3.043  -28.263   1870.3    815.1
     1     1    11     6    15    15     0     3   -97.0   -3.069  -28.054   1879.0    814.7
     1     1    11     6    15    14     0     2   -98.0   -3.099  -27.850   1894.5    813.3
     1     1    11     6    15    13     0     1   -99.0   -3.134  -27.646   1915.1    811.6
     1     1    11     6    15    12     0     0  -100.0   -3.177  -27.443   1941.9    809.5
     1     1    11     6    15    11     0     1  -101.0   -3.228  -27.246   1970.9    806.0
     1     1    11     6    15    10     0     2  -102.0   -3.289  -27.053   1996.6    803.2
     1     1    11     6    15     9     0     3  -103.0   -3.358  -26.861   2017.6    800.9
     1     1    11     6    15     8     0     2  -104.0   -3.430  -26.673   2033.6    799.2
     1     1    11     6    15     7     0     1  -105.0   -3.498  -26.493   2050.5    797.9
     1     1    11     6    15     6     0     0  -106.0   -3.563  -26.320   2076.0    795.6
     1     1    11     6    15     5     0     1  -107.0   -3.622  -26.154   2106.4    792.6
     1     1    11     6    15     4     0     2  -108.0   -3.670  -25.994   2138.7    790.3
     1     1    11     6    15     3     0     3  -109.0   -3.707  -25.840   2170.9    787.3
     1     1    11     6    15     2     0     2  -110.0   -3.738  -25.690   2194.1    785.1
     1     1    11     6    15     1     0     1  -111.0   -3.771  -25.542   2208.0    784.4
     1     1    11     6    15     0     0     0  -112.0   -3.808  -25.391   2219.2    783.9
     1     1    11     6    14    23     0     1  -113.0   -3.849  -25.239   2228.7    782.4
     1     1    11     6    14    22     0     2  -114.0   -3.894  -25.087   2240.6    781.5
     1     1    11     6    14    21     0     3  -115.0   -3.942  -24.937   2262.9    779.2
     1     1    11     6    14    20     0     2  -116.0   -3.986  -24.790   2287.5    775.8
     1     1    11     6    14    19     0     1  -117.0   -4.024  -24.647   2301.9    774.2
     1     1    11     6    14    18     0     0  -118.0   -4.056  -24.505   2304.2    773.8
     1     1    11     6    14    17     0     1  -119.0   -4.081  -24.364   2303.3    775.0
     1     1    11     6    14    16     0     2  -120.0   -4.097  -24.228   2310.4    774.8
     1     1    11     6    14    15     0     3  -121.0   -4.102  -24.100   2329.8    773.4
     1     1    11     6    14    14     0     2  -122.0   -4.101  -23.977   2344.3    770.5
     1     1    11     6    14    13     0     1  -123.0   -4.101  -23.852   2331.6    771.6
     1     1    11     6    14    12     0     0  -124.0   -4.102  -23.723   2285.5    776.0
     1     1    11     6    14    11     0     1  -125.0   -4.106  -23.588   2216.5    783.3
     1     1    11     6    14    10     0     2  -126.0   -4.113  -23.444   2132.6    790.2
     1     1    11     6    14     9     0     3  -127.0   -4.128  -23.288   2021.9    799.7
     1     1    11     6    14     8     0     2  -128.0   -4.148  -23.118   1892.4    813.5
     1     1    11     6    14     7     0     1  -129.0   -4.172  -22.932   1765.3    826.1
     1     1    11     6    14     6     0     0  -130.0   -4.198  -22.732   1654.0    837.2
     1     1    11     6    14     5     0     1  -131.0   -4.223  -22.520   1550.3    846.6
     1     1    11     6    14     4     0     2  -132.0   -4.248  -22.293   1438.3    858.1
     1     1    11     6    14     3     0     3  -133.0   -4.277  -22.050   1314.9    870.6
     1     1    11     6    14     2     0     2  -134.0   -4.315  -21.789   1205.0    885.0
     1     1    11     6    14     1     0     1  -135.0   -4.354  -21.519   1128.8    892.4
     1     1    11     6    14     0     0     0  -136.0   -4.386  -21.246   1075.5    897.5
     1     1    11     6    13    23     0     1  -137.0   -4.424  -20.970   1033.4    901.0
     1     1    11     6    13    22     0     2  -138.0   -4.485  -20.692    991.5    904.7
     1     1    11     6    13    21     0     3  -139.0   -4.574  -20.408    948.6    909.5
     1     1    11     6    13    20     0     2  -140.0   -4.683  -20.117    914.7    913.5
     1     1    11     6    13    19     0     1  -141.0   -4.804  -19.822    889.4    915.3
     1     1    11     6    13    18     0     0  -142.0   -4.938  -19.524    865.3    917.4
     1     1    11     6    13    17     0     1  -143.0   -5.082  -19.229    841.5    920.2
     1     1    11     6    13    16     0     2  -144.0   -5.234  -18.942    814.5    922.9
     1     1    11     6    13    15     0     3  -145.0   -5.394  -18.665    784.4    926.7
     1     1    11     6    13    14     0     2  -146.0   -5.560  -18.390    760.3    930.2
     1     1    11     6    13    13     0     1  -147.0   -5.734  -18.110    748.4    932.0
     1     1    11     6    13    12     0     0  -148.0   -5.916  -17.827    748.5    932.4
     1     1    11     6    13    11     0     1  -149.0   -6.101  -17.551    756.4    931.1
     1     1    11     6    13    10     0     2  -150.0   -6.283  -17.285    768.5    929.8
     1     1    11     6    13     9     0     3  -151.0   -6.462  -17.031    788.3    928.1
     1     1    11     6    13     8     0     2  -152.0   -6.635  -16.793    818.2    924.5
     1     1    11     6    13     7     0     1  -153.0   -6.798  -16.576    858.2    920.2
     1     1    11     6    13     6     0     0  -154.0   -6.949  -16.380    909.2    914.3
     1     1    11     6    13     5     0     1  -155.0   -7.089  -16.207    963.1    907.6
     1     1    11     6    13     4     0     2  -156.0   -7.223  -16.055   1012.1    902.3
     1     1    11     6    13     3     0     3  -157.0   -7.350  -15.923   1055.2    897.7
     1     1    11     6    13     2     0     2  -158.0   -7.470  -15.803   1090.5    894.2
     1     1    11     6    13     1     0     1  -159.0   -7.581  -15.685   1116.8    891.9
     1     1    11     6    13     0     0     0  -160.0   -7.685  -15.571   1135.8    890.4
     1     1    11     6    12    23     0     1  -161.0   -7.786  -15.459   1151.5    889.0
     1     1    11     6    12    22     0     2  -162.0   -7.886  -15.352   1168.2    887.3
     1     1    11     6    12    21     0     3  -163.0   -7.984  -15.251   1188.5    885.1
     1     1    11     6    12    20     0     2  -164.0   -8.079  -15.160   1209.0    882.1
     1     1    11     6    12    19     0     1  -165.0   -8.173  -15.078   1224.9    880.2
     1     1    11     6    12    18     0     0  -166.0   -8.266  -15.003   1238.1    878.7
     1     1    11     6    12    17     0     1  -167.0   -8.355  -14.946   1257.3    877.5
     1     1    11     6    12    16     0     2  -168.0   -8.433  -14.919   1288.9    874.3
     1     1    11     6    12    15     0     3  -169.0   -8.500  -14.922   1331.2    869.9
     1     1    11     6    12    14     0     2  -170.0   -8.560  -14.946   1384.8    865.1
     1     1    11     6    12    13     0     1  -171.0   -8.617  -14.985   1450.8    858.9
     1     1    11     6    12    12     0     0  -172.0   -8.675  -15.037   1525.5    851.6
     1     1    11     6    12    11     0     1  -173.0   -8.737  -15.102   1590.3    843.2
     1     1    11     6    12    10     0     2  -174.0   -8.805  -15.176   1631.4    839.1
     1     1    11     6    12     9     0     3  -175.0   -8.883  -15.255   1651.0    837.1
     1     1    11     6    12     8     0     2  -176.0   -8.965  -15.341   1661.2    837.0
     1     1    11     6    12     7     0     1  -177.0   -9.044  -15.441   1674.4    835.5
     1     1    11     6    12     6     0     0  -178.0   -9.118  -15.557   1692.6    833.6
     1     1    11     6    12     5     0     1  -179.0   -9.182  -15.685   1713.1    831.2
     1     1    11     6    12     4     0     2  -180.0   -9.233  -15.823   1732.7    829.3
     1     1    11     6    12     3     0     3  -181.0   -9.271  -15.969   1751.4    827.4
     1     1    11     6    12     2     0     2  -182.0   -9.290  -16.118   1773.3    826.0
     1     1    11     6    12     1     0     1  -183.0   -9.288  -16.267   1802.2    823.5
     1     1    11     6    12     0     0     0  -184.0   -9.262  -16.416   1837.9    820.4
     1     1    11     6    11    23     0     1  -185.0   -9.212  -16.561   1878.9    816.3
     1     1    11     6    11    22     0     2  -186.0   -9.139  -16.702   1921.8    811.8
     1     1    11     6    11    21     0     3  -187.0   -9.046  -16.837   1961.5    807.6
     1     1    11     6    11    20     0     2  -188.0   -8.940  -16.963   1995.8    804.1
     1     1    11     6    11    19     0     1  -189.0   -8.832  -17.079   2027.8    801.1
     1     1    11     6    11    18     0     0  -190.0   -8.721  -17.183   2063.2    797.8
     1     1    11     6    11    17     0     1  -191.0   -8.611  -17.276   2096.8    794.2
     1     1    11     6    11    16     0     2  -192.0   -8.501  -17.357   2119.7    792.2
     1     1    11     6    11    15     0     3  -193.0   -8.391  -17.424   2129.1    791.4
     1     1    11     6    11    14     0     2  -194.0   -8.283  -17.471   2133.2    792.2
     1     1    11     6    11    13     0     1  -195.0   -8.183  -17.503   2139.6    791.7
     1     1    11     6    11    12     0     0  -196.0   -8.091  -17.520   2144.5    791.3
     1     1    11     6    11    11     0     1  -197.0   -8.004  -17.528   2146.8    791.2
     1     1    11     6    11    10     0     2  -198.0   -7.917  -17.529   2147.5    791.1
     1     1    11     6    11     9     0     3  -199.0   -7.834  -17.525   2146.2    791.1
     1     1    11     6    11     8     0     2  -200.0   -7.759  -17.512   2146.5    791.3
     1     1    11     6    11     7     0     1  -201.0   -7.696  -17.487   2153.4    790.4
     1     1    11     6    11     6     0     0  -202.0   -7.644  -17.454   2168.1    788.9
     1     1    11     6    11     5     0     1  -203.0   -7.601  -17.415   2183.7    786.8
     1     1    11     6    11     4     0     2  -204.0   -7.564  -17.369   2192.0    786.0
     1     1    11     6    11     3     0     3  -205.0   -7.532  -17.314   2192.4    786.0
     1     1    11     6    11     2     0     2  -206.0   -7.504  -17.244   2191.3    786.9
     1     1    11     6    11     1     0     1  -207.0   -7.480  -17.155   2194.6    786.8
     1     1    11     6    11     0     0     0  -208.0   -7.461  -17.045   2200.8    786.4
     1     1    11     6    10    23     0     1  -209.0   -7.446  -16.927   2205.0    785.5
     1     1    11     6    10    22     0     2  -210.0   -7.438  -16.810   2203.0    785.6
     1     1    11     6    10    21     0     3  -211.0   -7.436  -16.694   2195.6    786.2
     1     1    11     6    10    20     0     2  -212.0   -7.443  -16.574   2184.9    787.1
     1     1    11     6    10    19     0     1  -213.0   -7.461  -16.449   2174.4    788.0
     1     1    11     6    10    18     0     0  -214.0   -7.489  -16.316   2166.2    788.6
     1     1    11     6    10    17     0     1  -215.0   -7.513  -16.185   2154.3    789.0
     1     1    11     6    10    16     0     2  -216.0   -7.521  -16.062   2129.8    791.2
     1     1    11     6    10    15     0     3  -217.0   -7.517  -15.948   2085.9    794.7
     1     1    11     6    10    14     0     2  -218.0   -7.513  -15.836   2019.7    801.5
     1     1    11     6    10    13     0     1  -219.0   -7.518  -15.721   1930.6    810.3
     1     1    11     6    10    12     0     0  -220.0   -7.535  -15.600   1816.6    821.7
     1     1    11     6    10    11     0     1  -221.0   -7.561  -15.471   1678.5    834.9
     1     1    11     6    10    10     0     2  -222.0   -7.593  -15.329   1520.0    851.0
     1     1    11     6    10     9     0     3  -223.0   -7.637  -15.170   1350.2    868.4
     1     1    11     6    10     8     0     2  -224.0   -7.707  -14.989   1177.1    886.3
     1     1    11     6    10     7     0     1  -225.0   -7.815  -14.777   1013.2    903.9
     1     1    11     6    10     6     0     0  -226.0   -7.958  -14.533    864.6    919.3
     1     1    11     6    10     5     0     1  -227.0   -8.120  -14.276    741.5    933.9
     1     1    11     6    10     4     0     2  -228.0   -8.286  -14.023    649.9    943.7
     1     1    11     6    10     3     0     3  -229.0   -8.460  -13.776    582.7    950.7
     1     1    11     6    10     2     0     2  -230.0   -8.646  -13.539    530.5    956.0
     1     1    11     6    10     1     0     1  -231.0   -8.845  -13.315    480.1    961.4
     1     1    11     6    10     0     0     0  -232.0   -9.058  -13.103    424.3    968.2
     1     1    11     6     9    23     0     1  -233.0   -9.275  -12.900    375.5    974.6
     1     1    11     6     9    22     0     2  -234.0   -9.488  -12.700    340.9    978.0
     1     1    11     6     9    21     0     3  -235.0   -9.706  -12.506    313.1    980.5
     1     1    11     6     9    20     0     2  -236.0   -9.935  -12.320    286.9    983.2
     1     1    11     6     9    19     0     1  -237.0  -10.167  -12.140    264.6    985.8
     1     1    11     6     9    18     0     0  -238.0  -10.397  -11.969    250.9    987.1
     1     1    11     6     9    17     0     1  -239.0  -10.622  -11.816    243.3    987.6
     1     1    11     6     9    16     0     2  -240.0  -10.837  -11.686    234.9    988.4
     1     1    11     6     9    15     0     3  -241.0  -11.039  -11.576    222.5    989.8
     1     1    11     6     9    14     0     2  -242.0  -11.233  -11.474    211.1    992.1
     1     1    11     6     9    13     0     1  -243.0  -11.424  -11.374    205.5    993.1
     1     1    11     6     9    12     0     0  -244.0  -11.617  -11.279    203.8    993.7
     1     1    11     6     9    11     0     1  -245.0  -11.796  -11.190    203.8    993.7
     1     1    11     6     9    10     0     2  -246.0  -11.947  -11.107    204.0    993.9
     1     1    11     6     9     9     0     3  -247.0  -12.068  -11.027    204.3    994.1
     1     1    11     6     9     8     0     2  -248.0  -12.172  -10.950    205.0    993.7
     1     1    11     6     9     7     0     1  -249.0  -12.269  -10.875    206.2    993.1
     1     1    11     6     9     6     0     0  -250.0  -12.360  -10.804    207.0    992.5
     1     1    11     6     9     5     0     1  -251.0  -12.448  -10.739    206.8    992.6
     1     1    11     6     9     4     0     2  -252.0  -12.538  -10.682    205.5    992.8
     1     1    11     6     9     3     0     3  -253.0  -12.630  -10.634    203.7    993.1
     1     1    11     6     9     2     0     2  -254.0  -12.720  -10.589    202.3    993.4
     1     1    11     6     9     1     0     1  -255.0  -12.809  -10.543    202.1    993.4
     1     1    11     6     9     0     0     0  -256.0  -12.894  -10.497    202.3    993.4
     1     1    11     6     8    23     0     1  -257.0  -12.975  -10.452    203.2    993.4
     1     1    11     6     8    22     0     2  -258.0  -13.053  -10.407    205.1    993.3
     1     1    11     6     8    21     0     3  -259.0  -13.128  -10.363    208.3    992.9
     1     1    11     6     8    20     0     2  -260.0  -13.193  -10.318    211.2    992.0
     1     1    11     6     8    19     0     1  -261.0  -13.241  -10.267    212.3    991.4
     1     1    11     6     8    18     0     0  -262.0  -13.273  -10.212    211.6    991.0
     1     1    11     6     8    17     0     1  -263.0  -13.285  -10.147    209.8    991.4
     1     1    11     6     8    16     0     2  -264.0  -13.277  -10.069    207.5    991.8
     1     1    11     6     8    15     0     3  -265.0  -13.250   -9.977    205.2    992.2
     1     1    11     6     8    14     0     2  -266.0  -13.216   -9.872    204.3    992.7
     1     1    11     6     8    13     0     1  -267.0  -13.190   -9.761    206.1    992.7
     1     1    11     6     8    12     0     0  -268.0  -13.170   -9.642    210.4    992.4
     1     1    11     6     8    11     0     1  -269.0  -13.157   -9.521    216.4    991.7
     1     1    11     6     8    10     0     2  -270.0  -13.148   -9.400    223.2    991.1
     1     1    11     6     8     9     0     3  -271.0  -13.145   -9.280    231.0    990.3
     1     1    11     6     8     8     0     2  -272.0  -13.142   -9.159    239.9    988.9
     1     1    11     6     8     7     0     1  -273.0  -13.134   -9.032    250.0    987.4
     1     1    11     6     8     6     0     0  -274.0  -13.122   -8.901    260.9    985.8
     1     1    11     6     8     5     0     1  -275.0  -13.115   -8.762    269.6    984.5
     1     1    11     6     8     4     0     2  -276.0  -13.119   -8.611    273.7    984.1
     1     1    11     6     8     3     0     3  -277.0  -13.135   -8.447    273.7    984.3
     1     1    11     6     8     2     0     2  -278.0  -13.160   -8.272    276.2    985.0
     1     1    11     6     8     1     0     1  -279.0  -13.191   -8.088    287.7    983.7
     1     1    11     6     8     0     0     0  -280.0  -13.229   -7.901    308.2    981.5
     1     1    11     6     7    23     0     1  -281.0  -13.278   -7.721    334.3    977.9
     1     1    11     6     7    22     0     2  -282.0  -13.341   -7.556    359.4    974.7
     1     1    11     6     7    21     0     3  -283.0  -13.416   -7.403    379.0    972.2
     1     1    11     6     7    20     0     2  -284.0  -13.495   -7.257    391.4    970.7
     1     1    11     6     7    19     0     1  -285.0  -13.573   -7.111    397.7    969.7
     1     1    11     6     7    18     0     0  -286.0  -13.649   -6.962    399.8    969.3
     1     1    11     6     7    17     0     1  -287.0  -13.729   -6.810    403.3    969.4
     1     1    11     6     7    16     0     2  -288.0  -13.819   -6.653    411.7    968.5
     1     1    11     6     7    15     0     3  -289.0  -13.921   -6.493    423.7    967.2
     1     1    11     6     7    14     0     2  -290.0  -14.028   -6.332    437.8    966.0
     1     1    11     6     7    13     0     1  -291.0  -14.135   -6.174    452.4    964.6
     1     1    11     6     7    12     0     0  -292.0  -14.243   -6.018    466.6    963.4
     1     1    11     6     7    11     0     1  -293.0  -14.348   -5.862    477.6    962.0
     1     1    11     6     7    10     0     2  -294.0  -14.443   -5.698    483.0    961.6
     1     1    11     6     7     9     0     3  -295.0  -14.527   -5.525    483.4    961.8
     1     1    11     6     7     8     0     2  -296.0  -14.604   -5.346    480.7    961.7
     1     1    11     6     7     7     0     1  -297.0  -14.682   -5.165    477.0    961.7
     1     1    11     6     7     6     0     0  -298.0  -14.760   -4.984    473.8    961.7
     1     1    11     6     7     5     0     1  -299.0  -14.843   -4.797    471.2    962.1
     1     1    11     6     7     4     0     2  -300.0  -14.938   -4.600    467.8    962.5
     1     1    11     6     7     3     0     3  -301.0  -15.045   -4.389    461.5    963.2
     1     1    11     6     7     2     0     2  -302.0  -15.158   -4.168    454.7    964.6
     1     1    11     6     7     1     0     1  -303.0  -15.275   -3.938    450.9    965.2
     1     1    11     6     7     0     0     0  -304.0  -15.399   -3.697    451.7    965.5
     1     1    11     6     6    23     0     1  -305.0  -15.522   -3.442    458.3    964.5
     1     1    11     6     6    22     0     2  -306.0  -15.639   -3.172    470.0    962.9
     1     1    11     6     6    21     0     3  -307.0  -15.751   -2.891    486.4    960.8
     1     1    11     6     6    20     0     2  -308.0  -15.865   -2.604    506.3    958.3
     1     1    11     6     6    19     0     1  -309.0  -15.986   -2.311    529.2    955.5
     1     1    11     6     6    18     0     0  -310.0  -16.113   -2.013    554.2    952.4
     1     1    11     6     6    17     0     1  -311.0  -16.244   -1.714    578.1    949.7
     1     1    11     6     6    16     0     2  -312.0  -16.376   -1.422    598.7    947.7
     1     1    11     6     6    15     0     3  -313.0  -16.513   -1.137    616.4    946.0
     1     1    11     6     6    14     0     2  -314.0  -16.650   -0.853    630.1    945.0
     1     1    11     6     6    13     0     1  -315.0  -16.785   -0.568    638.8    944.5
     1     1    11     6     6    12     0     0  -316.0  -16.920   -0.280    642.8    944.5
     1     1    11     6     6    11     0     1  -317.0  -17.069    0.010    646.8    944.4
     1     1    11     6     6    10     0     2  -318.0  -17.234    0.302    653.3    943.5
     1     1    11     6     6     9     0     3  -319.0  -17.402    0.593    660.0    942.7
     1     1    11     6     6     8     0     2  -320.0  -17.577    0.886    667.6    941.5
     1     1    11     6     6     7     0     1  -321.0  -17.766    1.188    676.5    939.9
     1     1    11     6     6     6     0     0  -322.0  -17.968    1.500    688.7    938.2
     1     1    11     6     6     5     0     1  -323.0  -18.182    1.828    704.7    936.2
     1     1    11     6     6     4     0     2  -324.0  -18.409    2.177    722.2    934.3
     1     1    11     6     6     3     0     3  -325.0  -18.645    2.543    743.2    932.3
     1     1    11     6     6     2     0     2  -326.0  -18.891    2.913    763.4    929.7
     1     1    11     6     6     1     0     1  -327.0  -19.157    3.282    776.9    928.6
     1     1    11     6     6     0     0     0  -328.0  -19.444    3.653    789.1    928.2
     1     1    11     6     5    23     0     1  -329.0  -19.738    4.026    806.3    926.4
     1     1    11     6     5    22     0     2  -330.0  -20.024    4.404    823.5    924.0
     1     1    11     6     5    21     0     3  -331.0  -20.303    4.791    834.1    922.8
     1     1    11     6     5    20     0     2  -332.0  -20.578    5.183    844.4    922.1
     1     1    11     6     5    19     0     1  -333.0  -20.842    5.578    860.0    919.9
     1     1    11     6     5    18     0     0  -334.0  -21.093    5.982    874.6    917.6
     1     1    11     6     5    17     0     1  -335.0  -21.345    6.396    887.1    916.6
     1     1    11     6     5    16     0     2  -336.0  -21.614    6.817    902.2    915.2
