     3     1
    GDAS    11     4     1     0     0
    GDAS    11     4     8     0     0
    GDAS    11     4    15     0     0
     1 BACKWARD OMEGA   
  2011     4    16    17   -8.790  -56.750  1524.0
     1 PRESSURE
     1     1    11     4    16    17     0     1     0.0   -8.790  -56.750   1524.0    825.5
     1     1    11     4    16    16     0     2    -1.0   -8.767  -56.536   1569.1    819.8
     1     1    11     4    16    15     0     3    -2.0   -8.737  -56.285   1619.4    812.7
     1     1    11     4    16    14     0     2    -3.0   -8.702  -56.005   1675.6    804.6
     1     1    11     4    16    13     0     1    -4.0   -8.670  -55.702   1734.0    795.2
     1     1    11     4    16    12     0     0    -5.0   -8.646  -55.374   1785.2    786.8
     1     1    11     4    16    11     0     1    -6.0   -8.634  -55.034   1816.0    779.5
     1     1    11     4    16    10     0     2    -7.0   -8.630  -54.702   1833.6    778.8
     1     1    11     4    16     9     0     3    -8.0   -8.632  -54.381   1850.0    777.7
     1     1    11     4    16     8     0     2    -9.0   -8.639  -54.068   1863.4    776.9
     1     1    11     4    16     7     0     1   -10.0   -8.650  -53.765   1869.3    777.0
     1     1    11     4    16     6     0     0   -11.0   -8.668  -53.479   1869.8    777.4
     1     1    11     4    16     5     0     1   -12.0   -8.690  -53.208   1869.9    778.3
     1     1    11     4    16     4     0     2   -13.0   -8.713  -52.951   1870.1    778.5
     1     1    11     4    16     3     0     3   -14.0   -8.737  -52.708   1862.6    780.3
     1     1    11     4    16     2     0     2   -15.0   -8.767  -52.472   1846.4    783.4
     1     1    11     4    16     1     0     1   -16.0   -8.807  -52.248   1829.2    786.4
     1     1    11     4    16     0     0     0   -17.0   -8.856  -52.053   1816.1    788.9
     1     1    11     4    15    23     0     1   -18.0   -8.907  -51.870   1793.2    788.6
     1     1    11     4    15    22     0     2   -19.0   -8.956  -51.681   1753.3    791.0
     1     1    11     4    15    21     0     3   -20.0   -9.004  -51.496   1718.5    793.2
     1     1    11     4    15    20     0     2   -21.0   -9.053  -51.316   1713.8    794.2
     1     1    11     4    15    19     0     1   -22.0   -9.102  -51.136   1745.6    789.9
     1     1    11     4    15    18     0     0   -23.0   -9.150  -50.956   1797.3    785.1
     1     1    11     4    15    17     0     1   -24.0   -9.191  -50.762   1856.2    783.6
     1     1    11     4    15    16     0     2   -25.0   -9.220  -50.537   1911.8    783.0
     1     1    11     4    15    15     0     3   -26.0   -9.243  -50.278   1961.6    783.4
     1     1    11     4    15    14     0     2   -27.0   -9.266  -49.995   1997.7    784.4
     1     1    11     4    15    13     0     1   -28.0   -9.291  -49.702   2006.0    781.4
     1     1    11     4    15    12     0     0   -29.0   -9.319  -49.402   1995.1    780.2
     1     1    11     4    15    11     0     1   -30.0   -9.342  -49.087   1974.1    779.6
     1     1    11     4    15    10     0     2   -31.0   -9.352  -48.749   1956.1    781.3
     1     1    11     4    15     9     0     3   -32.0   -9.345  -48.386   1954.5    783.2
     1     1    11     4    15     8     0     2   -33.0   -9.332  -48.002   1989.9    782.6
     1     1    11     4    15     7     0     1   -34.0   -9.325  -47.616   2045.9    768.4
     1     1    11     4    15     6     0     0   -35.0   -9.319  -47.233   2109.7    755.0
     1     1    11     4    15     5     0     1   -36.0   -9.316  -46.850   2163.8    745.0
     1     1    11     4    15     4     0     2   -37.0   -9.315  -46.454   2201.9    744.9
     1     1    11     4    15     3     0     3   -38.0   -9.309  -46.039   2246.8    744.6
     1     1    11     4    15     2     0     2   -39.0   -9.310  -45.620   2307.0    736.0
     1     1    11     4    15     1     0     1   -40.0   -9.332  -45.210   2376.6    725.9
     1     1    11     4    15     0     0     0   -41.0   -9.366  -44.804   2446.0    719.7
     1     1    11     4    14    23     0     1   -42.0   -9.408  -44.411   2495.8    718.3
     1     1    11     4    14    22     0     2   -43.0   -9.458  -44.041   2516.9    719.6
     1     1    11     4    14    21     0     3   -44.0   -9.517  -43.677   2522.1    716.6
     1     1    11     4    14    20     0     2   -45.0   -9.582  -43.309   2527.5    712.3
     1     1    11     4    14    19     0     1   -46.0   -9.653  -42.942   2525.7    710.8
     1     1    11     4    14    18     0     0   -47.0   -9.730  -42.584   2510.3    713.1
     1     1    11     4    14    17     0     1   -48.0   -9.814  -42.236   2478.6    717.1
     1     1    11     4    14    16     0     2   -49.0   -9.898  -41.892   2441.7    718.2
     1     1    11     4    14    15     0     3   -50.0   -9.979  -41.548   2414.7    713.4
     1     1    11     4    14    14     0     2   -51.0  -10.052  -41.202   2391.3    705.6
     1     1    11     4    14    13     0     1   -52.0  -10.120  -40.856   2355.6    708.6
     1     1    11     4    14    12     0     0   -53.0  -10.196  -40.514   2313.1    720.8
     1     1    11     4    14    11     0     1   -54.0  -10.293  -40.163   2278.4    734.5
     1     1    11     4    14    10     0     2   -55.0  -10.416  -39.799   2266.1    740.9
     1     1    11     4    14     9     0     3   -56.0  -10.555  -39.434   2272.2    743.6
     1     1    11     4    14     8     0     2   -57.0  -10.698  -39.083   2295.6    744.8
     1     1    11     4    14     7     0     1   -58.0  -10.840  -38.751   2330.6    744.3
     1     1    11     4    14     6     0     0   -59.0  -10.979  -38.429   2369.4    741.5
     1     1    11     4    14     5     0     1   -60.0  -11.114  -38.112   2405.2    740.3
     1     1    11     4    14     4     0     2   -61.0  -11.240  -37.805   2431.3    744.1
     1     1    11     4    14     3     0     3   -62.0  -11.355  -37.512   2431.4    751.5
     1     1    11     4    14     2     0     2   -63.0  -11.464  -37.235   2412.3    760.5
     1     1    11     4    14     1     0     1   -64.0  -11.569  -36.969   2393.2    767.1
     1     1    11     4    14     0     0     0   -65.0  -11.673  -36.709   2377.8    768.7
     1     1    11     4    13    23     0     1   -66.0  -11.776  -36.454   2369.8    768.8
     1     1    11     4    13    22     0     2   -67.0  -11.877  -36.207   2366.8    768.6
     1     1    11     4    13    21     0     3   -68.0  -11.971  -35.968   2367.4    768.0
     1     1    11     4    13    20     0     2   -69.0  -12.061  -35.742   2373.6    767.9
     1     1    11     4    13    19     0     1   -70.0  -12.153  -35.534   2391.0    766.7
     1     1    11     4    13    18     0     0   -71.0  -12.240  -35.342   2425.0    764.0
     1     1    11     4    13    17     0     1   -72.0  -12.320  -35.157   2463.6    759.5
     1     1    11     4    13    16     0     2   -73.0  -12.389  -34.970   2494.0    757.0
     1     1    11     4    13    15     0     3   -74.0  -12.450  -34.775   2513.0    755.2
     1     1    11     4    13    14     0     2   -75.0  -12.505  -34.566   2521.7    755.1
     1     1    11     4    13    13     0     1   -76.0  -12.552  -34.340   2526.7    755.0
     1     1    11     4    13    12     0     0   -77.0  -12.590  -34.095   2531.7    755.0
     1     1    11     4    13    11     0     1   -78.0  -12.620  -33.837   2541.1    753.8
     1     1    11     4    13    10     0     2   -79.0  -12.653  -33.576   2557.6    751.7
     1     1    11     4    13     9     0     3   -80.0  -12.688  -33.311   2582.1    749.0
     1     1    11     4    13     8     0     2   -81.0  -12.723  -33.046   2610.1    745.9
     1     1    11     4    13     7     0     1   -82.0  -12.761  -32.778   2633.1    743.5
     1     1    11     4    13     6     0     0   -83.0  -12.801  -32.503   2644.7    742.1
     1     1    11     4    13     5     0     1   -84.0  -12.841  -32.219   2646.0    742.5
     1     1    11     4    13     4     0     2   -85.0  -12.879  -31.927   2643.9    743.0
     1     1    11     4    13     3     0     3   -86.0  -12.916  -31.628   2642.1    743.4
     1     1    11     4    13     2     0     2   -87.0  -12.959  -31.326   2641.0    743.7
     1     1    11     4    13     1     0     1   -88.0  -13.009  -31.027   2640.1    743.9
     1     1    11     4    13     0     0     0   -89.0  -13.060  -30.734   2638.0    744.1
     1     1    11     4    12    23     0     1   -90.0  -13.112  -30.458   2634.5    744.3
     1     1    11     4    12    22     0     2   -91.0  -13.170  -30.203   2630.4    744.3
     1     1    11     4    12    21     0     3   -92.0  -13.236  -29.968   2627.2    744.6
     1     1    11     4    12    20     0     2   -93.0  -13.302  -29.743   2630.5    744.6
     1     1    11     4    12    19     0     1   -94.0  -13.362  -29.519   2638.9    743.2
     1     1    11     4    12    18     0     0   -95.0  -13.419  -29.298   2640.1    742.5
     1     1    11     4    12    17     0     1   -96.0  -13.475  -29.072   2634.1    743.6
     1     1    11     4    12    16     0     2   -97.0  -13.525  -28.838   2629.3    744.4
     1     1    11     4    12    15     0     3   -98.0  -13.571  -28.599   2634.0    744.5
     1     1    11     4    12    14     0     2   -99.0  -13.613  -28.352   2651.9    743.1
     1     1    11     4    12    13     0     1  -100.0  -13.650  -28.096   2679.3    740.7
     1     1    11     4    12    12     0     0  -101.0  -13.683  -27.834   2707.3    738.1
     1     1    11     4    12    11     0     1  -102.0  -13.711  -27.561   2731.5    735.7
     1     1    11     4    12    10     0     2  -103.0  -13.732  -27.276   2761.2    733.5
     1     1    11     4    12     9     0     3  -104.0  -13.746  -26.984   2811.1    729.3
     1     1    11     4    12     8     0     2  -105.0  -13.760  -26.684   2854.4    722.4
     1     1    11     4    12     7     0     1  -106.0  -13.776  -26.381   2873.1    721.8
     1     1    11     4    12     6     0     0  -107.0  -13.794  -26.082   2894.3    720.9
     1     1    11     4    12     5     0     1  -108.0  -13.814  -25.788   2920.0    718.1
     1     1    11     4    12     4     0     2  -109.0  -13.837  -25.496   2937.6    716.8
     1     1    11     4    12     3     0     3  -110.0  -13.867  -25.208   2945.2    716.5
     1     1    11     4    12     2     0     2  -111.0  -13.906  -24.914   2945.8    716.7
     1     1    11     4    12     1     0     1  -112.0  -13.954  -24.607   2940.8    716.9
     1     1    11     4    12     0     0     0  -113.0  -14.008  -24.286   2926.2    718.1
     1     1    11     4    11    23     0     1  -114.0  -14.061  -23.966   2912.0    720.2
     1     1    11     4    11    22     0     2  -115.0  -14.109  -23.656   2912.9    720.2
     1     1    11     4    11    21     0     3  -116.0  -14.151  -23.355   2929.1    718.5
     1     1    11     4    11    20     0     2  -117.0  -14.194  -23.064   2953.0    715.8
     1     1    11     4    11    19     0     1  -118.0  -14.244  -22.783   2979.2    713.4
     1     1    11     4    11    18     0     0  -119.0  -14.301  -22.507   3007.0    710.7
     1     1    11     4    11    17     0     1  -120.0  -14.362  -22.230   3031.6    708.4
     1     1    11     4    11    16     0     2  -121.0  -14.422  -21.949   3050.6    706.9
     1     1    11     4    11    15     0     3  -122.0  -14.481  -21.666   3064.4    705.8
     1     1    11     4    11    14     0     2  -123.0  -14.544  -21.380   3078.3    705.4
     1     1    11     4    11    13     0     1  -124.0  -14.614  -21.088   3100.9    704.0
     1     1    11     4    11    12     0     0  -125.0  -14.686  -20.786   3137.6    701.5
     1     1    11     4    11    11     0     1  -126.0  -14.767  -20.481   3183.7    696.9
     1     1    11     4    11    10     0     2  -127.0  -14.861  -20.176   3227.6    692.7
     1     1    11     4    11     9     0     3  -128.0  -14.968  -19.868   3258.6    689.4
     1     1    11     4    11     8     0     2  -129.0  -15.081  -19.567   3272.7    688.3
     1     1    11     4    11     7     0     1  -130.0  -15.196  -19.281   3277.6    688.1
     1     1    11     4    11     6     0     0  -131.0  -15.313  -19.006   3280.6    687.8
     1     1    11     4    11     5     0     1  -132.0  -15.427  -18.737   3272.2    687.8
     1     1    11     4    11     4     0     2  -133.0  -15.537  -18.474   3242.2    690.7
     1     1    11     4    11     3     0     3  -134.0  -15.641  -18.216   3193.9    695.1
     1     1    11     4    11     2     0     2  -135.0  -15.744  -17.957   3147.0    700.4
     1     1    11     4    11     1     0     1  -136.0  -15.851  -17.688   3120.1    702.7
     1     1    11     4    11     0     0     0  -137.0  -15.961  -17.408   3112.2    703.2
     1     1    11     4    10    23     0     1  -138.0  -16.079  -17.123   3119.0    702.4
     1     1    11     4    10    22     0     2  -139.0  -16.209  -16.843   3136.9    700.9
     1     1    11     4    10    21     0     3  -140.0  -16.346  -16.568   3164.2    698.7
     1     1    11     4    10    20     0     2  -141.0  -16.486  -16.297   3194.0    695.4
     1     1    11     4    10    19     0     1  -142.0  -16.623  -16.027   3219.5    692.9
     1     1    11     4    10    18     0     0  -143.0  -16.757  -15.757   3240.8    690.9
     1     1    11     4    10    17     0     1  -144.0  -16.896  -15.480   3257.9    689.5
     1     1    11     4    10    16     0     2  -145.0  -17.048  -15.190   3269.4    688.5
     1     1    11     4    10    15     0     3  -146.0  -17.211  -14.888   3275.3    688.2
     1     1    11     4    10    14     0     2  -147.0  -17.388  -14.591   3293.4    688.2
     1     1    11     4    10    13     0     1  -148.0  -17.581  -14.308   3336.6    684.6
     1     1    11     4    10    12     0     0  -149.0  -17.789  -14.034   3400.0    679.4
     1     1    11     4    10    11     0     1  -150.0  -18.009  -13.766   3467.0    672.7
     1     1    11     4    10    10     0     2  -151.0  -18.235  -13.503   3515.3    668.3
     1     1    11     4    10     9     0     3  -152.0  -18.469  -13.238   3536.3    666.4
     1     1    11     4    10     8     0     2  -153.0  -18.714  -12.968   3538.5    666.7
     1     1    11     4    10     7     0     1  -154.0  -18.977  -12.689   3537.8    666.9
     1     1    11     4    10     6     0     0  -155.0  -19.261  -12.404   3546.7    666.4
     1     1    11     4    10     5     0     1  -156.0  -19.560  -12.118   3572.2    664.7
     1     1    11     4    10     4     0     2  -157.0  -19.866  -11.832   3614.6    661.7
     1     1    11     4    10     3     0     3  -158.0  -20.175  -11.550   3673.8    657.3
     1     1    11     4    10     2     0     2  -159.0  -20.488  -11.275   3742.6    651.4
     1     1    11     4    10     1     0     1  -160.0  -20.806  -11.006   3808.9    645.7
     1     1    11     4    10     0     0     0  -161.0  -21.121  -10.744   3865.5    641.2
     1     1    11     4     9    23     0     1  -162.0  -21.436  -10.487   3918.8    637.7
     1     1    11     4     9    22     0     2  -163.0  -21.755  -10.227   3978.5    633.2
     1     1    11     4     9    21     0     3  -164.0  -22.079   -9.950   4045.1    628.0
     1     1    11     4     9    20     0     2  -165.0  -22.410   -9.661   4125.9    621.9
     1     1    11     4     9    19     0     1  -166.0  -22.749   -9.366   4226.8    613.6
     1     1    11     4     9    18     0     0  -167.0  -23.096   -9.056   4345.7    604.2
     1     1    11     4     9    17     0     1  -168.0  -23.447   -8.736   4468.2    594.0
     1     1    11     4     9    16     0     2  -169.0  -23.799   -8.395   4586.5    585.6
     1     1    11     4     9    15     0     3  -170.0  -24.157   -8.022   4710.7    576.7
     1     1    11     4     9    14     0     2  -171.0  -24.530   -7.611   4847.3    566.9
     1     1    11     4     9    13     0     1  -172.0  -24.922   -7.159   4994.1    556.0
     1     1    11     4     9    12     0     0  -173.0  -25.316   -6.679   5141.4    545.4
     1     1    11     4     9    11     0     1  -174.0  -25.700   -6.187   5298.8    535.4
     1     1    11     4     9    10     0     2  -175.0  -26.068   -5.679   5480.9    522.8
     1     1    11     4     9     9     0     3  -176.0  -26.419   -5.148   5689.2    508.9
     1     1    11     4     9     8     0     2  -177.0  -26.748   -4.601   5892.4    493.1
     1     1    11     4     9     7     0     1  -178.0  -27.039   -4.026   6058.4    482.4
     1     1    11     4     9     6     0     0  -179.0  -27.283   -3.429   6190.5    473.7
     1     1    11     4     9     5     0     1  -180.0  -27.460   -2.829   6305.3    467.8
     1     1    11     4     9     4     0     2  -181.0  -27.566   -2.238   6421.6    461.0
     1     1    11     4     9     3     0     3  -182.0  -27.615   -1.675   6545.5    454.0
     1     1    11     4     9     2     0     2  -183.0  -27.607   -1.135   6655.2    445.9
     1     1    11     4     9     1     0     1  -184.0  -27.543   -0.590   6730.1    441.8
     1     1    11     4     9     0     0     0  -185.0  -27.435   -0.013   6783.5    438.9
     1     1    11     4     8    23     0     1  -186.0  -27.269    0.502   6819.5    436.9
     1     1    11     4     8    22     0     2  -187.0  -27.051    0.925   6858.2    436.1
     1     1    11     4     8    21     0     3  -188.0  -26.808    1.310   6918.5    432.0
     1     1    11     4     8    20     0     2  -189.0  -26.529    1.644   6976.5    427.5
     1     1    11     4     8    19     0     1  -190.0  -26.210    1.922   7013.2    424.9
     1     1    11     4     8    18     0     0  -191.0  -25.864    2.149   7026.3    423.9
     1     1    11     4     8    17     0     1  -192.0  -25.470    2.314   7035.2    424.4
     1     1    11     4     8    16     0     2  -193.0  -25.001    2.404   7044.3    423.1
     1     1    11     4     8    15     0     3  -194.0  -24.472    2.420   7031.5    423.3
     1     1    11     4     8    14     0     2  -195.0  -23.899    2.371   7002.9    425.4
     1     1    11     4     8    13     0     1  -196.0  -23.300    2.267   6972.7    427.0
     1     1    11     4     8    12     0     0  -197.0  -22.700    2.111   6923.4    428.9
     1     1    11     4     8    11     0     1  -198.0  -22.136    1.905   6830.7    433.9
     1     1    11     4     8    10     0     2  -199.0  -21.618    1.644   6730.7    442.2
     1     1    11     4     8     9     0     3  -200.0  -21.147    1.341   6652.8    446.4
     1     1    11     4     8     8     0     2  -201.0  -20.732    1.008   6588.3    450.0
     1     1    11     4     8     7     0     1  -202.0  -20.373    0.637   6528.6    453.0
     1     1    11     4     8     6     0     0  -203.0  -20.077    0.239   6457.4    456.5
     1     1    11     4     8     5     0     1  -204.0  -19.880   -0.203   6381.3    462.1
     1     1    11     4     8     4     0     2  -205.0  -19.778   -0.675   6332.7    466.4
     1     1    11     4     8     3     0     3  -206.0  -19.741   -1.121   6326.0    466.8
     1     1    11     4     8     2     0     2  -207.0  -19.772   -1.557   6326.9    465.1
     1     1    11     4     8     1     0     1  -208.0  -19.878   -1.981   6303.1    466.7
     1     1    11     4     8     0     0     0  -209.0  -20.064   -2.378   6256.9    470.2
     1     1    11     4     7    23     0     1  -210.0  -20.320   -2.764   6234.2    474.1
     1     1    11     4     7    22     0     2  -211.0  -20.654   -3.151   6268.3    471.7
     1     1    11     4     7    21     0     3  -212.0  -21.075   -3.515   6327.6    466.8
     1     1    11     4     7    20     0     2  -213.0  -21.578   -3.857   6432.2    462.6
     1     1    11     4     7    19     0     1  -214.0  -22.167   -4.170   6611.0    450.8
     1     1    11     4     7    18     0     0  -215.0  -22.849   -4.447   6737.3    437.5
     1     1    11     4     7    17     0     1  -216.0  -23.612   -4.663   6832.5    438.4
     1     1    11     4     7    16     0     2  -217.0  -24.465   -4.800   7026.8    423.6
     1     1    11     4     7    15     0     3  -218.0  -25.395   -4.831   7163.9    416.3
     1     1    11     4     7    14     0     2  -219.0  -26.391   -4.742   7273.4    410.2
     1     1    11     4     7    13     0     1  -220.0  -27.433   -4.528   7351.1    406.3
     1     1    11     4     7    12     0     0  -221.0  -28.496   -4.177   7471.5    400.1
     1     1    11     4     7    11     0     1  -222.0  -29.551   -3.677   7672.3    388.7
     1     1    11     4     7    10     0     2  -223.0  -30.575   -3.038   7908.7    376.0
     1     1    11     4     7     9     0     3  -224.0  -31.546   -2.293   8153.1    362.5
     1     1    11     4     7     8     0     2  -225.0  -32.443   -1.480   8339.2    353.2
     1     1    11     4     7     7     0     1  -226.0  -33.257   -0.647   8458.9    347.3
     1     1    11     4     7     6     0     0  -227.0  -33.978    0.148   8550.1    343.4
     1     1    11     4     7     5     0     1  -228.0  -34.645    1.024   8689.7    336.2
     1     1    11     4     7     4     0     2  -229.0  -35.271    1.865   8834.4    329.5
     1     1    11     4     7     3     0     3  -230.0  -35.852    2.661   9006.2    321.6
     1     1    11     4     7     2     0     2  -231.0  -36.404    3.412   9212.5    311.7
     1     1    11     4     7     1     0     1  -232.0  -36.942    4.117   9432.2    301.6
     1     1    11     4     7     0     0     0  -233.0  -37.482    4.763   9650.7    291.9
     1     1    11     4     6    23     0     1  -234.0  -38.017    5.339   9867.7    282.4
     1     1    11     4     6    22     0     2  -235.0  -38.551    5.843  10045.2    272.7
     1     1    11     4     6    21     0     3  -236.0  -39.087    6.277  10130.0    268.4
     1     1    11     4     6    20     0     2  -237.0  -39.628    6.653  10177.9    268.7
