     3     1
    GDAS    11     8     8     0     0
    GDAS    11     8    15     0     0
    GDAS    11     8    22     0     0
     1 BACKWARD OMEGA   
  2011     8    23    16   -8.910  -56.760   914.4
     1 PRESSURE
     1     1    11     8    23    16     0     2     0.0   -8.910  -56.760    914.4    891.9
     1     1    11     8    23    15     0     3    -1.0   -9.022  -56.563    960.4    885.6
     1     1    11     8    23    14     0     2    -2.0   -9.130  -56.358    972.6    881.6
     1     1    11     8    23    13     0     1    -3.0   -9.238  -56.154    957.5    881.1
     1     1    11     8    23    12     0     0    -4.0   -9.356  -55.949    924.0    882.5
     1     1    11     8    23    11     0     1    -5.0   -9.479  -55.729    875.7    884.6
     1     1    11     8    23    10     0     2    -6.0   -9.610  -55.486    812.6    889.0
     1     1    11     8    23     9     0     3    -7.0   -9.776  -55.226    740.3    896.0
     1     1    11     8    23     8     0     2    -8.0   -9.958  -54.975    660.7    906.0
     1     1    11     8    23     7     0     1    -9.0  -10.128  -54.749    581.8    913.0
     1     1    11     8    23     6     0     0   -10.0  -10.288  -54.543    516.3    917.6
     1     1    11     8    23     5     0     1   -11.0  -10.443  -54.362    471.4    923.4
     1     1    11     8    23     4     0     2   -12.0  -10.590  -54.216    449.1    926.2
     1     1    11     8    23     3     0     3   -13.0  -10.736  -54.110    437.3    928.7
     1     1    11     8    23     2     0     2   -14.0  -10.876  -54.036    420.9    931.2
     1     1    11     8    23     1     0     1   -15.0  -10.997  -53.982    391.7    935.6
     1     1    11     8    23     0     0     0   -16.0  -11.102  -53.942    356.1    940.3
     1     1    11     8    22    23     0     1   -17.0  -11.200  -53.898    328.1    943.9
     1     1    11     8    22    22     0     2   -18.0  -11.292  -53.842    311.7    945.2
     1     1    11     8    22    21     0     3   -19.0  -11.376  -53.778    302.4    945.7
     1     1    11     8    22    20     0     2   -20.0  -11.451  -53.705    294.9    946.6
     1     1    11     8    22    19     0     1   -21.0  -11.517  -53.620    286.0    948.0
     1     1    11     8    22    18     0     0   -22.0  -11.571  -53.527    276.3    949.4
     1     1    11     8    22    17     0     1   -23.0  -11.626  -53.429    265.7    951.4
     1     1    11     8    22    16     0     2   -24.0  -11.692  -53.328    253.8    953.4
     1     1    11     8    22    15     0     3   -25.0  -11.769  -53.219    241.6    955.3
     1     1    11     8    22    14     0     2   -26.0  -11.864  -53.113    231.7    956.1
     1     1    11     8    22    13     0     1   -27.0  -11.984  -53.016    226.3    956.1
     1     1    11     8    22    12     0     0   -28.0  -12.135  -52.931    226.2    956.0
     1     1    11     8    22    11     0     1   -29.0  -12.315  -52.862    232.8    954.5
     1     1    11     8    22    10     0     2   -30.0  -12.523  -52.815    249.2    952.2
     1     1    11     8    22     9     0     3   -31.0  -12.767  -52.790    281.5    948.3
     1     1    11     8    22     8     0     2   -32.0  -13.036  -52.757    324.4    941.2
     1     1    11     8    22     7     0     1   -33.0  -13.324  -52.694    374.6    932.1
     1     1    11     8    22     6     0     0   -34.0  -13.646  -52.605    444.9    920.7
     1     1    11     8    22     5     0     1   -35.0  -13.973  -52.501    526.3    907.2
     1     1    11     8    22     4     0     2   -36.0  -14.264  -52.395    575.4    900.7
     1     1    11     8    22     3     0     3   -37.0  -14.527  -52.315    579.5    903.9
     1     1    11     8    22     2     0     2   -38.0  -14.776  -52.269    580.0    909.1
     1     1    11     8    22     1     0     1   -39.0  -15.007  -52.240    605.5    908.6
     1     1    11     8    22     0     0     0   -40.0  -15.212  -52.211    649.4    903.7
     1     1    11     8    21    23     0     1   -41.0  -15.387  -52.170    701.7    897.5
     1     1    11     8    21    22     0     2   -42.0  -15.542  -52.122    764.5    891.9
     1     1    11     8    21    21     0     3   -43.0  -15.681  -52.065    853.9    883.8
     1     1    11     8    21    20     0     2   -44.0  -15.807  -51.987    950.7    871.6
     1     1    11     8    21    19     0     1   -45.0  -15.922  -51.893   1019.3    863.1
     1     1    11     8    21    18     0     0   -46.0  -16.022  -51.791   1055.5    857.3
     1     1    11     8    21    17     0     1   -47.0  -16.098  -51.665   1064.3    853.5
     1     1    11     8    21    16     0     2   -48.0  -16.144  -51.494   1057.2    852.2
     1     1    11     8    21    15     0     3   -49.0  -16.164  -51.274   1047.8    851.6
     1     1    11     8    21    14     0     2   -50.0  -16.184  -51.014   1053.1    849.3
     1     1    11     8    21    13     0     1   -51.0  -16.224  -50.740   1082.9    840.4
     1     1    11     8    21    12     0     0   -52.0  -16.276  -50.464   1145.7    829.2
     1     1    11     8    21    11     0     1   -53.0  -16.324  -50.200   1234.2    814.0
     1     1    11     8    21    10     0     2   -54.0  -16.366  -49.956   1329.5    800.1
     1     1    11     8    21     9     0     3   -55.0  -16.404  -49.731   1411.5    787.6
     1     1    11     8    21     8     0     2   -56.0  -16.438  -49.522   1471.2    779.5
     1     1    11     8    21     7     0     1   -57.0  -16.469  -49.321   1517.0    772.7
     1     1    11     8    21     6     0     0   -58.0  -16.500  -49.120   1557.3    766.3
     1     1    11     8    21     5     0     1   -59.0  -16.526  -48.927   1579.1    760.9
     1     1    11     8    21     4     0     2   -60.0  -16.552  -48.753   1559.9    761.8
     1     1    11     8    21     3     0     3   -61.0  -16.588  -48.603   1493.2    767.9
     1     1    11     8    21     2     0     2   -62.0  -16.644  -48.481   1381.7    778.3
     1     1    11     8    21     1     0     1   -63.0  -16.725  -48.392   1231.7    792.9
     1     1    11     8    21     0     0     0   -64.0  -16.840  -48.342   1042.5    811.8
     1     1    11     8    20    23     0     1   -65.0  -16.993  -48.339    864.7    835.5
     1     1    11     8    20    22     0     2   -66.0  -17.149  -48.375    743.7    848.0
     1     1    11     8    20    21     0     3   -67.0  -17.279  -48.441    660.7    855.8
     1     1    11     8    20    20     0     2   -68.0  -17.389  -48.523    593.2    863.4
     1     1    11     8    20    19     0     1   -69.0  -17.481  -48.604    537.6    870.4
     1     1    11     8    20    18     0     0   -70.0  -17.545  -48.679    496.5    876.0
     1     1    11     8    20    17     0     1   -71.0  -17.591  -48.750    462.9    880.1
     1     1    11     8    20    16     0     2   -72.0  -17.633  -48.823    430.4    885.3
     1     1    11     8    20    15     0     3   -73.0  -17.677  -48.899    401.6    890.0
     1     1    11     8    20    14     0     2   -74.0  -17.711  -48.974    374.0    893.4
     1     1    11     8    20    13     0     1   -75.0  -17.723  -49.046    342.6    897.6
     1     1    11     8    20    12     0     0   -76.0  -17.715  -49.110    309.3    902.2
     1     1    11     8    20    11     0     1   -77.0  -17.675  -49.162    287.6    905.1
     1     1    11     8    20    10     0     2   -78.0  -17.584  -49.201    284.5    903.5
     1     1    11     8    20     9     0     3   -79.0  -17.440  -49.235    297.0    899.8
     1     1    11     8    20     8     0     2   -80.0  -17.270  -49.275    312.9    895.4
     1     1    11     8    20     7     0     1   -81.0  -17.099  -49.326    321.5    893.4
     1     1    11     8    20     6     0     0   -82.0  -16.928  -49.384    322.3    892.6
     1     1    11     8    20     5     0     1   -83.0  -16.767  -49.442    314.0    893.2
     1     1    11     8    20     4     0     2   -84.0  -16.621  -49.492    297.5    894.8
     1     1    11     8    20     3     0     3   -85.0  -16.486  -49.535    274.2    897.0
     1     1    11     8    20     2     0     2   -86.0  -16.358  -49.573    244.9    899.1
     1     1    11     8    20     1     0     1   -87.0  -16.238  -49.611    210.5    901.4
     1     1    11     8    20     0     0     0   -88.0  -16.126  -49.649    172.7    904.5
     1     1    11     8    19    23     0     1   -89.0  -16.020  -49.683    135.4    907.6
     1     1    11     8    19    22     0     2   -90.0  -15.918  -49.710    101.6    911.2
     1     1    11     8    19    21     0     3   -91.0  -15.823  -49.732     72.1    915.3
     1     1    11     8    19    20     0     2   -92.0  -15.735  -49.751     47.9    919.6
     1     1    11     8    19    19     0     1   -93.0  -15.650  -49.768     29.6    922.6
     1     1    11     8    19    18     0     0   -94.0  -15.569  -49.784     17.5    925.5
     1     1    11     8    19    17     0     1   -95.0  -15.483  -49.793      7.1    928.3
     1     1    11     8    19    16     0     2   -96.0  -15.389  -49.786      0.0    930.3
     1     1    11     8    19    15     0     3   -97.0  -15.287  -49.765      0.0    932.4
     1     1    11     8    19    14     0     2   -98.0  -15.192  -49.727      0.0    934.1
     1     1    11     8    19    13     0     1   -99.0  -15.118  -49.671      0.0    935.7
     1     1    11     8    19    12     0     0  -100.0  -15.066  -49.600      0.0    937.0
     1     1    11     8    19    11     0     1  -101.0  -15.028  -49.522      0.0    936.7
     1     1    11     8    19    10     0     2  -102.0  -14.996  -49.441      0.0    936.4
     1     1    11     8    19     9     0     3  -103.0  -14.970  -49.356      0.0    935.8
     1     1    11     8    19     8     0     2  -104.0  -14.946  -49.272      0.0    935.8
     1     1    11     8    19     7     0     1  -105.0  -14.923  -49.195      0.0    935.7
     1     1    11     8    19     6     0     0  -106.0  -14.901  -49.125      0.0    935.5
     1     1    11     8    19     5     0     1  -107.0  -14.879  -49.060      0.0    936.6
     1     1    11     8    19     4     0     2  -108.0  -14.856  -48.999      0.0    937.6
     1     1    11     8    19     3     0     3  -109.0  -14.831  -48.942      0.0    937.5
     1     1    11     8    19     2     0     2  -110.0  -14.802  -48.890      0.0    936.0
     1     1    11     8    19     1     0     1  -111.0  -14.768  -48.842      0.0    934.9
     1     1    11     8    19     0     0     0  -112.0  -14.730  -48.801      0.0    934.0
     1     1    11     8    18    23     0     1  -113.0  -14.687  -48.759      0.0    932.5
     1     1    11     8    18    22     0     2  -114.0  -14.639  -48.714      0.0    931.2
     1     1    11     8    18    21     0     3  -115.0  -14.587  -48.664      0.0    930.3
     1     1    11     8    18    20     0     2  -116.0  -14.535  -48.612      0.0    931.6
     1     1    11     8    18    19     0     1  -117.0  -14.484  -48.560      0.0    933.1
     1     1    11     8    18    18     0     0  -118.0  -14.435  -48.507      0.0    934.8
     1     1    11     8    18    17     0     1  -119.0  -14.385  -48.449      0.5    935.9
     1     1    11     8    18    16     0     2  -120.0  -14.333  -48.379      2.5    937.3
     1     1    11     8    18    15     0     3  -121.0  -14.280  -48.296      6.2    939.2
     1     1    11     8    18    14     0     2  -122.0  -14.231  -48.203     13.6    941.8
     1     1    11     8    18    13     0     1  -123.0  -14.192  -48.090     39.1    942.6
     1     1    11     8    18    12     0     0  -124.0  -14.164  -47.938    110.9    937.7
     1     1    11     8    18    11     0     1  -125.0  -14.144  -47.753    192.8    926.1
     1     1    11     8    18    10     0     2  -126.0  -14.133  -47.553    238.5    919.7
     1     1    11     8    18     9     0     3  -127.0  -14.137  -47.353    226.4    919.2
     1     1    11     8    18     8     0     2  -128.0  -14.152  -47.185    174.5    925.9
     1     1    11     8    18     7     0     1  -129.0  -14.170  -47.064    118.7    933.5
     1     1    11     8    18     6     0     0  -130.0  -14.187  -46.976     76.4    938.1
     1     1    11     8    18     5     0     1  -131.0  -14.201  -46.902     47.4    939.2
     1     1    11     8    18     4     0     2  -132.0  -14.209  -46.828     29.3    938.7
     1     1    11     8    18     3     0     3  -133.0  -14.213  -46.753     18.3    938.4
     1     1    11     8    18     2     0     2  -134.0  -14.217  -46.676     12.0    936.8
     1     1    11     8    18     1     0     1  -135.0  -14.223  -46.592      8.1    934.3
     1     1    11     8    18     0     0     0  -136.0  -14.230  -46.499      5.1    931.6
     1     1    11     8    17    23     0     1  -137.0  -14.236  -46.399      2.5    928.8
     1     1    11     8    17    22     0     2  -138.0  -14.242  -46.296      0.1    925.9
     1     1    11     8    17    21     0     3  -139.0  -14.248  -46.191      0.0    923.0
     1     1    11     8    17    20     0     2  -140.0  -14.251  -46.084      0.0    920.0
     1     1    11     8    17    19     0     1  -141.0  -14.251  -45.981      0.0    917.9
     1     1    11     8    17    18     0     0  -142.0  -14.249  -45.889      0.0    919.3
     1     1    11     8    17    17     0     1  -143.0  -14.246  -45.796      0.0    921.5
     1     1    11     8    17    16     0     2  -144.0  -14.240  -45.691      0.0    923.8
     1     1    11     8    17    15     0     3  -145.0  -14.234  -45.575      0.0    926.3
     1     1    11     8    17    14     0     2  -146.0  -14.226  -45.452      0.0    928.7
     1     1    11     8    17    13     0     1  -147.0  -14.218  -45.330      0.0    931.1
     1     1    11     8    17    12     0     0  -148.0  -14.209  -45.212      0.0    933.6
     1     1    11     8    17    11     0     1  -149.0  -14.204  -45.099      0.0    935.6
     1     1    11     8    17    10     0     2  -150.0  -14.203  -44.992      0.0    937.5
     1     1    11     8    17     9     0     3  -151.0  -14.204  -44.887      0.0    939.7
     1     1    11     8    17     8     0     2  -152.0  -14.204  -44.787      0.0    940.9
     1     1    11     8    17     7     0     1  -153.0  -14.200  -44.692      0.0    942.1
     1     1    11     8    17     6     0     0  -154.0  -14.190  -44.603      0.0    943.2
     1     1    11     8    17     5     0     1  -155.0  -14.179  -44.514      0.0    945.9
     1     1    11     8    17     4     0     2  -156.0  -14.171  -44.423      0.0    948.5
     1     1    11     8    17     3     0     3  -157.0  -14.163  -44.331      0.0    950.8
     1     1    11     8    17     2     0     2  -158.0  -14.155  -44.235      0.0    952.4
     1     1    11     8    17     1     0     1  -159.0  -14.145  -44.133      0.0    954.4
     1     1    11     8    17     0     0     0  -160.0  -14.135  -44.022      0.0    956.8
     1     1    11     8    16    23     0     1  -161.0  -14.128  -43.909      0.0    956.4
     1     1    11     8    16    22     0     2  -162.0  -14.125  -43.800      0.0    955.4
     1     1    11     8    16    21     0     3  -163.0  -14.125  -43.694      0.0    954.5
     1     1    11     8    16    20     0     2  -164.0  -14.123  -43.588      0.0    954.5
     1     1    11     8    16    19     0     1  -165.0  -14.114  -43.475      0.2    954.6
     1     1    11     8    16    18     0     0  -166.0  -14.097  -43.355      4.3    954.8
     1     1    11     8    16    17     0     1  -167.0  -14.084  -43.222     11.9    955.1
     1     1    11     8    16    16     0     2  -168.0  -14.086  -43.065     33.0    953.8
     1     1    11     8    16    15     0     3  -169.0  -14.104  -42.874     86.7    949.5
     1     1    11     8    16    14     0     2  -170.0  -14.138  -42.663    146.3    940.9
     1     1    11     8    16    13     0     1  -171.0  -14.188  -42.456    177.1    935.2
     1     1    11     8    16    12     0     0  -172.0  -14.255  -42.257    173.8    934.1
     1     1    11     8    16    11     0     1  -173.0  -14.330  -42.063    146.8    935.0
     1     1    11     8    16    10     0     2  -174.0  -14.400  -41.878    113.5    938.4
     1     1    11     8    16     9     0     3  -175.0  -14.463  -41.711     90.7    940.0
     1     1    11     8    16     8     0     2  -176.0  -14.516  -41.561     77.6    940.1
     1     1    11     8    16     7     0     1  -177.0  -14.558  -41.423     69.2    939.9
     1     1    11     8    16     6     0     0  -178.0  -14.589  -41.292     62.5    939.9
     1     1    11     8    16     5     0     1  -179.0  -14.612  -41.163     56.8    940.6
     1     1    11     8    16     4     0     2  -180.0  -14.630  -41.033     52.4    941.1
     1     1    11     8    16     3     0     3  -181.0  -14.646  -40.904     49.5    944.3
     1     1    11     8    16     2     0     2  -182.0  -14.665  -40.779     45.9    947.6
     1     1    11     8    16     1     0     1  -183.0  -14.686  -40.659     39.6    951.4
     1     1    11     8    16     0     0     0  -184.0  -14.709  -40.545     31.5    955.5
     1     1    11     8    15    23     0     1  -185.0  -14.737  -40.439     22.7    959.9
     1     1    11     8    15    22     0     2  -186.0  -14.770  -40.340     14.7    964.5
     1     1    11     8    15    21     0     3  -187.0  -14.808  -40.245      7.8    968.9
     1     1    11     8    15    20     0     2  -188.0  -14.846  -40.146      0.7    972.5
     1     1    11     8    15    19     0     1  -189.0  -14.884  -40.038      0.0    976.7
     1     1    11     8    15    18     0     0  -190.0  -14.923  -39.919      0.0    980.8
     1     1    11     8    15    17     0     1  -191.0  -14.968  -39.799      0.0    986.3
     1     1    11     8    15    16     0     2  -192.0  -15.016  -39.691      0.0    991.3
     1     1    11     8    15    15     0     3  -193.0  -15.068  -39.591      0.0    995.6
     1     1    11     8    15    14     0     2  -194.0  -15.118  -39.495      0.0    999.2
     1     1    11     8    15    13     0     1  -195.0  -15.163  -39.402      0.0   1002.7
     1     1    11     8    15    12     0     0  -196.0  -15.205  -39.311      0.0   1006.2
     1     1    11     8    15    11     0     1  -197.0  -15.245  -39.231      0.0   1008.0
     1     1    11     8    15    10     0     2  -198.0  -15.284  -39.172      0.0   1009.1
     1     1    11     8    15     9     0     3  -199.0  -15.322  -39.132      0.0   1009.5
     1     1    11     8    15     8     0     2  -200.0  -15.353  -39.098      0.0   1010.9
     1     1    11     8    15     7     0     1  -201.0  -15.373  -39.058      0.0   1012.5
     1     1    11     8    15     6     0     0  -202.0  -15.382  -39.010      0.0   1014.4
     1     1    11     8    15     5     0     1  -203.0  -15.386  -38.957      0.0   1014.9
     1     1    11     8    15     4     0     2  -204.0  -15.389  -38.900      0.0   1015.1
     1     1    11     8    15     3     0     3  -205.0  -15.391  -38.839      0.0   1015.3
     1     1    11     8    15     2     0     2  -206.0  -15.394  -38.767      0.0   1014.5
     1     1    11     8    15     1     0     1  -207.0  -15.398  -38.683      0.0   1013.9
     1     1    11     8    15     0     0     0  -208.0  -15.405  -38.586      0.0   1013.5
     1     1    11     8    14    23     0     1  -209.0  -15.418  -38.476      0.0   1013.8
     1     1    11     8    14    22     0     2  -210.0  -15.444  -38.355      0.0   1014.0
     1     1    11     8    14    21     0     3  -211.0  -15.482  -38.228      0.0   1014.2
     1     1    11     8    14    20     0     2  -212.0  -15.532  -38.105      0.0   1014.4
     1     1    11     8    14    19     0     1  -213.0  -15.588  -38.004      0.1   1014.3
     1     1    11     8    14    18     0     0  -214.0  -15.644  -37.929      0.2   1013.8
     1     1    11     8    14    17     0     1  -215.0  -15.695  -37.883      0.2   1014.4
     1     1    11     8    14    16     0     2  -216.0  -15.737  -37.869      0.2   1015.0
     1     1    11     8    14    15     0     3  -217.0  -15.771  -37.885      0.2   1015.6
     1     1    11     8    14    14     0     2  -218.0  -15.802  -37.906      0.1   1016.0
     1     1    11     8    14    13     0     1  -219.0  -15.834  -37.902      0.0   1016.4
     1     1    11     8    14    12     0     0  -220.0  -15.865  -37.873      0.0   1016.8
     1     1    11     8    14    11     0     1  -221.0  -15.899  -37.829      0.0   1016.2
     1     1    11     8    14    10     0     2  -222.0  -15.936  -37.782      0.0   1015.6
     1     1    11     8    14     9     0     3  -223.0  -15.978  -37.730      0.0   1015.0
     1     1    11     8    14     8     0     2  -224.0  -16.014  -37.674      0.1   1015.2
     1     1    11     8    14     7     0     1  -225.0  -16.038  -37.613      0.2   1015.3
     1     1    11     8    14     6     0     0  -226.0  -16.051  -37.547      0.5   1015.5
     1     1    11     8    14     5     0     1  -227.0  -16.061  -37.471      0.9   1016.1
     1     1    11     8    14     4     0     2  -228.0  -16.080  -37.377      1.3   1016.7
     1     1    11     8    14     3     0     3  -229.0  -16.106  -37.266      1.6   1017.3
     1     1    11     8    14     2     0     2  -230.0  -16.144  -37.145      1.9   1017.6
     1     1    11     8    14     1     0     1  -231.0  -16.196  -37.024      2.2   1017.9
     1     1    11     8    14     0     0     0  -232.0  -16.261  -36.903      2.7   1018.1
     1     1    11     8    13    23     0     1  -233.0  -16.335  -36.782      3.1   1017.0
     1     1    11     8    13    22     0     2  -234.0  -16.414  -36.663      3.5   1015.9
     1     1    11     8    13    21     0     3  -235.0  -16.499  -36.545      3.9   1014.8
     1     1    11     8    13    20     0     2  -236.0  -16.584  -36.428      4.2   1014.9
     1     1    11     8    13    19     0     1  -237.0  -16.667  -36.313      4.4   1015.0
     1     1    11     8    13    18     0     0  -238.0  -16.747  -36.199      4.5   1015.2
     1     1    11     8    13    17     0     1  -239.0  -16.823  -36.089      4.5   1015.3
     1     1    11     8    13    16     0     2  -240.0  -16.893  -35.984      4.3   1015.5
     1     1    11     8    13    15     0     3  -241.0  -16.957  -35.885      3.9   1015.6
     1     1    11     8    13    14     0     2  -242.0  -17.021  -35.777      3.5   1016.9
     1     1    11     8    13    13     0     1  -243.0  -17.089  -35.648      3.3   1018.3
     1     1    11     8    13    12     0     0  -244.0  -17.162  -35.497      3.2   1019.6
     1     1    11     8    13    11     0     1  -245.0  -17.242  -35.335      3.3   1019.3
     1     1    11     8    13    10     0     2  -246.0  -17.333  -35.177      3.5   1019.0
     1     1    11     8    13     9     0     3  -247.0  -17.433  -35.021      3.8   1018.7
     1     1    11     8    13     8     0     2  -248.0  -17.537  -34.871      4.3   1018.3
     1     1    11     8    13     7     0     1  -249.0  -17.639  -34.732      4.5   1018.0
     1     1    11     8    13     6     0     0  -250.0  -17.738  -34.605      4.6   1017.6
     1     1    11     8    13     5     0     1  -251.0  -17.836  -34.481      4.6   1017.5
     1     1    11     8    13     4     0     2  -252.0  -17.932  -34.351      4.5   1017.4
     1     1    11     8    13     3     0     3  -253.0  -18.025  -34.215      4.4   1017.2
     1     1    11     8    13     2     0     2  -254.0  -18.118  -34.077      4.2   1018.0
     1     1    11     8    13     1     0     1  -255.0  -18.215  -33.938      4.3   1018.8
     1     1    11     8    13     0     0     0  -256.0  -18.317  -33.800      4.6   1019.7
     1     1    11     8    12    23     0     1  -257.0  -18.431  -33.660      4.9   1019.4
     1     1    11     8    12    22     0     2  -258.0  -18.557  -33.519      5.1   1019.1
     1     1    11     8    12    21     0     3  -259.0  -18.693  -33.375      5.2   1018.8
     1     1    11     8    12    20     0     2  -260.0  -18.835  -33.236      5.2   1018.0
     1     1    11     8    12    19     0     1  -261.0  -18.979  -33.107      5.2   1017.2
     1     1    11     8    12    18     0     0  -262.0  -19.126  -32.988      5.2   1016.4
     1     1    11     8    12    17     0     1  -263.0  -19.276  -32.872      5.2   1017.2
     1     1    11     8    12    16     0     2  -264.0  -19.431  -32.752      5.4   1018.1
     1     1    11     8    12    15     0     3  -265.0  -19.590  -32.629      5.7   1018.9
     1     1    11     8    12    14     0     2  -266.0  -19.755  -32.510      6.0   1019.4
     1     1    11     8    12    13     0     1  -267.0  -19.931  -32.400      6.5   1019.9
     1     1    11     8    12    12     0     0  -268.0  -20.118  -32.299      7.4   1020.4
     1     1    11     8    12    11     0     1  -269.0  -20.311  -32.203      8.3   1019.7
     1     1    11     8    12    10     0     2  -270.0  -20.503  -32.112      9.0   1018.9
     1     1    11     8    12     9     0     3  -271.0  -20.688  -32.026      9.8   1018.2
     1     1    11     8    12     8     0     2  -272.0  -20.867  -31.946     10.5   1017.4
     1     1    11     8    12     7     0     1  -273.0  -21.042  -31.873     11.0   1016.5
     1     1    11     8    12     6     0     0  -274.0  -21.217  -31.808     11.3   1015.7
     1     1    11     8    12     5     0     1  -275.0  -21.397  -31.745     11.4   1016.8
     1     1    11     8    12     4     0     2  -276.0  -21.578  -31.681     11.5   1017.9
     1     1    11     8    12     3     0     3  -277.0  -21.761  -31.618     11.5   1019.0
     1     1    11     8    12     2     0     2  -278.0  -21.955  -31.557     11.6   1018.7
     1     1    11     8    12     1     0     1  -279.0  -22.171  -31.497     11.8   1018.3
     1     1    11     8    12     0     0     0  -280.0  -22.408  -31.440     12.1   1018.0
     1     1    11     8    11    23     0     1  -281.0  -22.663  -31.392     12.4   1017.7
     1     1    11     8    11    22     0     2  -282.0  -22.929  -31.355     12.5   1017.4
     1     1    11     8    11    21     0     3  -283.0  -23.204  -31.326     12.6   1017.2
     1     1    11     8    11    20     0     2  -284.0  -23.497  -31.304     12.8   1016.9
     1     1    11     8    11    19     0     1  -285.0  -23.816  -31.291     13.1   1016.6
     1     1    11     8    11    18     0     0  -286.0  -24.159  -31.290     13.5   1016.3
     1     1    11     8    11    17     0     1  -287.0  -24.516  -31.290     13.8   1016.5
     1     1    11     8    11    16     0     2  -288.0  -24.873  -31.279     13.7   1016.8
     1     1    11     8    11    15     0     3  -289.0  -25.229  -31.250     13.4   1017.1
     1     1    11     8    11    14     0     2  -290.0  -25.588  -31.195     13.2   1017.5
     1     1    11     8    11    13     0     1  -291.0  -25.961  -31.114     13.6   1017.7
     1     1    11     8    11    12     0     0  -292.0  -26.347  -31.004     14.3   1017.8
     1     1    11     8    11    11     0     1  -293.0  -26.741  -30.846     15.1   1016.3
     1     1    11     8    11    10     0     2  -294.0  -27.138  -30.622     15.5   1015.4
     1     1    11     8    11     9     0     3  -295.0  -27.526  -30.340     15.6   1015.0
     1     1    11     8    11     8     0     2  -296.0  -27.904  -30.017     15.3   1015.4
     1     1    11     8    11     7     0     1  -297.0  -28.272  -29.664     15.0   1015.6
     1     1    11     8    11     6     0     0  -298.0  -28.621  -29.277     15.4   1016.9
     1     1    11     8    11     5     0     1  -299.0  -28.939  -28.857     16.7   1017.4
     1     1    11     8    11     4     0     2  -300.0  -29.214  -28.415     17.9   1017.2
     1     1    11     8    11     3     0     3  -301.0  -29.450  -27.958     18.6   1018.5
     1     1    11     8    11     2     0     2  -302.0  -29.659  -27.498     19.4   1019.1
     1     1    11     8    11     1     0     1  -303.0  -29.850  -27.049     21.0   1019.0
     1     1    11     8    11     0     0     0  -304.0  -30.025  -26.621     23.5   1018.4
     1     1    11     8    10    23     0     1  -305.0  -30.190  -26.227     26.9   1018.8
     1     1    11     8    10    22     0     2  -306.0  -30.345  -25.872     30.7   1018.8
     1     1    11     8    10    21     0     3  -307.0  -30.490  -25.558     34.6   1018.5
     1     1    11     8    10    20     0     2  -308.0  -30.619  -25.276     37.8   1018.3
     1     1    11     8    10    19     0     1  -309.0  -30.730  -25.017     39.6   1018.4
     1     1    11     8    10    18     0     0  -310.0  -30.828  -24.783     39.5   1019.0
     1     1    11     8    10    17     0     1  -311.0  -30.924  -24.578     38.2   1018.7
     1     1    11     8    10    16     0     2  -312.0  -31.029  -24.400     37.1   1018.2
     1     1    11     8    10    15     0     3  -313.0  -31.143  -24.253     36.6   1017.3
     1     1    11     8    10    14     0     2  -314.0  -31.264  -24.138     37.0   1017.8
     1     1    11     8    10    13     0     1  -315.0  -31.394  -24.055     38.2   1018.2
     1     1    11     8    10    12     0     0  -316.0  -31.530  -24.001     40.4   1018.5
     1     1    11     8    10    11     0     1  -317.0  -31.663  -23.972     43.6   1018.1
     1     1    11     8    10    10     0     2  -318.0  -31.784  -23.960     47.5   1017.8
     1     1    11     8    10     9     0     3  -319.0  -31.894  -23.962     52.4   1017.3
     1     1    11     8    10     8     0     2  -320.0  -32.000  -23.974     57.6   1016.1
     1     1    11     8    10     7     0     1  -321.0  -32.108  -23.996     61.9   1014.9
     1     1    11     8    10     6     0     0  -322.0  -32.215  -24.029     64.9   1014.0
     1     1    11     8    10     5     0     1  -323.0  -32.330  -24.072     67.1   1014.6
     1     1    11     8    10     4     0     2  -324.0  -32.459  -24.128     69.2   1015.1
     1     1    11     8    10     3     0     3  -325.0  -32.603  -24.198     70.7   1015.6
     1     1    11     8    10     2     0     2  -326.0  -32.765  -24.279     71.6   1015.7
     1     1    11     8    10     1     0     1  -327.0  -32.947  -24.367     71.9   1015.9
     1     1    11     8    10     0     0     0  -328.0  -33.148  -24.468     72.1   1015.9
     1     1    11     8     9    23     0     1  -329.0  -33.356  -24.585     73.4   1015.5
     1     1    11     8     9    22     0     2  -330.0  -33.564  -24.716     76.5   1015.3
     1     1    11     8     9    21     0     3  -331.0  -33.775  -24.857     82.8   1014.9
     1     1    11     8     9    20     0     2  -332.0  -33.984  -25.004     93.1   1013.0
     1     1    11     8     9    19     0     1  -333.0  -34.184  -25.154    105.9   1010.3
     1     1    11     8     9    18     0     0  -334.0  -34.374  -25.304    118.5   1008.0
     1     1    11     8     9    17     0     1  -335.0  -34.567  -25.447    128.3   1006.5
     1     1    11     8     9    16     0     2  -336.0  -34.777  -25.571    133.9   1005.6
