     3     1
    GDAS    11     8     8     0     0
    GDAS    11     8    15     0     0
    GDAS    11     8    22     0     0
     1 BACKWARD OMEGA   
  2011     8    23    16   -8.880  -56.740   457.2
     1 PRESSURE
     1     1    11     8    23    16     0     2     0.0   -8.880  -56.740    457.2    938.9
     1     1    11     8    23    15     0     3    -1.0   -8.997  -56.605    487.4    936.8
     1     1    11     8    23    14     0     2    -2.0   -9.132  -56.475    504.6    932.3
     1     1    11     8    23    13     0     1    -3.0   -9.295  -56.344    508.6    929.7
     1     1    11     8    23    12     0     0    -4.0   -9.500  -56.207    507.5    928.0
     1     1    11     8    23    11     0     1    -5.0   -9.741  -56.053    514.9    925.6
     1     1    11     8    23    10     0     2    -6.0   -9.993  -55.867    539.0    921.3
     1     1    11     8    23     9     0     3    -7.0  -10.241  -55.653    556.2    915.9
     1     1    11     8    23     8     0     2    -8.0  -10.478  -55.443    542.0    915.4
     1     1    11     8    23     7     0     1    -9.0  -10.706  -55.259    494.9    919.0
     1     1    11     8    23     6     0     0   -10.0  -10.940  -55.107    418.5    925.6
     1     1    11     8    23     5     0     1   -11.0  -11.161  -54.991    351.3    934.3
     1     1    11     8    23     4     0     2   -12.0  -11.345  -54.895    313.6    936.9
     1     1    11     8    23     3     0     3   -13.0  -11.501  -54.814    286.7    938.8
     1     1    11     8    23     2     0     2   -14.0  -11.637  -54.740    264.2    941.8
     1     1    11     8    23     1     0     1   -15.0  -11.758  -54.664    248.3    943.4
     1     1    11     8    23     0     0     0   -16.0  -11.863  -54.585    236.9    945.1
     1     1    11     8    22    23     0     1   -17.0  -11.957  -54.507    227.0    946.4
     1     1    11     8    22    22     0     2   -18.0  -12.043  -54.434    217.1    948.4
     1     1    11     8    22    21     0     3   -19.0  -12.118  -54.365    208.6    950.3
     1     1    11     8    22    20     0     2   -20.0  -12.183  -54.295    200.6    952.7
     1     1    11     8    22    19     0     1   -21.0  -12.238  -54.217    191.7    955.3
     1     1    11     8    22    18     0     0   -22.0  -12.282  -54.131    181.9    958.1
     1     1    11     8    22    17     0     1   -23.0  -12.329  -54.045    170.9    961.6
     1     1    11     8    22    16     0     2   -24.0  -12.391  -53.967    159.1    964.4
     1     1    11     8    22    15     0     3   -25.0  -12.467  -53.892    147.5    966.4
     1     1    11     8    22    14     0     2   -26.0  -12.557  -53.825    139.6    967.5
     1     1    11     8    22    13     0     1   -27.0  -12.663  -53.770    137.6    967.5
     1     1    11     8    22    12     0     0   -28.0  -12.789  -53.727    141.3    967.1
     1     1    11     8    22    11     0     1   -29.0  -12.935  -53.696    151.0    965.0
     1     1    11     8    22    10     0     2   -30.0  -13.107  -53.679    171.9    959.8
     1     1    11     8    22     9     0     3   -31.0  -13.327  -53.668    218.0    949.5
     1     1    11     8    22     8     0     2   -32.0  -13.614  -53.637    299.2    933.8
     1     1    11     8    22     7     0     1   -33.0  -13.941  -53.560    419.6    914.5
     1     1    11     8    22     6     0     0   -34.0  -14.254  -53.442    526.9    894.7
     1     1    11     8    22     5     0     1   -35.0  -14.530  -53.325    575.8    890.2
     1     1    11     8    22     4     0     2   -36.0  -14.784  -53.233    579.2    890.8
     1     1    11     8    22     3     0     3   -37.0  -15.036  -53.194    554.7    893.9
     1     1    11     8    22     2     0     2   -38.0  -15.286  -53.183    519.3    900.7
     1     1    11     8    22     1     0     1   -39.0  -15.521  -53.184    478.4    906.6
     1     1    11     8    22     0     0     0   -40.0  -15.740  -53.225    423.7    913.8
     1     1    11     8    21    23     0     1   -41.0  -15.936  -53.303    359.4    922.0
     1     1    11     8    21    22     0     2   -42.0  -16.106  -53.386    297.7    927.0
     1     1    11     8    21    21     0     3   -43.0  -16.257  -53.459    240.8    930.4
     1     1    11     8    21    20     0     2   -44.0  -16.398  -53.517    189.2    934.3
     1     1    11     8    21    19     0     1   -45.0  -16.533  -53.554    146.6    938.0
     1     1    11     8    21    18     0     0   -46.0  -16.658  -53.571    114.3    940.0
     1     1    11     8    21    17     0     1   -47.0  -16.775  -53.573     92.8    941.8
     1     1    11     8    21    16     0     2   -48.0  -16.888  -53.564     82.0    942.6
     1     1    11     8    21    15     0     3   -49.0  -16.998  -53.544     80.7    942.3
     1     1    11     8    21    14     0     2   -50.0  -17.115  -53.510     86.2    941.8
     1     1    11     8    21    13     0     1   -51.0  -17.247  -53.455     96.2    940.4
     1     1    11     8    21    12     0     0   -52.0  -17.392  -53.374    110.6    937.4
     1     1    11     8    21    11     0     1   -53.0  -17.550  -53.281    126.2    932.0
     1     1    11     8    21    10     0     2   -54.0  -17.723  -53.191    138.9    925.5
     1     1    11     8    21     9     0     3   -55.0  -17.907  -53.103    147.6    917.5
     1     1    11     8    21     8     0     2   -56.0  -18.095  -53.018    154.2    912.8
     1     1    11     8    21     7     0     1   -57.0  -18.289  -52.946    160.2    915.2
     1     1    11     8    21     6     0     0   -58.0  -18.497  -52.894    162.9    918.8
     1     1    11     8    21     5     0     1   -59.0  -18.713  -52.859    161.7    923.4
     1     1    11     8    21     4     0     2   -60.0  -18.931  -52.837    158.9    928.2
     1     1    11     8    21     3     0     3   -61.0  -19.144  -52.828    156.3    934.5
     1     1    11     8    21     2     0     2   -62.0  -19.352  -52.841    151.2    941.0
     1     1    11     8    21     1     0     1   -63.0  -19.558  -52.881    142.2    948.5
     1     1    11     8    21     0     0     0   -64.0  -19.759  -52.944    131.9    956.2
     1     1    11     8    20    23     0     1   -65.0  -19.951  -53.029    118.3    962.4
     1     1    11     8    20    22     0     2   -66.0  -20.130  -53.129     98.3    963.2
     1     1    11     8    20    21     0     3   -67.0  -20.298  -53.240     75.8    963.8
     1     1    11     8    20    20     0     2   -68.0  -20.451  -53.348     56.1    965.6
     1     1    11     8    20    19     0     1   -69.0  -20.590  -53.444     42.2    966.0
     1     1    11     8    20    18     0     0   -70.0  -20.720  -53.532     33.3    966.3
     1     1    11     8    20    17     0     1   -71.0  -20.848  -53.613     28.4    967.3
     1     1    11     8    20    16     0     2   -72.0  -20.981  -53.692     27.3    968.5
     1     1    11     8    20    15     0     3   -73.0  -21.117  -53.770     28.2    970.0
     1     1    11     8    20    14     0     2   -74.0  -21.266  -53.844     28.8    971.2
     1     1    11     8    20    13     0     1   -75.0  -21.437  -53.914     28.8    973.4
     1     1    11     8    20    12     0     0   -76.0  -21.628  -53.979     30.2    976.5
     1     1    11     8    20    11     0     1   -77.0  -21.826  -54.038     35.0    978.1
     1     1    11     8    20    10     0     2   -78.0  -22.025  -54.088     44.5    978.7
     1     1    11     8    20     9     0     3   -79.0  -22.230  -54.136     57.5    976.2
     1     1    11     8    20     8     0     2   -80.0  -22.446  -54.197     69.7    973.7
     1     1    11     8    20     7     0     1   -81.0  -22.676  -54.281     79.1    971.7
     1     1    11     8    20     6     0     0   -82.0  -22.922  -54.387     86.3    969.5
     1     1    11     8    20     5     0     1   -83.0  -23.181  -54.506     92.4    968.0
     1     1    11     8    20     4     0     2   -84.0  -23.446  -54.633     97.5    967.2
     1     1    11     8    20     3     0     3   -85.0  -23.706  -54.768     98.3    966.9
     1     1    11     8    20     2     0     2   -86.0  -23.949  -54.899     91.8    967.7
     1     1    11     8    20     1     0     1   -87.0  -24.166  -55.016     82.5    969.5
     1     1    11     8    20     0     0     0   -88.0  -24.366  -55.114     76.6    971.6
     1     1    11     8    19    23     0     1   -89.0  -24.570  -55.216     73.9    971.3
     1     1    11     8    19    22     0     2   -90.0  -24.791  -55.338     72.3    970.7
     1     1    11     8    19    21     0     3   -91.0  -25.029  -55.481     71.0    969.5
     1     1    11     8    19    20     0     2   -92.0  -25.267  -55.630     68.8    970.8
     1     1    11     8    19    19     0     1   -93.0  -25.486  -55.763     61.5    973.1
     1     1    11     8    19    18     0     0   -94.0  -25.683  -55.872     47.8    976.8
     1     1    11     8    19    17     0     1   -95.0  -25.861  -55.972     26.0    980.5
     1     1    11     8    19    16     0     2   -96.0  -26.021  -56.082      9.1    985.0
     1     1    11     8    19    15     0     3   -97.0  -26.178  -56.207      0.0    986.2
     1     1    11     8    19    14     0     2   -98.0  -26.324  -56.329      0.0    988.0
     1     1    11     8    19    13     0     1   -99.0  -26.444  -56.435      0.0    989.5
     1     1    11     8    19    12     0     0  -100.0  -26.543  -56.532      0.0    990.7
     1     1    11     8    19    11     0     1  -101.0  -26.629  -56.620      0.0    991.2
     1     1    11     8    19    10     0     2  -102.0  -26.708  -56.699      0.0    991.5
     1     1    11     8    19     9     0     3  -103.0  -26.783  -56.770      0.0    991.7
     1     1    11     8    19     8     0     2  -104.0  -26.853  -56.835      0.0    992.5
     1     1    11     8    19     7     0     1  -105.0  -26.909  -56.890      0.0    993.1
     1     1    11     8    19     6     0     0  -106.0  -26.943  -56.931      0.0    993.5
     1     1    11     8    19     5     0     1  -107.0  -26.953  -56.950      0.0    993.7
     1     1    11     8    19     4     0     2  -108.0  -26.935  -56.938      0.0    993.4
     1     1    11     8    19     3     0     3  -109.0  -26.887  -56.892      0.7    992.9
     1     1    11     8    19     2     0     2  -110.0  -26.816  -56.820      2.7    991.6
     1     1    11     8    19     1     0     1  -111.0  -26.728  -56.729      6.4    989.9
     1     1    11     8    19     0     0     0  -112.0  -26.623  -56.618     12.5    987.7
     1     1    11     8    18    23     0     1  -113.0  -26.504  -56.493     26.6    984.3
     1     1    11     8    18    22     0     2  -114.0  -26.363  -56.355     57.0    979.6
     1     1    11     8    18    21     0     3  -115.0  -26.183  -56.192    107.6    971.7
     1     1    11     8    18    20     0     2  -116.0  -25.956  -55.988    191.3    962.3
     1     1    11     8    18    19     0     1  -117.0  -25.674  -55.749    288.8    944.9
     1     1    11     8    18    18     0     0  -118.0  -25.373  -55.515    349.4    935.0
     1     1    11     8    18    17     0     1  -119.0  -25.063  -55.295    375.6    931.4
     1     1    11     8    18    16     0     2  -120.0  -24.728  -55.085    390.9    931.3
     1     1    11     8    18    15     0     3  -121.0  -24.377  -54.868    416.7    928.6
     1     1    11     8    18    14     0     2  -122.0  -24.036  -54.624    456.2    925.5
     1     1    11     8    18    13     0     1  -123.0  -23.707  -54.352    486.2    921.7
     1     1    11     8    18    12     0     0  -124.0  -23.400  -54.042    469.6    923.2
     1     1    11     8    18    11     0     1  -125.0  -23.175  -53.698    445.0    930.0
     1     1    11     8    18    10     0     2  -126.0  -23.022  -53.339    442.9    925.3
     1     1    11     8    18     9     0     3  -127.0  -22.929  -52.964    401.1    924.9
     1     1    11     8    18     8     0     2  -128.0  -22.886  -52.587    358.8    934.0
     1     1    11     8    18     7     0     1  -129.0  -22.868  -52.193    359.2    931.1
     1     1    11     8    18     6     0     0  -130.0  -22.881  -51.803    379.0    925.7
     1     1    11     8    18     5     0     1  -131.0  -22.922  -51.442    390.1    922.5
     1     1    11     8    18     4     0     2  -132.0  -22.994  -51.123    385.4    923.1
     1     1    11     8    18     3     0     3  -133.0  -23.104  -50.867    382.4    920.5
     1     1    11     8    18     2     0     2  -134.0  -23.230  -50.701    385.8    914.3
     1     1    11     8    18     1     0     1  -135.0  -23.362  -50.626    385.5    909.6
     1     1    11     8    18     0     0     0  -136.0  -23.505  -50.637    377.8    906.2
     1     1    11     8    17    23     0     1  -137.0  -23.657  -50.680    361.0    903.0
     1     1    11     8    17    22     0     2  -138.0  -23.804  -50.702    331.4    901.2
     1     1    11     8    17    21     0     3  -139.0  -23.946  -50.689    288.0    901.3
     1     1    11     8    17    20     0     2  -140.0  -24.065  -50.678    237.1    905.4
     1     1    11     8    17    19     0     1  -141.0  -24.151  -50.702    182.7    910.5
     1     1    11     8    17    18     0     0  -142.0  -24.209  -50.752    128.0    916.3
     1     1    11     8    17    17     0     1  -143.0  -24.233  -50.807     78.4    921.9
     1     1    11     8    17    16     0     2  -144.0  -24.214  -50.850     42.0    927.2
     1     1    11     8    17    15     0     3  -145.0  -24.156  -50.878     21.9    931.6
     1     1    11     8    17    14     0     2  -146.0  -24.079  -50.895      9.5    932.3
     1     1    11     8    17    13     0     1  -147.0  -24.010  -50.905      3.4    932.9
     1     1    11     8    17    12     0     0  -148.0  -23.949  -50.910      0.0    934.8
     1     1    11     8    17    11     0     1  -149.0  -23.892  -50.907      0.0    935.6
     1     1    11     8    17    10     0     2  -150.0  -23.835  -50.889      0.0    936.5
     1     1    11     8    17     9     0     3  -151.0  -23.776  -50.858      0.0    937.4
     1     1    11     8    17     8     0     2  -152.0  -23.713  -50.817      0.0    939.5
     1     1    11     8    17     7     0     1  -153.0  -23.647  -50.773      0.0    941.6
     1     1    11     8    17     6     0     0  -154.0  -23.579  -50.726      0.0    943.7
     1     1    11     8    17     5     0     1  -155.0  -23.511  -50.677      0.0    945.9
     1     1    11     8    17     4     0     2  -156.0  -23.443  -50.625      0.0    948.1
     1     1    11     8    17     3     0     3  -157.0  -23.376  -50.570      0.0    950.2
     1     1    11     8    17     2     0     2  -158.0  -23.309  -50.519      0.0    951.0
     1     1    11     8    17     1     0     1  -159.0  -23.238  -50.479      0.0    951.9
     1     1    11     8    17     0     0     0  -160.0  -23.166  -50.448      0.0    952.8
     1     1    11     8    16    23     0     1  -161.0  -23.093  -50.421      0.0    954.8
     1     1    11     8    16    22     0     2  -162.0  -23.017  -50.393      0.0    956.8
     1     1    11     8    16    21     0     3  -163.0  -22.939  -50.363      0.0    957.4
     1     1    11     8    16    20     0     2  -164.0  -22.848  -50.331      0.0    957.6
     1     1    11     8    16    19     0     1  -165.0  -22.733  -50.297      0.0    957.6
     1     1    11     8    16    18     0     0  -166.0  -22.595  -50.258      0.0    957.4
     1     1    11     8    16    17     0     1  -167.0  -22.449  -50.213      0.0    958.1
     1     1    11     8    16    16     0     2  -168.0  -22.309  -50.160      0.0    959.1
     1     1    11     8    16    15     0     3  -169.0  -22.175  -50.098      0.0    960.5
     1     1    11     8    16    14     0     2  -170.0  -22.051  -50.025      0.0    961.0
     1     1    11     8    16    13     0     1  -171.0  -21.935  -49.942      0.0    961.7
     1     1    11     8    16    12     0     0  -172.0  -21.823  -49.849      0.0    962.3
     1     1    11     8    16    11     0     1  -173.0  -21.716  -49.749      0.0    961.7
     1     1    11     8    16    10     0     2  -174.0  -21.618  -49.646      0.0    961.0
     1     1    11     8    16     9     0     3  -175.0  -21.528  -49.538      0.4    960.2
     1     1    11     8    16     8     0     2  -176.0  -21.445  -49.429      1.6    959.6
     1     1    11     8    16     7     0     1  -177.0  -21.365  -49.323      3.5    958.9
     1     1    11     8    16     6     0     0  -178.0  -21.287  -49.219      6.2    958.1
     1     1    11     8    16     5     0     1  -179.0  -21.212  -49.115      9.4    957.7
     1     1    11     8    16     4     0     2  -180.0  -21.137  -49.004     14.0    956.5
     1     1    11     8    16     3     0     3  -181.0  -21.060  -48.880     22.2    954.5
     1     1    11     8    16     2     0     2  -182.0  -20.980  -48.746     35.6    951.7
     1     1    11     8    16     1     0     1  -183.0  -20.897  -48.608     55.3    948.2
     1     1    11     8    16     0     0     0  -184.0  -20.813  -48.470     76.9    943.5
     1     1    11     8    15    23     0     1  -185.0  -20.728  -48.330     95.4    940.1
     1     1    11     8    15    22     0     2  -186.0  -20.642  -48.180    111.7    937.3
     1     1    11     8    15    21     0     3  -187.0  -20.556  -48.014    130.0    934.3
     1     1    11     8    15    20     0     2  -188.0  -20.459  -47.837    157.4    925.1
     1     1    11     8    15    19     0     1  -189.0  -20.344  -47.661    201.5    913.0
     1     1    11     8    15    18     0     0  -190.0  -20.212  -47.485    265.3    899.1
     1     1    11     8    15    17     0     1  -191.0  -20.073  -47.299    353.6    881.8
     1     1    11     8    15    16     0     2  -192.0  -19.932  -47.085    469.0    861.0
     1     1    11     8    15    15     0     3  -193.0  -19.792  -46.843    588.1    847.9
     1     1    11     8    15    14     0     2  -194.0  -19.656  -46.570    675.2    842.7
     1     1    11     8    15    13     0     1  -195.0  -19.521  -46.255    712.2    842.2
     1     1    11     8    15    12     0     0  -196.0  -19.392  -45.898    695.2    848.2
     1     1    11     8    15    11     0     1  -197.0  -19.289  -45.518    665.6    861.7
     1     1    11     8    15    10     0     2  -198.0  -19.215  -45.136    656.2    871.8
     1     1    11     8    15     9     0     3  -199.0  -19.159  -44.742    694.9    870.6
     1     1    11     8    15     8     0     2  -200.0  -19.114  -44.311    838.7    852.1
     1     1    11     8    15     7     0     1  -201.0  -19.092  -43.856   1091.3    821.6
     1     1    11     8    15     6     0     0  -202.0  -19.115  -43.440   1333.3    795.2
     1     1    11     8    15     5     0     1  -203.0  -19.184  -43.068   1487.3    786.0
     1     1    11     8    15     4     0     2  -204.0  -19.296  -42.731   1555.7    787.3
     1     1    11     8    15     3     0     3  -205.0  -19.434  -42.432   1554.2    792.2
     1     1    11     8    15     2     0     2  -206.0  -19.589  -42.172   1510.8    796.1
     1     1    11     8    15     1     0     1  -207.0  -19.756  -41.947   1453.3    796.5
     1     1    11     8    15     0     0     0  -208.0  -19.937  -41.748   1408.0    794.5
     1     1    11     8    14    23     0     1  -209.0  -20.129  -41.577   1373.7    798.5
     1     1    11     8    14    22     0     2  -210.0  -20.320  -41.438   1323.7    813.0
     1     1    11     8    14    21     0     3  -211.0  -20.505  -41.331   1260.8    830.2
     1     1    11     8    14    20     0     2  -212.0  -20.689  -41.250   1210.6    848.9
     1     1    11     8    14    19     0     1  -213.0  -20.884  -41.188   1199.3    862.9
     1     1    11     8    14    18     0     0  -214.0  -21.086  -41.150   1222.2    868.7
     1     1    11     8    14    17     0     1  -215.0  -21.303  -41.134   1251.7    866.5
     1     1    11     8    14    16     0     2  -216.0  -21.534  -41.140   1272.9    866.7
     1     1    11     8    14    15     0     3  -217.0  -21.770  -41.161   1288.7    866.8
     1     1    11     8    14    14     0     2  -218.0  -22.010  -41.200   1307.1    866.2
     1     1    11     8    14    13     0     1  -219.0  -22.259  -41.258   1340.7    863.7
     1     1    11     8    14    12     0     0  -220.0  -22.522  -41.329   1395.0    859.8
     1     1    11     8    14    11     0     1  -221.0  -22.786  -41.401   1451.5    854.8
     1     1    11     8    14    10     0     2  -222.0  -23.035  -41.466   1495.8    853.7
     1     1    11     8    14     9     0     3  -223.0  -23.267  -41.529   1529.7    849.6
     1     1    11     8    14     8     0     2  -224.0  -23.497  -41.605   1553.3    847.0
     1     1    11     8    14     7     0     1  -225.0  -23.738  -41.705   1565.7    845.8
     1     1    11     8    14     6     0     0  -226.0  -23.984  -41.823   1571.4    845.5
     1     1    11     8    14     5     0     1  -227.0  -24.229  -41.976   1583.7    845.5
     1     1    11     8    14     4     0     2  -228.0  -24.467  -42.175   1614.5    842.7
     1     1    11     8    14     3     0     3  -229.0  -24.705  -42.408   1663.6    838.0
     1     1    11     8    14     2     0     2  -230.0  -24.950  -42.664   1715.1    831.4
     1     1    11     8    14     1     0     1  -231.0  -25.201  -42.939   1755.1    827.3
     1     1    11     8    14     0     0     0  -232.0  -25.462  -43.235   1778.8    824.2
     1     1    11     8    13    23     0     1  -233.0  -25.710  -43.535   1787.8    823.8
     1     1    11     8    13    22     0     2  -234.0  -25.923  -43.833   1793.7    823.3
     1     1    11     8    13    21     0     3  -235.0  -26.105  -44.134   1805.4    822.4
     1     1    11     8    13    20     0     2  -236.0  -26.274  -44.436   1827.4    820.0
     1     1    11     8    13    19     0     1  -237.0  -26.449  -44.743   1852.2    816.9
     1     1    11     8    13    18     0     0  -238.0  -26.636  -45.059   1873.2    814.5
     1     1    11     8    13    17     0     1  -239.0  -26.827  -45.389   1892.9    813.0
     1     1    11     8    13    16     0     2  -240.0  -27.013  -45.737   1911.9    811.2
     1     1    11     8    13    15     0     3  -241.0  -27.200  -46.097   1930.0    809.8
     1     1    11     8    13    14     0     2  -242.0  -27.385  -46.466   1956.0    808.0
     1     1    11     8    13    13     0     1  -243.0  -27.565  -46.851   2000.0    804.1
     1     1    11     8    13    12     0     0  -244.0  -27.749  -47.249   2067.3    797.9
     1     1    11     8    13    11     0     1  -245.0  -27.923  -47.643   2154.8    788.7
     1     1    11     8    13    10     0     2  -246.0  -28.075  -48.022   2246.6    778.3
     1     1    11     8    13     9     0     3  -247.0  -28.206  -48.399   2290.0    758.1
     1     1    11     8    13     8     0     2  -248.0  -28.318  -48.773   2287.5    751.7
     1     1    11     8    13     7     0     1  -249.0  -28.401  -49.148   2275.2    741.6
     1     1    11     8    13     6     0     0  -250.0  -28.447  -49.538   2256.5    720.1
     1     1    11     8    13     5     0     1  -251.0  -28.471  -49.936   2232.5    699.0
     1     1    11     8    13     4     0     2  -252.0  -28.488  -50.323   2232.5    700.5
     1     1    11     8    13     3     0     3  -253.0  -28.493  -50.689   2240.3    705.0
     1     1    11     8    13     2     0     2  -254.0  -28.490  -51.048   2256.1    708.5
     1     1    11     8    13     1     0     1  -255.0  -28.476  -51.402   2281.1    713.6
     1     1    11     8    13     0     0     0  -256.0  -28.449  -51.734   2307.0    717.9
     1     1    11     8    12    23     0     1  -257.0  -28.395  -52.065   2329.1    721.0
     1     1    11     8    12    22     0     2  -258.0  -28.291  -52.426   2340.7    720.9
     1     1    11     8    12    21     0     3  -259.0  -28.140  -52.819   2326.0    722.2
     1     1    11     8    12    20     0     2  -260.0  -27.960  -53.218   2290.5    731.4
     1     1    11     8    12    19     0     1  -261.0  -27.764  -53.597   2275.5    740.9
     1     1    11     8    12    18     0     0  -262.0  -27.555  -53.950   2294.2    744.3
     1     1    11     8    12    17     0     1  -263.0  -27.346  -54.272   2313.7    743.7
     1     1    11     8    12    16     0     2  -264.0  -27.144  -54.553   2304.7    747.1
     1     1    11     8    12    15     0     3  -265.0  -26.946  -54.794   2281.4    751.5
     1     1    11     8    12    14     0     2  -266.0  -26.747  -55.022   2255.6    755.4
     1     1    11     8    12    13     0     1  -267.0  -26.540  -55.253   2232.5    760.3
     1     1    11     8    12    12     0     0  -268.0  -26.327  -55.472   2218.2    763.1
     1     1    11     8    12    11     0     1  -269.0  -26.103  -55.678   2225.5    763.7
     1     1    11     8    12    10     0     2  -270.0  -25.866  -55.875   2260.8    759.4
     1     1    11     8    12     9     0     3  -271.0  -25.626  -56.065   2310.3    752.7
     1     1    11     8    12     8     0     2  -272.0  -25.382  -56.247   2353.2    748.2
     1     1    11     8    12     7     0     1  -273.0  -25.131  -56.421   2373.4    748.4
     1     1    11     8    12     6     0     0  -274.0  -24.874  -56.586   2372.6    752.3
     1     1    11     8    12     5     0     1  -275.0  -24.607  -56.737   2363.7    757.7
     1     1    11     8    12     4     0     2  -276.0  -24.331  -56.867   2360.3    760.2
     1     1    11     8    12     3     0     3  -277.0  -24.055  -56.972   2366.0    760.6
     1     1    11     8    12     2     0     2  -278.0  -23.781  -57.065   2383.1    759.3
     1     1    11     8    12     1     0     1  -279.0  -23.511  -57.164   2409.4    756.9
     1     1    11     8    12     0     0     0  -280.0  -23.249  -57.264   2441.8    754.2
     1     1    11     8    11    23     0     1  -281.0  -22.998  -57.363   2477.1    751.0
     1     1    11     8    11    22     0     2  -282.0  -22.755  -57.460   2512.7    745.9
     1     1    11     8    11    21     0     3  -283.0  -22.526  -57.554   2551.0    740.9
     1     1    11     8    11    20     0     2  -284.0  -22.315  -57.646   2581.5    737.1
     1     1    11     8    11    19     0     1  -285.0  -22.123  -57.737   2594.9    736.0
     1     1    11     8    11    18     0     0  -286.0  -21.948  -57.830   2589.8    737.4
     1     1    11     8    11    17     0     1  -287.0  -21.781  -57.925   2577.3    741.4
     1     1    11     8    11    16     0     2  -288.0  -21.614  -58.026   2569.5    744.3
     1     1    11     8    11    15     0     3  -289.0  -21.444  -58.135   2568.0    745.1
     1     1    11     8    11    14     0     2  -290.0  -21.268  -58.249   2589.4    744.7
     1     1    11     8    11    13     0     1  -291.0  -21.089  -58.359   2649.0    739.8
     1     1    11     8    11    12     0     0  -292.0  -20.913  -58.463   2746.5    730.8
     1     1    11     8    11    11     0     1  -293.0  -20.749  -58.558   2843.9    718.0
     1     1    11     8    11    10     0     2  -294.0  -20.591  -58.648   2905.4    711.8
     1     1    11     8    11     9     0     3  -295.0  -20.426  -58.737   2932.5    708.6
     1     1    11     8    11     8     0     2  -296.0  -20.254  -58.820   2936.4    708.5
     1     1    11     8    11     7     0     1  -297.0  -20.077  -58.892   2929.6    708.6
     1     1    11     8    11     6     0     0  -298.0  -19.898  -58.949   2915.0    708.9
     1     1    11     8    11     5     0     1  -299.0  -19.717  -58.991   2899.4    709.3
     1     1    11     8    11     4     0     2  -300.0  -19.537  -59.017   2889.0    709.0
     1     1    11     8    11     3     0     3  -301.0  -19.357  -59.029   2884.7    708.1
     1     1    11     8    11     2     0     2  -302.0  -19.187  -59.031   2891.4    706.4
     1     1    11     8    11     1     0     1  -303.0  -19.037  -59.026   2913.0    703.3
     1     1    11     8    11     0     0     0  -304.0  -18.910  -59.011   2946.4    698.4
     1     1    11     8    10    23     0     1  -305.0  -18.802  -59.003   2992.8    692.6
     1     1    11     8    10    22     0     2  -306.0  -18.714  -59.017   3050.7    685.7
     1     1    11     8    10    21     0     3  -307.0  -18.644  -59.049   3112.5    678.8
     1     1    11     8    10    20     0     2  -308.0  -18.588  -59.091   3161.8    672.8
     1     1    11     8    10    19     0     1  -309.0  -18.538  -59.137   3189.0    670.1
     1     1    11     8    10    18     0     0  -310.0  -18.493  -59.190   3199.3    668.8
     1     1    11     8    10    17     0     1  -311.0  -18.446  -59.249   3204.1    668.4
     1     1    11     8    10    16     0     2  -312.0  -18.395  -59.313   3213.1    667.0
     1     1    11     8    10    15     0     3  -313.0  -18.340  -59.381   3228.1    665.0
     1     1    11     8    10    14     0     2  -314.0  -18.287  -59.451   3240.9    662.1
     1     1    11     8    10    13     0     1  -315.0  -18.239  -59.524   3242.0    661.0
     1     1    11     8    10    12     0     0  -316.0  -18.194  -59.604   3232.2    660.9
     1     1    11     8    10    11     0     1  -317.0  -18.158  -59.688   3212.1    661.6
     1     1    11     8    10    10     0     2  -318.0  -18.139  -59.778   3181.5    663.3
     1     1    11     8    10     9     0     3  -319.0  -18.137  -59.874   3139.6    666.2
     1     1    11     8    10     8     0     2  -320.0  -18.139  -59.981   3100.3    670.7
     1     1    11     8    10     7     0     1  -321.0  -18.132  -60.093   3079.7    673.7
     1     1    11     8    10     6     0     0  -322.0  -18.117  -60.210   3079.6    675.2
     1     1    11     8    10     5     0     1  -323.0  -18.096  -60.326   3087.4    674.8
     1     1    11     8    10     4     0     2  -324.0  -18.069  -60.439   3086.6    676.1
     1     1    11     8    10     3     0     3  -325.0  -18.036  -60.551   3072.4    678.6
     1     1    11     8    10     2     0     2  -326.0  -17.999  -60.665   3052.3    682.3
     1     1    11     8    10     1     0     1  -327.0  -17.960  -60.784   3040.2    685.1
     1     1    11     8    10     0     0     0  -328.0  -17.922  -60.906   3042.5    686.5
     1     1    11     8     9    23     0     1  -329.0  -17.878  -61.031   3071.6    685.7
     1     1    11     8     9    22     0     2  -330.0  -17.820  -61.153   3135.6    680.1
     1     1    11     8     9    21     0     3  -331.0  -17.744  -61.269   3233.6    671.7
     1     1    11     8     9    20     0     2  -332.0  -17.654  -61.377   3333.0    661.2
     1     1    11     8     9    19     0     1  -333.0  -17.554  -61.476   3397.4    655.9
     1     1    11     8     9    18     0     0  -334.0  -17.442  -61.565   3420.0    654.2
     1     1    11     8     9    17     0     1  -335.0  -17.319  -61.642   3423.4    656.6
     1     1    11     8     9    16     0     2  -336.0  -17.194  -61.706   3438.4    656.5
