     3     1
    GDAS    11     1     8     0     0
    GDAS    11     1    15     0     0
    GDAS    11     1    22     0     0
     1 BACKWARD OMEGA   
  2011     1    24    15   -8.860  -56.700  2133.6
     1 PRESSURE
     1     1    11     1    24    15     0     3     0.0   -8.860  -56.700   2133.6    769.2
     1     1    11     1    24    14     0     2    -1.0   -8.856  -56.515   2175.3    762.5
     1     1    11     1    24    13     0     1    -2.0   -8.850  -56.335   2197.3    760.0
     1     1    11     1    24    12     0     0    -3.0   -8.837  -56.158   2222.0    757.1
     1     1    11     1    24    11     0     3    -4.0   -8.819  -55.981   2243.0    751.3
     1     1    11     1    24    10     0     6    -5.0   -8.801  -55.806   2233.2    748.5
     1     1    11     1    24     9     0     9    -6.0   -8.789  -55.640   2188.2    750.1
     1     1    11     1    24     8     0     8    -7.0   -8.776  -55.479   2125.6    755.0
     1     1    11     1    24     7     0     7    -8.0   -8.756  -55.322   2049.9    759.2
     1     1    11     1    24     6     0     6    -9.0   -8.727  -55.169   1942.9    766.6
     1     1    11     1    24     5     0     5   -10.0   -8.689  -55.013   1817.4    779.2
     1     1    11     1    24     4     0     4   -11.0   -8.643  -54.851   1712.0    791.2
     1     1    11     1    24     3     0     3   -12.0   -8.593  -54.683   1635.4    798.9
     1     1    11     1    24     2     0     2   -13.0   -8.549  -54.511   1581.0    804.5
     1     1    11     1    24     1     0     1   -14.0   -8.521  -54.338   1550.5    807.9
     1     1    11     1    24     0     0     0   -15.0   -8.514  -54.163   1550.2    808.5
     1     1    11     1    23    23     0     1   -16.0   -8.525  -53.989   1556.8    804.8
     1     1    11     1    23    22     0     2   -17.0   -8.543  -53.823   1539.9    806.0
     1     1    11     1    23    21     0     3   -18.0   -8.563  -53.667   1500.1    809.9
     1     1    11     1    23    20     0     2   -19.0   -8.587  -53.523   1440.1    816.2
     1     1    11     1    23    19     0     1   -20.0   -8.614  -53.390   1358.2    824.2
     1     1    11     1    23    18     0     0   -21.0   -8.642  -53.266   1253.6    834.7
     1     1    11     1    23    17     0     1   -22.0   -8.667  -53.149   1155.1    848.0
     1     1    11     1    23    16     0     2   -23.0   -8.684  -53.040   1087.9    854.8
     1     1    11     1    23    15     0     3   -24.0   -8.693  -52.941   1048.9    859.5
     1     1    11     1    23    14     0     2   -25.0   -8.701  -52.839   1030.5    860.9
     1     1    11     1    23    13     0     1   -26.0   -8.710  -52.720   1026.5    861.7
     1     1    11     1    23    12     0     0   -27.0   -8.720  -52.580   1038.5    861.0
     1     1    11     1    23    11     0     1   -28.0   -8.728  -52.440   1057.9    858.6
     1     1    11     1    23    10     0     2   -29.0   -8.733  -52.320   1074.2    857.3
     1     1    11     1    23     9     0     3   -30.0   -8.736  -52.220   1085.8    856.4
     1     1    11     1    23     8     0     2   -31.0   -8.735  -52.132   1096.4    856.3
     1     1    11     1    23     7     0     1   -32.0   -8.729  -52.046   1115.2    855.5
     1     1    11     1    23     6     0     0   -33.0   -8.717  -51.963   1146.0    852.5
     1     1    11     1    23     5     0     1   -34.0   -8.697  -51.883   1138.4    848.1
     1     1    11     1    23     4     0     2   -35.0   -8.666  -51.806   1057.4    857.2
     1     1    11     1    23     3     0     3   -36.0   -8.626  -51.726    935.5    871.0
     1     1    11     1    23     2     0     2   -37.0   -8.597  -51.639    827.4    885.1
     1     1    11     1    23     1     0     1   -38.0   -8.594  -51.540    759.4    890.4
     1     1    11     1    23     0     0     0   -39.0   -8.616  -51.431    725.1    892.9
     1     1    11     1    22    23     0     1   -40.0   -8.656  -51.320    713.1    891.1
     1     1    11     1    22    22     0     2   -41.0   -8.705  -51.218    706.6    889.4
     1     1    11     1    22    21     0     3   -42.0   -8.765  -51.126    698.4    887.8
     1     1    11     1    22    20     0     2   -43.0   -8.822  -51.039    686.5    888.6
     1     1    11     1    22    19     0     1   -44.0   -8.863  -50.956    673.3    890.8
     1     1    11     1    22    18     0     0   -45.0   -8.888  -50.879    659.6    894.4
     1     1    11     1    22    17     0     1   -46.0   -8.907  -50.804    644.7    897.9
     1     1    11     1    22    16     0     2   -47.0   -8.930  -50.731    628.0    901.8
     1     1    11     1    22    15     0     3   -48.0   -8.955  -50.660    609.0    905.7
     1     1    11     1    22    14     0     2   -49.0   -8.983  -50.598    590.1    909.0
     1     1    11     1    22    13     0     1   -50.0   -9.019  -50.554    572.4    911.7
     1     1    11     1    22    12     0     0   -51.0   -9.064  -50.528    554.9    914.2
     1     1    11     1    22    11     0     1   -52.0   -9.107  -50.525    538.5    915.8
     1     1    11     1    22    10     0     2   -53.0   -9.140  -50.547    523.9    916.5
     1     1    11     1    22     9     0     3   -54.0   -9.161  -50.594    509.6    916.5
     1     1    11     1    22     8     0     2   -55.0   -9.171  -50.657    492.7    916.8
     1     1    11     1    22     7     0     1   -56.0   -9.168  -50.730    472.4    917.5
     1     1    11     1    22     6     0     0   -57.0   -9.150  -50.817    450.6    918.0
     1     1    11     1    22     5     0     1   -58.0   -9.123  -50.923    428.4    918.2
     1     1    11     1    22     4     0     2   -59.0   -9.094  -51.051    405.9    919.0
     1     1    11     1    22     3     0     3   -60.0   -9.064  -51.192    380.2    922.5
     1     1    11     1    22     2     0     2   -61.0   -9.024  -51.332    353.1    926.3
     1     1    11     1    22     1     0     1   -62.0   -8.966  -51.468    330.1    929.8
     1     1    11     1    22     0     0     0   -63.0   -8.887  -51.602    314.9    932.9
     1     1    11     1    21    23     0     1   -64.0   -8.797  -51.732    306.2    934.5
     1     1    11     1    21    22     0     2   -65.0   -8.705  -51.858    301.4    935.7
     1     1    11     1    21    21     0     3   -66.0   -8.615  -51.978    300.8    936.2
     1     1    11     1    21    20     0     2   -67.0   -8.522  -52.093    302.7    936.1
     1     1    11     1    21    19     0     1   -68.0   -8.418  -52.206    306.5    936.1
     1     1    11     1    21    18     0     0   -69.0   -8.301  -52.317    314.4    936.2
     1     1    11     1    21    17     0     1   -70.0   -8.174  -52.421    327.5    936.0
     1     1    11     1    21    16     0     2   -71.0   -8.039  -52.514    342.8    935.9
     1     1    11     1    21    15     0     3   -72.0   -7.896  -52.595    355.9    935.1
     1     1    11     1    21    14     0     2   -73.0   -7.748  -52.660    370.7    933.9
     1     1    11     1    21    13     0     1   -74.0   -7.598  -52.706    393.6    931.0
     1     1    11     1    21    12     0     0   -75.0   -7.451  -52.735    421.9    927.5
     1     1    11     1    21    11     0     1   -76.0   -7.301  -52.747    448.0    922.4
     1     1    11     1    21    10     0     2   -77.0   -7.135  -52.748    461.3    918.8
     1     1    11     1    21     9     0     3   -78.0   -6.948  -52.738    455.9    918.0
     1     1    11     1    21     8     0     2   -79.0   -6.759  -52.725    454.0    921.6
     1     1    11     1    21     7     0     1   -80.0   -6.580  -52.714    467.4    920.1
     1     1    11     1    21     6     0     0   -81.0   -6.406  -52.702    481.8    918.4
     1     1    11     1    21     5     0     1   -82.0   -6.231  -52.693    490.7    918.7
     1     1    11     1    21     4     0     2   -83.0   -6.048  -52.693    498.6    919.5
     1     1    11     1    21     3     0     3   -84.0   -5.848  -52.704    510.5    920.8
     1     1    11     1    21     2     0     2   -85.0   -5.620  -52.709    519.4    921.2
     1     1    11     1    21     1     0     1   -86.0   -5.369  -52.696    522.0    923.7
     1     1    11     1    21     0     0     0   -87.0   -5.102  -52.665    526.7    926.2
     1     1    11     1    20    23     0     1   -88.0   -4.840  -52.625    540.5    927.5
     1     1    11     1    20    22     0     2   -89.0   -4.601  -52.588    564.9    927.4
     1     1    11     1    20    21     0     3   -90.0   -4.380  -52.556    598.5    926.4
     1     1    11     1    20    20     0     2   -91.0   -4.172  -52.528    629.4    925.2
     1     1    11     1    20    19     0     1   -92.0   -3.972  -52.499    646.0    925.9
     1     1    11     1    20    18     0     0   -93.0   -3.772  -52.467    651.7    925.9
     1     1    11     1    20    17     0     1   -94.0   -3.560  -52.425    658.6    926.6
     1     1    11     1    20    16     0     2   -95.0   -3.332  -52.362    681.5    925.5
     1     1    11     1    20    15     0     3   -96.0   -3.094  -52.274    736.0    921.3
     1     1    11     1    20    14     0     2   -97.0   -2.858  -52.163    788.9    912.9
     1     1    11     1    20    13     0     1   -98.0   -2.623  -52.039    798.6    914.3
     1     1    11     1    20    12     0     0   -99.0   -2.364  -51.900    793.3    919.3
     1     1    11     1    20    11     0     1  -100.0   -2.064  -51.740    804.5    920.6
     1     1    11     1    20    10     0     2  -101.0   -1.744  -51.565    826.3    916.1
     1     1    11     1    20     9     0     3  -102.0   -1.430  -51.380    836.9    913.4
     1     1    11     1    20     8     0     2  -103.0   -1.127  -51.193    804.4    914.5
     1     1    11     1    20     7     0     1  -104.0   -0.828  -51.020    744.4    925.1
     1     1    11     1    20     6     0     0  -105.0   -0.518  -50.861    701.2    931.6
     1     1    11     1    20     5     0     1  -106.0   -0.205  -50.709    681.9    933.6
     1     1    11     1    20     4     0     2  -107.0    0.103  -50.561    665.9    934.0
     1     1    11     1    20     3     0     3  -108.0    0.406  -50.418    630.7    937.1
     1     1    11     1    20     2     0     2  -109.0    0.708  -50.282    578.3    943.2
     1     1    11     1    20     1     0     1  -110.0    1.017  -50.156    529.7    949.8
     1     1    11     1    20     0     0     0  -111.0    1.337  -50.031    493.9    953.8
     1     1    11     1    19    23     0     1  -112.0    1.654  -49.893    458.1    956.5
     1     1    11     1    19    22     0     2  -113.0    1.957  -49.747    416.6    961.1
     1     1    11     1    19    21     0     3  -114.0    2.247  -49.597    377.5    965.2
     1     1    11     1    19    20     0     2  -115.0    2.530  -49.440    345.0    968.7
     1     1    11     1    19    19     0     1  -116.0    2.808  -49.274    316.9    971.9
     1     1    11     1    19    18     0     0  -117.0    3.079  -49.097    292.1    975.0
     1     1    11     1    19    17     0     1  -118.0    3.344  -48.905    274.2    978.2
     1     1    11     1    19    16     0     2  -119.0    3.599  -48.696    264.6    979.7
     1     1    11     1    19    15     0     3  -120.0    3.842  -48.469    258.3    980.6
     1     1    11     1    19    14     0     2  -121.0    4.080  -48.223    251.3    981.1
     1     1    11     1    19    13     0     1  -122.0    4.324  -47.955    246.9    981.9
     1     1    11     1    19    12     0     0  -123.0    4.574  -47.671    248.7    981.7
     1     1    11     1    19    11     0     1  -124.0    4.826  -47.384    254.0    980.7
     1     1    11     1    19    10     0     2  -125.0    5.073  -47.095    259.1    979.9
     1     1    11     1    19     9     0     3  -126.0    5.312  -46.802    261.7    979.4
     1     1    11     1    19     8     0     2  -127.0    5.543  -46.509    262.8    979.6
     1     1    11     1    19     7     0     1  -128.0    5.771  -46.221    263.7    979.6
     1     1    11     1    19     6     0     0  -129.0    5.998  -45.940    264.0    979.6
     1     1    11     1    19     5     0     1  -130.0    6.223  -45.660    263.1    980.2
     1     1    11     1    19     4     0     2  -131.0    6.442  -45.373    260.0    981.0
     1     1    11     1    19     3     0     3  -132.0    6.656  -45.082    255.5    982.0
     1     1    11     1    19     2     0     2  -133.0    6.871  -44.787    252.3    982.6
     1     1    11     1    19     1     0     1  -134.0    7.096  -44.490    251.8    982.6
     1     1    11     1    19     0     0     0  -135.0    7.330  -44.190    252.2    982.6
     1     1    11     1    18    23     0     1  -136.0    7.559  -43.891    253.0    982.1
     1     1    11     1    18    22     0     2  -137.0    7.774  -43.599    255.2    981.5
     1     1    11     1    18    21     0     3  -138.0    7.978  -43.315    260.2    980.6
     1     1    11     1    18    20     0     2  -139.0    8.179  -43.030    266.1    979.9
     1     1    11     1    18    19     0     1  -140.0    8.388  -42.739    269.1    979.3
     1     1    11     1    18    18     0     0  -141.0    8.604  -42.443    268.6    979.5
     1     1    11     1    18    17     0     1  -142.0    8.819  -42.150    267.8    980.9
     1     1    11     1    18    16     0     2  -143.0    9.022  -41.865    269.8    981.6
     1     1    11     1    18    15     0     3  -144.0    9.211  -41.585    273.7    982.0
     1     1    11     1    18    14     0     2  -145.0    9.391  -41.306    279.6    981.6
     1     1    11     1    18    13     0     1  -146.0    9.571  -41.027    288.0    980.8
     1     1    11     1    18    12     0     0  -147.0    9.751  -40.748    298.3    979.7
     1     1    11     1    18    11     0     1  -148.0    9.934  -40.465    308.2    978.1
     1     1    11     1    18    10     0     2  -149.0   10.118  -40.169    317.0    976.9
     1     1    11     1    18     9     0     3  -150.0   10.306  -39.857    326.7    975.5
     1     1    11     1    18     8     0     2  -151.0   10.495  -39.538    336.2    974.2
     1     1    11     1    18     7     0     1  -152.0   10.681  -39.219    344.7    973.2
     1     1    11     1    18     6     0     0  -153.0   10.861  -38.901    353.4    972.2
     1     1    11     1    18     5     0     1  -154.0   11.035  -38.587    358.3    971.7
     1     1    11     1    18     4     0     2  -155.0   11.207  -38.277    355.4    972.5
     1     1    11     1    18     3     0     3  -156.0   11.382  -37.968    345.2    974.2
     1     1    11     1    18     2     0     2  -157.0   11.563  -37.661    333.9    976.0
     1     1    11     1    18     1     0     1  -158.0   11.752  -37.358    326.8    976.8
     1     1    11     1    18     0     0     0  -159.0   11.944  -37.060    324.4    977.1
     1     1    11     1    17    23     0     1  -160.0   12.143  -36.760    324.8    976.6
     1     1    11     1    17    22     0     2  -161.0   12.353  -36.451    327.0    976.2
     1     1    11     1    17    21     0     3  -162.0   12.571  -36.132    333.3    975.3
     1     1    11     1    17    20     0     2  -163.0   12.781  -35.810    341.8    974.1
     1     1    11     1    17    19     0     1  -164.0   12.969  -35.496    349.0    973.2
     1     1    11     1    17    18     0     0  -165.0   13.134  -35.191    353.8    972.6
     1     1    11     1    17    17     0     1  -166.0   13.283  -34.893    357.1    972.8
     1     1    11     1    17    16     0     2  -167.0   13.426  -34.595    359.3    972.9
     1     1    11     1    17    15     0     3  -168.0   13.567  -34.293    360.1    973.2
     1     1    11     1    17    14     0     2  -169.0   13.708  -33.982    359.8    973.7
     1     1    11     1    17    13     0     1  -170.0   13.846  -33.663    358.5    974.2
     1     1    11     1    17    12     0     0  -171.0   13.979  -33.341    354.4    975.1
     1     1    11     1    17    11     0     1  -172.0   14.110  -33.022    348.9    975.7
     1     1    11     1    17    10     0     2  -173.0   14.241  -32.709    345.4    976.0
     1     1    11     1    17     9     0     3  -174.0   14.378  -32.398    345.0    975.9
     1     1    11     1    17     8     0     2  -175.0   14.521  -32.083    345.7    975.2
     1     1    11     1    17     7     0     1  -176.0   14.667  -31.762    345.4    974.9
     1     1    11     1    17     6     0     0  -177.0   14.810  -31.439    343.3    974.7
     1     1    11     1    17     5     0     1  -178.0   14.956  -31.107    338.3    975.4
     1     1    11     1    17     4     0     2  -179.0   15.111  -30.762    330.7    976.6
     1     1    11     1    17     3     0     3  -180.0   15.274  -30.403    322.2    977.8
     1     1    11     1    17     2     0     2  -181.0   15.449  -30.034    314.6    978.9
     1     1    11     1    17     1     0     1  -182.0   15.638  -29.660    309.4    979.6
     1     1    11     1    17     0     0     0  -183.0   15.842  -29.280    306.3    980.0
     1     1    11     1    16    23     0     1  -184.0   16.055  -28.904    306.1    980.2
     1     1    11     1    16    22     0     2  -185.0   16.270  -28.539    309.7    979.9
     1     1    11     1    16    21     0     3  -186.0   16.484  -28.188    316.8    979.1
     1     1    11     1    16    20     0     2  -187.0   16.700  -27.845    324.6    977.5
     1     1    11     1    16    19     0     1  -188.0   16.918  -27.504    331.4    976.4
     1     1    11     1    16    18     0     0  -189.0   17.138  -27.163    337.6    975.3
     1     1    11     1    16    17     0     1  -190.0   17.347  -26.829    343.7    975.1
     1     1    11     1    16    16     0     2  -191.0   17.535  -26.509    348.8    975.0
     1     1    11     1    16    15     0     3  -192.0   17.702  -26.203    351.1    975.1
     1     1    11     1    16    14     0     2  -193.0   17.859  -25.904    350.0    975.7
     1     1    11     1    16    13     0     1  -194.0   18.015  -25.605    345.5    976.4
     1     1    11     1    16    12     0     0  -195.0   18.175  -25.304    337.1    977.7
     1     1    11     1    16    11     0     1  -196.0   18.347  -24.998    328.8    978.8
     1     1    11     1    16    10     0     2  -197.0   18.537  -24.683    326.6    979.1
     1     1    11     1    16     9     0     3  -198.0   18.739  -24.362    333.3    978.3
     1     1    11     1    16     8     0     2  -199.0   18.946  -24.044    346.4    976.4
     1     1    11     1    16     7     0     1  -200.0   19.149  -23.742    360.8    974.5
     1     1    11     1    16     6     0     0  -201.0   19.352  -23.453    374.2    972.8
     1     1    11     1    16     5     0     1  -202.0   19.555  -23.174    385.5    971.7
     1     1    11     1    16     4     0     2  -203.0   19.757  -22.898    394.1    970.9
     1     1    11     1    16     3     0     3  -204.0   19.960  -22.626    399.3    970.6
     1     1    11     1    16     2     0     2  -205.0   20.165  -22.356    403.8    970.5
     1     1    11     1    16     1     0     1  -206.0   20.374  -22.089    411.4    970.0
     1     1    11     1    16     0     0     0  -207.0   20.585  -21.824    422.6    968.9
     1     1    11     1    15    23     0     1  -208.0   20.796  -21.565    436.2    967.2
     1     1    11     1    15    22     0     2  -209.0   20.999  -21.314    451.4    965.3
     1     1    11     1    15    21     0     3  -210.0   21.191  -21.074    468.0    963.2
     1     1    11     1    15    20     0     2  -211.0   21.369  -20.842    485.5    960.7
     1     1    11     1    15    19     0     1  -212.0   21.536  -20.613    504.3    958.2
     1     1    11     1    15    18     0     0  -213.0   21.690  -20.388    525.3    955.4
     1     1    11     1    15    17     0     1  -214.0   21.835  -20.162    546.1    953.0
     1     1    11     1    15    16     0     2  -215.0   21.975  -19.931    563.3    951.2
     1     1    11     1    15    15     0     3  -216.0   22.110  -19.695    576.8    949.9
     1     1    11     1    15    14     0     2  -217.0   22.236  -19.452    586.4    949.2
     1     1    11     1    15    13     0     1  -218.0   22.346  -19.200    591.1    949.0
     1     1    11     1    15    12     0     0  -219.0   22.438  -18.936    589.6    949.5
     1     1    11     1    15    11     0     1  -220.0   22.520  -18.663    586.4    949.9
     1     1    11     1    15    10     0     2  -221.0   22.602  -18.383    585.5    949.4
     1     1    11     1    15     9     0     3  -222.0   22.681  -18.090    584.8    948.8
     1     1    11     1    15     8     0     2  -223.0   22.750  -17.776    585.1    948.7
     1     1    11     1    15     7     0     1  -224.0   22.804  -17.439    589.2    948.0
     1     1    11     1    15     6     0     0  -225.0   22.844  -17.081    600.5    946.6
     1     1    11     1    15     5     0     1  -226.0   22.867  -16.707    628.1    941.9
     1     1    11     1    15     4     0     2  -227.0   22.868  -16.317    685.2    932.5
     1     1    11     1    15     3     0     3  -228.0   22.849  -15.919    771.9    917.9
     1     1    11     1    15     2     0     2  -229.0   22.826  -15.522    858.4    900.0
     1     1    11     1    15     1     0     1  -230.0   22.813  -15.126    924.5    887.1
     1     1    11     1    15     0     0     0  -231.0   22.812  -14.732    974.3    878.4
     1     1    11     1    14    23     0     1  -232.0   22.828  -14.357   1009.4    872.6
     1     1    11     1    14    22     0     2  -233.0   22.859  -14.017   1026.6    868.0
     1     1    11     1    14    21     0     3  -234.0   22.905  -13.700   1043.2    867.3
     1     1    11     1    14    20     0     2  -235.0   22.964  -13.400   1079.4    861.9
     1     1    11     1    14    19     0     1  -236.0   23.032  -13.111   1135.6    854.8
     1     1    11     1    14    18     0     0  -237.0   23.109  -12.831   1202.4    844.9
     1     1    11     1    14    17     0     1  -238.0   23.179  -12.555   1264.5    835.7
     1     1    11     1    14    16     0     2  -239.0   23.225  -12.275   1318.6    828.4
     1     1    11     1    14    15     0     3  -240.0   23.251  -11.992   1368.5    821.9
     1     1    11     1    14    14     0     2  -241.0   23.263  -11.710   1418.2    821.6
     1     1    11     1    14    13     0     1  -242.0   23.271  -11.433   1462.2    821.6
     1     1    11     1    14    12     0     0  -243.0   23.277  -11.163   1499.0    822.1
     1     1    11     1    14    11     0     1  -244.0   23.278  -10.901   1527.2    821.0
     1     1    11     1    14    10     0     2  -245.0   23.271  -10.652   1548.1    818.5
     1     1    11     1    14     9     0     3  -246.0   23.257  -10.414   1566.7    816.0
     1     1    11     1    14     8     0     2  -247.0   23.243  -10.186   1588.5    813.5
     1     1    11     1    14     7     0     1  -248.0   23.238   -9.970   1618.8    810.0
     1     1    11     1    14     6     0     0  -249.0   23.239   -9.772   1657.2    806.9
     1     1    11     1    14     5     0     1  -250.0   23.243   -9.589   1693.9    803.5
     1     1    11     1    14     4     0     2  -251.0   23.244   -9.415   1720.2    801.8
     1     1    11     1    14     3     0     3  -252.0   23.243   -9.246   1735.0    801.2
     1     1    11     1    14     2     0     2  -253.0   23.242   -9.079   1739.3    801.9
     1     1    11     1    14     1     0     1  -254.0   23.242   -8.910   1734.7    802.6
     1     1    11     1    14     0     0     0  -255.0   23.240   -8.737   1723.9    803.3
     1     1    11     1    13    23     0     1  -256.0   23.234   -8.559   1710.8    804.1
     1     1    11     1    13    22     0     2  -257.0   23.222   -8.377   1695.8    804.7
     1     1    11     1    13    21     0     3  -258.0   23.206   -8.187   1676.2    805.8
     1     1    11     1    13    20     0     2  -259.0   23.188   -7.989   1655.8    807.4
     1     1    11     1    13    19     0     1  -260.0   23.170   -7.782   1642.0    808.7
     1     1    11     1    13    18     0     0  -261.0   23.152   -7.566   1636.5    809.1
     1     1    11     1    13    17     0     1  -262.0   23.137   -7.341   1636.3    809.0
     1     1    11     1    13    16     0     2  -263.0   23.125   -7.108   1638.6    809.0
     1     1    11     1    13    15     0     3  -264.0   23.119   -6.868   1644.6    809.0
     1     1    11     1    13    14     0     2  -265.0   23.123   -6.617   1654.4    809.2
     1     1    11     1    13    13     0     1  -266.0   23.139   -6.354   1667.0    809.2
     1     1    11     1    13    12     0     0  -267.0   23.166   -6.082   1681.5    809.0
     1     1    11     1    13    11     0     1  -268.0   23.209   -5.806   1690.5    807.6
     1     1    11     1    13    10     0     2  -269.0   23.267   -5.527   1686.4    807.8
     1     1    11     1    13     9     0     3  -270.0   23.340   -5.245   1670.6    809.2
     1     1    11     1    13     8     0     2  -271.0   23.423   -4.961   1654.5    811.2
     1     1    11     1    13     7     0     1  -272.0   23.512   -4.679   1646.9    811.0
     1     1    11     1    13     6     0     0  -273.0   23.605   -4.399   1645.0    810.2
     1     1    11     1    13     5     0     1  -274.0   23.706   -4.122   1643.5    809.9
     1     1    11     1    13     4     0     2  -275.0   23.813   -3.849   1642.4    810.8
     1     1    11     1    13     3     0     3  -276.0   23.927   -3.581   1640.8    811.7
     1     1    11     1    13     2     0     2  -277.0   24.046   -3.319   1639.3    813.1
     1     1    11     1    13     1     0     1  -278.0   24.169   -3.061   1643.6    813.7
     1     1    11     1    13     0     0     0  -279.0   24.295   -2.809   1659.6    812.1
     1     1    11     1    12    23     0     1  -280.0   24.417   -2.561   1685.0    808.4
     1     1    11     1    12    22     0     2  -281.0   24.529   -2.315   1711.5    805.2
     1     1    11     1    12    21     0     3  -282.0   24.633   -2.069   1736.2    802.5
     1     1    11     1    12    20     0     2  -283.0   24.737   -1.823   1760.8    799.9
     1     1    11     1    12    19     0     1  -284.0   24.847   -1.578   1787.6    797.0
     1     1    11     1    12    18     0     0  -285.0   24.963   -1.335   1815.1    794.5
     1     1    11     1    12    17     0     1  -286.0   25.084   -1.097   1843.1    791.7
     1     1    11     1    12    16     0     2  -287.0   25.214   -0.871   1872.6    788.2
     1     1    11     1    12    15     0     3  -288.0   25.350   -0.654   1902.3    784.7
     1     1    11     1    12    14     0     2  -289.0   25.493   -0.435   1935.1    782.0
     1     1    11     1    12    13     0     1  -290.0   25.643   -0.205   1975.3    778.1
     1     1    11     1    12    12     0     0  -291.0   25.813    0.032   2028.5    779.5
     1     1    11     1    12    11     0     1  -292.0   26.010    0.267   2081.3    776.6
     1     1    11     1    12    10     0     2  -293.0   26.228    0.488   2134.2    770.9
     1     1    11     1    12     9     0     3  -294.0   26.465    0.688   2195.3    764.1
     1     1    11     1    12     8     0     2  -295.0   26.718    0.864   2268.1    755.5
     1     1    11     1    12     7     0     1  -296.0   26.988    1.013   2352.2    745.1
     1     1    11     1    12     6     0     0  -297.0   27.273    1.132   2437.4    733.8
     1     1    11     1    12     5     0     1  -298.0   27.560    1.215   2503.4    723.1
     1     1    11     1    12     4     0     2  -299.0   27.845    1.266   2543.5    715.5
     1     1    11     1    12     3     0     3  -300.0   28.129    1.292   2570.6    711.6
     1     1    11     1    12     2     0     2  -301.0   28.413    1.305   2605.9    711.1
     1     1    11     1    12     1     0     1  -302.0   28.699    1.313   2655.2    707.9
     1     1    11     1    12     0     0     0  -303.0   28.984    1.319   2706.3    704.3
     1     1    11     1    11    23     0     1  -304.0   29.266    1.314   2748.6    699.4
     1     1    11     1    11    22     0     2  -305.0   29.544    1.288   2786.1    694.9
     1     1    11     1    11    21     0     3  -306.0   29.811    1.248   2821.3    690.5
     1     1    11     1    11    20     0     2  -307.0   30.079    1.194   2862.7    685.4
     1     1    11     1    11    19     0     1  -308.0   30.361    1.122   2916.8    677.2
     1     1    11     1    11    18     0     0  -309.0   30.649    1.038   2980.8    668.3
     1     1    11     1    11    17     0     1  -310.0   30.940    0.937   3052.9    659.0
     1     1    11     1    11    16     0     2  -311.0   31.242    0.811   3142.8    648.8
     1     1    11     1    11    15     0     3  -312.0   31.581    0.660   3257.0    635.2
     1     1    11     1    11    14     0     2  -313.0   31.957    0.491   3382.8    619.5
     1     1    11     1    11    13     0     1  -314.0   32.349    0.305   3471.6    598.7
     1     1    11     1    11    12     0     0  -315.0   32.748    0.105   3486.0    580.9
     1     1    11     1    11    11     0     1  -316.0   33.183   -0.108   3464.1    569.1
     1     1    11     1    11    10     0     2  -317.0   33.655   -0.355   3510.5    571.9
     1     1    11     1    11     9     0     3  -318.0   34.131   -0.653   3581.9    575.4
     1     1    11     1    11     8     0     2  -319.0   34.603   -0.991   3677.6    583.0
     1     1    11     1    11     7     0     1  -320.0   35.052   -1.349   3798.2    600.6
     1     1    11     1    11     6     0     0  -321.0   35.458   -1.717   3907.8    615.4
     1     1    11     1    11     5     0     1  -322.0   35.821   -2.078   3981.8    622.6
     1     1    11     1    11     4     0     2  -323.0   36.176   -2.428   3996.1    615.5
     1     1    11     1    11     3     0     3  -324.0   36.554   -2.793   3915.0    586.7
     1     1    11     1    11     2     0     2  -325.0   36.961   -3.209   3792.3    556.1
     1     1    11     1    11     1     0     1  -326.0   37.364   -3.669   3796.0    580.9
     1     1    11     1    11     0     0     0  -327.0   37.727   -4.134   3777.6    605.1
     1     1    11     1    10    23     0     1  -328.0   38.066   -4.609   3738.1    617.8
     1     1    11     1    10    22     0     2  -329.0   38.406   -5.138   3770.6    612.1
     1     1    11     1    10    21     0     3  -330.0   38.722   -5.727   3891.7    605.4
     1     1    11     1    10    20     0     2  -331.0   39.003   -6.348   4025.4    599.0
     1     1    11     1    10    19     0     1  -332.0   39.269   -6.977   4095.8    592.9
     1     1    11     1    10    18     0     0  -333.0   39.516   -7.619   4165.5    586.8
     1     1    11     1    10    17     0     1  -334.0   39.748   -8.282   4253.0    575.9
     1     1    11     1    10    16     0     2  -335.0   39.971   -8.949   4232.3    591.4
     1     1    11     1    10    15     0     3  -336.0   40.154   -9.583   4011.0    620.1
