     3     1
    GDAS    11    10    22     0     0
    GDAS    11    10    29     0     0
    GDAS    11    11     1     0     0
     1 BACKWARD OMEGA   
  2011    11     2    15   -8.870  -56.950  1828.8
     1 PRESSURE
     1     1    11    11     2    15     0     3     0.0   -8.870  -56.950   1828.8    801.5
     1     1    11    11     2    14     0     2    -1.0   -8.745  -56.920   1639.5    821.9
     1     1    11    11     2    13     0     1    -2.0   -8.604  -56.878   1547.9    826.2
     1     1    11    11     2    12     0     0    -3.0   -8.442  -56.833   1525.4    823.8
     1     1    11    11     2    11     0     1    -4.0   -8.274  -56.790   1525.2    816.5
     1     1    11    11     2    10     0     2    -5.0   -8.114  -56.753   1514.6    814.3
     1     1    11    11     2     9     0     3    -6.0   -7.962  -56.721   1501.4    814.1
     1     1    11    11     2     8     0     2    -7.0   -7.820  -56.690   1499.6    817.4
     1     1    11    11     2     7     0     1    -8.0   -7.688  -56.657   1509.7    817.9
     1     1    11    11     2     6     0     0    -9.0   -7.560  -56.623   1520.9    818.4
     1     1    11    11     2     5     0     1   -10.0   -7.436  -56.595   1523.2    820.1
     1     1    11    11     2     4     0     2   -11.0   -7.318  -56.578   1509.4    823.6
     1     1    11    11     2     3     0     3   -12.0   -7.207  -56.573   1477.1    829.0
     1     1    11    11     2     2     0     2   -13.0   -7.103  -56.574   1447.4    835.7
     1     1    11    11     2     1     0     1   -14.0   -7.002  -56.576   1440.5    838.1
     1     1    11    11     2     0     0     0   -15.0   -6.902  -56.579   1456.2    837.5
     1     1    11    11     1    23     0     1   -16.0   -6.800  -56.594   1479.4    833.9
     1     1    11    11     1    22     0     2   -17.0   -6.693  -56.636   1495.3    832.9
     1     1    11    11     1    21     0     3   -18.0   -6.586  -56.704   1507.4    832.3
     1     1    11    11     1    20     0     2   -19.0   -6.482  -56.780   1517.1    832.9
     1     1    11    11     1    19     0     1   -20.0   -6.384  -56.844   1521.6    833.7
     1     1    11    11     1    18     0     0   -21.0   -6.297  -56.897   1515.7    835.4
     1     1    11    11     1    17     0     1   -22.0   -6.214  -56.943   1508.2    838.6
     1     1    11    11     1    16     0     2   -23.0   -6.127  -56.989   1517.4    839.7
     1     1    11    11     1    15     0     3   -24.0   -6.033  -57.037   1554.2    837.6
     1     1    11    11     1    14     0     2   -25.0   -5.930  -57.088   1600.3    830.8
     1     1    11    11     1    13     0     1   -26.0   -5.817  -57.136   1633.9    827.4
     1     1    11    11     1    12     0     0   -27.0   -5.698  -57.183   1659.2    825.1
     1     1    11    11     1    11     0     1   -28.0   -5.586  -57.235   1689.7    822.7
     1     1    11    11     1    10     0     2   -29.0   -5.498  -57.299   1732.6    817.8
     1     1    11    11     1     9     0     3   -30.0   -5.434  -57.372   1784.3    812.4
     1     1    11    11     1     8     0     2   -31.0   -5.389  -57.452   1826.5    806.7
     1     1    11    11     1     7     0     1   -32.0   -5.357  -57.535   1840.6    805.3
     1     1    11    11     1     6     0     0   -33.0   -5.338  -57.618   1827.7    806.4
     1     1    11    11     1     5     0     1   -34.0   -5.326  -57.705   1795.3    810.3
     1     1    11    11     1     4     0     2   -35.0   -5.315  -57.797   1749.4    814.8
     1     1    11    11     1     3     0     3   -36.0   -5.300  -57.896   1688.6    820.8
     1     1    11    11     1     2     0     2   -37.0   -5.280  -57.990   1637.4    828.0
     1     1    11    11     1     1     0     1   -38.0   -5.253  -58.068   1614.7    829.6
     1     1    11    11     1     0     0     0   -39.0   -5.219  -58.130   1606.1    829.4
     1     1    11    10    31    23     0     1   -40.0   -5.193  -58.181   1584.7    829.1
     1     1    11    10    31    22     0     2   -41.0   -5.187  -58.224   1539.6    833.6
     1     1    11    10    31    21     0     3   -42.0   -5.197  -58.256   1480.9    839.2
     1     1    11    10    31    20     0     2   -43.0   -5.218  -58.285   1387.5    846.2
     1     1    11    10    31    19     0     1   -44.0   -5.246  -58.316   1247.6    861.3
     1     1    11    10    31    18     0     0   -45.0   -5.279  -58.348   1079.5    879.6
     1     1    11    10    31    17     0     1   -46.0   -5.311  -58.380    943.8    899.8
     1     1    11    10    31    16     0     2   -47.0   -5.340  -58.414    874.8    906.6
     1     1    11    10    31    15     0     3   -48.0   -5.370  -58.448    857.6    908.5
     1     1    11    10    31    14     0     2   -49.0   -5.403  -58.495    868.9    905.6
     1     1    11    10    31    13     0     1   -50.0   -5.441  -58.559    891.8    903.4
     1     1    11    10    31    12     0     0   -51.0   -5.481  -58.643    929.9    899.6
     1     1    11    10    31    11     0     1   -52.0   -5.508  -58.733    979.0    893.0
     1     1    11    10    31    10     0     2   -53.0   -5.506  -58.818   1026.8    886.9
     1     1    11    10    31     9     0     3   -54.0   -5.471  -58.897   1071.7    881.8
     1     1    11    10    31     8     0     2   -55.0   -5.422  -58.970   1121.9    877.2
     1     1    11    10    31     7     0     1   -56.0   -5.382  -59.036   1164.2    871.9
     1     1    11    10    31     6     0     0   -57.0   -5.350  -59.090   1184.1    869.3
     1     1    11    10    31     5     0     1   -58.0   -5.315  -59.136   1211.7    870.6
     1     1    11    10    31     4     0     2   -59.0   -5.271  -59.179   1284.4    864.1
     1     1    11    10    31     3     0     3   -60.0   -5.223  -59.221   1416.5    852.4
     1     1    11    10    31     2     0     2   -61.0   -5.179  -59.268   1577.5    832.9
     1     1    11    10    31     1     0     1   -62.0   -5.139  -59.327   1713.6    818.8
     1     1    11    10    31     0     0     0   -63.0   -5.092  -59.403   1803.4    809.7
     1     1    11    10    30    23     0     1   -64.0   -5.046  -59.492   1854.6    806.1
     1     1    11    10    30    22     0     2   -65.0   -5.012  -59.591   1898.6    802.8
     1     1    11    10    30    21     0     3   -66.0   -4.991  -59.699   1956.2    797.8
     1     1    11    10    30    20     0     2   -67.0   -4.969  -59.808   1981.5    790.6
     1     1    11    10    30    19     0     1   -68.0   -4.927  -59.900   1900.7    797.6
     1     1    11    10    30    18     0     0   -69.0   -4.865  -59.959   1700.8    816.9
     1     1    11    10    30    17     0     1   -70.0   -4.791  -59.987   1467.5    847.9
     1     1    11    10    30    16     0     2   -71.0   -4.716  -60.007   1264.4    868.4
     1     1    11    10    30    15     0     3   -72.0   -4.640  -60.029   1077.3    887.3
     1     1    11    10    30    14     0     2   -73.0   -4.555  -60.052    924.5    905.9
     1     1    11    10    30    13     0     1   -74.0   -4.456  -60.069    824.6    915.4
     1     1    11    10    30    12     0     0   -75.0   -4.348  -60.084    768.4    920.7
     1     1    11    10    30    11     0     1   -76.0   -4.239  -60.094    744.3    921.6
     1     1    11    10    30    10     0     2   -77.0   -4.137  -60.092    746.5    920.8
     1     1    11    10    30     9     0     3   -78.0   -4.041  -60.077    782.0    916.8
     1     1    11    10    30     8     0     2   -79.0   -3.935  -60.045    812.2    909.3
     1     1    11    10    30     7     0     1   -80.0   -3.813  -59.995    800.0    911.2
     1     1    11    10    30     6     0     0   -81.0   -3.682  -59.924    768.9    916.2
     1     1    11    10    30     5     0     1   -82.0   -3.554  -59.846    737.0    920.2
     1     1    11    10    30     4     0     2   -83.0   -3.435  -59.774    701.7    924.1
     1     1    11    10    30     3     0     3   -84.0   -3.322  -59.708    664.0    928.9
     1     1    11    10    30     2     0     2   -85.0   -3.224  -59.655    629.2    932.9
     1     1    11    10    30     1     0     1   -86.0   -3.149  -59.625    588.4    936.0
     1     1    11    10    30     0     0     0   -87.0   -3.099  -59.621    529.7    941.5
     1     1    11    10    29    23     0     1   -88.0   -3.058  -59.624    474.0    949.4
     1     1    11    10    29    22     0     2   -89.0   -3.007  -59.607    438.0    952.7
     1     1    11    10    29    21     0     3   -90.0   -2.945  -59.565    419.3    953.3
     1     1    11    10    29    20     0     2   -91.0   -2.878  -59.499    408.8    953.6
     1     1    11    10    29    19     0     1   -92.0   -2.815  -59.415    398.5    954.7
     1     1    11    10    29    18     0     0   -93.0   -2.755  -59.311    389.4    955.7
     1     1    11    10    29    17     0     1   -94.0   -2.694  -59.193    382.1    956.9
     1     1    11    10    29    16     0     2   -95.0   -2.629  -59.063    376.6    957.8
     1     1    11    10    29    15     0     3   -96.0   -2.560  -58.923    372.3    959.1
     1     1    11    10    29    14     0     2   -97.0   -2.487  -58.778    372.3    959.8
     1     1    11    10    29    13     0     1   -98.0   -2.405  -58.631    380.8    959.2
     1     1    11    10    29    12     0     0   -99.0   -2.310  -58.476    399.7    957.7
     1     1    11    10    29    11     0     1  -100.0   -2.204  -58.296    428.9    954.0
     1     1    11    10    29    10     0     2  -101.0   -2.087  -58.085    477.0    949.2
     1     1    11    10    29     9     0     3  -102.0   -1.961  -57.845    559.9    939.7
     1     1    11    10    29     8     0     2  -103.0   -1.850  -57.583    632.3    926.4
     1     1    11    10    29     7     0     1  -104.0   -1.767  -57.314    648.4    924.7
     1     1    11    10    29     6     0     0  -105.0   -1.705  -57.042    622.9    927.8
     1     1    11    10    29     5     0     1  -106.0   -1.666  -56.777    583.2    933.4
     1     1    11    10    29     4     0     2  -107.0   -1.654  -56.520    543.6    936.9
     1     1    11    10    29     3     0     3  -108.0   -1.671  -56.266    500.3    941.7
     1     1    11    10    29     2     0     2  -109.0   -1.712  -56.022    466.7    947.3
     1     1    11    10    29     1     0     1  -110.0   -1.766  -55.800    458.2    949.4
     1     1    11    10    29     0     0     0  -111.0   -1.826  -55.588    471.0    948.2
     1     1    11    10    28    23     0     1  -112.0   -1.875  -55.375    492.6    945.7
     1     1    11    10    28    22     0     2  -113.0   -1.901  -55.168    506.7    943.2
     1     1    11    10    28    21     0     3  -114.0   -1.911  -54.982    502.4    942.8
     1     1    11    10    28    20     0     2  -115.0   -1.913  -54.812    496.7    945.6
     1     1    11    10    28    19     0     1  -116.0   -1.914  -54.638    505.8    943.8
     1     1    11    10    28    18     0     0  -117.0   -1.913  -54.462    519.8    941.5
     1     1    11    10    28    17     0     1  -118.0   -1.908  -54.277    533.4    940.1
     1     1    11    10    28    16     0     2  -119.0   -1.891  -54.075    545.7    938.4
     1     1    11    10    28    15     0     3  -120.0   -1.867  -53.858    554.4    937.9
     1     1    11    10    28    14     0     2  -121.0   -1.824  -53.629    565.5    937.8
     1     1    11    10    28    13     0     1  -122.0   -1.753  -53.386    587.8    935.6
     1     1    11    10    28    12     0     0  -123.0   -1.662  -53.133    624.9    932.0
     1     1    11    10    28    11     0     1  -124.0   -1.555  -52.866    663.5    925.5
     1     1    11    10    28    10     0     2  -125.0   -1.436  -52.579    687.3    922.9
     1     1    11    10    28     9     0     3  -126.0   -1.301  -52.272    698.1    922.5
     1     1    11    10    28     8     0     2  -127.0   -1.155  -51.948    702.8    924.8
     1     1    11    10    28     7     0     1  -128.0   -1.006  -51.613    708.7    925.7
     1     1    11    10    28     6     0     0  -129.0   -0.860  -51.272    713.7    926.7
     1     1    11    10    28     5     0     1  -130.0   -0.718  -50.932    714.4    929.3
     1     1    11    10    28     4     0     2  -131.0   -0.581  -50.596    718.9    930.1
     1     1    11    10    28     3     0     3  -132.0   -0.457  -50.258    738.3    928.5
     1     1    11    10    28     2     0     2  -133.0   -0.345  -49.920    768.2    924.6
     1     1    11    10    28     1     0     1  -134.0   -0.247  -49.583    796.3    920.9
     1     1    11    10    28     0     0     0  -135.0   -0.166  -49.235    814.8    918.7
     1     1    11    10    27    23     0     1  -136.0   -0.105  -48.872    832.1    917.6
     1     1    11    10    27    22     0     2  -137.0   -0.065  -48.499    860.4    914.6
     1     1    11    10    27    21     0     3  -138.0   -0.043  -48.107    901.7    910.0
     1     1    11    10    27    20     0     2  -139.0   -0.043  -47.709    947.5    904.3
     1     1    11    10    27    19     0     1  -140.0   -0.063  -47.322    990.4    899.9
     1     1    11    10    27    18     0     0  -141.0   -0.095  -46.946   1030.6    895.8
     1     1    11    10    27    17     0     1  -142.0   -0.138  -46.578   1067.5    892.5
     1     1    11    10    27    16     0     2  -143.0   -0.193  -46.215   1098.6    889.7
     1     1    11    10    27    15     0     3  -144.0   -0.261  -45.851   1120.5    887.8
     1     1    11    10    27    14     0     2  -145.0   -0.329  -45.482   1136.5    886.8
     1     1    11    10    27    13     0     1  -146.0   -0.386  -45.109   1151.5    885.4
     1     1    11    10    27    12     0     0  -147.0   -0.431  -44.733   1165.0    884.1
     1     1    11    10    27    11     0     1  -148.0   -0.465  -44.354   1173.6    882.3
     1     1    11    10    27    10     0     2  -149.0   -0.493  -43.974   1172.6    881.7
     1     1    11    10    27     9     0     3  -150.0   -0.518  -43.589   1166.2    882.6
     1     1    11    10    27     8     0     2  -151.0   -0.540  -43.197   1169.3    883.0
     1     1    11    10    27     7     0     1  -152.0   -0.556  -42.805   1187.8    880.8
     1     1    11    10    27     6     0     0  -153.0   -0.565  -42.421   1213.9    877.4
     1     1    11    10    27     5     0     1  -154.0   -0.573  -42.043   1234.9    874.9
     1     1    11    10    27     4     0     2  -155.0   -0.585  -41.670   1250.5    874.4
     1     1    11    10    27     3     0     3  -156.0   -0.601  -41.305   1269.0    873.1
     1     1    11    10    27     2     0     2  -157.0   -0.622  -40.949   1295.1    871.0
     1     1    11    10    27     1     0     1  -158.0   -0.648  -40.603   1331.5    867.6
     1     1    11    10    27     0     0     0  -159.0   -0.679  -40.265   1380.2    863.3
     1     1    11    10    26    23     0     1  -160.0   -0.713  -39.941   1438.4    856.6
     1     1    11    10    26    22     0     2  -161.0   -0.746  -39.636   1495.4    849.9
     1     1    11    10    26    21     0     3  -162.0   -0.776  -39.349   1545.7    844.3
     1     1    11    10    26    20     0     2  -163.0   -0.800  -39.074   1584.6    839.9
     1     1    11    10    26    19     0     1  -164.0   -0.819  -38.805   1609.4    837.8
     1     1    11    10    26    18     0     0  -165.0   -0.834  -38.546   1624.9    836.5
     1     1    11    10    26    17     0     1  -166.0   -0.845  -38.291   1643.9    835.9
     1     1    11    10    26    16     0     2  -167.0   -0.844  -38.032   1674.9    833.0
     1     1    11    10    26    15     0     3  -168.0   -0.826  -37.772   1714.8    829.3
     1     1    11    10    26    14     0     2  -169.0   -0.795  -37.511   1753.0    825.0
     1     1    11    10    26    13     0     1  -170.0   -0.757  -37.250   1783.7    822.6
     1     1    11    10    26    12     0     0  -171.0   -0.713  -36.989   1811.0    820.4
     1     1    11    10    26    11     0     1  -172.0   -0.658  -36.722   1822.5    817.4
     1     1    11    10    26    10     0     2  -173.0   -0.593  -36.447   1821.9    818.6
     1     1    11    10    26     9     0     3  -174.0   -0.519  -36.161   1843.8    817.5
     1     1    11    10    26     8     0     2  -175.0   -0.444  -35.876   1889.9    811.6
     1     1    11    10    26     7     0     1  -176.0   -0.376  -35.602   1933.9    806.3
     1     1    11    10    26     6     0     0  -177.0   -0.316  -35.340   1966.9    803.2
     1     1    11    10    26     5     0     1  -178.0   -0.262  -35.088   1987.8    801.3
     1     1    11    10    26     4     0     2  -179.0   -0.209  -34.843   1996.9    800.9
     1     1    11    10    26     3     0     3  -180.0   -0.159  -34.602   1999.4    801.2
     1     1    11    10    26     2     0     2  -181.0   -0.115  -34.369   2006.0    801.7
     1     1    11    10    26     1     0     1  -182.0   -0.075  -34.147   2021.5    800.3
     1     1    11    10    26     0     0     0  -183.0   -0.037  -33.936   2039.1    798.7
     1     1    11    10    25    23     0     1  -184.0   -0.000  -33.732   2055.9    796.8
     1     1    11    10    25    22     0     2  -185.0    0.033  -33.533   2073.7    795.0
     1     1    11    10    25    21     0     3  -186.0    0.061  -33.342   2095.5    792.8
     1     1    11    10    25    20     0     2  -187.0    0.083  -33.160   2117.8    790.0
     1     1    11    10    25    19     0     1  -188.0    0.103  -32.985   2135.8    788.0
     1     1    11    10    25    18     0     0  -189.0    0.121  -32.816   2147.9    786.4
     1     1    11    10    25    17     0     1  -190.0    0.145  -32.642   2156.5    786.2
     1     1    11    10    25    16     0     2  -191.0    0.181  -32.453   2167.1    785.7
     1     1    11    10    25    15     0     3  -192.0    0.231  -32.253   2183.9    784.5
     1     1    11    10    25    14     0     2  -193.0    0.290  -32.046   2205.1    782.5
     1     1    11    10    25    13     0     1  -194.0    0.352  -31.835   2223.1    780.8
     1     1    11    10    25    12     0     0  -195.0    0.415  -31.616   2233.7    780.0
     1     1    11    10    25    11     0     1  -196.0    0.479  -31.394   2237.0    779.5
     1     1    11    10    25    10     0     2  -197.0    0.542  -31.172   2234.4    779.5
     1     1    11    10    25     9     0     3  -198.0    0.603  -30.950   2227.1    779.9
     1     1    11    10    25     8     0     2  -199.0    0.661  -30.736   2223.2    780.9
     1     1    11    10    25     7     0     1  -200.0    0.713  -30.535   2229.6    780.2
     1     1    11    10    25     6     0     0  -201.0    0.759  -30.348   2244.2    778.8
     1     1    11    10    25     5     0     1  -202.0    0.801  -30.174   2258.4    777.1
     1     1    11    10    25     4     0     2  -203.0    0.839  -30.008   2262.2    776.8
     1     1    11    10    25     3     0     3  -204.0    0.872  -29.846   2253.2    777.9
     1     1    11    10    25     2     0     2  -205.0    0.903  -29.689   2241.5    780.1
     1     1    11    10    25     1     0     1  -206.0    0.933  -29.535   2239.9    780.7
     1     1    11    10    25     0     0     0  -207.0    0.964  -29.386   2252.3    780.0
     1     1    11    10    24    23     0     1  -208.0    0.992  -29.246   2277.2    777.1
     1     1    11    10    24    22     0     2  -209.0    1.014  -29.115   2310.2    773.6
     1     1    11    10    24    21     0     3  -210.0    1.027  -28.995   2349.9    769.6
     1     1    11    10    24    20     0     2  -211.0    1.031  -28.880   2389.5    765.2
     1     1    11    10    24    19     0     1  -212.0    1.025  -28.762   2421.7    762.0
     1     1    11    10    24    18     0     0  -213.0    1.007  -28.641   2445.6    759.6
     1     1    11    10    24    17     0     1  -214.0    0.982  -28.515   2464.5    758.6
     1     1    11    10    24    16     0     2  -215.0    0.956  -28.384   2480.7    757.3
     1     1    11    10    24    15     0     3  -216.0    0.930  -28.248   2492.5    756.5
     1     1    11    10    24    14     0     2  -217.0    0.903  -28.109   2497.4    756.3
     1     1    11    10    24    13     0     1  -218.0    0.873  -27.967   2496.1    756.9
     1     1    11    10    24    12     0     0  -219.0    0.839  -27.825   2493.6    757.7
     1     1    11    10    24    11     0     1  -220.0    0.803  -27.684   2504.3    757.7
     1     1    11    10    24    10     0     2  -221.0    0.762  -27.545   2539.4    754.3
     1     1    11    10    24     9     0     3  -222.0    0.715  -27.408   2595.4    749.0
     1     1    11    10    24     8     0     2  -223.0    0.664  -27.267   2654.0    742.3
     1     1    11    10    24     7     0     1  -224.0    0.611  -27.119   2697.2    738.4
     1     1    11    10    24     6     0     0  -225.0    0.554  -26.962   2724.7    735.8
     1     1    11    10    24     5     0     1  -226.0    0.492  -26.794   2738.1    734.7
     1     1    11    10    24     4     0     2  -227.0    0.424  -26.616   2738.8    734.7
     1     1    11    10    24     3     0     3  -228.0    0.350  -26.431   2727.9    735.9
     1     1    11    10    24     2     0     2  -229.0    0.269  -26.241   2714.8    738.1
     1     1    11    10    24     1     0     1  -230.0    0.178  -26.048   2707.3    739.0
     1     1    11    10    24     0     0     0  -231.0    0.081  -25.851   2703.6    739.5
     1     1    11    10    23    23     0     1  -232.0   -0.022  -25.654   2695.7    739.1
     1     1    11    10    23    22     0     2  -233.0   -0.132  -25.462   2676.1    740.3
     1     1    11    10    23    21     0     3  -234.0   -0.248  -25.270   2644.7    742.6
     1     1    11    10    23    20     0     2  -235.0   -0.375  -25.078   2610.9    746.0
     1     1    11    10    23    19     0     1  -236.0   -0.515  -24.883   2585.8    748.1
     1     1    11    10    23    18     0     0  -237.0   -0.668  -24.685   2574.9    749.0
     1     1    11    10    23    17     0     1  -238.0   -0.825  -24.482   2580.4    748.6
     1     1    11    10    23    16     0     2  -239.0   -0.973  -24.272   2594.9    746.9
     1     1    11    10    23    15     0     3  -240.0   -1.107  -24.056   2608.9    745.6
     1     1    11    10    23    14     0     2  -241.0   -1.232  -23.834   2620.0    745.1
     1     1    11    10    23    13     0     1  -242.0   -1.356  -23.606   2631.9    744.6
     1     1    11    10    23    12     0     0  -243.0   -1.481  -23.374   2649.0    743.7
     1     1    11    10    23    11     0     1  -244.0   -1.612  -23.145   2669.5    741.4
     1     1    11    10    23    10     0     2  -245.0   -1.751  -22.925   2686.0    739.5
     1     1    11    10    23     9     0     3  -246.0   -1.901  -22.715   2693.4    738.5
     1     1    11    10    23     8     0     2  -247.0   -2.057  -22.510   2687.2    738.6
     1     1    11    10    23     7     0     1  -248.0   -2.216  -22.304   2667.5    740.2
     1     1    11    10    23     6     0     0  -249.0   -2.381  -22.098   2637.9    742.7
     1     1    11    10    23     5     0     1  -250.0   -2.550  -21.890   2604.6    746.1
     1     1    11    10    23     4     0     2  -251.0   -2.719  -21.678   2569.7    749.0
     1     1    11    10    23     3     0     3  -252.0   -2.888  -21.463   2530.9    752.5
     1     1    11    10    23     2     0     2  -253.0   -3.057  -21.245   2500.9    756.5
     1     1    11    10    23     1     0     1  -254.0   -3.228  -21.021   2494.3    757.6
     1     1    11    10    23     0     0     0  -255.0   -3.400  -20.793   2513.5    756.1
     1     1    11    10    22    23     0     1  -256.0   -3.576  -20.569   2546.1    751.9
     1     1    11    10    22    22     0     2  -257.0   -3.760  -20.354   2581.5    748.6
     1     1    11    10    22    21     0     3  -258.0   -3.954  -20.149   2621.0    744.9
     1     1    11    10    22    20     0     2  -259.0   -4.151  -19.950   2654.1    740.8
     1     1    11    10    22    19     0     1  -260.0   -4.345  -19.755   2671.0    739.1
     1     1    11    10    22    18     0     0  -261.0   -4.535  -19.564   2673.4    738.7
     1     1    11    10    22    17     0     1  -262.0   -4.726  -19.376   2675.5    739.8
     1     1    11    10    22    16     0     2  -263.0   -4.920  -19.186   2689.1    738.6
     1     1    11    10    22    15     0     3  -264.0   -5.114  -18.996   2713.4    736.7
     1     1    11    10    22    14     0     2  -265.0   -5.301  -18.814   2743.0    734.0
     1     1    11    10    22    13     0     1  -266.0   -5.480  -18.643   2771.8    731.9
     1     1    11    10    22    12     0     0  -267.0   -5.649  -18.485   2799.8    729.9
     1     1    11    10    22    11     0     1  -268.0   -5.804  -18.332   2829.6    727.5
     1     1    11    10    22    10     0     2  -269.0   -5.942  -18.180   2865.1    724.5
     1     1    11    10    22     9     0     3  -270.0   -6.064  -18.028   2908.7    720.8
     1     1    11    10    22     8     0     2  -271.0   -6.171  -17.877   2956.6    716.0
     1     1    11    10    22     7     0     1  -272.0   -6.268  -17.730   3000.4    711.7
     1     1    11    10    22     6     0     0  -273.0   -6.355  -17.586   3033.7    708.4
     1     1    11    10    22     5     0     1  -274.0   -6.432  -17.441   3057.1    706.8
     1     1    11    10    22     4     0     2  -275.0   -6.500  -17.290   3074.8    705.5
     1     1    11    10    22     3     0     3  -276.0   -6.557  -17.135   3088.9    704.4
     1     1    11    10    22     2     0     2  -277.0   -6.605  -16.977   3098.2    703.7
     1     1    11    10    22     1     0     1  -278.0   -6.644  -16.815   3101.0    703.8
     1     1    11    10    22     0     0     0  -279.0   -6.675  -16.649   3097.6    704.3
