     3     1
    GDAS    11    10     8     0     0
    GDAS    11    10    15     0     0
    GDAS    11    10    22     0     0
     1 BACKWARD OMEGA   
  2011    10    24    16   -8.860  -56.730  3048.0
     1 PRESSURE
     1     1    11    10    24    16     0     2     0.0   -8.860  -56.730   3048.0    691.1
     1     1    11    10    24    15     0     3    -1.0   -8.634  -56.566   2956.5    694.0
     1     1    11    10    24    14     0     2    -2.0   -8.408  -56.390   2893.5    698.0
     1     1    11    10    24    13     0     1    -3.0   -8.183  -56.206   2885.5    693.5
     1     1    11    10    24    12     0     0    -4.0   -7.952  -56.016   2915.5    687.5
     1     1    11    10    24    11     0     1    -5.0   -7.713  -55.823   2956.2    685.8
     1     1    11    10    24    10     0     2    -6.0   -7.464  -55.630   2975.4    688.1
     1     1    11    10    24     9     0     3    -7.0   -7.201  -55.441   2977.3    691.4
     1     1    11    10    24     8     0     2    -8.0   -6.933  -55.251   2961.3    695.2
     1     1    11    10    24     7     0     1    -9.0   -6.672  -55.055   2922.4    697.8
     1     1    11    10    24     6     0     0   -10.0   -6.420  -54.856   2878.5    702.4
     1     1    11    10    24     5     0     1   -11.0   -6.179  -54.650   2853.3    706.3
     1     1    11    10    24     4     0     2   -12.0   -5.951  -54.430   2859.7    707.4
     1     1    11    10    24     3     0     3   -13.0   -5.734  -54.202   2888.5    705.7
     1     1    11    10    24     2     0     2   -14.0   -5.534  -53.978   2914.2    703.3
     1     1    11    10    24     1     0     1   -15.0   -5.354  -53.766   2922.7    702.1
     1     1    11    10    24     0     0     0   -16.0   -5.186  -53.564   2923.1    703.5
     1     1    11    10    23    23     0     1   -17.0   -5.020  -53.371   2890.3    704.1
     1     1    11    10    23    22     0     2   -18.0   -4.853  -53.184   2794.6    713.9
     1     1    11    10    23    21     0     3   -19.0   -4.687  -52.998   2657.8    728.6
     1     1    11    10    23    20     0     2   -20.0   -4.529  -52.818   2538.7    743.4
     1     1    11    10    23    19     0     1   -21.0   -4.384  -52.649   2459.7    749.3
     1     1    11    10    23    18     0     0   -22.0   -4.256  -52.495   2394.0    755.6
     1     1    11    10    23    17     0     1   -23.0   -4.132  -52.351   2336.3    762.3
     1     1    11    10    23    16     0     2   -24.0   -3.989  -52.214   2284.1    768.6
     1     1    11    10    23    15     0     3   -25.0   -3.823  -52.086   2239.7    773.7
     1     1    11    10    23    14     0     2   -26.0   -3.650  -51.964   2219.6    776.7
     1     1    11    10    23    13     0     1   -27.0   -3.485  -51.845   2230.5    776.1
     1     1    11    10    23    12     0     0   -28.0   -3.322  -51.734   2268.1    773.2
     1     1    11    10    23    11     0     1   -29.0   -3.156  -51.623   2310.0    768.0
     1     1    11    10    23    10     0     2   -30.0   -2.982  -51.502   2333.9    766.3
     1     1    11    10    23     9     0     3   -31.0   -2.799  -51.363   2336.1    766.7
     1     1    11    10    23     8     0     2   -32.0   -2.608  -51.214   2314.6    769.3
     1     1    11    10    23     7     0     1   -33.0   -2.413  -51.068   2272.5    774.1
     1     1    11    10    23     6     0     0   -34.0   -2.215  -50.928   2219.9    779.9
     1     1    11    10    23     5     0     1   -35.0   -2.017  -50.809   2182.7    786.1
     1     1    11    10    23     4     0     2   -36.0   -1.826  -50.729   2175.4    786.9
     1     1    11    10    23     3     0     3   -37.0   -1.642  -50.685   2189.9    785.7
     1     1    11    10    23     2     0     2   -38.0   -1.467  -50.674   2230.5    782.8
     1     1    11    10    23     1     0     1   -39.0   -1.300  -50.691   2306.3    775.8
     1     1    11    10    23     0     0     0   -40.0   -1.136  -50.742   2415.0    765.5
     1     1    11    10    22    23     0     1   -41.0   -0.968  -50.804   2506.2    752.4
     1     1    11    10    22    22     0     2   -42.0   -0.800  -50.850   2537.1    749.6
     1     1    11    10    22    21     0     3   -43.0   -0.637  -50.878   2521.7    751.2
     1     1    11    10    22    20     0     2   -44.0   -0.481  -50.907   2504.2    756.0
     1     1    11    10    22    19     0     1   -45.0   -0.328  -50.950   2516.6    754.5
     1     1    11    10    22    18     0     0   -46.0   -0.174  -51.007   2546.1    751.2
     1     1    11    10    22    17     0     1   -47.0   -0.023  -51.079   2577.7    747.4
     1     1    11    10    22    16     0     2   -48.0    0.117  -51.166   2618.0    743.7
     1     1    11    10    22    15     0     3   -49.0    0.244  -51.269   2683.2    737.3
     1     1    11    10    22    14     0     2   -50.0    0.363  -51.392   2768.8    727.2
     1     1    11    10    22    13     0     1   -51.0    0.476  -51.536   2865.2    717.1
     1     1    11    10    22    12     0     0   -52.0    0.585  -51.701   2976.6    706.0
     1     1    11    10    22    11     0     1   -53.0    0.690  -51.868   3080.6    693.1
     1     1    11    10    22    10     0     2   -54.0    0.782  -52.017   3150.9    685.6
     1     1    11    10    22     9     0     3   -55.0    0.855  -52.146   3186.1    681.7
     1     1    11    10    22     8     0     2   -56.0    0.911  -52.274   3196.8    681.3
     1     1    11    10    22     7     0     1   -57.0    0.952  -52.422   3196.9    680.6
     1     1    11    10    22     6     0     0   -58.0    0.979  -52.589   3188.3    680.4
     1     1    11    10    22     5     0     1   -59.0    0.991  -52.772   3181.6    681.2
     1     1    11    10    22     4     0     2   -60.0    0.986  -52.963   3208.4    680.0
     1     1    11    10    22     3     0     3   -61.0    0.964  -53.153   3288.0    672.8
     1     1    11    10    22     2     0     2   -62.0    0.925  -53.342   3402.7    661.3
     1     1    11    10    22     1     0     1   -63.0    0.870  -53.529   3551.9    649.6
     1     1    11    10    22     0     0     0   -64.0    0.796  -53.707   3765.6    633.1
     1     1    11    10    21    23     0     1   -65.0    0.699  -53.863   3921.1    609.6
     1     1    11    10    21    22     0     2   -66.0    0.586  -54.009   3882.1    610.6
     1     1    11    10    21    21     0     3   -67.0    0.463  -54.160   3704.0    627.8
     1     1    11    10    21    20     0     2   -68.0    0.331  -54.328   3546.4    646.5
     1     1    11    10    21    19     0     1   -69.0    0.191  -54.510   3459.0    648.6
     1     1    11    10    21    18     0     0   -70.0    0.043  -54.703   3362.3    651.9
     1     1    11    10    21    17     0     1   -71.0   -0.105  -54.906   3257.8    662.6
     1     1    11    10    21    16     0     2   -72.0   -0.249  -55.108   3181.2    670.4
     1     1    11    10    21    15     0     3   -73.0   -0.389  -55.311   3133.6    677.1
     1     1    11    10    21    14     0     2   -74.0   -0.524  -55.524   3115.7    680.0
     1     1    11    10    21    13     0     1   -75.0   -0.655  -55.762   3127.6    680.6
     1     1    11    10    21    12     0     0   -76.0   -0.782  -56.021   3174.5    678.5
     1     1    11    10    21    11     0     1   -77.0   -0.900  -56.294   3228.0    673.7
     1     1    11    10    21    10     0     2   -78.0   -1.004  -56.582   3258.9    673.8
     1     1    11    10    21     9     0     3   -79.0   -1.096  -56.882   3262.2    675.4
     1     1    11    10    21     8     0     2   -80.0   -1.187  -57.189   3246.2    679.9
     1     1    11    10    21     7     0     1   -81.0   -1.287  -57.499   3237.0    682.5
     1     1    11    10    21     6     0     0   -82.0   -1.395  -57.811   3241.3    682.8
     1     1    11    10    21     5     0     1   -83.0   -1.505  -58.125   3262.1    682.6
     1     1    11    10    21     4     0     2   -84.0   -1.614  -58.447   3273.4    679.2
     1     1    11    10    21     3     0     3   -85.0   -1.724  -58.777   3199.9    681.8
     1     1    11    10    21     2     0     2   -86.0   -1.843  -59.109   3066.9    698.0
     1     1    11    10    21     1     0     1   -87.0   -1.975  -59.441   2983.9    708.4
     1     1    11    10    21     0     0     0   -88.0   -2.118  -59.780   2985.5    708.0
     1     1    11    10    20    23     0     1   -89.0   -2.274  -60.124   3016.1    702.1
     1     1    11    10    20    22     0     2   -90.0   -2.437  -60.471   3017.1    702.6
     1     1    11    10    20    21     0     3   -91.0   -2.605  -60.820   2965.5    706.4
     1     1    11    10    20    20     0     2   -92.0   -2.776  -61.173   2890.7    717.5
     1     1    11    10    20    19     0     1   -93.0   -2.944  -61.530   2844.7    722.7
     1     1    11    10    20    18     0     0   -94.0   -3.112  -61.876   2828.3    724.1
     1     1    11    10    20    17     0     1   -95.0   -3.280  -62.214   2823.7    724.2
     1     1    11    10    20    16     0     2   -96.0   -3.452  -62.553   2830.4    725.3
     1     1    11    10    20    15     0     3   -97.0   -3.627  -62.893   2867.2    723.4
     1     1    11    10    20    14     0     2   -98.0   -3.796  -63.228   2918.7    716.9
     1     1    11    10    20    13     0     1   -99.0   -3.955  -63.556   2955.9    713.0
     1     1    11    10    20    12     0     0  -100.0   -4.108  -63.883   2967.5    711.3
     1     1    11    10    20    11     0     1  -101.0   -4.254  -64.213   2960.0    711.8
     1     1    11    10    20    10     0     2  -102.0   -4.385  -64.554   2954.8    711.4
     1     1    11    10    20     9     0     3  -103.0   -4.496  -64.905   2973.9    708.7
     1     1    11    10    20     8     0     2  -104.0   -4.592  -65.256   3016.2    703.4
     1     1    11    10    20     7     0     1  -105.0   -4.682  -65.595   3061.4    698.9
     1     1    11    10    20     6     0     0  -106.0   -4.769  -65.916   3100.0    695.3
     1     1    11    10    20     5     0     1  -107.0   -4.850  -66.229   3127.8    693.5
     1     1    11    10    20     4     0     2  -108.0   -4.919  -66.542   3148.6    693.4
     1     1    11    10    20     3     0     3  -109.0   -4.981  -66.857   3176.6    693.0
     1     1    11    10    20     2     0     2  -110.0   -5.032  -67.171   3197.6    689.0
     1     1    11    10    20     1     0     1  -111.0   -5.066  -67.486   3185.1    688.2
     1     1    11    10    20     0     0     0  -112.0   -5.077  -67.808   3132.5    691.2
     1     1    11    10    19    23     0     1  -113.0   -5.069  -68.133   3085.6    698.0
     1     1    11    10    19    22     0     2  -114.0   -5.054  -68.462   3093.9    697.1
     1     1    11    10    19    21     0     3  -115.0   -5.038  -68.801   3162.5    691.2
     1     1    11    10    19    20     0     2  -116.0   -5.013  -69.136   3280.8    680.7
     1     1    11    10    19    19     0     1  -117.0   -4.968  -69.456   3402.5    668.5
     1     1    11    10    19    18     0     0  -118.0   -4.909  -69.770   3458.5    661.6
     1     1    11    10    19    17     0     1  -119.0   -4.850  -70.083   3446.4    665.3
     1     1    11    10    19    16     0     2  -120.0   -4.801  -70.398   3423.0    669.7
     1     1    11    10    19    15     0     3  -121.0   -4.765  -70.713   3412.3    670.5
     1     1    11    10    19    14     0     2  -122.0   -4.739  -71.021   3402.0    670.5
     1     1    11    10    19    13     0     1  -123.0   -4.717  -71.318   3381.8    671.9
     1     1    11    10    19    12     0     0  -124.0   -4.698  -71.607   3352.2    674.3
     1     1    11    10    19    11     0     1  -125.0   -4.685  -71.903   3320.1    677.1
     1     1    11    10    19    10     0     2  -126.0   -4.682  -72.214   3290.8    679.3
     1     1    11    10    19     9     0     3  -127.0   -4.699  -72.532   3260.9    681.1
     1     1    11    10    19     8     0     2  -128.0   -4.732  -72.850   3228.2    684.0
     1     1    11    10    19     7     0     1  -129.0   -4.766  -73.165   3197.2    686.5
     1     1    11    10    19     6     0     0  -130.0   -4.807  -73.476   3169.5    687.9
     1     1    11    10    19     5     0     1  -131.0   -4.859  -73.772   3148.9    689.5
     1     1    11    10    19     4     0     2  -132.0   -4.912  -74.044   3138.9    690.1
     1     1    11    10    19     3     0     3  -133.0   -4.964  -74.289   3121.6    690.3
     1     1    11    10    19     2     0     2  -134.0   -5.022  -74.513   3079.4    693.5
     1     1    11    10    19     1     0     1  -135.0   -5.097  -74.730   3024.5    698.4
     1     1    11    10    19     0     0     0  -136.0   -5.193  -74.946   2977.6    702.4
     1     1    11    10    18    23     0     1  -137.0   -5.300  -75.158   2965.9    704.0
     1     1    11    10    18    22     0     2  -138.0   -5.405  -75.365   2993.9    699.7
     1     1    11    10    18    21     0     3  -139.0   -5.510  -75.573   3041.7    693.9
     1     1    11    10    18    20     0     2  -140.0   -5.619  -75.783   3074.0    688.5
     1     1    11    10    18    19     0     1  -141.0   -5.722  -75.985   3075.9    688.5
     1     1    11    10    18    18     0     0  -142.0   -5.806  -76.175   3049.2    682.8
     1     1    11    10    18    17     0     1  -143.0   -5.878  -76.356   3001.1    676.6
     1     1    11    10    18    16     0     2  -144.0   -5.947  -76.530   2931.1    672.0
     1     1    11    10    18    15     0     3  -145.0   -6.010  -76.694   2850.6    668.3
     1     1    11    10    18    14     0     2  -146.0   -6.067  -76.864   2790.8    665.9
     1     1    11    10    18    13     0     1  -147.0   -6.118  -77.058   2764.0    657.0
     1     1    11    10    18    12     0     0  -148.0   -6.162  -77.272   2765.6    640.1
     1     1    11    10    18    11     0     1  -149.0   -6.201  -77.482   2801.5    618.3
     1     1    11    10    18    10     0     2  -150.0   -6.239  -77.666   2860.3    596.0
     1     1    11    10    18     9     0     3  -151.0   -6.278  -77.820   2931.3    574.3
     1     1    11    10    18     8     0     2  -152.0   -6.325  -77.953   3006.2    553.8
     1     1    11    10    18     7     0     1  -153.0   -6.387  -78.081   3096.2    539.4
     1     1    11    10    18     6     0     0  -154.0   -6.459  -78.209   3195.2    529.5
     1     1    11    10    18     5     0     1  -155.0   -6.537  -78.338   3298.7    520.5
     1     1    11    10    18     4     0     2  -156.0   -6.615  -78.467   3405.2    511.6
     1     1    11    10    18     3     0     3  -157.0   -6.687  -78.595   3501.6    504.5
     1     1    11    10    18     2     0     2  -158.0   -6.747  -78.722   3571.6    499.8
     1     1    11    10    18     1     0     1  -159.0   -6.792  -78.852   3611.4    499.3
     1     1    11    10    18     0     0     0  -160.0   -6.822  -78.983   3630.3    501.0
     1     1    11    10    17    23     0     1  -161.0   -6.833  -79.124   3666.5    517.2
     1     1    11    10    17    22     0     2  -162.0   -6.819  -79.286   3701.3    539.1
     1     1    11    10    17    21     0     3  -163.0   -6.774  -79.475   3737.7    565.3
     1     1    11    10    17    20     0     2  -164.0   -6.700  -79.685   3787.3    594.3
     1     1    11    10    17    19     0     1  -165.0   -6.602  -79.905   3849.0    622.3
     1     1    11    10    17    18     0     0  -166.0   -6.485  -80.125   3880.0    634.4
     1     1    11    10    17    17     0     1  -167.0   -6.369  -80.335   3902.0    634.1
     1     1    11    10    17    16     0     2  -168.0   -6.266  -80.534   3950.9    630.7
     1     1    11    10    17    15     0     3  -169.0   -6.174  -80.724   4025.5    625.3
     1     1    11    10    17    14     0     2  -170.0   -6.089  -80.915   4110.2    617.4
     1     1    11    10    17    13     0     1  -171.0   -6.010  -81.118   4184.2    611.3
     1     1    11    10    17    12     0     0  -172.0   -5.933  -81.328   4239.5    607.6
     1     1    11    10    17    11     0     1  -173.0   -5.859  -81.541   4279.6    606.1
     1     1    11    10    17    10     0     2  -174.0   -5.787  -81.747   4314.5    604.7
     1     1    11    10    17     9     0     3  -175.0   -5.718  -81.945   4349.8    603.2
     1     1    11    10    17     8     0     2  -176.0   -5.654  -82.145   4386.8    600.8
     1     1    11    10    17     7     0     1  -177.0   -5.598  -82.359   4426.8    597.9
     1     1    11    10    17     6     0     0  -178.0   -5.550  -82.586   4470.0    594.8
     1     1    11    10    17     5     0     1  -179.0   -5.505  -82.812   4516.7    591.7
     1     1    11    10    17     4     0     2  -180.0   -5.458  -83.024   4568.0    588.2
     1     1    11    10    17     3     0     3  -181.0   -5.410  -83.224   4617.7    584.3
     1     1    11    10    17     2     0     2  -182.0   -5.362  -83.421   4647.3    581.0
     1     1    11    10    17     1     0     1  -183.0   -5.316  -83.628   4651.2    580.7
     1     1    11    10    17     0     0     0  -184.0   -5.270  -83.849   4642.4    581.4
     1     1    11    10    16    23     0     1  -185.0   -5.230  -84.082   4630.5    582.5
     1     1    11    10    16    22     0     2  -186.0   -5.198  -84.320   4617.7    583.4
     1     1    11    10    16    21     0     3  -187.0   -5.174  -84.562   4606.7    584.4
     1     1    11    10    16    20     0     2  -188.0   -5.157  -84.814   4605.3    585.0
     1     1    11    10    16    19     0     1  -189.0   -5.145  -85.080   4615.4    584.1
     1     1    11    10    16    18     0     0  -190.0   -5.136  -85.358   4632.5    582.9
     1     1    11    10    16    17     0     1  -191.0   -5.132  -85.633   4652.6    581.7
     1     1    11    10    16    16     0     2  -192.0   -5.132  -85.894   4670.2    580.6
     1     1    11    10    16    15     0     3  -193.0   -5.135  -86.144   4682.2    580.0
     1     1    11    10    16    14     0     2  -194.0   -5.145  -86.393   4690.4    579.1
     1     1    11    10    16    13     0     1  -195.0   -5.168  -86.650   4698.7    578.1
     1     1    11    10    16    12     0     0  -196.0   -5.205  -86.917   4709.8    576.9
     1     1    11    10    16    11     0     1  -197.0   -5.254  -87.193   4719.0    575.8
     1     1    11    10    16    10     0     2  -198.0   -5.311  -87.473   4722.6    575.7
     1     1    11    10    16     9     0     3  -199.0   -5.373  -87.753   4726.8    575.7
     1     1    11    10    16     8     0     2  -200.0   -5.439  -88.029   4729.9    575.2
     1     1    11    10    16     7     0     1  -201.0   -5.510  -88.303   4723.4    575.7
     1     1    11    10    16     6     0     0  -202.0   -5.590  -88.580   4709.0    577.1
     1     1    11    10    16     5     0     1  -203.0   -5.680  -88.861   4707.5    578.7
     1     1    11    10    16     4     0     2  -204.0   -5.777  -89.146   4734.0    576.8
     1     1    11    10    16     3     0     3  -205.0   -5.878  -89.431   4780.7    573.4
     1     1    11    10    16     2     0     2  -206.0   -5.979  -89.714   4825.0    568.7
     1     1    11    10    16     1     0     1  -207.0   -6.078  -89.995   4848.6    566.5
     1     1    11    10    16     0     0     0  -208.0   -6.176  -90.275   4857.5    566.0
     1     1    11    10    15    23     0     1  -209.0   -6.269  -90.556   4868.4    565.9
     1     1    11    10    15    22     0     2  -210.0   -6.356  -90.840   4888.9    564.3
     1     1    11    10    15    21     0     3  -211.0   -6.437  -91.127   4915.2    562.4
     1     1    11    10    15    20     0     2  -212.0   -6.516  -91.416   4943.7    560.4
     1     1    11    10    15    19     0     1  -213.0   -6.596  -91.702   4970.2    558.5
     1     1    11    10    15    18     0     0  -214.0   -6.676  -91.987   4991.8    557.1
     1     1    11    10    15    17     0     1  -215.0   -6.754  -92.270   5008.7    556.3
     1     1    11    10    15    16     0     2  -216.0   -6.827  -92.549   5025.2    555.5
     1     1    11    10    15    15     0     3  -217.0   -6.897  -92.824   5046.0    554.4
     1     1    11    10    15    14     0     2  -218.0   -6.964  -93.098   5073.6    552.0
     1     1    11    10    15    13     0     1  -219.0   -7.026  -93.374   5103.3    549.1
     1     1    11    10    15    12     0     0  -220.0   -7.082  -93.655   5122.8    546.7
     1     1    11    10    15    11     0     1  -221.0   -7.129  -93.939   5128.1    546.5
     1     1    11    10    15    10     0     2  -222.0   -7.166  -94.228   5126.3    547.0
     1     1    11    10    15     9     0     3  -223.0   -7.194  -94.520   5126.2    547.3
     1     1    11    10    15     8     0     2  -224.0   -7.216  -94.813   5129.4    547.2
     1     1    11    10    15     7     0     1  -225.0   -7.234  -95.104   5133.0    547.2
     1     1    11    10    15     6     0     0  -226.0   -7.248  -95.393   5137.7    547.2
     1     1    11    10    15     5     0     1  -227.0   -7.259  -95.677   5150.8    547.0
     1     1    11    10    15     4     0     2  -228.0   -7.268  -95.953   5177.3    545.3
     1     1    11    10    15     3     0     3  -229.0   -7.271  -96.223   5210.8    542.9
     1     1    11    10    15     2     0     2  -230.0   -7.269  -96.494   5241.1    540.0
     1     1    11    10    15     1     0     1  -231.0   -7.261  -96.771   5267.5    538.2
     1     1    11    10    15     0     0     0  -232.0   -7.250  -97.053   5300.5    536.0
     1     1    11    10    14    23     0     1  -233.0   -7.234  -97.334   5341.1    533.0
     1     1    11    10    14    22     0     2  -234.0   -7.216  -97.609   5382.7    530.2
     1     1    11    10    14    21     0     3  -235.0   -7.195  -97.878   5422.7    527.6
     1     1    11    10    14    20     0     2  -236.0   -7.177  -98.145   5450.8    525.2
     1     1    11    10    14    19     0     1  -237.0   -7.166  -98.410   5455.5    524.9
     1     1    11    10    14    18     0     0  -238.0   -7.164  -98.674   5434.3    526.4
     1     1    11    10    14    17     0     1  -239.0   -7.169  -98.933   5403.2    529.7
     1     1    11    10    14    16     0     2  -240.0   -7.178  -99.184   5378.8    531.5
     1     1    11    10    14    15     0     3  -241.0   -7.186  -99.426   5361.3    532.7
     1     1    11    10    14    14     0     2  -242.0   -7.190  -99.663   5351.1    533.0
     1     1    11    10    14    13     0     1  -243.0   -7.184  -99.897   5350.7    532.7
     1     1    11    10    14    12     0     0  -244.0   -7.167 -100.132   5361.2    531.5
     1     1    11    10    14    11     0     1  -245.0   -7.144 -100.362   5379.7    530.2
     1     1    11    10    14    10     0     2  -246.0   -7.117 -100.584   5407.1    528.7
     1     1    11    10    14     9     0     3  -247.0   -7.086 -100.799   5450.4    526.1
     1     1    11    10    14     8     0     2  -248.0   -7.055 -101.009   5496.9    522.2
     1     1    11    10    14     7     0     1  -249.0   -7.031 -101.214   5524.6    520.4
     1     1    11    10    14     6     0     0  -250.0   -7.017 -101.411   5528.0    520.5
     1     1    11    10    14     5     0     1  -251.0   -7.010 -101.598   5522.1    522.0
     1     1    11    10    14     4     0     2  -252.0   -7.010 -101.769   5523.8    522.1
     1     1    11    10    14     3     0     3  -253.0   -7.013 -101.925   5535.9    521.5
     1     1    11    10    14     2     0     2  -254.0   -7.025 -102.076   5557.7    519.6
     1     1    11    10    14     1     0     1  -255.0   -7.046 -102.231   5586.0    517.3
     1     1    11    10    14     0     0     0  -256.0   -7.078 -102.389   5616.4    514.8
     1     1    11    10    13    23     0     1  -257.0   -7.117 -102.551   5637.4    513.0
     1     1    11    10    13    22     0     2  -258.0   -7.159 -102.718   5640.1    513.1
     1     1    11    10    13    21     0     3  -259.0   -7.205 -102.890   5625.6    514.3
     1     1    11    10    13    20     0     2  -260.0   -7.261 -103.066   5607.2    516.6
     1     1    11    10    13    19     0     1  -261.0   -7.329 -103.241   5598.7    517.4
     1     1    11    10    13    18     0     0  -262.0   -7.408 -103.411   5600.9    517.4
     1     1    11    10    13    17     0     1  -263.0   -7.491 -103.576   5604.3    516.7
     1     1    11    10    13    16     0     2  -264.0   -7.572 -103.738   5600.0    517.1
     1     1    11    10    13    15     0     3  -265.0   -7.655 -103.899   5587.9    517.9
     1     1    11    10    13    14     0     2  -266.0   -7.741 -104.063   5565.9    518.7
     1     1    11    10    13    13     0     1  -267.0   -7.828 -104.233   5528.8    520.5
     1     1    11    10    13    12     0     0  -268.0   -7.917 -104.416   5471.4    523.7
     1     1    11    10    13    11     0     1  -269.0   -8.006 -104.609   5412.3    529.2
     1     1    11    10    13    10     0     2  -270.0   -8.089 -104.804   5376.9    532.1
     1     1    11    10    13     9     0     3  -271.0   -8.163 -104.996   5375.7    532.6
     1     1    11    10    13     8     0     2  -272.0   -8.228 -105.184   5386.8    530.5
     1     1    11    10    13     7     0     1  -273.0   -8.288 -105.368   5383.6    531.1
     1     1    11    10    13     6     0     0  -274.0   -8.344 -105.549   5367.0    532.6
     1     1    11    10    13     5     0     1  -275.0   -8.397 -105.729   5348.5    534.6
     1     1    11    10    13     4     0     2  -276.0   -8.450 -105.910   5339.3    535.2
     1     1    11    10    13     3     0     3  -277.0   -8.504 -106.092   5338.3    535.2
     1     1    11    10    13     2     0     2  -278.0   -8.556 -106.281   5333.7    534.4
     1     1    11    10    13     1     0     1  -279.0   -8.607 -106.482   5314.4    535.3
     1     1    11    10    13     0     0     0  -280.0   -8.657 -106.697   5280.5    537.3
     1     1    11    10    12    23     0     1  -281.0   -8.699 -106.920   5255.9    540.7
     1     1    11    10    12    22     0     2  -282.0   -8.724 -107.144   5267.0    540.4
     1     1    11    10    12    21     0     3  -283.0   -8.730 -107.364   5317.3    537.2
     1     1    11    10    12    20     0     2  -284.0   -8.722 -107.580   5394.1    531.3
     1     1    11    10    12    19     0     1  -285.0   -8.706 -107.797   5484.9    525.5
     1     1    11    10    12    18     0     0  -286.0   -8.682 -108.018   5590.2    518.7
     1     1    11    10    12    17     0     1  -287.0   -8.645 -108.236   5693.4    510.9
     1     1    11    10    12    16     0     2  -288.0   -8.597 -108.443   5776.5    505.4
     1     1    11    10    12    15     0     3  -289.0   -8.538 -108.641   5836.3    501.4
     1     1    11    10    12    14     0     2  -290.0   -8.474 -108.838   5870.6    498.8
     1     1    11    10    12    13     0     1  -291.0   -8.411 -109.037   5878.1    498.0
     1     1    11    10    12    12     0     0  -292.0   -8.350 -109.236   5860.7    498.9
     1     1    11    10    12    11     0     1  -293.0   -8.287 -109.437   5840.2    501.6
     1     1    11    10    12    10     0     2  -294.0   -8.220 -109.642   5836.1    502.0
     1     1    11    10    12     9     0     3  -295.0   -8.148 -109.853   5850.5    501.3
     1     1    11    10    12     8     0     2  -296.0   -8.071 -110.071   5872.1    499.3
     1     1    11    10    12     7     0     1  -297.0   -7.991 -110.294   5885.4    498.5
     1     1    11    10    12     6     0     0  -298.0   -7.910 -110.517   5887.4    498.6
     1     1    11    10    12     5     0     1  -299.0   -7.824 -110.738   5884.8    499.2
     1     1    11    10    12     4     0     2  -300.0   -7.724 -110.955   5886.1    499.1
     1     1    11    10    12     3     0     3  -301.0   -7.609 -111.170   5897.5    498.6
     1     1    11    10    12     2     0     2  -302.0   -7.480 -111.386   5921.8    496.6
     1     1    11    10    12     1     0     1  -303.0   -7.337 -111.607   5950.6    494.0
     1     1    11    10    12     0     0     0  -304.0   -7.182 -111.834   5970.1    492.1
     1     1    11    10    11    23     0     1  -305.0   -7.024 -112.065   5975.1    491.9
     1     1    11    10    11    22     0     2  -306.0   -6.870 -112.293   5974.3    492.6
     1     1    11    10    11    21     0     3  -307.0   -6.717 -112.518   5978.0    492.6
     1     1    11    10    11    20     0     2  -308.0   -6.566 -112.736   5986.5    492.1
     1     1    11    10    11    19     0     1  -309.0   -6.418 -112.946   5998.8    491.5
     1     1    11    10    11    18     0     0  -310.0   -6.276 -113.146   6015.1    490.6
     1     1    11    10    11    17     0     1  -311.0   -6.133 -113.345   6030.3    489.2
     1     1    11    10    11    16     0     2  -312.0   -5.983 -113.551   6037.3    488.4
     1     1    11    10    11    15     0     3  -313.0   -5.826 -113.764   6028.6    488.5
     1     1    11    10    11    14     0     2  -314.0   -5.669 -113.986   6013.0    489.9
     1     1    11    10    11    13     0     1  -315.0   -5.510 -114.221   6012.1    490.1
     1     1    11    10    11    12     0     0  -316.0   -5.350 -114.468   6035.2    488.3
     1     1    11    10    11    11     0     1  -317.0   -5.191 -114.712   6061.8    485.5
     1     1    11    10    11    10     0     2  -318.0   -5.039 -114.944   6072.2    485.2
     1     1    11    10    11     9     0     3  -319.0   -4.894 -115.165   6066.5    485.6
     1     1    11    10    11     8     0     2  -320.0   -4.757 -115.374   6054.1    487.5
     1     1    11    10    11     7     0     1  -321.0   -4.633 -115.567   6043.8    488.5
     1     1    11    10    11     6     0     0  -322.0   -4.521 -115.746   6032.8    489.5
     1     1    11    10    11     5     0     1  -323.0   -4.421 -115.920   6022.7    490.1
     1     1    11    10    11     4     0     2  -324.0   -4.330 -116.099   6015.8    490.2
     1     1    11    10    11     3     0     3  -325.0   -4.250 -116.284   6011.4    490.2
     1     1    11    10    11     2     0     2  -326.0   -4.177 -116.473   6000.0    490.1
     1     1    11    10    11     1     0     1  -327.0   -4.108 -116.663   5975.2    491.7
     1     1    11    10    11     0     0     0  -328.0   -4.044 -116.849   5942.1    493.7
     1     1    11    10    10    23     0     1  -329.0   -3.986 -117.036   5910.7    496.3
     1     1    11    10    10    22     0     2  -330.0   -3.933 -117.232   5886.9    497.9
     1     1    11    10    10    21     0     3  -331.0   -3.886 -117.437   5867.9    499.2
     1     1    11    10    10    20     0     2  -332.0   -3.847 -117.644   5869.8    500.4
     1     1    11    10    10    19     0     1  -333.0   -3.819 -117.847   5910.4    498.1
     1     1    11    10    10    18     0     0  -334.0   -3.804 -118.044   5991.0    493.3
     1     1    11    10    10    17     0     1  -335.0   -3.800 -118.239   6079.6    485.6
     1     1    11    10    10    16     0     2  -336.0   -3.806 -118.435   6142.9    481.5
