     3     1
    GDAS    11     7     1     0     0
    GDAS    11     7     8     0     0
    GDAS    11     7    15     0     0
     1 BACKWARD OMEGA   
  2011     7    20    16   -8.860  -56.740  2133.6
     1 PRESSURE
     1     1    11     7    20    16     0     2     0.0   -8.860  -56.740   2133.6    772.5
     1     1    11     7    20    15     0     3    -1.0   -8.847  -56.542   2209.9    764.4
     1     1    11     7    20    14     0     2    -2.0   -8.846  -56.333   2282.4    755.3
     1     1    11     7    20    13     0     1    -3.0   -8.855  -56.119   2345.3    747.9
     1     1    11     7    20    12     0     0    -4.0   -8.876  -55.905   2397.4    741.0
     1     1    11     7    20    11     0     1    -5.0   -8.893  -55.698   2430.9    734.3
     1     1    11     7    20    10     0     2    -6.0   -8.889  -55.508   2448.7    730.2
     1     1    11     7    20     9     0     3    -7.0   -8.864  -55.339   2464.7    726.5
     1     1    11     7    20     8     0     2    -8.0   -8.829  -55.176   2482.4    722.7
     1     1    11     7    20     7     0     1    -9.0   -8.800  -55.000   2497.5    719.2
     1     1    11     7    20     6     0     0   -10.0   -8.778  -54.809   2510.4    718.9
     1     1    11     7    20     5     0     1   -11.0   -8.764  -54.608   2516.3    719.4
     1     1    11     7    20     4     0     2   -12.0   -8.758  -54.403   2510.2    720.6
     1     1    11     7    20     3     0     3   -13.0   -8.767  -54.186   2482.5    723.6
     1     1    11     7    20     2     0     2   -14.0   -8.789  -53.962   2436.8    729.3
     1     1    11     7    20     1     0     1   -15.0   -8.822  -53.747   2392.8    733.7
     1     1    11     7    20     0     0     0   -16.0   -8.866  -53.547   2353.4    736.4
     1     1    11     7    19    23     0     1   -17.0   -8.919  -53.359   2308.1    739.3
     1     1    11     7    19    22     0     2   -18.0   -8.979  -53.185   2252.8    743.2
     1     1    11     7    19    21     0     3   -19.0   -9.038  -53.023   2190.3    748.7
     1     1    11     7    19    20     0     2   -20.0   -9.094  -52.865   2126.8    756.3
     1     1    11     7    19    19     0     1   -21.0   -9.147  -52.702   2064.9    764.0
     1     1    11     7    19    18     0     0   -22.0   -9.198  -52.535   2009.2    771.1
     1     1    11     7    19    17     0     1   -23.0   -9.250  -52.360   1960.8    777.7
     1     1    11     7    19    16     0     2   -24.0   -9.303  -52.170   1918.8    783.9
     1     1    11     7    19    15     0     3   -25.0   -9.352  -51.964   1885.2    788.9
     1     1    11     7    19    14     0     2   -26.0   -9.405  -51.744   1868.9    789.9
     1     1    11     7    19    13     0     1   -27.0   -9.469  -51.515   1875.9    787.8
     1     1    11     7    19    12     0     0   -28.0   -9.543  -51.274   1900.4    784.1
     1     1    11     7    19    11     0     1   -29.0   -9.627  -51.030   1945.0    779.5
     1     1    11     7    19    10     0     2   -30.0   -9.719  -50.801   2001.4    775.7
     1     1    11     7    19     9     0     3   -31.0   -9.815  -50.592   2049.0    773.7
     1     1    11     7    19     8     0     2   -32.0   -9.910  -50.400   2084.7    773.2
     1     1    11     7    19     7     0     1   -33.0   -9.999  -50.215   2108.9    773.3
     1     1    11     7    19     6     0     0   -34.0  -10.083  -50.028   2121.1    773.9
     1     1    11     7    19     5     0     1   -35.0  -10.166  -49.845   2124.2    773.0
     1     1    11     7    19     4     0     2   -36.0  -10.249  -49.667   2131.7    770.9
     1     1    11     7    19     3     0     3   -37.0  -10.330  -49.483   2148.7    767.6
     1     1    11     7    19     2     0     2   -38.0  -10.412  -49.292   2177.7    762.9
     1     1    11     7    19     1     0     1   -39.0  -10.496  -49.105   2218.2    757.0
     1     1    11     7    19     0     0     0   -40.0  -10.583  -48.929   2261.5    750.8
     1     1    11     7    18    23     0     1   -41.0  -10.676  -48.768   2292.2    746.0
     1     1    11     7    18    22     0     2   -42.0  -10.776  -48.619   2302.9    743.8
     1     1    11     7    18    21     0     3   -43.0  -10.884  -48.480   2295.8    742.8
     1     1    11     7    18    20     0     2   -44.0  -10.993  -48.346   2270.6    743.6
     1     1    11     7    18    19     0     1   -45.0  -11.104  -48.216   2232.9    746.6
     1     1    11     7    18    18     0     0   -46.0  -11.218  -48.087   2189.8    750.0
     1     1    11     7    18    17     0     1   -47.0  -11.340  -47.964   2151.1    753.6
     1     1    11     7    18    16     0     2   -48.0  -11.471  -47.852   2125.0    755.4
     1     1    11     7    18    15     0     3   -49.0  -11.612  -47.750   2110.1    756.1
     1     1    11     7    18    14     0     2   -50.0  -11.754  -47.655   2103.1    755.8
     1     1    11     7    18    13     0     1   -51.0  -11.889  -47.562   2104.0    755.0
     1     1    11     7    18    12     0     0   -52.0  -12.017  -47.472   2115.2    753.2
     1     1    11     7    18    11     0     1   -53.0  -12.137  -47.389   2131.9    749.3
     1     1    11     7    18    10     0     2   -54.0  -12.246  -47.317   2148.6    745.9
     1     1    11     7    18     9     0     3   -55.0  -12.346  -47.257   2165.5    742.4
     1     1    11     7    18     8     0     2   -56.0  -12.440  -47.204   2179.0    739.8
     1     1    11     7    18     7     0     1   -57.0  -12.528  -47.154   2184.5    738.0
     1     1    11     7    18     6     0     0   -58.0  -12.611  -47.107   2180.5    737.1
     1     1    11     7    18     5     0     1   -59.0  -12.686  -47.060   2166.0    737.1
     1     1    11     7    18     4     0     2   -60.0  -12.755  -47.013   2141.6    738.0
     1     1    11     7    18     3     0     3   -61.0  -12.817  -46.965   2108.6    739.5
     1     1    11     7    18     2     0     2   -62.0  -12.876  -46.911   2074.1    741.3
     1     1    11     7    18     1     0     1   -63.0  -12.938  -46.848   2043.1    742.0
     1     1    11     7    18     0     0     0   -64.0  -13.002  -46.775   2016.3    742.3
     1     1    11     7    17    23     0     1   -65.0  -13.070  -46.695   1992.3    742.3
     1     1    11     7    17    22     0     2   -66.0  -13.141  -46.617   1969.2    742.6
     1     1    11     7    17    21     0     3   -67.0  -13.214  -46.545   1948.5    742.7
     1     1    11     7    17    20     0     2   -68.0  -13.291  -46.482   1926.1    743.2
     1     1    11     7    17    19     0     1   -69.0  -13.372  -46.427   1894.8    745.0
     1     1    11     7    17    18     0     0   -70.0  -13.456  -46.378   1849.9    748.1
     1     1    11     7    17    17     0     1   -71.0  -13.547  -46.336   1789.3    753.1
     1     1    11     7    17    16     0     2   -72.0  -13.650  -46.305   1717.5    759.3
     1     1    11     7    17    15     0     3   -73.0  -13.761  -46.282   1640.0    766.2
     1     1    11     7    17    14     0     2   -74.0  -13.872  -46.259   1566.1    773.2
     1     1    11     7    17    13     0     1   -75.0  -13.970  -46.228   1502.0    778.3
     1     1    11     7    17    12     0     0   -76.0  -14.056  -46.191   1452.1    782.8
     1     1    11     7    17    11     0     1   -77.0  -14.134  -46.149   1418.1    784.5
     1     1    11     7    17    10     0     2   -78.0  -14.208  -46.102   1397.3    785.1
     1     1    11     7    17     9     0     3   -79.0  -14.277  -46.053   1389.3    784.5
     1     1    11     7    17     8     0     2   -80.0  -14.341  -46.002   1399.2    783.3
     1     1    11     7    17     7     0     1   -81.0  -14.399  -45.955   1432.9    781.0
     1     1    11     7    17     6     0     0   -82.0  -14.450  -45.915   1488.5    776.5
     1     1    11     7    17     5     0     1   -83.0  -14.490  -45.880   1543.4    770.3
     1     1    11     7    17     4     0     2   -84.0  -14.518  -45.837   1575.9    768.4
     1     1    11     7    17     3     0     3   -85.0  -14.536  -45.782   1589.7    768.4
     1     1    11     7    17     2     0     2   -86.0  -14.551  -45.721   1600.6    769.4
     1     1    11     7    17     1     0     1   -87.0  -14.570  -45.664   1619.5    768.0
     1     1    11     7    17     0     0     0   -88.0  -14.592  -45.609   1640.8    766.4
     1     1    11     7    16    23     0     1   -89.0  -14.613  -45.558   1644.6    764.7
     1     1    11     7    16    22     0     2   -90.0  -14.628  -45.508   1615.1    767.7
     1     1    11     7    16    21     0     3   -91.0  -14.636  -45.456   1556.2    773.4
     1     1    11     7    16    20     0     2   -92.0  -14.639  -45.398   1489.4    782.2
     1     1    11     7    16    19     0     1   -93.0  -14.640  -45.335   1436.8    787.9
     1     1    11     7    16    18     0     0   -94.0  -14.639  -45.270   1398.8    792.1
     1     1    11     7    16    17     0     1   -95.0  -14.643  -45.214   1372.6    794.9
     1     1    11     7    16    16     0     2   -96.0  -14.654  -45.175   1353.8    797.0
     1     1    11     7    16    15     0     3   -97.0  -14.673  -45.155   1339.8    798.6
     1     1    11     7    16    14     0     2   -98.0  -14.689  -45.146   1341.6    799.6
     1     1    11     7    16    13     0     1   -99.0  -14.694  -45.148   1372.3    796.7
     1     1    11     7    16    12     0     0  -100.0  -14.690  -45.168   1433.6    791.0
     1     1    11     7    16    11     0     1  -101.0  -14.673  -45.198   1501.5    781.4
     1     1    11     7    16    10     0     2  -102.0  -14.646  -45.220   1548.5    776.1
     1     1    11     7    16     9     0     3  -103.0  -14.607  -45.232   1571.6    773.2
     1     1    11     7    16     8     0     2  -104.0  -14.559  -45.232   1579.8    773.4
     1     1    11     7    16     7     0     1  -105.0  -14.500  -45.222   1585.2    773.1
     1     1    11     7    16     6     0     0  -106.0  -14.430  -45.203   1590.0    773.0
     1     1    11     7    16     5     0     1  -107.0  -14.354  -45.177   1601.9    773.2
     1     1    11     7    16     4     0     2  -108.0  -14.277  -45.151   1629.2    771.5
     1     1    11     7    16     3     0     3  -109.0  -14.195  -45.126   1675.7    768.2
     1     1    11     7    16     2     0     2  -110.0  -14.111  -45.106   1733.0    762.5
     1     1    11     7    16     1     0     1  -111.0  -14.029  -45.090   1787.0    757.8
     1     1    11     7    16     0     0     0  -112.0  -13.948  -45.078   1833.3    753.5
     1     1    11     7    15    23     0     1  -113.0  -13.869  -45.074   1866.7    749.7
     1     1    11     7    15    22     0     2  -114.0  -13.795  -45.074   1881.6    747.6
     1     1    11     7    15    21     0     3  -115.0  -13.728  -45.075   1874.9    747.6
     1     1    11     7    15    20     0     2  -116.0  -13.672  -45.072   1852.6    750.3
     1     1    11     7    15    19     0     1  -117.0  -13.627  -45.064   1823.2    753.0
     1     1    11     7    15    18     0     0  -118.0  -13.593  -45.052   1786.6    756.5
     1     1    11     7    15    17     0     1  -119.0  -13.560  -45.043   1758.9    760.6
     1     1    11     7    15    16     0     2  -120.0  -13.520  -45.046   1755.0    761.1
     1     1    11     7    15    15     0     3  -121.0  -13.471  -45.064   1775.8    759.2
     1     1    11     7    15    14     0     2  -122.0  -13.411  -45.098   1809.8    754.3
     1     1    11     7    15    13     0     1  -123.0  -13.339  -45.141   1846.1    750.0
     1     1    11     7    15    12     0     0  -124.0  -13.255  -45.194   1886.1    745.2
     1     1    11     7    15    11     0     1  -125.0  -13.161  -45.242   1933.9    739.9
     1     1    11     7    15    10     0     2  -126.0  -13.060  -45.268   1992.9    733.7
     1     1    11     7    15     9     0     3  -127.0  -12.957  -45.274   2066.2    727.1
     1     1    11     7    15     8     0     2  -128.0  -12.844  -45.280   2147.5    720.5
     1     1    11     7    15     7     0     1  -129.0  -12.713  -45.302   2227.4    714.6
     1     1    11     7    15     6     0     0  -130.0  -12.566  -45.335   2302.7    708.8
     1     1    11     7    15     5     0     1  -131.0  -12.412  -45.366   2370.5    704.1
     1     1    11     7    15     4     0     2  -132.0  -12.261  -45.385   2430.7    700.4
     1     1    11     7    15     3     0     3  -133.0  -12.120  -45.394   2482.8    697.4
     1     1    11     7    15     2     0     2  -134.0  -11.984  -45.395   2522.9    694.9
     1     1    11     7    15     1     0     1  -135.0  -11.851  -45.395   2546.6    693.5
     1     1    11     7    15     0     0     0  -136.0  -11.719  -45.393   2554.8    693.5
     1     1    11     7    14    23     0     1  -137.0  -11.599  -45.388   2550.2    694.5
     1     1    11     7    14    22     0     2  -138.0  -11.497  -45.379   2536.8    696.1
     1     1    11     7    14    21     0     3  -139.0  -11.413  -45.362   2517.4    698.3
     1     1    11     7    14    20     0     2  -140.0  -11.336  -45.341   2503.0    701.1
     1     1    11     7    14    19     0     1  -141.0  -11.260  -45.317   2504.0    701.9
     1     1    11     7    14    18     0     0  -142.0  -11.183  -45.291   2520.5    701.4
     1     1    11     7    14    17     0     1  -143.0  -11.108  -45.262   2534.9    699.8
     1     1    11     7    14    16     0     2  -144.0  -11.041  -45.227   2528.0    701.5
     1     1    11     7    14    15     0     3  -145.0  -10.980  -45.184   2497.7    705.4
     1     1    11     7    14    14     0     2  -146.0  -10.927  -45.141   2468.6    710.9
     1     1    11     7    14    13     0     1  -147.0  -10.884  -45.107   2464.9    711.9
     1     1    11     7    14    12     0     0  -148.0  -10.854  -45.082   2485.4    710.5
     1     1    11     7    14    11     0     1  -149.0  -10.835  -45.064   2532.7    706.6
     1     1    11     7    14    10     0     2  -150.0  -10.825  -45.054   2612.0    699.7
     1     1    11     7    14     9     0     3  -151.0  -10.823  -45.064   2724.4    689.6
     1     1    11     7    14     8     0     2  -152.0  -10.820  -45.107   2829.2    676.9
     1     1    11     7    14     7     0     1  -153.0  -10.809  -45.176   2893.0    671.1
     1     1    11     7    14     6     0     0  -154.0  -10.783  -45.264   2924.1    667.9
     1     1    11     7    14     5     0     1  -155.0  -10.744  -45.358   2940.0    667.2
     1     1    11     7    14     4     0     2  -156.0  -10.694  -45.448   2951.0    665.9
     1     1    11     7    14     3     0     3  -157.0  -10.636  -45.532   2953.8    665.6
     1     1    11     7    14     2     0     2  -158.0  -10.573  -45.617   2941.8    666.2
     1     1    11     7    14     1     0     1  -159.0  -10.510  -45.710   2910.6    668.7
     1     1    11     7    14     0     0     0  -160.0  -10.452  -45.809   2857.2    673.0
     1     1    11     7    13    23     0     1  -161.0  -10.401  -45.915   2795.6    679.5
     1     1    11     7    13    22     0     2  -162.0  -10.352  -46.028   2745.5    684.5
     1     1    11     7    13    21     0     3  -163.0  -10.303  -46.144   2702.0    690.3
     1     1    11     7    13    20     0     2  -164.0  -10.251  -46.256   2652.4    697.3
     1     1    11     7    13    19     0     1  -165.0  -10.194  -46.360   2605.9    705.0
     1     1    11     7    13    18     0     0  -166.0  -10.133  -46.459   2584.6    710.7
     1     1    11     7    13    17     0     1  -167.0  -10.069  -46.553   2593.1    712.5
     1     1    11     7    13    16     0     2  -168.0  -10.002  -46.638   2624.0    713.0
     1     1    11     7    13    15     0     3  -169.0   -9.928  -46.718   2666.8    709.9
     1     1    11     7    13    14     0     2  -170.0   -9.850  -46.798   2714.2    706.0
     1     1    11     7    13    13     0     1  -171.0   -9.768  -46.885   2768.9    701.3
     1     1    11     7    13    12     0     0  -172.0   -9.682  -46.981   2835.9    695.3
     1     1    11     7    13    11     0     1  -173.0   -9.600  -47.078   2899.2    687.6
     1     1    11     7    13    10     0     2  -174.0   -9.526  -47.167   2940.0    684.0
     1     1    11     7    13     9     0     3  -175.0   -9.461  -47.248   2959.3    682.6
     1     1    11     7    13     8     0     2  -176.0   -9.405  -47.327   2969.2    683.5
     1     1    11     7    13     7     0     1  -177.0   -9.361  -47.414   2982.7    683.7
     1     1    11     7    13     6     0     0  -178.0   -9.331  -47.510   3000.6    683.9
     1     1    11     7    13     5     0     1  -179.0   -9.310  -47.612   3013.6    684.2
     1     1    11     7    13     4     0     2  -180.0   -9.296  -47.712   3011.5    686.4
     1     1    11     7    13     3     0     3  -181.0   -9.287  -47.806   2991.5    690.1
     1     1    11     7    13     2     0     2  -182.0   -9.282  -47.889   2969.7    695.0
     1     1    11     7    13     1     0     1  -183.0   -9.280  -47.965   2963.0    697.0
     1     1    11     7    13     0     0     0  -184.0   -9.280  -48.036   2969.6    696.9
     1     1    11     7    12    23     0     1  -185.0   -9.282  -48.106   2985.8    694.8
     1     1    11     7    12    22     0     2  -186.0   -9.288  -48.174   3009.2    692.3
     1     1    11     7    12    21     0     3  -187.0   -9.299  -48.243   3040.1    689.1
     1     1    11     7    12    20     0     2  -188.0   -9.316  -48.313   3070.9    685.7
     1     1    11     7    12    19     0     1  -189.0   -9.338  -48.386   3094.3    683.4
     1     1    11     7    12    18     0     0  -190.0   -9.366  -48.464   3109.5    681.7
     1     1    11     7    12    17     0     1  -191.0   -9.393  -48.542   3120.1    681.1
     1     1    11     7    12    16     0     2  -192.0   -9.416  -48.620   3131.1    680.3
     1     1    11     7    12    15     0     3  -193.0   -9.432  -48.695   3144.5    679.3
     1     1    11     7    12    14     0     2  -194.0   -9.445  -48.766   3157.7    677.6
     1     1    11     7    12    13     0     1  -195.0   -9.454  -48.831   3165.6    676.4
     1     1    11     7    12    12     0     0  -196.0   -9.460  -48.890   3165.4    676.1
     1     1    11     7    12    11     0     1  -197.0   -9.463  -48.939   3159.4    676.3
     1     1    11     7    12    10     0     2  -198.0   -9.465  -48.974   3151.7    676.4
     1     1    11     7    12     9     0     3  -199.0   -9.467  -48.996   3143.0    676.7
     1     1    11     7    12     8     0     2  -200.0   -9.473  -49.011   3136.9    677.5
     1     1    11     7    12     7     0     1  -201.0   -9.488  -49.025   3136.0    677.7
     1     1    11     7    12     6     0     0  -202.0   -9.512  -49.039   3140.5    677.3
     1     1    11     7    12     5     0     1  -203.0   -9.547  -49.046   3146.6    676.8
     1     1    11     7    12     4     0     2  -204.0   -9.593  -49.041   3150.0    676.6
     1     1    11     7    12     3     0     3  -205.0   -9.650  -49.023   3149.9    676.5
     1     1    11     7    12     2     0     2  -206.0   -9.718  -49.000   3149.2    676.3
     1     1    11     7    12     1     0     1  -207.0   -9.796  -48.980   3151.6    675.9
     1     1    11     7    12     0     0     0  -208.0   -9.883  -48.963   3157.1    675.1
     1     1    11     7    11    23     0     1  -209.0   -9.979  -48.943   3164.0    673.6
     1     1    11     7    11    22     0     2  -210.0  -10.084  -48.915   3170.6    672.7
     1     1    11     7    11    21     0     3  -211.0  -10.199  -48.876   3175.6    671.8
     1     1    11     7    11    20     0     2  -212.0  -10.317  -48.833   3175.9    671.6
     1     1    11     7    11    19     0     1  -213.0  -10.435  -48.790   3169.8    672.0
     1     1    11     7    11    18     0     0  -214.0  -10.551  -48.747   3158.3    672.8
     1     1    11     7    11    17     0     1  -215.0  -10.663  -48.706   3141.8    674.0
     1     1    11     7    11    16     0     2  -216.0  -10.770  -48.667   3120.6    675.5
     1     1    11     7    11    15     0     3  -217.0  -10.870  -48.629   3095.0    677.3
     1     1    11     7    11    14     0     2  -218.0  -10.966  -48.589   3077.2    679.2
     1     1    11     7    11    13     0     1  -219.0  -11.060  -48.542   3079.8    678.5
     1     1    11     7    11    12     0     0  -220.0  -11.154  -48.490   3103.4    676.3
     1     1    11     7    11    11     0     1  -221.0  -11.248  -48.439   3136.9    671.9
     1     1    11     7    11    10     0     2  -222.0  -11.341  -48.389   3169.7    668.6
     1     1    11     7    11     9     0     3  -223.0  -11.433  -48.344   3203.8    665.3
     1     1    11     7    11     8     0     2  -224.0  -11.522  -48.301   3242.7    662.2
     1     1    11     7    11     7     0     1  -225.0  -11.605  -48.262   3288.1    658.4
     1     1    11     7    11     6     0     0  -226.0  -11.681  -48.227   3338.8    654.2
     1     1    11     7    11     5     0     1  -227.0  -11.754  -48.194   3386.5    650.0
     1     1    11     7    11     4     0     2  -228.0  -11.829  -48.161   3421.7    647.4
     1     1    11     7    11     3     0     3  -229.0  -11.905  -48.125   3441.3    646.0
     1     1    11     7    11     2     0     2  -230.0  -11.980  -48.088   3450.7    646.0
     1     1    11     7    11     1     0     1  -231.0  -12.052  -48.055   3460.4    645.7
     1     1    11     7    11     0     0     0  -232.0  -12.123  -48.027   3473.2    645.1
     1     1    11     7    10    23     0     1  -233.0  -12.189  -48.003   3495.5    643.8
     1     1    11     7    10    22     0     2  -234.0  -12.249  -47.983   3530.8    640.8
     1     1    11     7    10    21     0     3  -235.0  -12.304  -47.969   3577.9    636.9
     1     1    11     7    10    20     0     2  -236.0  -12.358  -47.955   3629.2    632.7
     1     1    11     7    10    19     0     1  -237.0  -12.415  -47.937   3677.8    629.1
     1     1    11     7    10    18     0     0  -238.0  -12.474  -47.913   3723.4    625.6
     1     1    11     7    10    17     0     1  -239.0  -12.534  -47.889   3763.8    622.4
     1     1    11     7    10    16     0     2  -240.0  -12.592  -47.870   3798.2    619.9
     1     1    11     7    10    15     0     3  -241.0  -12.649  -47.857   3827.3    617.8
     1     1    11     7    10    14     0     2  -242.0  -12.702  -47.845   3854.9    616.0
     1     1    11     7    10    13     0     1  -243.0  -12.750  -47.835   3883.6    613.8
     1     1    11     7    10    12     0     0  -244.0  -12.791  -47.824   3912.4    611.5
     1     1    11     7    10    11     0     1  -245.0  -12.824  -47.816   3939.1    608.8
     1     1    11     7    10    10     0     2  -246.0  -12.843  -47.810   3961.5    606.5
     1     1    11     7    10     9     0     3  -247.0  -12.848  -47.807   3979.1    604.6
     1     1    11     7    10     8     0     2  -248.0  -12.839  -47.805   3999.6    603.5
     1     1    11     7    10     7     0     1  -249.0  -12.812  -47.806   4030.1    601.1
     1     1    11     7    10     6     0     0  -250.0  -12.768  -47.809   4070.2    597.9
     1     1    11     7    10     5     0     1  -251.0  -12.717  -47.810   4112.9    594.4
     1     1    11     7    10     4     0     2  -252.0  -12.672  -47.803   4153.0    591.6
     1     1    11     7    10     3     0     3  -253.0  -12.630  -47.791   4192.7    588.7
     1     1    11     7    10     2     0     2  -254.0  -12.595  -47.777   4232.1    585.5
     1     1    11     7    10     1     0     1  -255.0  -12.567  -47.764   4270.1    582.5
     1     1    11     7    10     0     0     0  -256.0  -12.545  -47.751   4306.3    579.6
     1     1    11     7     9    23     0     1  -257.0  -12.525  -47.736   4333.1    576.7
     1     1    11     7     9    22     0     2  -258.0  -12.503  -47.715   4342.8    575.4
     1     1    11     7     9    21     0     3  -259.0  -12.479  -47.688   4335.3    575.3
     1     1    11     7     9    20     0     2  -260.0  -12.455  -47.653   4326.0    576.5
     1     1    11     7     9    19     0     1  -261.0  -12.433  -47.611   4331.2    575.6
     1     1    11     7     9    18     0     0  -262.0  -12.412  -47.563   4351.2    573.5
     1     1    11     7     9    17     0     1  -263.0  -12.398  -47.513   4371.4    570.5
     1     1    11     7     9    16     0     2  -264.0  -12.395  -47.469   4376.1    569.6
     1     1    11     7     9    15     0     3  -265.0  -12.404  -47.428   4364.3    569.9
     1     1    11     7     9    14     0     2  -266.0  -12.420  -47.392   4351.9    571.5
     1     1    11     7     9    13     0     1  -267.0  -12.440  -47.359   4354.9    570.8
     1     1    11     7     9    12     0     0  -268.0  -12.465  -47.330   4374.3    569.0
     1     1    11     7     9    11     0     1  -269.0  -12.494  -47.306   4410.5    565.5
     1     1    11     7     9    10     0     2  -270.0  -12.525  -47.290   4464.8    561.0
     1     1    11     7     9     9     0     3  -271.0  -12.559  -47.280   4540.3    555.1
     1     1    11     7     9     8     0     2  -272.0  -12.599  -47.273   4618.8    548.0
     1     1    11     7     9     7     0     1  -273.0  -12.644  -47.263   4679.0    543.4
     1     1    11     7     9     6     0     0  -274.0  -12.694  -47.249   4717.9    540.2
     1     1    11     7     9     5     0     1  -275.0  -12.752  -47.235   4741.8    538.9
     1     1    11     7     9     4     0     2  -276.0  -12.824  -47.223   4758.2    537.5
     1     1    11     7     9     3     0     3  -277.0  -12.909  -47.213   4764.8    536.7
     1     1    11     7     9     2     0     2  -278.0  -13.010  -47.208   4755.3    536.5
     1     1    11     7     9     1     0     1  -279.0  -13.127  -47.211   4727.6    538.5
     1     1    11     7     9     0     0     0  -280.0  -13.263  -47.223   4683.8    541.6
     1     1    11     7     8    23     0     1  -281.0  -13.412  -47.245   4640.8    545.5
     1     1    11     7     8    22     0     2  -282.0  -13.569  -47.279   4611.4    547.3
     1     1    11     7     8    21     0     3  -283.0  -13.731  -47.327   4590.1    548.4
     1     1    11     7     8    20     0     2  -284.0  -13.897  -47.388   4562.6    549.5
     1     1    11     7     8    19     0     1  -285.0  -14.062  -47.463   4519.4    551.7
     1     1    11     7     8    18     0     0  -286.0  -14.225  -47.550   4466.9    553.0
     1     1    11     7     8    17     0     1  -287.0  -14.393  -47.650   4418.5    553.1
     1     1    11     7     8    16     0     2  -288.0  -14.579  -47.765   4380.0    550.7
     1     1    11     7     8    15     0     3  -289.0  -14.786  -47.899   4352.3    545.5
     1     1    11     7     8    14     0     2  -290.0  -15.023  -48.052   4338.2    538.9
     1     1    11     7     8    13     0     1  -291.0  -15.280  -48.227   4342.8    539.3
     1     1    11     7     8    12     0     0  -292.0  -15.537  -48.421   4328.8    541.3
     1     1    11     7     8    11     0     1  -293.0  -15.788  -48.632   4321.4    543.3
     1     1    11     7     8    10     0     2  -294.0  -16.051  -48.854   4360.8    541.0
     1     1    11     7     8     9     0     3  -295.0  -16.340  -49.086   4453.9    536.5
     1     1    11     7     8     8     0     2  -296.0  -16.649  -49.333   4546.9    533.0
     1     1    11     7     8     7     0     1  -297.0  -16.966  -49.596   4625.1    534.9
     1     1    11     7     8     6     0     0  -298.0  -17.286  -49.879   4703.9    535.5
     1     1    11     7     8     5     0     1  -299.0  -17.594  -50.178   4783.2    532.1
     1     1    11     7     8     4     0     2  -300.0  -17.885  -50.489   4866.8    524.9
     1     1    11     7     8     3     0     3  -301.0  -18.152  -50.821   4965.0    518.5
     1     1    11     7     8     2     0     2  -302.0  -18.414  -51.176   5079.9    513.0
     1     1    11     7     8     1     0     1  -303.0  -18.686  -51.552   5197.1    506.6
     1     1    11     7     8     0     0     0  -304.0  -18.955  -51.952   5305.3    498.5
     1     1    11     7     7    23     0     1  -305.0  -19.214  -52.379   5407.5    493.1
     1     1    11     7     7    22     0     2  -306.0  -19.461  -52.837   5502.2    490.0
     1     1    11     7     7    21     0     3  -307.0  -19.676  -53.326   5570.0    487.3
     1     1    11     7     7    20     0     2  -308.0  -19.854  -53.837   5577.6    484.3
     1     1    11     7     7    19     0     1  -309.0  -20.003  -54.360   5577.2    488.2
     1     1    11     7     7    18     0     0  -310.0  -20.121  -54.886   5599.2    494.9
     1     1    11     7     7    17     0     1  -311.0  -20.217  -55.402   5628.4    498.3
     1     1    11     7     7    16     0     2  -312.0  -20.296  -55.908   5654.8    502.8
     1     1    11     7     7    15     0     3  -313.0  -20.356  -56.413   5639.3    500.7
     1     1    11     7     7    14     0     2  -314.0  -20.395  -56.923   5595.4    497.9
     1     1    11     7     7    13     0     1  -315.0  -20.406  -57.420   5576.6    505.3
     1     1    11     7     7    12     0     0  -316.0  -20.387  -57.894   5561.8    512.9
     1     1    11     7     7    11     0     1  -317.0  -20.332  -58.347   5525.9    516.0
     1     1    11     7     7    10     0     2  -318.0  -20.236  -58.788   5494.1    516.8
     1     1    11     7     7     9     0     3  -319.0  -20.107  -59.230   5469.8    516.5
     1     1    11     7     7     8     0     2  -320.0  -19.951  -59.670   5436.8    516.7
     1     1    11     7     7     7     0     1  -321.0  -19.779  -60.094   5385.0    517.8
     1     1    11     7     7     6     0     0  -322.0  -19.599  -60.500   5329.0    519.6
     1     1    11     7     7     5     0     1  -323.0  -19.409  -60.900   5278.7    520.2
     1     1    11     7     7     4     0     2  -324.0  -19.211  -61.300   5229.4    520.5
     1     1    11     7     7     3     0     3  -325.0  -19.007  -61.699   5174.9    520.8
     1     1    11     7     7     2     0     2  -326.0  -18.796  -62.088   5121.7    524.6
     1     1    11     7     7     1     0     1  -327.0  -18.582  -62.456   5090.2    527.4
     1     1    11     7     7     0     0     0  -328.0  -18.363  -62.816   5098.5    525.9
     1     1    11     7     6    23     0     1  -329.0  -18.138  -63.173   5091.9    512.4
     1     1    11     7     6    22     0     2  -330.0  -17.908  -63.530   5050.1    492.2
     1     1    11     7     6    21     0     3  -331.0  -17.666  -63.894   5069.7    486.2
     1     1    11     7     6    20     0     2  -332.0  -17.402  -64.253   5169.6    492.0
     1     1    11     7     6    19     0     1  -333.0  -17.117  -64.588   5321.5    507.9
     1     1    11     7     6    18     0     0  -334.0  -16.815  -64.901   5430.1    513.3
     1     1    11     7     6    17     0     1  -335.0  -16.513  -65.192   5420.4    499.0
     1     1    11     7     6    16     0     2  -336.0  -16.223  -65.452   5438.3    494.5
