     3     1
    GDAS    11    10    22     0     0
    GDAS    11    10    29     0     0
    GDAS    11    11     1     0     0
     1 BACKWARD OMEGA   
  2011    11     2    15   -8.850  -56.740  4419.6
     1 PRESSURE
     1     1    11    11     2    15     0     3     0.0   -8.850  -56.740   4419.6    584.9
     1     1    11    11     2    14     0     2    -1.0   -8.784  -56.718   4150.1    608.5
     1     1    11    11     2    13     0     1    -2.0   -8.725  -56.700   4010.0    616.9
     1     1    11    11     2    12     0     0    -3.0   -8.677  -56.682   3979.0    617.7
     1     1    11    11     2    11     0     1    -4.0   -8.642  -56.666   4001.4    611.4
     1     1    11    11     2    10     0     2    -5.0   -8.619  -56.649   4027.8    608.6
     1     1    11    11     2     9     0     3    -6.0   -8.608  -56.632   4057.3    605.8
     1     1    11    11     2     8     0     2    -7.0   -8.601  -56.621   4086.2    603.2
     1     1    11    11     2     7     0     1    -8.0   -8.589  -56.622   4110.9    601.2
     1     1    11    11     2     6     0     0    -9.0   -8.573  -56.635   4131.2    599.6
     1     1    11    11     2     5     0     1   -10.0   -8.552  -56.655   4142.3    598.6
     1     1    11    11     2     4     0     2   -11.0   -8.524  -56.677   4140.3    598.9
     1     1    11    11     2     3     0     3   -12.0   -8.489  -56.702   4124.4    600.1
     1     1    11    11     2     2     0     2   -13.0   -8.449  -56.729   4107.0    601.8
     1     1    11    11     2     1     0     1   -14.0   -8.403  -56.758   4102.8    601.7
     1     1    11    11     2     0     0     0   -15.0   -8.352  -56.791   4116.5    600.3
     1     1    11    11     1    23     0     1   -16.0   -8.287  -56.826   4137.4    596.7
     1     1    11    11     1    22     0     2   -17.0   -8.200  -56.857   4155.5    594.1
     1     1    11    11     1    21     0     3   -18.0   -8.090  -56.886   4177.9    591.0
     1     1    11    11     1    20     0     2   -19.0   -7.963  -56.909   4205.0    588.1
     1     1    11    11     1    19     0     1   -20.0   -7.823  -56.919   4226.2    588.3
     1     1    11    11     1    18     0     0   -21.0   -7.669  -56.922   4229.6    590.4
     1     1    11    11     1    17     0     1   -22.0   -7.507  -56.917   4223.4    594.0
     1     1    11    11     1    16     0     2   -23.0   -7.342  -56.905   4211.0    597.1
     1     1    11    11     1    15     0     3   -24.0   -7.168  -56.887   4182.3    601.5
     1     1    11    11     1    14     0     2   -25.0   -6.988  -56.866   4134.4    607.4
     1     1    11    11     1    13     0     1   -26.0   -6.812  -56.843   4084.8    613.1
     1     1    11    11     1    12     0     0   -27.0   -6.646  -56.819   4057.2    616.0
     1     1    11    11     1    11     0     1   -28.0   -6.493  -56.794   4053.2    616.5
     1     1    11    11     1    10     0     2   -29.0   -6.359  -56.762   4067.9    615.4
     1     1    11    11     1     9     0     3   -30.0   -6.241  -56.721   4097.6    613.1
     1     1    11    11     1     8     0     2   -31.0   -6.130  -56.667   4132.8    610.2
     1     1    11    11     1     7     0     1   -32.0   -6.015  -56.599   4160.1    608.0
     1     1    11    11     1     6     0     0   -33.0   -5.898  -56.519   4166.7    606.9
     1     1    11    11     1     5     0     1   -34.0   -5.794  -56.436   4143.4    608.2
     1     1    11    11     1     4     0     2   -35.0   -5.712  -56.356   4089.0    612.7
     1     1    11    11     1     3     0     3   -36.0   -5.649  -56.279   4010.3    619.0
     1     1    11    11     1     2     0     2   -37.0   -5.601  -56.213   3935.9    626.3
     1     1    11    11     1     1     0     1   -38.0   -5.569  -56.161   3891.5    629.3
     1     1    11    11     1     0     0     0   -39.0   -5.553  -56.121   3876.1    630.2
     1     1    11    10    31    23     0     1   -40.0   -5.548  -56.087   3881.4    628.7
     1     1    11    10    31    22     0     2   -41.0   -5.546  -56.057   3898.8    626.9
     1     1    11    10    31    21     0     3   -42.0   -5.549  -56.031   3928.1    624.2
     1     1    11    10    31    20     0     2   -43.0   -5.554  -56.012   3970.9    621.2
     1     1    11    10    31    19     0     1   -44.0   -5.563  -56.002   4029.3    616.9
     1     1    11    10    31    18     0     0   -45.0   -5.573  -55.998   4103.1    611.4
     1     1    11    10    31    17     0     1   -46.0   -5.585  -55.982   4195.0    605.1
     1     1    11    10    31    16     0     2   -47.0   -5.596  -55.936   4296.5    597.2
     1     1    11    10    31    15     0     3   -48.0   -5.604  -55.863   4381.9    589.7
     1     1    11    10    31    14     0     2   -49.0   -5.608  -55.774   4422.6    585.2
     1     1    11    10    31    13     0     1   -50.0   -5.608  -55.679   4429.9    585.2
     1     1    11    10    31    12     0     0   -51.0   -5.606  -55.577   4439.8    585.2
     1     1    11    10    31    11     0     1   -52.0   -5.601  -55.475   4464.0    581.8
     1     1    11    10    31    10     0     2   -53.0   -5.592  -55.378   4493.8    578.5
     1     1    11    10    31     9     0     3   -54.0   -5.578  -55.285   4525.0    575.1
     1     1    11    10    31     8     0     2   -55.0   -5.562  -55.195   4541.4    572.4
     1     1    11    10    31     7     0     1   -56.0   -5.551  -55.103   4532.1    572.6
     1     1    11    10    31     6     0     0   -57.0   -5.545  -55.012   4502.3    574.4
     1     1    11    10    31     5     0     1   -58.0   -5.534  -54.914   4466.3    578.2
     1     1    11    10    31     4     0     2   -59.0   -5.513  -54.804   4419.0    581.6
     1     1    11    10    31     3     0     3   -60.0   -5.482  -54.682   4334.9    587.5
     1     1    11    10    31     2     0     2   -61.0   -5.446  -54.550   4189.0    597.9
     1     1    11    10    31     1     0     1   -62.0   -5.410  -54.413   4000.0    614.2
     1     1    11    10    31     0     0     0   -63.0   -5.375  -54.271   3814.4    630.3
     1     1    11    10    30    23     0     1   -64.0   -5.346  -54.124   3663.2    642.6
     1     1    11    10    30    22     0     2   -65.0   -5.327  -53.974   3553.2    650.7
     1     1    11    10    30    21     0     3   -66.0   -5.318  -53.821   3472.4    655.8
     1     1    11    10    30    20     0     2   -67.0   -5.322  -53.670   3395.0    660.6
     1     1    11    10    30    19     0     1   -68.0   -5.342  -53.526   3314.9    667.8
     1     1    11    10    30    18     0     0   -69.0   -5.376  -53.387   3250.2    673.6
     1     1    11    10    30    17     0     1   -70.0   -5.421  -53.256   3196.1    677.0
     1     1    11    10    30    16     0     2   -71.0   -5.472  -53.135   3149.2    681.4
     1     1    11    10    30    15     0     3   -72.0   -5.526  -53.024   3124.7    683.6
     1     1    11    10    30    14     0     2   -73.0   -5.586  -52.918   3105.7    682.2
     1     1    11    10    30    13     0     1   -74.0   -5.651  -52.808   3068.3    684.0
     1     1    11    10    30    12     0     0   -75.0   -5.722  -52.695   3011.3    687.6
     1     1    11    10    30    11     0     1   -76.0   -5.782  -52.576   2952.6    692.2
     1     1    11    10    30    10     0     2   -77.0   -5.817  -52.446   2912.2    694.4
     1     1    11    10    30     9     0     3   -78.0   -5.829  -52.305   2895.2    694.7
     1     1    11    10    30     8     0     2   -79.0   -5.833  -52.157   2887.1    693.5
     1     1    11    10    30     7     0     1   -80.0   -5.841  -52.005   2866.7    694.4
     1     1    11    10    30     6     0     0   -81.0   -5.852  -51.853   2834.3    698.0
     1     1    11    10    30     5     0     1   -82.0   -5.860  -51.701   2801.4    702.8
     1     1    11    10    30     4     0     2   -83.0   -5.865  -51.546   2776.4    705.8
     1     1    11    10    30     3     0     3   -84.0   -5.862  -51.387   2752.2    708.7
     1     1    11    10    30     2     0     2   -85.0   -5.853  -51.221   2699.8    711.9
     1     1    11    10    30     1     0     1   -86.0   -5.836  -51.049   2619.2    721.4
     1     1    11    10    30     0     0     0   -87.0   -5.815  -50.871   2530.2    728.8
     1     1    11    10    29    23     0     1   -88.0   -5.782  -50.700   2457.0    736.3
     1     1    11    10    29    22     0     2   -89.0   -5.734  -50.542   2424.4    738.2
     1     1    11    10    29    21     0     3   -90.0   -5.677  -50.388   2434.5    736.9
     1     1    11    10    29    20     0     2   -91.0   -5.628  -50.231   2455.1    732.7
     1     1    11    10    29    19     0     1   -92.0   -5.590  -50.080   2452.9    733.5
     1     1    11    10    29    18     0     0   -93.0   -5.560  -49.938   2429.1    737.0
     1     1    11    10    29    17     0     1   -94.0   -5.538  -49.794   2392.6    743.3
     1     1    11    10    29    16     0     2   -95.0   -5.529  -49.630   2351.9    749.2
     1     1    11    10    29    15     0     3   -96.0   -5.534  -49.445   2309.6    755.6
     1     1    11    10    29    14     0     2   -97.0   -5.556  -49.238   2275.4    761.7
     1     1    11    10    29    13     0     1   -98.0   -5.595  -49.006   2260.6    766.1
     1     1    11    10    29    12     0     0   -99.0   -5.652  -48.748   2241.9    764.3
     1     1    11    10    29    11     0     1  -100.0   -5.719  -48.479   2204.1    765.3
     1     1    11    10    29    10     0     2  -101.0   -5.787  -48.211   2166.5    766.6
     1     1    11    10    29     9     0     3  -102.0   -5.858  -47.935   2153.9    766.4
     1     1    11    10    29     8     0     2  -103.0   -5.935  -47.650   2163.5    763.3
     1     1    11    10    29     7     0     1  -104.0   -6.016  -47.363   2169.8    761.6
     1     1    11    10    29     6     0     0  -105.0   -6.098  -47.076   2159.3    760.8
     1     1    11    10    29     5     0     1  -106.0   -6.184  -46.793   2147.6    763.8
     1     1    11    10    29     4     0     2  -107.0   -6.279  -46.512   2158.0    763.4
     1     1    11    10    29     3     0     3  -108.0   -6.386  -46.237   2196.7    760.0
     1     1    11    10    29     2     0     2  -109.0   -6.502  -45.970   2255.4    752.7
     1     1    11    10    29     1     0     1  -110.0   -6.616  -45.713   2311.4    746.0
     1     1    11    10    29     0     0     0  -111.0   -6.732  -45.462   2350.5    742.2
     1     1    11    10    28    23     0     1  -112.0   -6.850  -45.221   2383.9    740.4
     1     1    11    10    28    22     0     2  -113.0   -6.971  -44.991   2428.3    737.0
     1     1    11    10    28    21     0     3  -114.0   -7.093  -44.769   2476.6    731.6
     1     1    11    10    28    20     0     2  -115.0   -7.215  -44.547   2525.5    727.7
     1     1    11    10    28    19     0     1  -116.0   -7.337  -44.320   2580.3    723.1
     1     1    11    10    28    18     0     0  -117.0   -7.462  -44.089   2637.7    717.8
     1     1    11    10    28    17     0     1  -118.0   -7.601  -43.861   2685.3    713.2
     1     1    11    10    28    16     0     2  -119.0   -7.759  -43.649   2715.7    710.3
     1     1    11    10    28    15     0     3  -120.0   -7.933  -43.458   2729.6    708.2
     1     1    11    10    28    14     0     2  -121.0   -8.113  -43.282   2746.7    706.6
     1     1    11    10    28    13     0     1  -122.0   -8.294  -43.115   2791.9    700.1
     1     1    11    10    28    12     0     0  -123.0   -8.475  -42.958   2875.0    689.7
     1     1    11    10    28    11     0     1  -124.0   -8.641  -42.821   2972.6    677.1
     1     1    11    10    28    10     0     2  -125.0   -8.778  -42.707   3046.1    669.5
     1     1    11    10    28     9     0     3  -126.0   -8.892  -42.616   3088.0    665.1
     1     1    11    10    28     8     0     2  -127.0   -8.986  -42.538   3111.7    664.5
     1     1    11    10    28     7     0     1  -128.0   -9.061  -42.463   3134.0    663.5
     1     1    11    10    28     6     0     0  -129.0   -9.118  -42.392   3153.0    662.8
     1     1    11    10    28     5     0     1  -130.0   -9.157  -42.322   3183.2    662.7
     1     1    11    10    28     4     0     2  -131.0   -9.180  -42.248   3234.9    659.4
     1     1    11    10    28     3     0     3  -132.0   -9.192  -42.171   3299.5    655.0
     1     1    11    10    28     2     0     2  -133.0   -9.189  -42.085   3345.8    650.2
     1     1    11    10    28     1     0     1  -134.0   -9.165  -41.988   3354.2    651.1
     1     1    11    10    28     0     0     0  -135.0   -9.117  -41.879   3335.7    653.0
     1     1    11    10    27    23     0     1  -136.0   -9.048  -41.762   3326.1    655.5
     1     1    11    10    27    22     0     2  -137.0   -8.964  -41.643   3340.1    653.6
     1     1    11    10    27    21     0     3  -138.0   -8.867  -41.521   3365.8    650.3
     1     1    11    10    27    20     0     2  -139.0   -8.759  -41.397   3401.1    647.0
     1     1    11    10    27    19     0     1  -140.0   -8.642  -41.268   3448.2    642.5
     1     1    11    10    27    18     0     0  -141.0   -8.519  -41.135   3510.0    636.9
     1     1    11    10    27    17     0     1  -142.0   -8.393  -40.996   3572.6    629.6
     1     1    11    10    27    16     0     2  -143.0   -8.268  -40.851   3614.8    625.6
     1     1    11    10    27    15     0     3  -144.0   -8.140  -40.698   3627.9    623.9
     1     1    11    10    27    14     0     2  -145.0   -8.008  -40.541   3620.2    624.4
     1     1    11    10    27    13     0     1  -146.0   -7.868  -40.381   3600.4    624.9
     1     1    11    10    27    12     0     0  -147.0   -7.718  -40.221   3571.1    625.7
     1     1    11    10    27    11     0     1  -148.0   -7.561  -40.067   3552.0    625.6
     1     1    11    10    27    10     0     2  -149.0   -7.398  -39.922   3562.9    623.0
     1     1    11    10    27     9     0     3  -150.0   -7.228  -39.784   3606.6    619.7
     1     1    11    10    27     8     0     2  -151.0   -7.052  -39.645   3684.2    615.1
     1     1    11    10    27     7     0     1  -152.0   -6.876  -39.500   3798.2    609.1
     1     1    11    10    27     6     0     0  -153.0   -6.704  -39.352   3948.2    601.4
     1     1    11    10    27     5     0     1  -154.0   -6.535  -39.206   4097.6    591.5
     1     1    11    10    27     4     0     2  -155.0   -6.364  -39.065   4204.4    587.7
     1     1    11    10    27     3     0     3  -156.0   -6.188  -38.925   4265.3    586.3
     1     1    11    10    27     2     0     2  -157.0   -6.010  -38.793   4309.2    586.9
     1     1    11    10    27     1     0     1  -158.0   -5.836  -38.675   4360.6    584.2
     1     1    11    10    27     0     0     0  -159.0   -5.667  -38.566   4414.8    581.9
     1     1    11    10    26    23     0     1  -160.0   -5.501  -38.464   4460.0    579.3
     1     1    11    10    26    22     0     2  -161.0   -5.339  -38.367   4485.3    579.1
     1     1    11    10    26    21     0     3  -162.0   -5.180  -38.277   4490.2    580.5
     1     1    11    10    26    20     0     2  -163.0   -5.016  -38.186   4485.6    584.2
     1     1    11    10    26    19     0     1  -164.0   -4.839  -38.081   4487.2    587.0
     1     1    11    10    26    18     0     0  -165.0   -4.651  -37.957   4501.9    588.4
     1     1    11    10    26    17     0     1  -166.0   -4.454  -37.808   4514.4    588.1
     1     1    11    10    26    16     0     2  -167.0   -4.248  -37.631   4510.1    589.7
     1     1    11    10    26    15     0     3  -168.0   -4.035  -37.428   4483.1    592.8
     1     1    11    10    26    14     0     2  -169.0   -3.812  -37.207   4458.8    597.1
     1     1    11    10    26    13     0     1  -170.0   -3.575  -36.975   4467.0    596.4
     1     1    11    10    26    12     0     0  -171.0   -3.326  -36.740   4498.4    593.7
     1     1    11    10    26    11     0     1  -172.0   -3.078  -36.509   4527.8    589.8
     1     1    11    10    26    10     0     2  -173.0   -2.845  -36.287   4544.5    588.6
     1     1    11    10    26     9     0     3  -174.0   -2.623  -36.075   4566.2    587.4
     1     1    11    10    26     8     0     2  -175.0   -2.414  -35.865   4604.5    584.6
     1     1    11    10    26     7     0     1  -176.0   -2.219  -35.655   4656.4    580.4
     1     1    11    10    26     6     0     0  -177.0   -2.041  -35.447   4713.0    575.9
     1     1    11    10    26     5     0     1  -178.0   -1.878  -35.239   4763.5    572.1
     1     1    11    10    26     4     0     2  -179.0   -1.725  -35.032   4805.3    569.7
     1     1    11    10    26     3     0     3  -180.0   -1.582  -34.827   4845.3    567.3
     1     1    11    10    26     2     0     2  -181.0   -1.449  -34.627   4886.9    564.8
     1     1    11    10    26     1     0     1  -182.0   -1.327  -34.434   4929.1    562.0
     1     1    11    10    26     0     0     0  -183.0   -1.214  -34.249   4969.2    559.5
     1     1    11    10    25    23     0     1  -184.0   -1.104  -34.078   4994.3    556.7
     1     1    11    10    25    22     0     2  -185.0   -0.990  -33.922   4992.8    556.7
     1     1    11    10    25    21     0     3  -186.0   -0.871  -33.778   4968.6    558.4
     1     1    11    10    25    20     0     2  -187.0   -0.750  -33.637   4939.7    561.2
     1     1    11    10    25    19     0     1  -188.0   -0.631  -33.497   4916.9    562.5
     1     1    11    10    25    18     0     0  -189.0   -0.512  -33.356   4894.1    563.7
     1     1    11    10    25    17     0     1  -190.0   -0.392  -33.213   4876.7    565.7
     1     1    11    10    25    16     0     2  -191.0   -0.273  -33.068   4874.4    566.1
     1     1    11    10    25    15     0     3  -192.0   -0.157  -32.922   4889.7    565.2
     1     1    11    10    25    14     0     2  -193.0   -0.047  -32.773   4919.1    562.9
     1     1    11    10    25    13     0     1  -194.0    0.057  -32.618   4956.9    560.3
     1     1    11    10    25    12     0     0  -195.0    0.152  -32.458   5001.4    557.2
     1     1    11    10    25    11     0     1  -196.0    0.238  -32.296   5047.5    553.4
     1     1    11    10    25    10     0     2  -197.0    0.314  -32.136   5092.2    550.1
     1     1    11    10    25     9     0     3  -198.0    0.380  -31.976   5138.2    546.7
     1     1    11    10    25     8     0     2  -199.0    0.436  -31.825   5188.4    543.3
     1     1    11    10    25     7     0     1  -200.0    0.483  -31.688   5244.2    539.4
     1     1    11    10    25     6     0     0  -201.0    0.521  -31.563   5305.6    535.2
     1     1    11    10    25     5     0     1  -202.0    0.556  -31.443   5360.9    530.9
     1     1    11    10    25     4     0     2  -203.0    0.592  -31.321   5396.3    528.6
     1     1    11    10    25     3     0     3  -204.0    0.632  -31.195   5407.6    528.0
     1     1    11    10    25     2     0     2  -205.0    0.673  -31.061   5398.4    529.2
     1     1    11    10    25     1     0     1  -206.0    0.711  -30.918   5375.1    531.1
     1     1    11    10    25     0     0     0  -207.0    0.745  -30.769   5339.3    533.8
     1     1    11    10    24    23     0     1  -208.0    0.776  -30.616   5301.3    536.9
     1     1    11    10    24    22     0     2  -209.0    0.801  -30.461   5270.0    538.8
     1     1    11    10    24    21     0     3  -210.0    0.821  -30.302   5244.7    540.4
     1     1    11    10    24    20     0     2  -211.0    0.835  -30.140   5223.4    541.6
     1     1    11    10    24    19     0     1  -212.0    0.844  -29.971   5206.1    542.8
     1     1    11    10    24    18     0     0  -213.0    0.848  -29.795   5194.1    543.5
     1     1    11    10    24    17     0     1  -214.0    0.846  -29.613   5194.1    544.2
     1     1    11    10    24    16     0     2  -215.0    0.843  -29.426   5215.0    543.0
     1     1    11    10    24    15     0     3  -216.0    0.840  -29.232   5260.1    540.3
     1     1    11    10    24    14     0     2  -217.0    0.836  -29.037   5314.8    535.6
     1     1    11    10    24    13     0     1  -218.0    0.826  -28.843   5360.0    532.7
     1     1    11    10    24    12     0     0  -219.0    0.810  -28.650   5392.6    530.6
     1     1    11    10    24    11     0     1  -220.0    0.786  -28.456   5445.2    529.0
     1     1    11    10    24    10     0     2  -221.0    0.756  -28.260   5549.2    521.6
     1     1    11    10    24     9     0     3  -222.0    0.720  -28.058   5694.5    511.4
     1     1    11    10    24     8     0     2  -223.0    0.675  -27.850   5825.2    499.4
     1     1    11    10    24     7     0     1  -224.0    0.611  -27.641   5897.6    494.9
     1     1    11    10    24     6     0     0  -225.0    0.529  -27.433   5921.2    493.4
     1     1    11    10    24     5     0     1  -226.0    0.433  -27.229   5923.0    494.9
     1     1    11    10    24     4     0     2  -227.0    0.332  -27.032   5925.0    494.9
     1     1    11    10    24     3     0     3  -228.0    0.226  -26.844   5926.1    494.9
     1     1    11    10    24     2     0     2  -229.0    0.125  -26.660   5937.1    495.2
     1     1    11    10    24     1     0     1  -230.0    0.032  -26.476   5968.3    493.5
     1     1    11    10    24     0     0     0  -231.0   -0.053  -26.288   6019.5    490.5
     1     1    11    10    23    23     0     1  -232.0   -0.134  -26.098   6066.1    485.8
     1     1    11    10    23    22     0     2  -233.0   -0.213  -25.907   6081.3    484.6
     1     1    11    10    23    21     0     3  -234.0   -0.292  -25.716   6062.5    485.5
     1     1    11    10    23    20     0     2  -235.0   -0.372  -25.535   6034.8    488.8
     1     1    11    10    23    19     0     1  -236.0   -0.453  -25.366   6022.8    489.4
     1     1    11    10    23    18     0     0  -237.0   -0.533  -25.209   6025.3    489.1
     1     1    11    10    23    17     0     1  -238.0   -0.609  -25.055   6037.4    488.1
     1     1    11    10    23    16     0     2  -239.0   -0.679  -24.897   6054.1    487.1
     1     1    11    10    23    15     0     3  -240.0   -0.744  -24.730   6072.6    485.8
     1     1    11    10    23    14     0     2  -241.0   -0.807  -24.556   6093.3    484.8
     1     1    11    10    23    13     0     1  -242.0   -0.870  -24.374   6121.0    483.3
     1     1    11    10    23    12     0     0  -243.0   -0.932  -24.186   6161.1    481.1
     1     1    11    10    23    11     0     1  -244.0   -0.997  -23.991   6209.6    477.4
     1     1    11    10    23    10     0     2  -245.0   -1.067  -23.796   6257.7    474.2
     1     1    11    10    23     9     0     3  -246.0   -1.141  -23.601   6304.0    471.2
     1     1    11    10    23     8     0     2  -247.0   -1.215  -23.410   6341.4    468.4
     1     1    11    10    23     7     0     1  -248.0   -1.289  -23.224   6363.0    467.0
     1     1    11    10    23     6     0     0  -249.0   -1.362  -23.043   6368.6    466.5
     1     1    11    10    23     5     0     1  -250.0   -1.433  -22.868   6358.1    467.4
     1     1    11    10    23     4     0     2  -251.0   -1.498  -22.696   6333.1    469.1
     1     1    11    10    23     3     0     3  -252.0   -1.558  -22.525   6295.8    471.6
     1     1    11    10    23     2     0     2  -253.0   -1.603  -22.356   6257.5    474.8
     1     1    11    10    23     1     0     1  -254.0   -1.629  -22.186   6231.2    476.8
     1     1    11    10    23     0     0     0  -255.0   -1.636  -22.015   6221.2    477.9
     1     1    11    10    22    23     0     1  -256.0   -1.625  -21.842   6223.3    477.2
     1     1    11    10    22    22     0     2  -257.0   -1.596  -21.669   6229.3    476.6
     1     1    11    10    22    21     0     3  -258.0   -1.551  -21.498   6236.5    476.0
     1     1    11    10    22    20     0     2  -259.0   -1.491  -21.321   6250.3    475.4
     1     1    11    10    22    19     0     1  -260.0   -1.416  -21.134   6277.6    473.5
     1     1    11    10    22    18     0     0  -261.0   -1.327  -20.935   6318.6    470.8
     1     1    11    10    22    17     0     1  -262.0   -1.224  -20.720   6369.5    467.5
     1     1    11    10    22    16     0     2  -263.0   -1.109  -20.484   6426.4    464.1
     1     1    11    10    22    15     0     3  -264.0   -0.983  -20.226   6489.3    460.3
     1     1    11    10    22    14     0     2  -265.0   -0.845  -19.951   6562.6    456.3
     1     1    11    10    22    13     0     1  -266.0   -0.698  -19.666   6647.6    451.2
     1     1    11    10    22    12     0     0  -267.0   -0.542  -19.369   6739.1    445.7
     1     1    11    10    22    11     0     1  -268.0   -0.381  -19.056   6822.3    440.0
     1     1    11    10    22    10     0     2  -269.0   -0.222  -18.721   6886.8    436.3
     1     1    11    10    22     9     0     3  -270.0   -0.065  -18.364   6936.6    433.4
     1     1    11    10    22     8     0     2  -271.0    0.093  -17.993   6975.3    431.2
     1     1    11    10    22     7     0     1  -272.0    0.255  -17.622   7001.9    429.3
     1     1    11    10    22     6     0     0  -273.0    0.424  -17.252   7008.3    428.5
     1     1    11    10    22     5     0     1  -274.0    0.597  -16.874   7000.4    429.7
     1     1    11    10    22     4     0     2  -275.0    0.773  -16.481   6992.6    430.4
     1     1    11    10    22     3     0     3  -276.0    0.954  -16.071   6989.6    430.7
     1     1    11    10    22     2     0     2  -277.0    1.125  -15.652   7000.6    430.6
     1     1    11    10    22     1     0     1  -278.0    1.276  -15.234   7026.9    429.0
     1     1    11    10    22     0     0     0  -279.0    1.412  -14.814   7059.2    427.0
