     3     1
    GDAS    11    10    22     0     0
    GDAS    11    10    29     0     0
    GDAS    11    11     1     0     0
     1 BACKWARD OMEGA   
  2011    11     2    15   -8.920  -57.030  1219.2
     1 PRESSURE
     1     1    11    11     2    15     0     3     0.0   -8.920  -57.030   1219.2    861.5
     1     1    11    11     2    14     0     2    -1.0   -8.831  -56.992   1080.9    877.4
     1     1    11    11     2    13     0     1    -2.0   -8.722  -56.938   1012.3    880.9
     1     1    11    11     2    12     0     0    -3.0   -8.582  -56.873    996.0    878.1
     1     1    11    11     2    11     0     1    -4.0   -8.428  -56.809    993.5    871.5
     1     1    11    11     2    10     0     2    -5.0   -8.283  -56.748    981.3    869.5
     1     1    11    11     2     9     0     3    -6.0   -8.147  -56.690    966.7    867.9
     1     1    11    11     2     8     0     2    -7.0   -8.018  -56.634    960.6    866.4
     1     1    11    11     2     7     0     1    -8.0   -7.901  -56.579    969.3    866.4
     1     1    11    11     2     6     0     0    -9.0   -7.797  -56.523    986.2    865.9
     1     1    11    11     2     5     0     1   -10.0   -7.704  -56.473   1002.8    865.5
     1     1    11    11     2     4     0     2   -11.0   -7.625  -56.434   1013.2    865.9
     1     1    11    11     2     3     0     3   -12.0   -7.561  -56.407   1015.8    866.9
     1     1    11    11     2     2     0     2   -13.0   -7.506  -56.385   1023.0    868.4
     1     1    11    11     2     1     0     1   -14.0   -7.454  -56.365   1047.0    866.8
     1     1    11    11     2     0     0     0   -15.0   -7.403  -56.347   1088.6    863.6
     1     1    11    11     1    23     0     1   -16.0   -7.347  -56.346   1128.8    858.2
     1     1    11    11     1    22     0     2   -17.0   -7.281  -56.376   1148.8    857.1
     1     1    11    11     1    21     0     3   -18.0   -7.208  -56.436   1152.2    858.1
     1     1    11    11     1    20     0     2   -19.0   -7.131  -56.505   1147.3    861.6
     1     1    11    11     1    19     0     1   -20.0   -7.054  -56.563   1140.5    864.6
     1     1    11    11     1    18     0     0   -21.0   -6.979  -56.610   1131.8    867.5
     1     1    11    11     1    17     0     1   -22.0   -6.905  -56.650   1113.7    870.0
     1     1    11    11     1    16     0     2   -23.0   -6.834  -56.686   1081.3    874.8
     1     1    11    11     1    15     0     3   -24.0   -6.764  -56.719   1039.5    880.6
     1     1    11    11     1    14     0     2   -25.0   -6.687  -56.750   1001.6    886.2
     1     1    11    11     1    13     0     1   -26.0   -6.598  -56.785    978.0    889.2
     1     1    11    11     1    12     0     0   -27.0   -6.496  -56.823    966.5    891.1
     1     1    11    11     1    11     0     1   -28.0   -6.394  -56.874    973.0    891.7
     1     1    11    11     1    10     0     2   -29.0   -6.305  -56.941   1005.7    888.7
     1     1    11    11     1     9     0     3   -30.0   -6.230  -57.023   1067.6    882.8
     1     1    11    11     1     8     0     2   -31.0   -6.167  -57.109   1121.6    873.9
     1     1    11    11     1     7     0     1   -32.0   -6.120  -57.200   1127.0    873.5
     1     1    11    11     1     6     0     0   -33.0   -6.091  -57.298   1087.2    877.7
     1     1    11    11     1     5     0     1   -34.0   -6.068  -57.400   1027.9    886.3
     1     1    11    11     1     4     0     2   -35.0   -6.032  -57.501    962.8    892.9
     1     1    11    11     1     3     0     3   -36.0   -5.974  -57.605    886.1    901.4
     1     1    11    11     1     2     0     2   -37.0   -5.893  -57.699    828.6    910.1
     1     1    11    11     1     1     0     1   -38.0   -5.796  -57.765    816.4    910.9
     1     1    11    11     1     0     0     0   -39.0   -5.690  -57.801    846.0    907.5
     1     1    11    10    31    23     0     1   -40.0   -5.597  -57.818    871.3    899.8
     1     1    11    10    31    22     0     2   -41.0   -5.531  -57.824    851.4    901.8
     1     1    11    10    31    21     0     3   -42.0   -5.486  -57.817    795.0    907.2
     1     1    11    10    31    20     0     2   -43.0   -5.458  -57.804    720.7    916.7
     1     1    11    10    31    19     0     1   -44.0   -5.444  -57.798    641.3    925.6
     1     1    11    10    31    18     0     0   -45.0   -5.443  -57.801    557.0    934.6
     1     1    11    10    31    17     0     1   -46.0   -5.453  -57.808    491.0    945.0
     1     1    11    10    31    16     0     2   -47.0   -5.469  -57.813    457.1    949.3
     1     1    11    10    31    15     0     3   -48.0   -5.493  -57.815    449.6    950.8
     1     1    11    10    31    14     0     2   -49.0   -5.524  -57.825    456.1    949.0
     1     1    11    10    31    13     0     1   -50.0   -5.562  -57.848    465.9    947.9
     1     1    11    10    31    12     0     0   -51.0   -5.608  -57.887    478.2    946.6
     1     1    11    10    31    11     0     1   -52.0   -5.652  -57.934    488.9    944.3
     1     1    11    10    31    10     0     2   -53.0   -5.685  -57.977    495.3    942.9
     1     1    11    10    31     9     0     3   -54.0   -5.705  -58.012    498.9    941.9
     1     1    11    10    31     8     0     2   -55.0   -5.716  -58.039    507.1    941.6
     1     1    11    10    31     7     0     1   -56.0   -5.722  -58.062    527.2    939.2
     1     1    11    10    31     6     0     0   -57.0   -5.724  -58.084    561.1    935.6
     1     1    11    10    31     5     0     1   -58.0   -5.712  -58.108    605.5    931.1
     1     1    11    10    31     4     0     2   -59.0   -5.677  -58.138    656.3    926.4
     1     1    11    10    31     3     0     3   -60.0   -5.624  -58.171    718.7    920.3
     1     1    11    10    31     2     0     2   -61.0   -5.577  -58.210    808.2    912.2
     1     1    11    10    31     1     0     1   -62.0   -5.551  -58.258    937.6    899.2
     1     1    11    10    31     0     0     0   -63.0   -5.544  -58.316   1107.5    881.6
     1     1    11    10    30    23     0     1   -64.0   -5.550  -58.376   1297.9    859.6
     1     1    11    10    30    22     0     2   -65.0   -5.566  -58.435   1481.9    840.6
     1     1    11    10    30    21     0     3   -66.0   -5.591  -58.499   1642.5    822.9
     1     1    11    10    30    20     0     2   -67.0   -5.608  -58.580   1767.9    811.2
     1     1    11    10    30    19     0     1   -68.0   -5.602  -58.688   1857.7    803.1
     1     1    11    10    30    18     0     0   -69.0   -5.574  -58.814   1921.8    797.6
     1     1    11    10    30    17     0     1   -70.0   -5.524  -58.942   1946.7    794.0
     1     1    11    10    30    16     0     2   -71.0   -5.453  -59.059   1919.2    797.9
     1     1    11    10    30    15     0     3   -72.0   -5.358  -59.158   1857.5    806.1
     1     1    11    10    30    14     0     2   -73.0   -5.247  -59.226   1796.2    814.2
     1     1    11    10    30    13     0     1   -74.0   -5.123  -59.254   1750.4    818.1
     1     1    11    10    30    12     0     0   -75.0   -4.982  -59.246   1705.6    821.9
     1     1    11    10    30    11     0     1   -76.0   -4.836  -59.221   1634.7    826.5
     1     1    11    10    30    10     0     2   -77.0   -4.697  -59.201   1540.5    837.1
     1     1    11    10    30     9     0     3   -78.0   -4.559  -59.182   1458.8    846.4
     1     1    11    10    30     8     0     2   -79.0   -4.421  -59.151   1412.6    851.5
     1     1    11    10    30     7     0     1   -80.0   -4.283  -59.098   1404.0    852.2
     1     1    11    10    30     6     0     0   -81.0   -4.143  -59.020   1433.9    849.8
     1     1    11    10    30     5     0     1   -82.0   -3.997  -58.924   1450.6    843.7
     1     1    11    10    30     4     0     2   -83.0   -3.853  -58.820   1398.1    849.2
     1     1    11    10    30     3     0     3   -84.0   -3.715  -58.711   1301.3    861.4
     1     1    11    10    30     2     0     2   -85.0   -3.589  -58.603   1211.4    873.7
     1     1    11    10    30     1     0     1   -86.0   -3.484  -58.506   1147.1    879.6
     1     1    11    10    30     0     0     0   -87.0   -3.400  -58.420   1098.9    884.4
     1     1    11    10    29    23     0     1   -88.0   -3.326  -58.337   1067.0    887.4
     1     1    11    10    29    22     0     2   -89.0   -3.252  -58.247   1052.4    888.3
     1     1    11    10    29    21     0     3   -90.0   -3.178  -58.153   1048.7    888.0
     1     1    11    10    29    20     0     2   -91.0   -3.105  -58.048   1049.4    888.8
     1     1    11    10    29    19     0     1   -92.0   -3.036  -57.929   1048.7    889.4
     1     1    11    10    29    18     0     0   -93.0   -2.970  -57.800   1042.0    890.6
     1     1    11    10    29    17     0     1   -94.0   -2.907  -57.661   1038.2    892.6
     1     1    11    10    29    16     0     2   -95.0   -2.844  -57.513   1046.4    892.4
     1     1    11    10    29    15     0     3   -96.0   -2.782  -57.355   1065.8    891.1
     1     1    11    10    29    14     0     2   -97.0   -2.713  -57.180   1086.7    887.7
     1     1    11    10    29    13     0     1   -98.0   -2.632  -56.981   1099.6    886.0
     1     1    11    10    29    12     0     0   -99.0   -2.540  -56.762   1107.1    885.1
     1     1    11    10    29    11     0     1  -100.0   -2.442  -56.527   1121.4    883.7
     1     1    11    10    29    10     0     2  -101.0   -2.345  -56.280   1148.8    880.1
     1     1    11    10    29     9     0     3  -102.0   -2.253  -56.025   1181.7    876.1
     1     1    11    10    29     8     0     2  -103.0   -2.166  -55.765   1212.6    873.0
     1     1    11    10    29     7     0     1  -104.0   -2.082  -55.499   1243.9    870.7
     1     1    11    10    29     6     0     0  -105.0   -2.001  -55.225   1289.2    867.3
     1     1    11    10    29     5     0     1  -106.0   -1.921  -54.948   1371.2    859.1
     1     1    11    10    29     4     0     2  -107.0   -1.837  -54.668   1477.5    843.5
     1     1    11    10    29     3     0     3  -108.0   -1.753  -54.380   1561.9    830.7
     1     1    11    10    29     2     0     2  -109.0   -1.672  -54.086   1628.7    823.0
     1     1    11    10    29     1     0     1  -110.0   -1.598  -53.787   1695.2    815.4
     1     1    11    10    29     0     0     0  -111.0   -1.529  -53.489   1749.9    810.4
     1     1    11    10    28    23     0     1  -112.0   -1.473  -53.212   1786.0    807.8
     1     1    11    10    28    22     0     2  -113.0   -1.434  -52.966   1811.8    807.1
     1     1    11    10    28    21     0     3  -114.0   -1.406  -52.742   1829.8    806.2
     1     1    11    10    28    20     0     2  -115.0   -1.383  -52.529   1835.4    807.6
     1     1    11    10    28    19     0     1  -116.0   -1.360  -52.315   1828.7    810.2
     1     1    11    10    28    18     0     0  -117.0   -1.332  -52.099   1810.2    813.9
     1     1    11    10    28    17     0     1  -118.0   -1.302  -51.868   1787.1    818.5
     1     1    11    10    28    16     0     2  -119.0   -1.280  -51.609   1769.7    821.9
     1     1    11    10    28    15     0     3  -120.0   -1.266  -51.325   1761.1    824.5
     1     1    11    10    28    14     0     2  -121.0   -1.268  -51.017   1751.5    825.9
     1     1    11    10    28    13     0     1  -122.0   -1.286  -50.685   1732.5    827.8
     1     1    11    10    28    12     0     0  -123.0   -1.320  -50.326   1705.8    830.1
     1     1    11    10    28    11     0     1  -124.0   -1.362  -49.956   1677.7    832.8
     1     1    11    10    28    10     0     2  -125.0   -1.408  -49.590   1658.0    833.6
     1     1    11    10    28     9     0     3  -126.0   -1.463  -49.226   1652.9    833.2
     1     1    11    10    28     8     0     2  -127.0   -1.525  -48.868   1662.2    831.3
     1     1    11    10    28     7     0     1  -128.0   -1.589  -48.521   1677.3    829.4
     1     1    11    10    28     6     0     0  -129.0   -1.658  -48.186   1693.3    827.7
     1     1    11    10    28     5     0     1  -130.0   -1.734  -47.860   1706.9    825.9
     1     1    11    10    28     4     0     2  -131.0   -1.817  -47.540   1719.1    824.4
     1     1    11    10    28     3     0     3  -132.0   -1.907  -47.219   1736.0    822.0
     1     1    11    10    28     2     0     2  -133.0   -1.999  -46.900   1777.3    818.8
     1     1    11    10    28     1     0     1  -134.0   -2.086  -46.588   1846.5    811.6
     1     1    11    10    28     0     0     0  -135.0   -2.163  -46.280   1921.7    803.7
     1     1    11    10    27    23     0     1  -136.0   -2.232  -45.983   1991.6    796.2
     1     1    11    10    27    22     0     2  -137.0   -2.298  -45.702   2063.4    790.3
     1     1    11    10    27    21     0     3  -138.0   -2.361  -45.426   2149.6    782.7
     1     1    11    10    27    20     0     2  -139.0   -2.418  -45.143   2234.4    774.4
     1     1    11    10    27    19     0     1  -140.0   -2.464  -44.854   2295.0    769.2
     1     1    11    10    27    18     0     0  -141.0   -2.500  -44.566   2323.2    766.9
     1     1    11    10    27    17     0     1  -142.0   -2.529  -44.283   2328.0    768.3
     1     1    11    10    27    16     0     2  -143.0   -2.553  -44.004   2320.2    769.5
     1     1    11    10    27    15     0     3  -144.0   -2.569  -43.731   2299.1    771.6
     1     1    11    10    27    14     0     2  -145.0   -2.578  -43.457   2270.6    774.0
     1     1    11    10    27    13     0     1  -146.0   -2.582  -43.174   2241.1    776.7
     1     1    11    10    27    12     0     0  -147.0   -2.579  -42.885   2215.7    779.2
     1     1    11    10    27    11     0     1  -148.0   -2.565  -42.590   2201.6    781.7
     1     1    11    10    27    10     0     2  -149.0   -2.535  -42.293   2203.7    782.0
     1     1    11    10    27     9     0     3  -150.0   -2.491  -41.999   2219.6    780.9
     1     1    11    10    27     8     0     2  -151.0   -2.439  -41.707   2243.6    777.7
     1     1    11    10    27     7     0     1  -152.0   -2.386  -41.413   2273.4    774.2
     1     1    11    10    27     6     0     0  -153.0   -2.330  -41.122   2306.4    770.5
     1     1    11    10    27     5     0     1  -154.0   -2.278  -40.838   2335.8    768.0
     1     1    11    10    27     4     0     2  -155.0   -2.235  -40.563   2353.0    767.2
     1     1    11    10    27     3     0     3  -156.0   -2.200  -40.296   2358.8    767.9
     1     1    11    10    27     2     0     2  -157.0   -2.168  -40.038   2363.9    768.7
     1     1    11    10    27     1     0     1  -158.0   -2.136  -39.789   2376.0    768.0
     1     1    11    10    27     0     0     0  -159.0   -2.102  -39.547   2399.0    766.3
     1     1    11    10    26    23     0     1  -160.0   -2.059  -39.316   2425.0    762.5
     1     1    11    10    26    22     0     2  -161.0   -2.001  -39.098   2443.9    760.2
     1     1    11    10    26    21     0     3  -162.0   -1.931  -38.892   2458.9    758.7
     1     1    11    10    26    20     0     2  -163.0   -1.852  -38.691   2484.7    757.4
     1     1    11    10    26    19     0     1  -164.0   -1.762  -38.490   2528.6    753.1
     1     1    11    10    26    18     0     0  -165.0   -1.661  -38.290   2581.6    748.0
     1     1    11    10    26    17     0     1  -166.0   -1.553  -38.087   2632.9    743.2
     1     1    11    10    26    16     0     2  -167.0   -1.438  -37.876   2675.7    739.6
     1     1    11    10    26    15     0     3  -168.0   -1.313  -37.655   2710.4    736.8
     1     1    11    10    26    14     0     2  -169.0   -1.184  -37.430   2732.3    734.5
     1     1    11    10    26    13     0     1  -170.0   -1.060  -37.201   2738.6    734.4
     1     1    11    10    26    12     0     0  -171.0   -0.942  -36.967   2735.1    735.2
     1     1    11    10    26    11     0     1  -172.0   -0.826  -36.733   2718.7    735.6
     1     1    11    10    26    10     0     2  -173.0   -0.708  -36.503   2698.5    738.2
     1     1    11    10    26     9     0     3  -174.0   -0.588  -36.275   2700.0    738.5
     1     1    11    10    26     8     0     2  -175.0   -0.469  -36.052   2724.2    735.5
     1     1    11    10    26     7     0     1  -176.0   -0.358  -35.835   2753.7    732.1
     1     1    11    10    26     6     0     0  -177.0   -0.257  -35.624   2782.1    729.6
     1     1    11    10    26     5     0     1  -178.0   -0.163  -35.417   2808.1    727.4
     1     1    11    10    26     4     0     2  -179.0   -0.075  -35.213   2827.8    725.7
     1     1    11    10    26     3     0     3  -180.0    0.007  -35.015   2835.9    725.0
     1     1    11    10    26     2     0     2  -181.0    0.083  -34.825   2840.9    726.0
     1     1    11    10    26     1     0     1  -182.0    0.156  -34.644   2852.4    725.2
     1     1    11    10    26     0     0     0  -183.0    0.228  -34.470   2866.7    724.1
     1     1    11    10    25    23     0     1  -184.0    0.300  -34.303   2879.6    722.5
     1     1    11    10    25    22     0     2  -185.0    0.372  -34.144   2893.2    721.4
     1     1    11    10    25    21     0     3  -186.0    0.442  -33.996   2914.6    719.5
     1     1    11    10    25    20     0     2  -187.0    0.510  -33.852   2935.3    716.5
     1     1    11    10    25    19     0     1  -188.0    0.574  -33.705   2943.1    715.5
     1     1    11    10    25    18     0     0  -189.0    0.635  -33.556   2938.5    715.7
     1     1    11    10    25    17     0     1  -190.0    0.696  -33.402   2936.7    717.3
     1     1    11    10    25    16     0     2  -191.0    0.761  -33.241   2953.1    716.3
     1     1    11    10    25    15     0     3  -192.0    0.832  -33.074   2991.0    713.4
     1     1    11    10    25    14     0     2  -193.0    0.904  -32.900   3036.2    708.4
     1     1    11    10    25    13     0     1  -194.0    0.974  -32.720   3072.3    705.5
     1     1    11    10    25    12     0     0  -195.0    1.041  -32.536   3099.2    703.5
     1     1    11    10    25    11     0     1  -196.0    1.102  -32.350   3121.4    701.6
     1     1    11    10    25    10     0     2  -197.0    1.156  -32.166   3141.0    699.6
     1     1    11    10    25     9     0     3  -198.0    1.203  -31.982   3155.0    698.0
     1     1    11    10    25     8     0     2  -199.0    1.240  -31.803   3168.6    697.4
     1     1    11    10    25     7     0     1  -200.0    1.264  -31.635   3189.6    695.7
     1     1    11    10    25     6     0     0  -201.0    1.276  -31.477   3220.6    693.1
     1     1    11    10    25     5     0     1  -202.0    1.278  -31.330   3259.2    689.8
     1     1    11    10    25     4     0     2  -203.0    1.273  -31.192   3300.1    686.5
     1     1    11    10    25     3     0     3  -204.0    1.260  -31.064   3339.7    683.3
     1     1    11    10    25     2     0     2  -205.0    1.238  -30.941   3369.6    680.5
     1     1    11    10    25     1     0     1  -206.0    1.207  -30.822   3384.6    679.6
     1     1    11    10    25     0     0     0  -207.0    1.167  -30.707   3388.0    679.8
     1     1    11    10    24    23     0     1  -208.0    1.122  -30.596   3393.1    680.0
     1     1    11    10    24    22     0     2  -209.0    1.072  -30.489   3410.0    678.3
     1     1    11    10    24    21     0     3  -210.0    1.017  -30.384   3436.7    675.8
     1     1    11    10    24    20     0     2  -211.0    0.954  -30.277   3461.6    672.7
     1     1    11    10    24    19     0     1  -212.0    0.881  -30.161   3474.4    671.6
     1     1    11    10    24    18     0     0  -213.0    0.798  -30.038   3475.9    671.3
     1     1    11    10    24    17     0     1  -214.0    0.710  -29.908   3478.9    672.3
     1     1    11    10    24    16     0     2  -215.0    0.623  -29.770   3493.8    671.3
     1     1    11    10    24    15     0     3  -216.0    0.537  -29.625   3519.0    669.4
     1     1    11    10    24    14     0     2  -217.0    0.450  -29.472   3540.7    666.9
     1     1    11    10    24    13     0     1  -218.0    0.359  -29.311   3545.5    666.8
     1     1    11    10    24    12     0     0  -219.0    0.265  -29.146   3532.2    668.0
     1     1    11    10    24    11     0     1  -220.0    0.172  -28.972   3537.4    670.5
     1     1    11    10    24    10     0     2  -221.0    0.080  -28.788   3601.8    665.3
     1     1    11    10    24     9     0     3  -222.0   -0.011  -28.593   3726.7    655.0
     1     1    11    10    24     8     0     2  -223.0   -0.108  -28.392   3855.7    640.1
     1     1    11    10    24     7     0     1  -224.0   -0.216  -28.190   3931.8    633.9
     1     1    11    10    24     6     0     0  -225.0   -0.335  -27.986   3954.7    631.9
     1     1    11    10    24     5     0     1  -226.0   -0.463  -27.779   3940.4    634.3
     1     1    11    10    24     4     0     2  -227.0   -0.593  -27.571   3907.0    637.3
     1     1    11    10    24     3     0     3  -228.0   -0.724  -27.364   3860.2    641.3
     1     1    11    10    24     2     0     2  -229.0   -0.855  -27.156   3818.6    646.3
     1     1    11    10    24     1     0     1  -230.0   -0.982  -26.949   3797.6    648.2
     1     1    11    10    24     0     0     0  -231.0   -1.103  -26.741   3795.4    648.6
     1     1    11    10    23    23     0     1  -232.0   -1.225  -26.538   3795.3    647.0
     1     1    11    10    23    22     0     2  -233.0   -1.351  -26.340   3779.1    647.7
     1     1    11    10    23    21     0     3  -234.0   -1.483  -26.147   3744.0    650.1
     1     1    11    10    23    20     0     2  -235.0   -1.619  -25.959   3708.6    654.2
     1     1    11    10    23    19     0     1  -236.0   -1.756  -25.776   3695.0    655.3
     1     1    11    10    23    18     0     0  -237.0   -1.893  -25.597   3707.0    654.2
     1     1    11    10    23    17     0     1  -238.0   -2.025  -25.418   3741.8    651.3
     1     1    11    10    23    16     0     2  -239.0   -2.153  -25.234   3790.4    647.2
     1     1    11    10    23    15     0     3  -240.0   -2.277  -25.045   3846.9    642.8
     1     1    11    10    23    14     0     2  -241.0   -2.401  -24.851   3895.8    638.0
     1     1    11    10    23    13     0     1  -242.0   -2.525  -24.648   3924.4    636.2
     1     1    11    10    23    12     0     0  -243.0   -2.649  -24.439   3937.9    635.6
     1     1    11    10    23    11     0     1  -244.0   -2.778  -24.227   3946.9    635.3
     1     1    11    10    23    10     0     2  -245.0   -2.912  -24.018   3957.2    634.1
     1     1    11    10    23     9     0     3  -246.0   -3.051  -23.810   3967.6    633.2
     1     1    11    10    23     8     0     2  -247.0   -3.195  -23.605   3969.2    632.1
     1     1    11    10    23     7     0     1  -248.0   -3.344  -23.402   3951.5    633.4
     1     1    11    10    23     6     0     0  -249.0   -3.498  -23.200   3913.3    636.2
     1     1    11    10    23     5     0     1  -250.0   -3.652  -22.997   3863.0    641.0
     1     1    11    10    23     4     0     2  -251.0   -3.805  -22.796   3808.2    645.3
     1     1    11    10    23     3     0     3  -252.0   -3.955  -22.595   3747.1    650.3
     1     1    11    10    23     2     0     2  -253.0   -4.099  -22.393   3695.8    656.0
     1     1    11    10    23     1     0     1  -254.0   -4.236  -22.190   3674.0    658.2
     1     1    11    10    23     0     0     0  -255.0   -4.365  -21.988   3686.6    657.6
     1     1    11    10    22    23     0     1  -256.0   -4.491  -21.785   3716.8    653.5
     1     1    11    10    22    22     0     2  -257.0   -4.619  -21.584   3746.1    650.9
     1     1    11    10    22    21     0     3  -258.0   -4.750  -21.384   3773.3    648.3
     1     1    11    10    22    20     0     2  -259.0   -4.878  -21.185   3796.0    646.2
     1     1    11    10    22    19     0     1  -260.0   -5.000  -20.989   3810.3    644.6
     1     1    11    10    22    18     0     0  -261.0   -5.114  -20.796   3815.6    644.1
     1     1    11    10    22    17     0     1  -262.0   -5.225  -20.606   3826.8    644.4
     1     1    11    10    22    16     0     2  -263.0   -5.332  -20.415   3858.3    642.0
     1     1    11    10    22    15     0     3  -264.0   -5.430  -20.222   3911.1    638.0
     1     1    11    10    22    14     0     2  -265.0   -5.519  -20.031   3981.1    632.5
     1     1    11    10    22    13     0     1  -266.0   -5.600  -19.846   4063.7    626.4
     1     1    11    10    22    12     0     0  -267.0   -5.671  -19.667   4159.4    619.5
     1     1    11    10    22    11     0     1  -268.0   -5.732  -19.490   4259.4    611.1
     1     1    11    10    22    10     0     2  -269.0   -5.780  -19.308   4352.2    603.9
     1     1    11    10    22     9     0     3  -270.0   -5.817  -19.122   4434.5    597.6
     1     1    11    10    22     8     0     2  -271.0   -5.848  -18.932   4507.6    592.1
     1     1    11    10    22     7     0     1  -272.0   -5.879  -18.736   4573.4    586.9
     1     1    11    10    22     6     0     0  -273.0   -5.912  -18.532   4629.2    582.5
     1     1    11    10    22     5     0     1  -274.0   -5.947  -18.317   4674.2    579.3
     1     1    11    10    22     4     0     2  -275.0   -5.983  -18.090   4711.6    576.9
     1     1    11    10    22     3     0     3  -276.0   -6.020  -17.853   4745.4    574.6
     1     1    11    10    22     2     0     2  -277.0   -6.061  -17.611   4771.7    572.6
     1     1    11    10    22     1     0     1  -278.0   -6.102  -17.367   4785.9    571.8
     1     1    11    10    22     0     0     0  -279.0   -6.144  -17.122   4787.7    571.9
