     3     1
    GDAS    11     2    15     0     0
    GDAS    11     2    22     0     0
    GDAS    11     3     1     0     0
     1 BACKWARD OMEGA   
  2011     3     1    16   -8.840  -56.790  2590.8
     1 PRESSURE
     1     1    11     3     1    16     0     2     0.0   -8.840  -56.790   2590.8    727.6
     1     1    11     3     1    15     0     3    -1.0   -8.699  -57.048   2475.5    736.2
     1     1    11     3     1    14     0     2    -2.0   -8.557  -57.295   2387.5    748.2
     1     1    11     3     1    13     0     1    -3.0   -8.413  -57.539   2347.3    750.1
     1     1    11     3     1    12     0     0    -4.0   -8.267  -57.787   2307.1    755.5
     1     1    11     3     1    11     0     1    -5.0   -8.134  -58.039   2247.1    765.3
     1     1    11     3     1    10     0     2    -6.0   -8.027  -58.281   2184.2    773.2
     1     1    11     3     1     9     0     3    -7.0   -7.944  -58.502   2136.8    776.1
     1     1    11     3     1     8     0     2    -8.0   -7.879  -58.708   2099.7    779.2
     1     1    11     3     1     7     0     1    -9.0   -7.824  -58.907   2072.2    781.4
     1     1    11     3     1     6     0     0   -10.0   -7.782  -59.096   2054.2    783.5
     1     1    11     3     1     5     0     1   -11.0   -7.752  -59.274   2046.0    785.1
     1     1    11     3     1     4     0     2   -12.0   -7.732  -59.443   2043.7    785.9
     1     1    11     3     1     3     0     3   -13.0   -7.723  -59.602   2041.7    786.7
     1     1    11     3     1     2     0     2   -14.0   -7.723  -59.762   2030.5    787.1
     1     1    11     3     1     1     0     1   -15.0   -7.734  -59.932   2007.6    789.8
     1     1    11     3     1     0     0     0   -16.0   -7.755  -60.111   1981.5    792.4
     1     1    11     2    28    23     0     1   -17.0   -7.780  -60.300   1956.0    794.4
     1     1    11     2    28    22     0     2   -18.0   -7.805  -60.502   1929.5    796.4
     1     1    11     2    28    21     0     3   -19.0   -7.830  -60.717   1899.8    798.7
     1     1    11     2    28    20     0     2   -20.0   -7.858  -60.937   1865.0    802.4
     1     1    11     2    28    19     0     1   -21.0   -7.899  -61.149   1822.8    806.8
     1     1    11     2    28    18     0     0   -22.0   -7.952  -61.352   1771.0    811.9
     1     1    11     2    28    17     0     1   -23.0   -8.015  -61.547   1727.6    818.3
     1     1    11     2    28    16     0     2   -24.0   -8.089  -61.735   1713.2    819.9
     1     1    11     2    28    15     0     3   -25.0   -8.175  -61.913   1727.1    818.3
     1     1    11     2    28    14     0     2   -26.0   -8.278  -62.086   1734.1    813.9
     1     1    11     2    28    13     0     1   -27.0   -8.403  -62.261   1704.9    816.6
     1     1    11     2    28    12     0     0   -28.0   -8.554  -62.437   1650.0    822.2
     1     1    11     2    28    11     0     1   -29.0   -8.715  -62.599   1599.1    829.1
     1     1    11     2    28    10     0     2   -30.0   -8.867  -62.731   1577.7    831.3
     1     1    11     2    28     9     0     3   -31.0   -9.006  -62.832   1592.8    830.1
     1     1    11     2    28     8     0     2   -32.0   -9.137  -62.913   1612.8    824.0
     1     1    11     2    28     7     0     1   -33.0   -9.270  -62.982   1603.7    824.3
     1     1    11     2    28     6     0     0   -34.0   -9.403  -63.037   1570.2    826.7
     1     1    11     2    28     5     0     1   -35.0   -9.540  -63.078   1528.1    831.3
     1     1    11     2    28     4     0     2   -36.0   -9.686  -63.107   1485.9    834.0
     1     1    11     2    28     3     0     3   -37.0   -9.839  -63.127   1434.1    837.4
     1     1    11     2    28     2     0     2   -38.0  -10.003  -63.140   1400.6    842.2
     1     1    11     2    28     1     0     1   -39.0  -10.184  -63.148   1427.8    838.4
     1     1    11     2    28     0     0     0   -40.0  -10.387  -63.150   1514.9    827.3
     1     1    11     2    27    23     0     1   -41.0  -10.605  -63.163   1621.4    811.4
     1     1    11     2    27    22     0     2   -42.0  -10.831  -63.209   1698.0    800.3
     1     1    11     2    27    21     0     3   -43.0  -11.070  -63.294   1724.3    796.2
     1     1    11     2    27    20     0     2   -44.0  -11.304  -63.384   1736.9    801.7
     1     1    11     2    27    19     0     1   -45.0  -11.530  -63.452   1774.5    801.5
     1     1    11     2    27    18     0     0   -46.0  -11.762  -63.509   1849.3    798.2
     1     1    11     2    27    17     0     1   -47.0  -12.002  -63.571   1938.3    789.4
     1     1    11     2    27    16     0     2   -48.0  -12.237  -63.635   1996.7    782.8
     1     1    11     2    27    15     0     3   -49.0  -12.462  -63.693   2023.0    781.1
     1     1    11     2    27    14     0     2   -50.0  -12.682  -63.736   2035.6    780.5
     1     1    11     2    27    13     0     1   -51.0  -12.895  -63.765   2039.5    779.3
     1     1    11     2    27    12     0     0   -52.0  -13.099  -63.782   2030.7    779.9
     1     1    11     2    27    11     0     1   -53.0  -13.300  -63.779   2023.5    781.3
     1     1    11     2    27    10     0     2   -54.0  -13.504  -63.755   2031.0    780.0
     1     1    11     2    27     9     0     3   -55.0  -13.705  -63.718   2050.5    777.4
     1     1    11     2    27     8     0     2   -56.0  -13.897  -63.681   2074.3    774.6
     1     1    11     2    27     7     0     1   -57.0  -14.079  -63.648   2093.7    772.4
     1     1    11     2    27     6     0     0   -58.0  -14.253  -63.616   2107.7    770.9
     1     1    11     2    27     5     0     1   -59.0  -14.417  -63.583   2118.9    769.8
     1     1    11     2    27     4     0     2   -60.0  -14.562  -63.555   2128.8    768.7
     1     1    11     2    27     3     0     3   -61.0  -14.686  -63.543   2137.4    767.9
     1     1    11     2    27     2     0     2   -62.0  -14.786  -63.542   2136.2    766.8
     1     1    11     2    27     1     0     1   -63.0  -14.863  -63.548   2116.5    768.1
     1     1    11     2    27     0     0     0   -64.0  -14.919  -63.560   2077.1    771.2
     1     1    11     2    26    23     0     1   -65.0  -14.962  -63.583   2056.7    776.2
     1     1    11     2    26    22     0     2   -66.0  -14.994  -63.620   2095.1    772.4
     1     1    11     2    26    21     0     3   -67.0  -15.010  -63.673   2194.4    763.3
     1     1    11     2    26    20     0     2   -68.0  -15.021  -63.734   2308.3    749.5
     1     1    11     2    26    19     0     1   -69.0  -15.042  -63.789   2386.0    743.2
     1     1    11     2    26    18     0     0   -70.0  -15.075  -63.839   2427.9    740.3
     1     1    11     2    26    17     0     1   -71.0  -15.115  -63.889   2432.1    740.2
     1     1    11     2    26    16     0     2   -72.0  -15.159  -63.945   2398.3    744.1
     1     1    11     2    26    15     0     3   -73.0  -15.207  -64.006   2332.9    751.0
     1     1    11     2    26    14     0     2   -74.0  -15.247  -64.071   2264.6    759.6
     1     1    11     2    26    13     0     1   -75.0  -15.263  -64.136   2210.7    764.2
     1     1    11     2    26    12     0     0   -76.0  -15.257  -64.200   2170.0    767.8
     1     1    11     2    26    11     0     1   -77.0  -15.231  -64.267   2125.0    770.2
     1     1    11     2    26    10     0     2   -78.0  -15.191  -64.342   2049.6    776.0
     1     1    11     2    26     9     0     3   -79.0  -15.140  -64.421   1921.2    786.9
     1     1    11     2    26     8     0     2   -80.0  -15.096  -64.495   1736.3    805.5
     1     1    11     2    26     7     0     1   -81.0  -15.072  -64.554   1502.6    828.1
     1     1    11     2    26     6     0     0   -82.0  -15.064  -64.595   1223.6    856.2
     1     1    11     2    26     5     0     1   -83.0  -15.060  -64.597    964.0    888.8
     1     1    11     2    26     4     0     2   -84.0  -15.039  -64.569    776.9    907.9
     1     1    11     2    26     3     0     3   -85.0  -14.995  -64.535    646.1    920.7
     1     1    11     2    26     2     0     2   -86.0  -14.935  -64.497    564.4    928.6
     1     1    11     2    26     1     0     1   -87.0  -14.870  -64.455    527.0    931.2
     1     1    11     2    26     0     0     0   -88.0  -14.795  -64.423    524.3    930.7
     1     1    11     2    25    23     0     1   -89.0  -14.711  -64.410    540.0    927.2
     1     1    11     2    25    22     0     2   -90.0  -14.620  -64.419    560.8    924.8
     1     1    11     2    25    21     0     3   -91.0  -14.523  -64.449    586.0    922.0
     1     1    11     2    25    20     0     2   -92.0  -14.413  -64.496    610.9    920.5
     1     1    11     2    25    19     0     1   -93.0  -14.283  -64.555    637.2    919.7
     1     1    11     2    25    18     0     0   -94.0  -14.130  -64.627    678.0    917.3
     1     1    11     2    25    17     0     1   -95.0  -13.958  -64.712    724.9    911.2
     1     1    11     2    25    16     0     2   -96.0  -13.777  -64.801    754.7    908.2
     1     1    11     2    25    15     0     3   -97.0  -13.588  -64.892    772.7    907.4
     1     1    11     2    25    14     0     2   -98.0  -13.393  -64.994    803.5    905.0
     1     1    11     2    25    13     0     1   -99.0  -13.195  -65.121    856.4    898.0
     1     1    11     2    25    12     0     0  -100.0  -12.991  -65.269    912.8    890.0
     1     1    11     2    25    11     0     1  -101.0  -12.779  -65.427    940.4    885.1
     1     1    11     2    25    10     0     2  -102.0  -12.558  -65.589    934.1    887.1
     1     1    11     2    25     9     0     3  -103.0  -12.331  -65.753    924.1    889.3
     1     1    11     2    25     8     0     2  -104.0  -12.106  -65.912    916.2    888.6
     1     1    11     2    25     7     0     1  -105.0  -11.887  -66.060    882.1    890.3
     1     1    11     2    25     6     0     0  -106.0  -11.673  -66.188    816.6    899.1
     1     1    11     2    25     5     0     1  -107.0  -11.456  -66.279    762.9    908.4
     1     1    11     2    25     4     0     2  -108.0  -11.232  -66.332    742.5    910.3
     1     1    11     2    25     3     0     3  -109.0  -10.998  -66.356    744.2    910.5
     1     1    11     2    25     2     0     2  -110.0  -10.769  -66.366    758.1    907.9
     1     1    11     2    25     1     0     1  -111.0  -10.555  -66.374    779.3    905.4
     1     1    11     2    25     0     0     0  -112.0  -10.347  -66.385    809.8    901.9
     1     1    11     2    24    23     0     1  -113.0  -10.139  -66.403    836.5    897.4
     1     1    11     2    24    22     0     2  -114.0   -9.930  -66.429    845.7    896.6
     1     1    11     2    24    21     0     3  -115.0   -9.724  -66.462    839.5    898.1
     1     1    11     2    24    20     0     2  -116.0   -9.525  -66.491    826.2    901.7
     1     1    11     2    24    19     0     1  -117.0   -9.333  -66.511    814.7    904.7
     1     1    11     2    24    18     0     0  -118.0   -9.149  -66.529    808.6    907.2
     1     1    11     2    24    17     0     1  -119.0   -8.964  -66.542    804.7    908.4
     1     1    11     2    24    16     0     2  -120.0   -8.771  -66.542    796.8    909.9
     1     1    11     2    24    15     0     3  -121.0   -8.566  -66.527    784.9    912.3
     1     1    11     2    24    14     0     2  -122.0   -8.347  -66.494    779.3    913.8
     1     1    11     2    24    13     0     1  -123.0   -8.111  -66.437    787.7    912.9
     1     1    11     2    24    12     0     0  -124.0   -7.865  -66.355    808.4    910.4
     1     1    11     2    24    11     0     1  -125.0   -7.622  -66.265    835.6    906.7
     1     1    11     2    24    10     0     2  -126.0   -7.391  -66.180    866.2    903.5
     1     1    11     2    24     9     0     3  -127.0   -7.167  -66.101    905.0    899.3
     1     1    11     2    24     8     0     2  -128.0   -6.943  -66.018    953.3    894.0
     1     1    11     2    24     7     0     1  -129.0   -6.718  -65.921    999.4    888.1
     1     1    11     2    24     6     0     0  -130.0   -6.495  -65.812   1030.7    885.1
     1     1    11     2    24     5     0     1  -131.0   -6.279  -65.692   1056.6    883.9
     1     1    11     2    24     4     0     2  -132.0   -6.072  -65.564   1089.2    881.5
     1     1    11     2    24     3     0     3  -133.0   -5.876  -65.431   1132.3    877.8
     1     1    11     2    24     2     0     2  -134.0   -5.692  -65.299   1179.7    871.9
     1     1    11     2    24     1     0     1  -135.0   -5.523  -65.171   1224.7    866.9
     1     1    11     2    24     0     0     0  -136.0   -5.363  -65.049   1270.2    861.9
     1     1    11     2    23    23     0     1  -137.0   -5.212  -64.933   1324.7    856.7
     1     1    11     2    23    22     0     2  -138.0   -5.066  -64.820   1391.7    849.6
     1     1    11     2    23    21     0     3  -139.0   -4.920  -64.707   1463.0    842.8
     1     1    11     2    23    20     0     2  -140.0   -4.761  -64.582   1516.7    837.5
     1     1    11     2    23    19     0     1  -141.0   -4.579  -64.436   1537.3    837.6
     1     1    11     2    23    18     0     0  -142.0   -4.384  -64.277   1537.5    840.1
     1     1    11     2    23    17     0     1  -143.0   -4.177  -64.106   1526.0    842.4
     1     1    11     2    23    16     0     2  -144.0   -3.959  -63.919   1500.1    845.5
     1     1    11     2    23    15     0     3  -145.0   -3.726  -63.715   1457.5    850.2
     1     1    11     2    23    14     0     2  -146.0   -3.498  -63.503   1416.7    855.7
     1     1    11     2    23    13     0     1  -147.0   -3.285  -63.291   1397.8    857.7
     1     1    11     2    23    12     0     0  -148.0   -3.080  -63.078   1410.0    856.9
     1     1    11     2    23    11     0     1  -149.0   -2.871  -62.847   1433.4    851.4
     1     1    11     2    23    10     0     2  -150.0   -2.655  -62.594   1441.8    850.1
     1     1    11     2    23     9     0     3  -151.0   -2.433  -62.327   1443.4    849.9
     1     1    11     2    23     8     0     2  -152.0   -2.214  -62.057   1442.3    850.3
     1     1    11     2    23     7     0     1  -153.0   -2.007  -61.789   1437.1    851.3
     1     1    11     2    23     6     0     0  -154.0   -1.816  -61.517   1426.4    852.0
     1     1    11     2    23     5     0     1  -155.0   -1.638  -61.245   1405.1    852.9
     1     1    11     2    23     4     0     2  -156.0   -1.471  -60.979   1355.5    855.0
     1     1    11     2    23     3     0     3  -157.0   -1.309  -60.719   1282.2    862.7
     1     1    11     2    23     2     0     2  -158.0   -1.148  -60.468   1221.6    869.8
     1     1    11     2    23     1     0     1  -159.0   -0.986  -60.232   1184.9    871.8
     1     1    11     2    23     0     0     0  -160.0   -0.830  -60.014   1160.8    872.2
     1     1    11     2    22    23     0     1  -161.0   -0.689  -59.808   1137.3    871.6
     1     1    11     2    22    22     0     2  -162.0   -0.567  -59.607   1099.8    872.9
     1     1    11     2    22    21     0     3  -163.0   -0.457  -59.412   1048.9    876.8
     1     1    11     2    22    20     0     2  -164.0   -0.355  -59.223   1007.5    882.4
     1     1    11     2    22    19     0     1  -165.0   -0.259  -59.030    998.0    883.6
     1     1    11     2    22    18     0     0  -166.0   -0.167  -58.827   1016.7    880.0
     1     1    11     2    22    17     0     1  -167.0   -0.074  -58.603   1036.2    875.4
     1     1    11     2    22    16     0     2  -168.0    0.026  -58.355   1042.5    874.0
     1     1    11     2    22    15     0     3  -169.0    0.134  -58.087   1046.0    873.6
     1     1    11     2    22    14     0     2  -170.0    0.244  -57.801   1059.5    872.5
     1     1    11     2    22    13     0     1  -171.0    0.354  -57.494   1081.2    870.2
     1     1    11     2    22    12     0     0  -172.0    0.463  -57.162   1096.3    868.7
     1     1    11     2    22    11     0     1  -173.0    0.569  -56.822   1102.0    867.6
     1     1    11     2    22    10     0     2  -174.0    0.673  -56.497   1112.1    864.7
     1     1    11     2    22     9     0     3  -175.0    0.777  -56.189   1134.9    860.7
     1     1    11     2    22     8     0     2  -176.0    0.883  -55.889   1162.8    856.4
     1     1    11     2    22     7     0     1  -177.0    0.988  -55.584   1187.3    853.4
     1     1    11     2    22     6     0     0  -178.0    1.089  -55.277   1215.4    850.4
     1     1    11     2    22     5     0     1  -179.0    1.188  -54.969   1248.5    846.2
     1     1    11     2    22     4     0     2  -180.0    1.288  -54.657   1269.8    844.5
     1     1    11     2    22     3     0     3  -181.0    1.389  -54.342   1273.1    846.0
     1     1    11     2    22     2     0     2  -182.0    1.483  -54.026   1258.9    847.9
     1     1    11     2    22     1     0     1  -183.0    1.568  -53.706   1230.0    850.7
     1     1    11     2    22     0     0     0  -184.0    1.646  -53.382   1196.3    852.6
     1     1    11     2    21    23     0     1  -185.0    1.723  -53.056   1155.0    853.4
     1     1    11     2    21    22     0     2  -186.0    1.807  -52.739   1095.7    859.5
     1     1    11     2    21    21     0     3  -187.0    1.904  -52.437   1014.7    869.7
     1     1    11     2    21    20     0     2  -188.0    2.001  -52.148    923.5    882.7
     1     1    11     2    21    19     0     1  -189.0    2.084  -51.864    831.8    897.7
     1     1    11     2    21    18     0     0  -190.0    2.157  -51.583    745.6    912.6
     1     1    11     2    21    17     0     1  -191.0    2.233  -51.308    673.4    926.5
     1     1    11     2    21    16     0     2  -192.0    2.314  -51.037    609.6    938.1
     1     1    11     2    21    15     0     3  -193.0    2.391  -50.769    551.8    947.4
     1     1    11     2    21    14     0     2  -194.0    2.469  -50.484    507.8    953.6
     1     1    11     2    21    13     0     1  -195.0    2.559  -50.160    485.3    957.7
     1     1    11     2    21    12     0     0  -196.0    2.663  -49.790    488.5    957.3
     1     1    11     2    21    11     0     1  -197.0    2.771  -49.419    500.3    953.8
     1     1    11     2    21    10     0     2  -198.0    2.872  -49.068    515.0    952.8
     1     1    11     2    21     9     0     3  -199.0    2.971  -48.716    540.3    949.1
     1     1    11     2    21     8     0     2  -200.0    3.075  -48.364    563.9    945.7
     1     1    11     2    21     7     0     1  -201.0    3.187  -48.014    577.9    944.4
     1     1    11     2    21     6     0     0  -202.0    3.304  -47.666    587.6    944.0
     1     1    11     2    21     5     0     1  -203.0    3.413  -47.323    598.3    943.4
     1     1    11     2    21     4     0     2  -204.0    3.506  -46.981    614.0    942.7
     1     1    11     2    21     3     0     3  -205.0    3.587  -46.639    632.4    940.8
     1     1    11     2    21     2     0     2  -206.0    3.666  -46.300    647.3    938.9
     1     1    11     2    21     1     0     1  -207.0    3.751  -45.961    663.7    937.5
     1     1    11     2    21     0     0     0  -208.0    3.839  -45.621    685.4    934.7
     1     1    11     2    20    23     0     1  -209.0    3.929  -45.280    709.2    931.2
     1     1    11     2    20    22     0     2  -210.0    4.020  -44.940    738.6    927.9
     1     1    11     2    20    21     0     3  -211.0    4.114  -44.602    774.6    923.1
     1     1    11     2    20    20     0     2  -212.0    4.208  -44.264    806.8    919.2
     1     1    11     2    20    19     0     1  -213.0    4.305  -43.925    831.2    917.1
     1     1    11     2    20    18     0     0  -214.0    4.405  -43.587    853.2    915.2
     1     1    11     2    20    17     0     1  -215.0    4.505  -43.252    874.1    913.6
     1     1    11     2    20    16     0     2  -216.0    4.604  -42.918    893.0    912.2
     1     1    11     2    20    15     0     3  -217.0    4.702  -42.586    910.7    910.7
     1     1    11     2    20    14     0     2  -218.0    4.804  -42.259    927.6    909.0
     1     1    11     2    20    13     0     1  -219.0    4.913  -41.937    944.1    907.2
     1     1    11     2    20    12     0     0  -220.0    5.028  -41.618    961.4    905.6
     1     1    11     2    20    11     0     1  -221.0    5.142  -41.310    980.9    903.0
     1     1    11     2    20    10     0     2  -222.0    5.244  -41.018    999.8    900.3
     1     1    11     2    20     9     0     3  -223.0    5.336  -40.739   1015.4    898.2
     1     1    11     2    20     8     0     2  -224.0    5.421  -40.465   1028.9    896.8
     1     1    11     2    20     7     0     1  -225.0    5.498  -40.185   1043.3    895.4
     1     1    11     2    20     6     0     0  -226.0    5.566  -39.901   1059.8    893.5
     1     1    11     2    20     5     0     1  -227.0    5.629  -39.619   1073.2    891.9
     1     1    11     2    20     4     0     2  -228.0    5.692  -39.341   1078.7    891.7
     1     1    11     2    20     3     0     3  -229.0    5.753  -39.065   1077.4    892.2
     1     1    11     2    20     2     0     2  -230.0    5.811  -38.790   1074.9    893.1
     1     1    11     2    20     1     0     1  -231.0    5.868  -38.521   1075.8    893.1
     1     1    11     2    20     0     0     0  -232.0    5.921  -38.259   1079.2    892.9
     1     1    11     2    19    23     0     1  -233.0    5.978  -38.002   1087.5    891.9
     1     1    11     2    19    22     0     2  -234.0    6.043  -37.748   1104.2    889.7
     1     1    11     2    19    21     0     3  -235.0    6.115  -37.495   1128.6    886.5
     1     1    11     2    19    20     0     2  -236.0    6.190  -37.241   1153.1    883.3
     1     1    11     2    19    19     0     1  -237.0    6.268  -36.984   1172.4    881.3
     1     1    11     2    19    18     0     0  -238.0    6.349  -36.727   1184.7    879.5
     1     1    11     2    19    17     0     1  -239.0    6.433  -36.469   1191.7    879.5
     1     1    11     2    19    16     0     2  -240.0    6.519  -36.207   1197.3    879.3
     1     1    11     2    19    15     0     3  -241.0    6.609  -35.941   1202.9    879.1
     1     1    11     2    19    14     0     2  -242.0    6.702  -35.674   1214.1    878.7
     1     1    11     2    19    13     0     1  -243.0    6.794  -35.411   1235.5    876.8
     1     1    11     2    19    12     0     0  -244.0    6.886  -35.155   1267.8    873.7
     1     1    11     2    19    11     0     1  -245.0    6.972  -34.904   1309.2    868.9
     1     1    11     2    19    10     0     2  -246.0    7.049  -34.656   1355.2    863.8
     1     1    11     2    19     9     0     3  -247.0    7.114  -34.410   1403.0    858.8
     1     1    11     2    19     8     0     2  -248.0    7.169  -34.171   1446.1    853.8
     1     1    11     2    19     7     0     1  -249.0    7.215  -33.940   1477.0    850.5
     1     1    11     2    19     6     0     0  -250.0    7.259  -33.716   1495.8    848.5
     1     1    11     2    19     5     0     1  -251.0    7.302  -33.496   1504.8    848.1
     1     1    11     2    19     4     0     2  -252.0    7.346  -33.275   1505.2    848.4
     1     1    11     2    19     3     0     3  -253.0    7.392  -33.049   1497.2    849.7
     1     1    11     2    19     2     0     2  -254.0    7.442  -32.823   1487.3    851.4
     1     1    11     2    19     1     0     1  -255.0    7.499  -32.602   1481.7    852.0
     1     1    11     2    19     0     0     0  -256.0    7.566  -32.386   1480.0    852.3
     1     1    11     2    18    23     0     1  -257.0    7.632  -32.176   1482.1    851.9
     1     1    11     2    18    22     0     2  -258.0    7.682  -31.977   1488.7    851.0
     1     1    11     2    18    21     0     3  -259.0    7.716  -31.786   1499.6    849.7
     1     1    11     2    18    20     0     2  -260.0    7.738  -31.602   1512.2    847.9
     1     1    11     2    18    19     0     1  -261.0    7.755  -31.426   1523.8    846.5
     1     1    11     2    18    18     0     0  -262.0    7.770  -31.256   1534.4    845.2
     1     1    11     2    18    17     0     1  -263.0    7.777  -31.085   1548.3    844.9
     1     1    11     2    18    16     0     2  -264.0    7.765  -30.908   1570.1    843.3
     1     1    11     2    18    15     0     3  -265.0    7.736  -30.724   1600.4    840.9
     1     1    11     2    18    14     0     2  -266.0    7.694  -30.543   1627.9    837.2
     1     1    11     2    18    13     0     1  -267.0    7.647  -30.366   1640.9    836.1
     1     1    11     2    18    12     0     0  -268.0    7.596  -30.190   1639.0    836.4
     1     1    11     2    18    11     0     1  -269.0    7.544  -30.015   1630.0    837.7
     1     1    11     2    18    10     0     2  -270.0    7.491  -29.841   1622.4    838.1
     1     1    11     2    18     9     0     3  -271.0    7.439  -29.671   1616.8    838.3
     1     1    11     2    18     8     0     2  -272.0    7.386  -29.502   1612.7    838.4
     1     1    11     2    18     7     0     1  -273.0    7.332  -29.331   1607.8    838.5
     1     1    11     2    18     6     0     0  -274.0    7.277  -29.157   1599.8    838.9
     1     1    11     2    18     5     0     1  -275.0    7.226  -28.980   1593.2    840.5
     1     1    11     2    18     4     0     2  -276.0    7.181  -28.797   1594.0    840.8
     1     1    11     2    18     3     0     3  -277.0    7.140  -28.609   1601.5    840.3
     1     1    11     2    18     2     0     2  -278.0    7.107  -28.416   1613.9    839.3
     1     1    11     2    18     1     0     1  -279.0    7.085  -28.221   1632.5    838.0
     1     1    11     2    18     0     0     0  -280.0    7.072  -28.025   1661.7    835.7
     1     1    11     2    17    23     0     1  -281.0    7.062  -27.830   1694.2    831.2
     1     1    11     2    17    22     0     2  -282.0    7.053  -27.637   1718.7    828.3
     1     1    11     2    17    21     0     3  -283.0    7.045  -27.443   1732.0    826.5
     1     1    11     2    17    20     0     2  -284.0    7.044  -27.250   1738.2    826.2
     1     1    11     2    17    19     0     1  -285.0    7.053  -27.062   1743.5    825.6
     1     1    11     2    17    18     0     0  -286.0    7.071  -26.878   1749.5    824.8
     1     1    11     2    17    17     0     1  -287.0    7.094  -26.694   1754.9    824.3
     1     1    11     2    17    16     0     2  -288.0    7.118  -26.501   1757.4    824.3
     1     1    11     2    17    15     0     3  -289.0    7.146  -26.300   1757.5    824.5
     1     1    11     2    17    14     0     2  -290.0    7.181  -26.090   1753.3    824.9
     1     1    11     2    17    13     0     1  -291.0    7.225  -25.872   1742.4    826.1
     1     1    11     2    17    12     0     0  -292.0    7.281  -25.645   1725.4    828.0
     1     1    11     2    17    11     0     1  -293.0    7.344  -25.418   1714.4    829.9
     1     1    11     2    17    10     0     2  -294.0    7.408  -25.202   1721.6    829.2
     1     1    11     2    17     9     0     3  -295.0    7.474  -24.999   1747.7    826.6
     1     1    11     2    17     8     0     2  -296.0    7.533  -24.808   1781.2    822.0
     1     1    11     2    17     7     0     1  -297.0    7.581  -24.629   1810.0    818.9
     1     1    11     2    17     6     0     0  -298.0    7.620  -24.461   1832.1    816.4
     1     1    11     2    17     5     0     1  -299.0    7.649  -24.299   1848.3    815.3
     1     1    11     2    17     4     0     2  -300.0    7.666  -24.136   1861.8    814.2
     1     1    11     2    17     3     0     3  -301.0    7.672  -23.974   1875.0    813.2
     1     1    11     2    17     2     0     2  -302.0    7.667  -23.813   1885.1    812.2
     1     1    11     2    17     1     0     1  -303.0    7.657  -23.649   1887.8    812.3
     1     1    11     2    17     0     0     0  -304.0    7.641  -23.483   1882.7    813.1
     1     1    11     2    16    23     0     1  -305.0    7.622  -23.314   1875.9    814.0
     1     1    11     2    16    22     0     2  -306.0    7.597  -23.143   1874.1    813.8
     1     1    11     2    16    21     0     3  -307.0    7.566  -22.970   1877.7    813.0
     1     1    11     2    16    20     0     2  -308.0    7.532  -22.794   1886.1    811.8
     1     1    11     2    16    19     0     1  -309.0    7.501  -22.614   1899.1    810.3
     1     1    11     2    16    18     0     0  -310.0    7.470  -22.432   1917.8    808.2
     1     1    11     2    16    17     0     1  -311.0    7.439  -22.247   1931.0    806.0
     1     1    11     2    16    16     0     2  -312.0    7.407  -22.052   1925.2    806.7
     1     1    11     2    16    15     0     3  -313.0    7.377  -21.843   1899.5    809.5
     1     1    11     2    16    14     0     2  -314.0    7.354  -21.624   1868.1    814.2
     1     1    11     2    16    13     0     1  -315.0    7.341  -21.402   1843.9    816.7
     1     1    11     2    16    12     0     0  -316.0    7.337  -21.176   1825.4    818.7
     1     1    11     2    16    11     0     1  -317.0    7.339  -20.947   1814.2    819.7
     1     1    11     2    16    10     0     2  -318.0    7.347  -20.712   1812.4    819.6
     1     1    11     2    16     9     0     3  -319.0    7.361  -20.471   1818.6    818.7
     1     1    11     2    16     8     0     2  -320.0    7.383  -20.227   1827.0    817.2
     1     1    11     2    16     7     0     1  -321.0    7.412  -19.985   1832.9    816.3
     1     1    11     2    16     6     0     0  -322.0    7.451  -19.743   1837.1    815.7
     1     1    11     2    16     5     0     1  -323.0    7.497  -19.505   1839.2    815.7
     1     1    11     2    16     4     0     2  -324.0    7.544  -19.272   1838.7    816.0
     1     1    11     2    16     3     0     3  -325.0    7.594  -19.046   1836.3    816.5
     1     1    11     2    16     2     0     2  -326.0    7.646  -18.827   1833.2    817.1
     1     1    11     2    16     1     0     1  -327.0    7.697  -18.611   1830.6    817.6
     1     1    11     2    16     0     0     0  -328.0    7.748  -18.399   1830.0    818.0
     1     1    11     2    15    23     0     1  -329.0    7.799  -18.195   1835.5    817.6
     1     1    11     2    15    22     0     2  -330.0    7.849  -18.003   1850.2    816.0
     1     1    11     2    15    21     0     3  -331.0    7.897  -17.825   1873.6    813.5
     1     1    11     2    15    20     0     2  -332.0    7.941  -17.654   1900.7    810.1
     1     1    11     2    15    19     0     1  -333.0    7.980  -17.488   1926.2    807.3
     1     1    11     2    15    18     0     0  -334.0    8.013  -17.329   1948.9    804.8
     1     1    11     2    15    17     0     1  -335.0    8.036  -17.175   1974.0    803.1
     1     1    11     2    15    16     0     2  -336.0    8.044  -17.028   2006.2    800.3
