     3     1
    GDAS    11     8     8     0     0
    GDAS    11     8    15     0     0
    GDAS    11     8    22     0     0
     1 BACKWARD OMEGA   
  2011     8    23    16   -8.880  -56.770  1219.2
     1 PRESSURE
     1     1    11     8    23    16     0     2     0.0   -8.880  -56.770   1219.2    860.5
     1     1    11     8    23    15     0     3    -1.0   -8.959  -56.521   1258.7    854.6
     1     1    11     8    23    14     0     2    -2.0   -9.019  -56.262   1265.9    852.2
     1     1    11     8    23    13     0     1    -3.0   -9.076  -56.010   1241.3    851.3
     1     1    11     8    23    12     0     0    -4.0   -9.132  -55.763   1179.7    853.3
     1     1    11     8    23    11     0     1    -5.0   -9.181  -55.512   1086.6    858.6
     1     1    11     8    23    10     0     2    -6.0   -9.256  -55.247    966.9    866.8
     1     1    11     8    23     9     0     3    -7.0   -9.392  -54.964    831.1    879.5
     1     1    11     8    23     8     0     2    -8.0   -9.544  -54.687    725.7    895.0
     1     1    11     8    23     7     0     1    -9.0   -9.678  -54.428    660.6    899.8
     1     1    11     8    23     6     0     0   -10.0   -9.831  -54.181    616.1    902.3
     1     1    11     8    23     5     0     1   -11.0   -9.988  -53.951    602.5    903.8
     1     1    11     8    23     4     0     2   -12.0  -10.124  -53.750    608.6    905.6
     1     1    11     8    23     3     0     3   -13.0  -10.252  -53.579    608.0    909.2
     1     1    11     8    23     2     0     2   -14.0  -10.380  -53.423    600.2    912.9
     1     1    11     8    23     1     0     1   -15.0  -10.500  -53.275    587.4    916.1
     1     1    11     8    23     0     0     0   -16.0  -10.619  -53.139    570.4    919.2
     1     1    11     8    22    23     0     1   -17.0  -10.734  -53.011    551.0    921.9
     1     1    11     8    22    22     0     2   -18.0  -10.836  -52.893    531.8    923.3
     1     1    11     8    22    21     0     3   -19.0  -10.924  -52.792    513.8    924.3
     1     1    11     8    22    20     0     2   -20.0  -10.999  -52.700    500.2    926.0
     1     1    11     8    22    19     0     1   -21.0  -11.060  -52.599    494.5    926.2
     1     1    11     8    22    18     0     0   -22.0  -11.104  -52.494    493.6    925.7
     1     1    11     8    22    17     0     1   -23.0  -11.140  -52.378    492.2    925.9
     1     1    11     8    22    16     0     2   -24.0  -11.176  -52.243    487.3    926.6
     1     1    11     8    22    15     0     3   -25.0  -11.207  -52.088    477.8    927.8
     1     1    11     8    22    14     0     2   -26.0  -11.257  -51.914    458.2    929.5
     1     1    11     8    22    13     0     1   -27.0  -11.349  -51.727    426.7    934.3
     1     1    11     8    22    12     0     0   -28.0  -11.477  -51.538    386.5    939.4
     1     1    11     8    22    11     0     1   -29.0  -11.627  -51.361    346.9    944.4
     1     1    11     8    22    10     0     2   -30.0  -11.801  -51.213    317.7    947.8
     1     1    11     8    22     9     0     3   -31.0  -12.018  -51.094    304.6    949.1
     1     1    11     8    22     8     0     2   -32.0  -12.262  -51.008    304.1    948.8
     1     1    11     8    22     7     0     1   -33.0  -12.512  -50.951    308.4    947.5
     1     1    11     8    22     6     0     0   -34.0  -12.778  -50.915    315.9    945.6
     1     1    11     8    22     5     0     1   -35.0  -13.058  -50.889    323.8    943.8
     1     1    11     8    22     4     0     2   -36.0  -13.338  -50.863    321.3    943.0
     1     1    11     8    22     3     0     3   -37.0  -13.624  -50.855    307.5    945.0
     1     1    11     8    22     2     0     2   -38.0  -13.923  -50.886    290.2    947.0
     1     1    11     8    22     1     0     1   -39.0  -14.231  -50.960    279.9    949.1
     1     1    11     8    22     0     0     0   -40.0  -14.548  -51.061    282.0    949.0
     1     1    11     8    21    23     0     1   -41.0  -14.834  -51.164    294.2    946.6
     1     1    11     8    21    22     0     2   -42.0  -15.065  -51.255    315.5    943.1
     1     1    11     8    21    21     0     3   -43.0  -15.249  -51.335    346.6    936.2
     1     1    11     8    21    20     0     2   -44.0  -15.405  -51.380    381.5    930.4
     1     1    11     8    21    19     0     1   -45.0  -15.544  -51.377    411.6    925.6
     1     1    11     8    21    18     0     0   -46.0  -15.660  -51.338    432.2    921.6
     1     1    11     8    21    17     0     1   -47.0  -15.770  -51.273    447.1    919.1
     1     1    11     8    21    16     0     2   -48.0  -15.890  -51.182    462.3    915.2
     1     1    11     8    21    15     0     3   -49.0  -16.021  -51.061    478.7    910.3
     1     1    11     8    21    14     0     2   -50.0  -16.179  -50.901    509.5    902.6
     1     1    11     8    21    13     0     1   -51.0  -16.367  -50.700    568.8    890.6
     1     1    11     8    21    12     0     0   -52.0  -16.566  -50.469    655.0    877.8
     1     1    11     8    21    11     0     1   -53.0  -16.760  -50.237    746.9    864.8
     1     1    11     8    21    10     0     2   -54.0  -16.963  -50.030    818.4    858.7
     1     1    11     8    21     9     0     3   -55.0  -17.183  -49.861    857.6    852.7
     1     1    11     8    21     8     0     2   -56.0  -17.407  -49.729    875.2    850.1
     1     1    11     8    21     7     0     1   -57.0  -17.629  -49.632    878.7    849.9
     1     1    11     8    21     6     0     0   -58.0  -17.858  -49.571    871.7    851.8
     1     1    11     8    21     5     0     1   -59.0  -18.089  -49.553    862.0    855.0
     1     1    11     8    21     4     0     2   -60.0  -18.309  -49.576    859.3    856.6
     1     1    11     8    21     3     0     3   -61.0  -18.514  -49.638    868.6    856.9
     1     1    11     8    21     2     0     2   -62.0  -18.701  -49.732    891.3    855.3
     1     1    11     8    21     1     0     1   -63.0  -18.864  -49.851    923.2    852.3
     1     1    11     8    21     0     0     0   -64.0  -19.005  -49.998    956.2    849.3
     1     1    11     8    20    23     0     1   -65.0  -19.130  -50.163    988.5    849.8
     1     1    11     8    20    22     0     2   -66.0  -19.243  -50.328   1019.6    850.0
     1     1    11     8    20    21     0     3   -67.0  -19.347  -50.487   1051.1    849.7
     1     1    11     8    20    20     0     2   -68.0  -19.445  -50.641   1070.1    849.4
     1     1    11     8    20    19     0     1   -69.0  -19.548  -50.791   1063.4    852.9
     1     1    11     8    20    18     0     0   -70.0  -19.663  -50.945   1035.6    858.6
     1     1    11     8    20    17     0     1   -71.0  -19.784  -51.101   1005.6    864.3
     1     1    11     8    20    16     0     2   -72.0  -19.907  -51.261    984.4    866.7
     1     1    11     8    20    15     0     3   -73.0  -20.035  -51.424    965.1    869.0
     1     1    11     8    20    14     0     2   -74.0  -20.183  -51.588    949.9    871.5
     1     1    11     8    20    13     0     1   -75.0  -20.360  -51.752    944.6    873.0
     1     1    11     8    20    12     0     0   -76.0  -20.568  -51.908    947.4    874.5
     1     1    11     8    20    11     0     1   -77.0  -20.810  -52.059    956.7    875.2
     1     1    11     8    20    10     0     2   -78.0  -21.093  -52.209    980.3    873.1
     1     1    11     8    20     9     0     3   -79.0  -21.415  -52.351   1030.5    865.9
     1     1    11     8    20     8     0     2   -80.0  -21.750  -52.490   1094.1    856.6
     1     1    11     8    20     7     0     1   -81.0  -22.078  -52.644   1142.5    850.0
     1     1    11     8    20     6     0     0   -82.0  -22.414  -52.817   1158.4    847.6
     1     1    11     8    20     5     0     1   -83.0  -22.765  -53.002   1145.3    851.2
     1     1    11     8    20     4     0     2   -84.0  -23.120  -53.204   1124.2    854.6
     1     1    11     8    20     3     0     3   -85.0  -23.480  -53.422   1110.0    855.5
     1     1    11     8    20     2     0     2   -86.0  -23.854  -53.638   1125.0    856.7
     1     1    11     8    20     1     0     1   -87.0  -24.227  -53.833   1205.6    848.9
     1     1    11     8    20     0     0     0   -88.0  -24.555  -54.011   1368.8    828.1
     1     1    11     8    19    23     0     1   -89.0  -24.784  -54.223   1546.6    801.7
     1     1    11     8    19    22     0     2   -90.0  -24.928  -54.484   1645.3    791.4
     1     1    11     8    19    21     0     3   -91.0  -25.028  -54.753   1645.3    793.7
     1     1    11     8    19    20     0     2   -92.0  -25.133  -54.984   1583.2    807.1
     1     1    11     8    19    19     0     1   -93.0  -25.251  -55.171   1527.4    816.1
     1     1    11     8    19    18     0     0   -94.0  -25.357  -55.332   1493.5    818.8
     1     1    11     8    19    17     0     1   -95.0  -25.444  -55.496   1435.7    822.2
     1     1    11     8    19    16     0     2   -96.0  -25.536  -55.673   1327.6    834.5
     1     1    11     8    19    15     0     3   -97.0  -25.649  -55.842   1184.1    851.3
     1     1    11     8    19    14     0     2   -98.0  -25.801  -56.006   1026.7    870.8
     1     1    11     8    19    13     0     1   -99.0  -25.997  -56.171    873.6    889.3
     1     1    11     8    19    12     0     0  -100.0  -26.212  -56.324    733.5    906.7
     1     1    11     8    19    11     0     1  -101.0  -26.416  -56.461    619.0    921.1
     1     1    11     8    19    10     0     2  -102.0  -26.601  -56.580    521.2    931.9
     1     1    11     8    19     9     0     3  -103.0  -26.777  -56.688    422.7    943.1
     1     1    11     8    19     8     0     2  -104.0  -26.947  -56.798    332.8    956.2
     1     1    11     8    19     7     0     1  -105.0  -27.101  -56.914    264.2    965.3
     1     1    11     8    19     6     0     0  -106.0  -27.231  -57.028    213.0    971.0
     1     1    11     8    19     5     0     1  -107.0  -27.324  -57.120    178.1    976.2
     1     1    11     8    19     4     0     2  -108.0  -27.359  -57.172    156.7    978.8
     1     1    11     8    19     3     0     3  -109.0  -27.327  -57.179    144.6    980.2
     1     1    11     8    19     2     0     2  -110.0  -27.224  -57.136    145.7    979.5
     1     1    11     8    19     1     0     1  -111.0  -27.047  -57.035    169.7    975.4
     1     1    11     8    19     0     0     0  -112.0  -26.792  -56.877    223.9    966.2
     1     1    11     8    18    23     0     1  -113.0  -26.484  -56.698    298.1    954.2
     1     1    11     8    18    22     0     2  -114.0  -26.132  -56.513    383.7    941.6
     1     1    11     8    18    21     0     3  -115.0  -25.723  -56.345    467.2    928.7
     1     1    11     8    18    20     0     2  -116.0  -25.318  -56.227    500.2    919.9
     1     1    11     8    18    19     0     1  -117.0  -24.967  -56.117    479.9    919.6
     1     1    11     8    18    18     0     0  -118.0  -24.662  -55.978    437.6    928.6
     1     1    11     8    18    17     0     1  -119.0  -24.377  -55.830    390.8    936.6
     1     1    11     8    18    16     0     2  -120.0  -24.103  -55.693    333.8    944.0
     1     1    11     8    18    15     0     3  -121.0  -23.844  -55.555    279.2    949.3
     1     1    11     8    18    14     0     2  -122.0  -23.589  -55.403    247.6    948.9
     1     1    11     8    18    13     0     1  -123.0  -23.332  -55.222    243.1    944.5
     1     1    11     8    18    12     0     0  -124.0  -23.102  -55.009    254.1    939.9
     1     1    11     8    18    11     0     1  -125.0  -22.901  -54.780    257.3    938.9
     1     1    11     8    18    10     0     2  -126.0  -22.731  -54.552    242.0    943.9
     1     1    11     8    18     9     0     3  -127.0  -22.594  -54.316    225.1    948.3
     1     1    11     8    18     8     0     2  -128.0  -22.489  -54.072    207.7    952.2
     1     1    11     8    18     7     0     1  -129.0  -22.414  -53.837    185.3    954.7
     1     1    11     8    18     6     0     0  -130.0  -22.374  -53.623    159.5    956.9
     1     1    11     8    18     5     0     1  -131.0  -22.369  -53.427    134.1    959.8
     1     1    11     8    18     4     0     2  -132.0  -22.393  -53.246    111.5    961.9
     1     1    11     8    18     3     0     3  -133.0  -22.442  -53.078     93.1    964.1
     1     1    11     8    18     2     0     2  -134.0  -22.509  -52.933     82.7    965.2
     1     1    11     8    18     1     0     1  -135.0  -22.590  -52.815     81.4    964.7
     1     1    11     8    18     0     0     0  -136.0  -22.686  -52.725     87.4    963.4
     1     1    11     8    17    23     0     1  -137.0  -22.793  -52.647     96.0    961.2
     1     1    11     8    17    22     0     2  -138.0  -22.907  -52.572    102.1    959.7
     1     1    11     8    17    21     0     3  -139.0  -23.028  -52.496    106.1    958.3
     1     1    11     8    17    20     0     2  -140.0  -23.148  -52.431    113.0    957.2
     1     1    11     8    17    19     0     1  -141.0  -23.261  -52.389    124.5    955.4
     1     1    11     8    17    18     0     0  -142.0  -23.373  -52.371    138.6    953.8
     1     1    11     8    17    17     0     1  -143.0  -23.459  -52.364    149.0    951.7
     1     1    11     8    17    16     0     2  -144.0  -23.486  -52.359    144.4    952.0
     1     1    11     8    17    15     0     3  -145.0  -23.449  -52.359    122.3    955.1
     1     1    11     8    17    14     0     2  -146.0  -23.383  -52.356     98.3    959.4
     1     1    11     8    17    13     0     1  -147.0  -23.323  -52.343     82.4    961.4
     1     1    11     8    17    12     0     0  -148.0  -23.274  -52.320     72.1    962.9
     1     1    11     8    17    11     0     1  -149.0  -23.226  -52.294     62.7    962.9
     1     1    11     8    17    10     0     2  -150.0  -23.171  -52.267     51.7    963.6
     1     1    11     8    17     9     0     3  -151.0  -23.108  -52.238     40.0    963.8
     1     1    11     8    17     8     0     2  -152.0  -23.037  -52.200     29.7    965.1
     1     1    11     8    17     7     0     1  -153.0  -22.959  -52.148     22.1    966.3
     1     1    11     8    17     6     0     0  -154.0  -22.877  -52.086     16.7    967.5
     1     1    11     8    17     5     0     1  -155.0  -22.797  -52.016     13.2    968.6
     1     1    11     8    17     4     0     2  -156.0  -22.722  -51.937     10.9    969.3
     1     1    11     8    17     3     0     3  -157.0  -22.652  -51.850      9.4    969.4
     1     1    11     8    17     2     0     2  -158.0  -22.585  -51.765      8.3    968.6
     1     1    11     8    17     1     0     1  -159.0  -22.522  -51.695      7.3    967.9
     1     1    11     8    17     0     0     0  -160.0  -22.462  -51.639      6.5    967.4
     1     1    11     8    16    23     0     1  -161.0  -22.404  -51.588      5.8    967.5
     1     1    11     8    16    22     0     2  -162.0  -22.344  -51.537      4.9    967.5
     1     1    11     8    16    21     0     3  -163.0  -22.282  -51.487      3.8    967.3
     1     1    11     8    16    20     0     2  -164.0  -22.206  -51.439      2.2    966.8
     1     1    11     8    16    19     0     1  -165.0  -22.102  -51.393      0.0    966.6
     1     1    11     8    16    18     0     0  -166.0  -21.970  -51.348      0.0    966.5
     1     1    11     8    16    17     0     1  -167.0  -21.824  -51.299      0.0    967.4
     1     1    11     8    16    16     0     2  -168.0  -21.677  -51.242      0.0    968.1
     1     1    11     8    16    15     0     3  -169.0  -21.530  -51.174      0.0    968.5
     1     1    11     8    16    14     0     2  -170.0  -21.385  -51.099      0.0    968.6
     1     1    11     8    16    13     0     1  -171.0  -21.245  -51.020      0.0    968.7
     1     1    11     8    16    12     0     0  -172.0  -21.107  -50.938      0.0    969.2
     1     1    11     8    16    11     0     1  -173.0  -20.977  -50.850      0.0    968.4
     1     1    11     8    16    10     0     2  -174.0  -20.862  -50.755      0.2    967.4
     1     1    11     8    16     9     0     3  -175.0  -20.764  -50.651      0.4    966.3
     1     1    11     8    16     8     0     2  -176.0  -20.678  -50.547      0.6    966.1
     1     1    11     8    16     7     0     1  -177.0  -20.599  -50.449      1.0    966.0
     1     1    11     8    16     6     0     0  -178.0  -20.531  -50.357      1.3    965.7
     1     1    11     8    16     5     0     1  -179.0  -20.468  -50.268      1.6    965.5
     1     1    11     8    16     4     0     2  -180.0  -20.406  -50.180      1.8    965.3
     1     1    11     8    16     3     0     3  -181.0  -20.341  -50.095      1.9    965.0
     1     1    11     8    16     2     0     2  -182.0  -20.274  -50.015      2.2    964.5
     1     1    11     8    16     1     0     1  -183.0  -20.206  -49.944      3.4    963.9
     1     1    11     8    16     0     0     0  -184.0  -20.138  -49.882      5.9    963.1
     1     1    11     8    15    23     0     1  -185.0  -20.070  -49.821      9.0    961.3
     1     1    11     8    15    22     0     2  -186.0  -20.002  -49.752     12.0    959.2
     1     1    11     8    15    21     0     3  -187.0  -19.933  -49.676     14.4    956.2
     1     1    11     8    15    20     0     2  -188.0  -19.851  -49.592     18.7    954.0
     1     1    11     8    15    19     0     1  -189.0  -19.742  -49.495     28.7    950.3
     1     1    11     8    15    18     0     0  -190.0  -19.606  -49.384     46.0    945.5
     1     1    11     8    15    17     0     1  -191.0  -19.454  -49.254     70.1    940.8
     1     1    11     8    15    16     0     2  -192.0  -19.294  -49.098    103.0    935.3
     1     1    11     8    15    15     0     3  -193.0  -19.124  -48.910    147.5    928.0
     1     1    11     8    15    14     0     2  -194.0  -18.955  -48.697    199.5    916.2
     1     1    11     8    15    13     0     1  -195.0  -18.803  -48.466    256.5    906.6
     1     1    11     8    15    12     0     0  -196.0  -18.669  -48.205    320.8    895.6
     1     1    11     8    15    11     0     1  -197.0  -18.537  -47.898    391.3    884.7
     1     1    11     8    15    10     0     2  -198.0  -18.403  -47.546    438.7    877.4
     1     1    11     8    15     9     0     3  -199.0  -18.281  -47.174    430.0    878.0
     1     1    11     8    15     8     0     2  -200.0  -18.182  -46.815    377.8    886.7
     1     1    11     8    15     7     0     1  -201.0  -18.102  -46.475    332.3    893.4
     1     1    11     8    15     6     0     0  -202.0  -18.029  -46.122    322.6    893.5
     1     1    11     8    15     5     0     1  -203.0  -17.960  -45.763    345.6    894.6
     1     1    11     8    15     4     0     2  -204.0  -17.904  -45.425    387.5    896.7
     1     1    11     8    15     3     0     3  -205.0  -17.868  -45.121    449.2    896.3
     1     1    11     8    15     2     0     2  -206.0  -17.847  -44.824    529.3    883.3
     1     1    11     8    15     1     0     1  -207.0  -17.843  -44.510    636.0    863.9
     1     1    11     8    15     0     0     0  -208.0  -17.860  -44.182    784.3    838.4
     1     1    11     8    14    23     0     1  -209.0  -17.893  -43.848    957.0    814.3
     1     1    11     8    14    22     0     2  -210.0  -17.936  -43.531   1097.1    799.3
     1     1    11     8    14    21     0     3  -211.0  -17.979  -43.248   1169.5    793.5
     1     1    11     8    14    20     0     2  -212.0  -18.021  -42.993   1190.4    795.2
     1     1    11     8    14    19     0     1  -213.0  -18.068  -42.763   1210.6    804.9
     1     1    11     8    14    18     0     0  -214.0  -18.123  -42.553   1260.4    807.6
     1     1    11     8    14    17     0     1  -215.0  -18.196  -42.347   1319.5    809.0
     1     1    11     8    14    16     0     2  -216.0  -18.299  -42.142   1367.4    813.6
     1     1    11     8    14    15     0     3  -217.0  -18.434  -41.941   1397.0    819.7
     1     1    11     8    14    14     0     2  -218.0  -18.598  -41.754   1407.5    823.2
     1     1    11     8    14    13     0     1  -219.0  -18.784  -41.591   1408.1    825.9
     1     1    11     8    14    12     0     0  -220.0  -18.989  -41.448   1405.7    826.9
     1     1    11     8    14    11     0     1  -221.0  -19.204  -41.323   1419.1    818.2
     1     1    11     8    14    10     0     2  -222.0  -19.416  -41.208   1471.8    804.7
     1     1    11     8    14     9     0     3  -223.0  -19.613  -41.099   1555.9    788.8
     1     1    11     8    14     8     0     2  -224.0  -19.792  -41.004   1658.8    773.6
     1     1    11     8    14     7     0     1  -225.0  -19.954  -40.931   1763.0    763.3
     1     1    11     8    14     6     0     0  -226.0  -20.102  -40.878   1848.0    762.6
     1     1    11     8    14     5     0     1  -227.0  -20.244  -40.844   1908.3    767.2
     1     1    11     8    14     4     0     2  -228.0  -20.378  -40.827   1951.9    771.4
     1     1    11     8    14     3     0     3  -229.0  -20.503  -40.829   1986.7    774.8
     1     1    11     8    14     2     0     2  -230.0  -20.617  -40.851   2024.2    777.0
     1     1    11     8    14     1     0     1  -231.0  -20.713  -40.887   2075.3    776.4
     1     1    11     8    14     0     0     0  -232.0  -20.788  -40.933   2146.5    773.1
     1     1    11     8    13    23     0     1  -233.0  -20.853  -40.975   2232.3    767.1
     1     1    11     8    13    22     0     2  -234.0  -20.930  -41.003   2321.3    762.2
     1     1    11     8    13    21     0     3  -235.0  -21.025  -41.021   2405.6    757.4
     1     1    11     8    13    20     0     2  -236.0  -21.127  -41.036   2475.9    751.4
     1     1    11     8    13    19     0     1  -237.0  -21.224  -41.054   2537.7    746.3
     1     1    11     8    13    18     0     0  -238.0  -21.318  -41.073   2592.9    741.7
     1     1    11     8    13    17     0     1  -239.0  -21.411  -41.088   2634.0    737.7
     1     1    11     8    13    16     0     2  -240.0  -21.499  -41.098   2655.7    736.5
     1     1    11     8    13    15     0     3  -241.0  -21.582  -41.102   2663.4    736.7
     1     1    11     8    13    14     0     2  -242.0  -21.659  -41.103   2672.3    737.8
     1     1    11     8    13    13     0     1  -243.0  -21.728  -41.097   2693.5    736.8
     1     1    11     8    13    12     0     0  -244.0  -21.791  -41.081   2723.2    735.2
     1     1    11     8    13    11     0     1  -245.0  -21.848  -41.057   2760.5    732.8
     1     1    11     8    13    10     0     2  -246.0  -21.901  -41.025   2807.0    729.6
     1     1    11     8    13     9     0     3  -247.0  -21.954  -40.984   2862.1    725.5
     1     1    11     8    13     8     0     2  -248.0  -22.015  -40.933   2913.8    720.4
     1     1    11     8    13     7     0     1  -249.0  -22.094  -40.873   2952.5    717.3
     1     1    11     8    13     6     0     0  -250.0  -22.188  -40.806   2981.0    715.0
     1     1    11     8    13     5     0     1  -251.0  -22.296  -40.739   3011.7    713.5
     1     1    11     8    13     4     0     2  -252.0  -22.416  -40.675   3056.3    710.1
     1     1    11     8    13     3     0     3  -253.0  -22.551  -40.616   3117.5    705.2
     1     1    11     8    13     2     0     2  -254.0  -22.706  -40.561   3183.3    698.6
     1     1    11     8    13     1     0     1  -255.0  -22.882  -40.512   3232.8    693.8
     1     1    11     8    13     0     0     0  -256.0  -23.073  -40.473   3253.7    691.6
     1     1    11     8    12    23     0     1  -257.0  -23.288  -40.446   3252.9    692.2
     1     1    11     8    12    22     0     2  -258.0  -23.534  -40.435   3247.9    692.6
     1     1    11     8    12    21     0     3  -259.0  -23.808  -40.440   3250.0    692.6
     1     1    11     8    12    20     0     2  -260.0  -24.099  -40.467   3273.2    691.1
     1     1    11     8    12    19     0     1  -261.0  -24.397  -40.516   3322.6    686.5
     1     1    11     8    12    18     0     0  -262.0  -24.704  -40.586   3398.2    680.1
     1     1    11     8    12    17     0     1  -263.0  -25.016  -40.666   3504.5    671.6
     1     1    11     8    12    16     0     2  -264.0  -25.328  -40.749   3641.3    660.3
     1     1    11     8    12    15     0     3  -265.0  -25.643  -40.832   3806.1    647.1
     1     1    11     8    12    14     0     2  -266.0  -25.975  -40.930   3985.7    631.8
     1     1    11     8    12    13     0     1  -267.0  -26.339  -41.058   4158.4    617.7
     1     1    11     8    12    12     0     0  -268.0  -26.735  -41.215   4314.7    605.8
     1     1    11     8    12    11     0     1  -269.0  -27.148  -41.390   4462.5    594.5
     1     1    11     8    12    10     0     2  -270.0  -27.570  -41.588   4601.9    582.9
     1     1    11     8    12     9     0     3  -271.0  -28.004  -41.824   4718.6    573.3
     1     1    11     8    12     8     0     2  -272.0  -28.443  -42.093   4824.1    566.8
     1     1    11     8    12     7     0     1  -273.0  -28.877  -42.386   4944.0    558.5
     1     1    11     8    12     6     0     0  -274.0  -29.302  -42.711   5092.1    548.1
     1     1    11     8    12     5     0     1  -275.0  -29.735  -43.086   5257.0    535.4
     1     1    11     8    12     4     0     2  -276.0  -30.175  -43.498   5407.5    524.3
     1     1    11     8    12     3     0     3  -277.0  -30.612  -43.922   5534.0    515.9
     1     1    11     8    12     2     0     2  -278.0  -31.042  -44.376   5632.6    508.7
     1     1    11     8    12     1     0     1  -279.0  -31.462  -44.868   5713.8    504.3
     1     1    11     8    12     0     0     0  -280.0  -31.870  -45.393   5803.0    498.7
     1     1    11     8    11    23     0     1  -281.0  -32.265  -45.972   5896.5    491.6
     1     1    11     8    11    22     0     2  -282.0  -32.644  -46.616   5987.9    485.6
     1     1    11     8    11    21     0     3  -283.0  -33.005  -47.326   6083.9    479.3
     1     1    11     8    11    20     0     2  -284.0  -33.338  -48.128   6167.3    473.2
     1     1    11     8    11    19     0     1  -285.0  -33.638  -49.004   6205.3    470.6
     1     1    11     8    11    18     0     0  -286.0  -33.895  -49.930   6173.7    472.4
     1     1    11     8    11    17     0     1  -287.0  -34.080  -50.890   6100.0    477.8
     1     1    11     8    11    16     0     2  -288.0  -34.211  -51.889   6022.7    482.7
     1     1    11     8    11    15     0     3  -289.0  -34.300  -52.935   5922.3    489.0
     1     1    11     8    11    14     0     2  -290.0  -34.334  -53.986   5818.0    493.9
     1     1    11     8    11    13     0     1  -291.0  -34.301  -55.035   5731.2    494.3
     1     1    11     8    11    12     0     0  -292.0  -34.201  -56.070   5650.3    501.7
     1     1    11     8    11    11     0     1  -293.0  -34.059  -57.078   5504.1    509.0
     1     1    11     8    11    10     0     2  -294.0  -33.888  -58.054   5361.3    523.3
     1     1    11     8    11     9     0     3  -295.0  -33.677  -58.959   5258.7    533.9
     1     1    11     8    11     8     0     2  -296.0  -33.456  -59.798   5156.4    540.3
     1     1    11     8    11     7     0     1  -297.0  -33.242  -60.582   5010.2    549.5
     1     1    11     8    11     6     0     0  -298.0  -32.999  -61.293   4775.1    565.2
     1     1    11     8    11     5     0     1  -299.0  -32.756  -61.948   4533.1    582.8
     1     1    11     8    11     4     0     2  -300.0  -32.542  -62.585   4345.1    594.8
     1     1    11     8    11     3     0     3  -301.0  -32.334  -63.191   4208.6    601.5
     1     1    11     8    11     2     0     2  -302.0  -32.128  -63.763   4171.5    599.1
     1     1    11     8    11     1     0     1  -303.0  -31.919  -64.357   4174.2    570.5
     1     1    11     8    11     0     0     0  -304.0  -31.703  -65.006   4074.5    542.0
     1     1    11     8    10    23     0     1  -305.0  -31.481  -65.618   4047.2    581.1
     1     1    11     8    10    22     0     2  -306.0  -31.236  -66.133   3946.2    600.6
     1     1    11     8    10    21     0     3  -307.0  -30.970  -66.539   3755.1    607.2
     1     1    11     8    10    20     0     2  -308.0  -30.707  -66.890   3618.3    613.9
     1     1    11     8    10    19     0     1  -309.0  -30.445  -67.237   3566.4    606.9
     1     1    11     8    10    18     0     0  -310.0  -30.165  -67.574   3595.4    591.8
     1     1    11     8    10    17     0     1  -311.0  -29.890  -67.913   3648.4    555.8
     1     1    11     8    10    16     0     2  -312.0  -29.626  -68.293   3700.2    508.1
     1     1    11     8    10    15     0     3  -313.0  -29.343  -68.782   3866.5    448.9
     1     1    11     8    10    14     0     2  -314.0  -29.089  -69.463   4118.0    393.4
     1     1    11     8    10    13     0     1  -315.0  -28.867  -70.303   4534.6    422.1
     1     1    11     8    10    12     0     0  -316.0  -28.686  -70.866   4869.3    495.0
     1     1    11     8    10    11     0     1  -317.0  -28.541  -71.248   4933.5    527.4
     1     1    11     8    10    10     0     2  -318.0  -28.424  -71.579   4904.4    547.5
     1     1    11     8    10     9     0     3  -319.0  -28.334  -71.890   4864.0    562.2
     1     1    11     8    10     8     0     2  -320.0  -28.261  -72.190   4818.4    570.4
     1     1    11     8    10     7     0     1  -321.0  -28.197  -72.493   4794.5    572.7
     1     1    11     8    10     6     0     0  -322.0  -28.143  -72.807   4801.3    573.2
     1     1    11     8    10     5     0     1  -323.0  -28.106  -73.143   4812.1    570.7
     1     1    11     8    10     4     0     2  -324.0  -28.092  -73.514   4795.1    571.5
     1     1    11     8    10     3     0     3  -325.0  -28.102  -73.924   4745.7    574.7
     1     1    11     8    10     2     0     2  -326.0  -28.120  -74.372   4688.4    580.6
     1     1    11     8    10     1     0     1  -327.0  -28.130  -74.847   4657.1    583.3
     1     1    11     8    10     0     0     0  -328.0  -28.139  -75.350   4680.0    582.8
     1     1    11     8     9    23     0     1  -329.0  -28.141  -75.890   4776.0    575.4
     1     1    11     8     9    22     0     2  -330.0  -28.131  -76.471   4911.9    563.3
     1     1    11     8     9    21     0     3  -331.0  -28.116  -77.094   5041.3    553.0
     1     1    11     8     9    20     0     2  -332.0  -28.089  -77.753   5138.0    545.5
     1     1    11     8     9    19     0     1  -333.0  -28.050  -78.438   5199.0    541.8
     1     1    11     8     9    18     0     0  -334.0  -28.009  -79.156   5236.6    539.6
     1     1    11     8     9    17     0     1  -335.0  -27.957  -79.912   5261.9    538.0
     1     1    11     8     9    16     0     2  -336.0  -27.881  -80.693   5268.5    537.4
