     3     1
    GDAS    11     5     1     0     0
    GDAS    11     5     8     0     0
    GDAS    11     5    15     0     0
     1 BACKWARD OMEGA   
  2011     5    17    16   -8.900  -56.740  2590.8
     1 PRESSURE
     1     1    11     5    17    16     0     2     0.0   -8.900  -56.740   2590.8    729.9
     1     1    11     5    17    15     0     3    -1.0   -8.756  -56.756   2572.5    731.1
     1     1    11     5    17    14     0     2    -2.0   -8.615  -56.750   2566.9    727.7
     1     1    11     5    17    13     0     1    -3.0   -8.474  -56.730   2556.2    726.0
     1     1    11     5    17    12     0     0    -4.0   -8.331  -56.698   2539.8    724.8
     1     1    11     5    17    11     0     1    -5.0   -8.185  -56.664   2517.1    723.8
     1     1    11     5    17    10     0     2    -6.0   -8.039  -56.635   2488.4    723.5
     1     1    11     5    17     9     0     3    -7.0   -7.894  -56.612   2461.3    726.8
     1     1    11     5    17     8     0     2    -8.0   -7.752  -56.588   2436.1    731.3
     1     1    11     5    17     7     0     1    -9.0   -7.615  -56.556   2412.2    735.6
     1     1    11     5    17     6     0     0   -10.0   -7.481  -56.518   2390.8    739.5
     1     1    11     5    17     5     0     1   -11.0   -7.352  -56.471   2367.2    743.6
     1     1    11     5    17     4     0     2   -12.0   -7.235  -56.417   2336.8    748.6
     1     1    11     5    17     3     0     3   -13.0   -7.130  -56.354   2301.1    753.8
     1     1    11     5    17     2     0     2   -14.0   -7.029  -56.281   2262.1    758.5
     1     1    11     5    17     1     0     1   -15.0   -6.928  -56.202   2219.1    762.7
     1     1    11     5    17     0     0     0   -16.0   -6.825  -56.120   2173.8    767.1
     1     1    11     5    16    23     0     1   -17.0   -6.726  -56.037   2139.8    771.2
     1     1    11     5    16    22     0     2   -18.0   -6.635  -55.951   2124.9    772.2
     1     1    11     5    16    21     0     3   -19.0   -6.548  -55.865   2123.1    772.0
     1     1    11     5    16    20     0     2   -20.0   -6.462  -55.778   2122.9    771.5
     1     1    11     5    16    19     0     1   -21.0   -6.374  -55.688   2113.5    772.3
     1     1    11     5    16    18     0     0   -22.0   -6.284  -55.595   2091.2    773.9
     1     1    11     5    16    17     0     1   -23.0   -6.197  -55.491   2058.5    777.4
     1     1    11     5    16    16     0     2   -24.0   -6.116  -55.367   2022.5    780.6
     1     1    11     5    16    15     0     3   -25.0   -6.040  -55.221   1989.8    783.1
     1     1    11     5    16    14     0     2   -26.0   -5.974  -55.059   1955.5    783.5
     1     1    11     5    16    13     0     1   -27.0   -5.926  -54.890   1916.8    787.5
     1     1    11     5    16    12     0     0   -28.0   -5.898  -54.716   1879.2    792.3
     1     1    11     5    16    11     0     1   -29.0   -5.894  -54.546   1863.1    796.3
     1     1    11     5    16    10     0     2   -30.0   -5.921  -54.389   1884.2    794.3
     1     1    11     5    16     9     0     3   -31.0   -5.979  -54.246   1937.5    789.3
     1     1    11     5    16     8     0     2   -32.0   -6.053  -54.109   1989.8    782.2
     1     1    11     5    16     7     0     1   -33.0   -6.129  -53.963   2010.0    780.7
     1     1    11     5    16     6     0     0   -34.0   -6.209  -53.808   2004.7    780.1
     1     1    11     5    16     5     0     1   -35.0   -6.292  -53.650   1997.0    780.8
     1     1    11     5    16     4     0     2   -36.0   -6.373  -53.497   1996.4    779.0
     1     1    11     5    16     3     0     3   -37.0   -6.451  -53.347   1995.7    777.2
     1     1    11     5    16     2     0     2   -38.0   -6.529  -53.198   1989.1    775.3
     1     1    11     5    16     1     0     1   -39.0   -6.606  -53.051   1975.7    774.5
     1     1    11     5    16     0     0     0   -40.0   -6.682  -52.907   1958.7    775.0
     1     1    11     5    15    23     0     1   -41.0   -6.753  -52.766   1932.3    776.9
     1     1    11     5    15    22     0     2   -42.0   -6.815  -52.623   1896.7    780.9
     1     1    11     5    15    21     0     3   -43.0   -6.868  -52.477   1862.8    784.9
     1     1    11     5    15    20     0     2   -44.0   -6.919  -52.325   1839.7    788.0
     1     1    11     5    15    19     0     1   -45.0   -6.972  -52.169   1831.0    789.4
     1     1    11     5    15    18     0     0   -46.0   -7.031  -52.012   1831.8    789.7
     1     1    11     5    15    17     0     1   -47.0   -7.090  -51.855   1835.0    789.5
     1     1    11     5    15    16     0     2   -48.0   -7.147  -51.696   1839.5    789.4
     1     1    11     5    15    15     0     3   -49.0   -7.199  -51.529   1847.6    789.0
     1     1    11     5    15    14     0     2   -50.0   -7.247  -51.351   1852.8    787.7
     1     1    11     5    15    13     0     1   -51.0   -7.292  -51.156   1847.8    788.2
     1     1    11     5    15    12     0     0   -52.0   -7.332  -50.942   1835.8    789.5
     1     1    11     5    15    11     0     1   -53.0   -7.376  -50.722   1824.1    790.5
     1     1    11     5    15    10     0     2   -54.0   -7.430  -50.514   1818.1    790.8
     1     1    11     5    15     9     0     3   -55.0   -7.496  -50.322   1820.9    790.4
     1     1    11     5    15     8     0     2   -56.0   -7.569  -50.142   1832.3    789.5
     1     1    11     5    15     7     0     1   -57.0   -7.647  -49.970   1846.1    788.3
     1     1    11     5    15     6     0     0   -58.0   -7.729  -49.807   1853.0    788.6
     1     1    11     5    15     5     0     1   -59.0   -7.807  -49.647   1862.6    791.0
     1     1    11     5    15     4     0     2   -60.0   -7.871  -49.489   1888.9    790.4
     1     1    11     5    15     3     0     3   -61.0   -7.923  -49.334   1932.2    788.3
     1     1    11     5    15     2     0     2   -62.0   -7.970  -49.190   1976.9    783.9
     1     1    11     5    15     1     0     1   -63.0   -8.018  -49.058   2006.3    782.4
     1     1    11     5    15     0     0     0   -64.0   -8.069  -48.934   2025.1    781.4
     1     1    11     5    14    23     0     1   -65.0   -8.126  -48.817   2050.5    780.0
     1     1    11     5    14    22     0     2   -66.0   -8.193  -48.709   2092.1    775.6
     1     1    11     5    14    21     0     3   -67.0   -8.266  -48.611   2143.7    770.4
     1     1    11     5    14    20     0     2   -68.0   -8.342  -48.521   2198.4    765.0
     1     1    11     5    14    19     0     1   -69.0   -8.420  -48.437   2251.7    760.3
     1     1    11     5    14    18     0     0   -70.0   -8.496  -48.361   2302.5    755.5
     1     1    11     5    14    17     0     1   -71.0   -8.569  -48.287   2353.3    751.6
     1     1    11     5    14    16     0     2   -72.0   -8.642  -48.206   2410.1    747.1
     1     1    11     5    14    15     0     3   -73.0   -8.714  -48.121   2479.0    741.8
     1     1    11     5    14    14     0     2   -74.0   -8.789  -48.035   2560.5    734.6
     1     1    11     5    14    13     0     1   -75.0   -8.871  -47.948   2647.0    725.5
     1     1    11     5    14    12     0     0   -76.0   -8.957  -47.861   2736.0    715.3
     1     1    11     5    14    11     0     1   -77.0   -9.043  -47.786   2813.1    704.3
     1     1    11     5    14    10     0     2   -78.0   -9.123  -47.730   2862.7    697.9
     1     1    11     5    14     9     0     3   -79.0   -9.199  -47.686   2886.3    694.4
     1     1    11     5    14     8     0     2   -80.0   -9.272  -47.652   2892.4    693.6
     1     1    11     5    14     7     0     1   -81.0   -9.345  -47.627   2887.9    693.3
     1     1    11     5    14     6     0     0   -82.0   -9.418  -47.609   2872.9    694.2
     1     1    11     5    14     5     0     1   -83.0   -9.489  -47.587   2855.2    696.4
     1     1    11     5    14     4     0     2   -84.0   -9.554  -47.552   2840.6    697.4
     1     1    11     5    14     3     0     3   -85.0   -9.613  -47.502   2826.6    698.4
     1     1    11     5    14     2     0     2   -86.0   -9.676  -47.448   2811.1    699.3
     1     1    11     5    14     1     0     1   -87.0   -9.749  -47.397   2792.8    700.8
     1     1    11     5    14     0     0     0   -88.0   -9.831  -47.349   2772.4    702.8
     1     1    11     5    13    23     0     1   -89.0   -9.923  -47.304   2750.7    704.9
     1     1    11     5    13    22     0     2   -90.0  -10.023  -47.260   2728.4    706.8
     1     1    11     5    13    21     0     3   -91.0  -10.131  -47.220   2707.5    706.9
     1     1    11     5    13    20     0     2   -92.0  -10.241  -47.183   2697.6    706.5
     1     1    11     5    13    19     0     1   -93.0  -10.349  -47.153   2704.1    704.4
     1     1    11     5    13    18     0     0   -94.0  -10.455  -47.133   2728.7    700.7
     1     1    11     5    13    17     0     1   -95.0  -10.557  -47.127   2755.2    695.8
     1     1    11     5    13    16     0     2   -96.0  -10.652  -47.137   2767.1    693.7
     1     1    11     5    13    15     0     3   -97.0  -10.740  -47.161   2764.4    693.1
     1     1    11     5    13    14     0     2   -98.0  -10.820  -47.196   2771.5    693.6
     1     1    11     5    13    13     0     1   -99.0  -10.891  -47.239   2812.7    689.4
     1     1    11     5    13    12     0     0  -100.0  -10.952  -47.292   2885.4    682.9
     1     1    11     5    13    11     0     1  -101.0  -11.011  -47.352   2977.3    673.9
     1     1    11     5    13    10     0     2  -102.0  -11.068  -47.415   3073.6    665.9
     1     1    11     5    13     9     0     3  -103.0  -11.125  -47.480   3167.6    658.6
     1     1    11     5    13     8     0     2  -104.0  -11.182  -47.543   3243.9    651.8
     1     1    11     5    13     7     0     1  -105.0  -11.244  -47.596   3290.1    648.7
     1     1    11     5    13     6     0     0  -106.0  -11.308  -47.637   3307.4    647.7
     1     1    11     5    13     5     0     1  -107.0  -11.373  -47.672   3307.9    649.5
     1     1    11     5    13     4     0     2  -108.0  -11.434  -47.713   3306.3    650.6
     1     1    11     5    13     3     0     3  -109.0  -11.492  -47.758   3305.7    651.6
     1     1    11     5    13     2     0     2  -110.0  -11.554  -47.808   3310.5    652.2
     1     1    11     5    13     1     0     1  -111.0  -11.625  -47.859   3322.3    651.9
     1     1    11     5    13     0     0     0  -112.0  -11.706  -47.912   3338.4    651.3
     1     1    11     5    12    23     0     1  -113.0  -11.789  -47.971   3355.5    650.3
     1     1    11     5    12    22     0     2  -114.0  -11.868  -48.045   3370.7    649.5
     1     1    11     5    12    21     0     3  -115.0  -11.943  -48.135   3384.3    648.8
     1     1    11     5    12    20     0     2  -116.0  -12.006  -48.236   3391.9    648.2
     1     1    11     5    12    19     0     1  -117.0  -12.051  -48.341   3388.5    648.9
     1     1    11     5    12    18     0     0  -118.0  -12.078  -48.446   3373.3    650.3
     1     1    11     5    12    17     0     1  -119.0  -12.091  -48.555   3367.2    653.0
     1     1    11     5    12    16     0     2  -120.0  -12.091  -48.667   3392.7    651.6
     1     1    11     5    12    15     0     3  -121.0  -12.075  -48.781   3455.1    647.4
     1     1    11     5    12    14     0     2  -122.0  -12.040  -48.897   3522.4    639.9
     1     1    11     5    12    13     0     1  -123.0  -11.988  -49.019   3554.5    637.9
     1     1    11     5    12    12     0     0  -124.0  -11.926  -49.143   3549.0    639.8
     1     1    11     5    12    11     0     1  -125.0  -11.865  -49.267   3540.4    644.2
     1     1    11     5    12    10     0     2  -126.0  -11.808  -49.390   3564.3    643.4
     1     1    11     5    12     9     0     3  -127.0  -11.752  -49.514   3624.2    639.7
     1     1    11     5    12     8     0     2  -128.0  -11.688  -49.633   3696.1    633.6
     1     1    11     5    12     7     0     1  -129.0  -11.611  -49.740   3752.5    630.4
     1     1    11     5    12     6     0     0  -130.0  -11.522  -49.833   3791.0    628.6
     1     1    11     5    12     5     0     1  -131.0  -11.427  -49.912   3821.6    628.4
     1     1    11     5    12     4     0     2  -132.0  -11.337  -49.977   3855.0    627.1
     1     1    11     5    12     3     0     3  -133.0  -11.252  -50.031   3890.4    625.0
     1     1    11     5    12     2     0     2  -134.0  -11.173  -50.074   3914.8    622.3
     1     1    11     5    12     1     0     1  -135.0  -11.099  -50.108   3914.9    622.3
     1     1    11     5    12     0     0     0  -136.0  -11.031  -50.135   3889.8    624.3
     1     1    11     5    11    23     0     1  -137.0  -10.968  -50.162   3866.0    627.8
     1     1    11     5    11    22     0     2  -138.0  -10.907  -50.191   3869.2    627.1
     1     1    11     5    11    21     0     3  -139.0  -10.848  -50.220   3897.2    624.4
     1     1    11     5    11    20     0     2  -140.0  -10.792  -50.243   3930.9    620.5
     1     1    11     5    11    19     0     1  -141.0  -10.741  -50.259   3954.6    618.8
     1     1    11     5    11    18     0     0  -142.0  -10.694  -50.269   3970.4    617.7
     1     1    11     5    11    17     0     1  -143.0  -10.645  -50.283   3987.2    617.1
     1     1    11     5    11    16     0     2  -144.0  -10.589  -50.306   4012.6    615.1
     1     1    11     5    11    15     0     3  -145.0  -10.526  -50.337   4045.7    612.5
     1     1    11     5    11    14     0     2  -146.0  -10.458  -50.364   4081.0    609.2
     1     1    11     5    11    13     0     1  -147.0  -10.382  -50.381   4114.2    606.6
     1     1    11     5    11    12     0     0  -148.0  -10.296  -50.390   4146.8    604.0
     1     1    11     5    11    11     0     1  -149.0  -10.210  -50.393   4172.3    600.9
     1     1    11     5    11    10     0     2  -150.0  -10.133  -50.395   4183.2    599.4
     1     1    11     5    11     9     0     3  -151.0  -10.065  -50.397   4177.9    599.2
     1     1    11     5    11     8     0     2  -152.0  -10.004  -50.401   4167.6    600.7
     1     1    11     5    11     7     0     1  -153.0   -9.949  -50.405   4164.7    600.8
     1     1    11     5    11     6     0     0  -154.0   -9.899  -50.408   4170.3    600.2
     1     1    11     5    11     5     0     1  -155.0   -9.854  -50.407   4181.1    599.3
     1     1    11     5    11     4     0     2  -156.0   -9.809  -50.398   4192.7    598.7
     1     1    11     5    11     3     0     3  -157.0   -9.763  -50.381   4203.7    598.2
     1     1    11     5    11     2     0     2  -158.0   -9.716  -50.354   4218.5    597.5
     1     1    11     5    11     1     0     1  -159.0   -9.669  -50.317   4241.8    595.9
     1     1    11     5    11     0     0     0  -160.0   -9.623  -50.270   4274.4    593.8
     1     1    11     5    10    23     0     1  -161.0   -9.580  -50.212   4302.5    591.0
     1     1    11     5    10    22     0     2  -162.0   -9.542  -50.150   4310.6    590.7
     1     1    11     5    10    21     0     3  -163.0   -9.512  -50.085   4297.1    592.0
     1     1    11     5    10    20     0     2  -164.0   -9.487  -50.028   4270.2    595.4
     1     1    11     5    10    19     0     1  -165.0   -9.466  -49.984   4240.1    598.0
     1     1    11     5    10    18     0     0  -166.0   -9.446  -49.951   4209.3    600.2
     1     1    11     5    10    17     0     1  -167.0   -9.423  -49.918   4187.7    602.3
     1     1    11     5    10    16     0     2  -168.0   -9.392  -49.878   4181.9    602.7
     1     1    11     5    10    15     0     3  -169.0   -9.356  -49.830   4192.4    601.8
     1     1    11     5    10    14     0     2  -170.0   -9.313  -49.777   4206.8    599.5
     1     1    11     5    10    13     0     1  -171.0   -9.263  -49.724   4212.3    598.8
     1     1    11     5    10    12     0     0  -172.0   -9.204  -49.670   4208.1    598.8
     1     1    11     5    10    11     0     1  -173.0   -9.135  -49.609   4213.4    599.2
     1     1    11     5    10    10     0     2  -174.0   -9.057  -49.536   4248.4    596.0
     1     1    11     5    10     9     0     3  -175.0   -8.974  -49.449   4314.3    590.5
     1     1    11     5    10     8     0     2  -176.0   -8.900  -49.344   4389.0    583.0
     1     1    11     5    10     7     0     1  -177.0   -8.843  -49.227   4450.0    578.2
     1     1    11     5    10     6     0     0  -178.0   -8.799  -49.097   4495.4    574.7
     1     1    11     5    10     5     0     1  -179.0   -8.771  -48.962   4531.3    572.9
     1     1    11     5    10     4     0     2  -180.0   -8.765  -48.826   4563.4    571.4
     1     1    11     5    10     3     0     3  -181.0   -8.780  -48.694   4588.5    570.4
     1     1    11     5    10     2     0     2  -182.0   -8.811  -48.565   4608.7    569.6
     1     1    11     5    10     1     0     1  -183.0   -8.856  -48.445   4630.2    568.7
     1     1    11     5    10     0     0     0  -184.0   -8.916  -48.332   4660.2    567.2
     1     1    11     5     9    23     0     1  -185.0   -8.986  -48.224   4699.5    564.2
     1     1    11     5     9    22     0     2  -186.0   -9.059  -48.118   4741.5    560.8
     1     1    11     5     9    21     0     3  -187.0   -9.133  -48.016   4783.8    557.4
     1     1    11     5     9    20     0     2  -188.0   -9.206  -47.918   4816.6    553.0
     1     1    11     5     9    19     0     1  -189.0   -9.275  -47.825   4839.3    549.7
     1     1    11     5     9    18     0     0  -190.0   -9.340  -47.739   4852.6    547.4
     1     1    11     5     9    17     0     1  -191.0   -9.403  -47.658   4858.9    546.2
     1     1    11     5     9    16     0     2  -192.0   -9.468  -47.582   4859.5    545.3
     1     1    11     5     9    15     0     3  -193.0   -9.536  -47.510   4852.0    545.3
     1     1    11     5     9    14     0     2  -194.0   -9.607  -47.435   4844.7    546.1
     1     1    11     5     9    13     0     1  -195.0   -9.677  -47.353   4847.8    545.7
     1     1    11     5     9    12     0     0  -196.0   -9.746  -47.263   4861.8    544.8
     1     1    11     5     9    11     0     1  -197.0   -9.820  -47.176   4879.6    543.0
     1     1    11     5     9    10     0     2  -198.0   -9.905  -47.102   4892.4    542.4
     1     1    11     5     9     9     0     3  -199.0  -10.009  -47.039   4899.1    542.5
     1     1    11     5     9     8     0     2  -200.0  -10.123  -46.986   4905.2    541.3
     1     1    11     5     9     7     0     1  -201.0  -10.234  -46.938   4927.1    537.5
     1     1    11     5     9     6     0     0  -202.0  -10.347  -46.895   4962.5    532.9
     1     1    11     5     9     5     0     1  -203.0  -10.459  -46.853   5002.1    528.0
     1     1    11     5     9     4     0     2  -204.0  -10.564  -46.808   5038.2    523.9
     1     1    11     5     9     3     0     3  -205.0  -10.664  -46.762   5070.1    520.1
     1     1    11     5     9     2     0     2  -206.0  -10.761  -46.713   5099.9    516.4
     1     1    11     5     9     1     0     1  -207.0  -10.852  -46.660   5131.1    512.6
     1     1    11     5     9     0     0     0  -208.0  -10.936  -46.604   5165.7    508.7
     1     1    11     5     8    23     0     1  -209.0  -11.015  -46.548   5194.7    504.4
     1     1    11     5     8    22     0     2  -210.0  -11.097  -46.494   5207.0    502.3
     1     1    11     5     8    21     0     3  -211.0  -11.183  -46.440   5198.3    501.7
     1     1    11     5     8    20     0     2  -212.0  -11.266  -46.382   5190.8    502.5
     1     1    11     5     8    19     0     1  -213.0  -11.335  -46.319   5207.5    500.2
     1     1    11     5     8    18     0     0  -214.0  -11.386  -46.248   5247.6    496.4
     1     1    11     5     8    17     0     1  -215.0  -11.421  -46.174   5279.1    491.3
     1     1    11     5     8    16     0     2  -216.0  -11.451  -46.096   5269.3    490.7
     1     1    11     5     8    15     0     3  -217.0  -11.480  -46.016   5215.0    492.8
     1     1    11     5     8    14     0     2  -218.0  -11.520  -45.938   5162.0    499.1
     1     1    11     5     8    13     0     1  -219.0  -11.571  -45.865   5145.0    500.9
     1     1    11     5     8    12     0     0  -220.0  -11.628  -45.796   5162.4    500.5
     1     1    11     5     8    11     0     1  -221.0  -11.688  -45.725   5187.1    497.6
     1     1    11     5     8    10     0     2  -222.0  -11.752  -45.653   5196.7    497.5
     1     1    11     5     8     9     0     3  -223.0  -11.823  -45.583   5197.3    498.0
     1     1    11     5     8     8     0     2  -224.0  -11.895  -45.515   5197.4    499.2
     1     1    11     5     8     7     0     1  -225.0  -11.962  -45.448   5199.5    499.7
     1     1    11     5     8     6     0     0  -226.0  -12.026  -45.382   5198.3    500.3
     1     1    11     5     8     5     0     1  -227.0  -12.085  -45.310   5197.6    501.7
     1     1    11     5     8     4     0     2  -228.0  -12.137  -45.228   5207.4    502.3
     1     1    11     5     8     3     0     3  -229.0  -12.179  -45.132   5233.3    502.1
     1     1    11     5     8     2     0     2  -230.0  -12.222  -45.024   5269.9    500.5
     1     1    11     5     8     1     0     1  -231.0  -12.281  -44.904   5300.9    498.2
     1     1    11     5     8     0     0     0  -232.0  -12.351  -44.776   5327.9    496.0
     1     1    11     5     7    23     0     1  -233.0  -12.432  -44.652   5359.1    494.0
     1     1    11     5     7    22     0     2  -234.0  -12.525  -44.544   5401.1    491.1
     1     1    11     5     7    21     0     3  -235.0  -12.626  -44.453   5453.6    487.7
     1     1    11     5     7    20     0     2  -236.0  -12.734  -44.378   5493.7    484.1
     1     1    11     5     7    19     0     1  -237.0  -12.854  -44.319   5492.4    484.3
     1     1    11     5     7    18     0     0  -238.0  -12.987  -44.270   5440.8    487.6
     1     1    11     5     7    17     0     1  -239.0  -13.136  -44.221   5374.6    495.3
     1     1    11     5     7    16     0     2  -240.0  -13.299  -44.166   5330.4    499.4
     1     1    11     5     7    15     0     3  -241.0  -13.477  -44.105   5304.9    502.3
     1     1    11     5     7    14     0     2  -242.0  -13.673  -44.044   5277.6    504.4
     1     1    11     5     7    13     0     1  -243.0  -13.895  -43.989   5226.4    509.0
     1     1    11     5     7    12     0     0  -244.0  -14.140  -43.943   5157.2    514.9
     1     1    11     5     7    11     0     1  -245.0  -14.400  -43.916   5093.9    519.4
     1     1    11     5     7    10     0     2  -246.0  -14.670  -43.912   5048.9    522.4
     1     1    11     5     7     9     0     3  -247.0  -14.950  -43.933   5029.7    524.1
     1     1    11     5     7     8     0     2  -248.0  -15.231  -43.982   5005.8    521.4
     1     1    11     5     7     7     0     1  -249.0  -15.507  -44.055   4955.1    520.7
     1     1    11     5     7     6     0     0  -250.0  -15.782  -44.150   4889.0    522.1
     1     1    11     5     7     5     0     1  -251.0  -16.064  -44.260   4834.8    525.7
     1     1    11     5     7     4     0     2  -252.0  -16.347  -44.378   4810.2    526.9
     1     1    11     5     7     3     0     3  -253.0  -16.617  -44.497   4800.7    527.1
     1     1    11     5     7     2     0     2  -254.0  -16.876  -44.619   4791.2    528.1
     1     1    11     5     7     1     0     1  -255.0  -17.134  -44.751   4784.8    530.2
     1     1    11     5     7     0     0     0  -256.0  -17.402  -44.902   4793.1    531.7
     1     1    11     5     6    23     0     1  -257.0  -17.677  -45.077   4840.9    530.0
     1     1    11     5     6    22     0     2  -258.0  -17.949  -45.279   4937.7    519.5
     1     1    11     5     6    21     0     3  -259.0  -18.216  -45.513   5066.2    506.3
     1     1    11     5     6    20     0     2  -260.0  -18.477  -45.781   5176.9    493.3
     1     1    11     5     6    19     0     1  -261.0  -18.727  -46.077   5258.0    484.2
     1     1    11     5     6    18     0     0  -262.0  -18.969  -46.388   5327.5    477.7
     1     1    11     5     6    17     0     1  -263.0  -19.205  -46.715   5358.4    473.3
     1     1    11     5     6    16     0     2  -264.0  -19.441  -47.062   5349.9    473.7
     1     1    11     5     6    15     0     3  -265.0  -19.676  -47.423   5367.9    480.3
     1     1    11     5     6    14     0     2  -266.0  -19.906  -47.788   5426.6    487.5
     1     1    11     5     6    13     0     1  -267.0  -20.125  -48.155   5507.9    489.2
     1     1    11     5     6    12     0     0  -268.0  -20.334  -48.528   5572.1    485.0
     1     1    11     5     6    11     0     1  -269.0  -20.544  -48.901   5608.9    482.9
     1     1    11     5     6    10     0     2  -270.0  -20.768  -49.266   5622.3    484.9
     1     1    11     5     6     9     0     3  -271.0  -21.005  -49.621   5617.1    487.0
     1     1    11     5     6     8     0     2  -272.0  -21.244  -49.981   5609.9    490.2
     1     1    11     5     6     7     0     1  -273.0  -21.472  -50.360   5633.8    489.3
     1     1    11     5     6     6     0     0  -274.0  -21.698  -50.758   5702.1    485.5
     1     1    11     5     6     5     0     1  -275.0  -21.927  -51.175   5793.2    479.8
     1     1    11     5     6     4     0     2  -276.0  -22.160  -51.611   5866.2    476.4
     1     1    11     5     6     3     0     3  -277.0  -22.397  -52.064   5913.3    475.5
     1     1    11     5     6     2     0     2  -278.0  -22.630  -52.538   5953.9    473.3
     1     1    11     5     6     1     0     1  -279.0  -22.855  -53.033   5994.6    471.5
     1     1    11     5     6     0     0     0  -280.0  -23.070  -53.549   6014.5    470.9
     1     1    11     5     5    23     0     1  -281.0  -23.275  -54.082   6036.5    472.2
     1     1    11     5     5    22     0     2  -282.0  -23.455  -54.635   6084.5    467.1
     1     1    11     5     5    21     0     3  -283.0  -23.602  -55.211   6175.6    460.7
     1     1    11     5     5    20     0     2  -284.0  -23.721  -55.791   6290.5    458.3
     1     1    11     5     5    19     0     1  -285.0  -23.822  -56.357   6389.3    457.0
     1     1    11     5     5    18     0     0  -286.0  -23.904  -56.903   6461.4    455.5
     1     1    11     5     5    17     0     1  -287.0  -23.968  -57.432   6520.7    454.8
     1     1    11     5     5    16     0     2  -288.0  -24.015  -57.948   6602.9    451.6
     1     1    11     5     5    15     0     3  -289.0  -24.039  -58.449   6707.7    444.8
     1     1    11     5     5    14     0     2  -290.0  -24.053  -58.940   6814.4    436.2
     1     1    11     5     5    13     0     1  -291.0  -24.078  -59.427   6895.8    430.4
     1     1    11     5     5    12     0     0  -292.0  -24.119  -59.912   6951.1    426.5
     1     1    11     5     5    11     0     3  -293.0  -24.159  -60.404   6987.1    424.1
     1     1    11     5     5    10     0     6  -294.0  -24.176  -60.906   7002.9    422.9
     1     1    11     5     5     9     0     9  -295.0  -24.160  -61.407   7002.2    422.2
     1     1    11     5     5     8     0     8  -296.0  -24.124  -61.898   7014.1    422.0
     1     1    11     5     5     7     0     7  -297.0  -24.080  -62.379   7068.5    419.1
     1     1    11     5     5     6     0     6  -298.0  -24.024  -62.848   7167.2    413.7
     1     1    11     5     5     5     0     5  -299.0  -23.953  -63.325   7242.4    402.9
     1     1    11     5     5     4     0     4  -300.0  -23.866  -63.814   7249.3    395.1
     1     1    11     5     5     3     0     3  -301.0  -23.747  -64.319   7186.8    385.0
     1     1    11     5     5     2     0     2  -302.0  -23.565  -64.915   7078.0    349.7
     1     1    11     5     5     1     0     1  -303.0  -23.258  -65.686   6737.0    279.9
     1     1    11     5     5     0     0     0  -304.0  -22.814  -66.545   6579.8    251.9
     1     1    11     5     4    23     0     1  -305.0  -22.306  -67.358   6360.7    253.0
     1     1    11     5     4    22     0     2  -306.0  -21.778  -68.145   6336.6    260.2
     1     1    11     5     4    21     0     3  -307.0  -21.265  -68.868   6542.8    295.4
     1     1    11     5     4    20     0     2  -308.0  -20.811  -69.479   6708.7    345.0
     1     1    11     5     4    19     0     1  -309.0  -20.414  -69.970   6947.4    395.8
     1     1    11     5     4    18     0     0  -310.0  -20.043  -70.402   6997.0    408.1
     1     1    11     5     4    17     0     1  -311.0  -19.686  -70.811   7036.5    418.6
     1     1    11     5     4    16     0     2  -312.0  -19.344  -71.201   7053.8    426.7
     1     1    11     5     4    15     0     3  -313.0  -19.014  -71.584   7042.1    428.5
     1     1    11     5     4    14     0     2  -314.0  -18.698  -71.967   7044.0    428.2
     1     1    11     5     4    13     0     1  -315.0  -18.399  -72.348   7046.2    427.2
     1     1    11     5     4    12     0     0  -316.0  -18.111  -72.722   7033.7    427.9
     1     1    11     5     4    11     0     3  -317.0  -17.852  -73.084   7016.1    430.1
     1     1    11     5     4    10     0     6  -318.0  -17.639  -73.433   7008.1    430.8
     1     1    11     5     4     9     0     9  -319.0  -17.477  -73.766   7015.9    430.3
     1     1    11     5     4     8     0     8  -320.0  -17.339  -74.083   7034.6    429.1
     1     1    11     5     4     7     0     7  -321.0  -17.197  -74.389   7057.9    427.8
     1     1    11     5     4     6     0     6  -322.0  -17.050  -74.687   7083.5    426.5
     1     1    11     5     4     5     0     5  -323.0  -16.901  -74.980   7107.2    425.1
     1     1    11     5     4     4     0     4  -324.0  -16.753  -75.267   7123.7    424.3
     1     1    11     5     4     3     0     3  -325.0  -16.607  -75.540   7129.1    424.2
     1     1    11     5     4     2     0     2  -326.0  -16.464  -75.799   7131.3    424.5
     1     1    11     5     4     1     0     1  -327.0  -16.321  -76.049   7143.9    424.0
     1     1    11     5     4     0     0     0  -328.0  -16.178  -76.292   7175.0    422.3
     1     1    11     5     3    23     0     1  -329.0  -16.034  -76.532   7213.0    419.3
     1     1    11     5     3    22     0     2  -330.0  -15.887  -76.765   7240.6    417.7
     1     1    11     5     3    21     0     3  -331.0  -15.736  -76.990   7252.4    416.8
     1     1    11     5     3    20     0     2  -332.0  -15.584  -77.210   7259.2    417.3
     1     1    11     5     3    19     0     1  -333.0  -15.431  -77.426   7273.6    416.7
     1     1    11     5     3    18     0     0  -334.0  -15.277  -77.638   7297.8    415.6
     1     1    11     5     3    17     0     1  -335.0  -15.121  -77.851   7325.4    413.7
     1     1    11     5     3    16     0     2  -336.0  -14.966  -78.068   7341.7    412.5
