     3     1
    GDAS    11     9     1     0     0
    GDAS    11     9     8     0     0
    GDAS    11     9    15     0     0
     1 BACKWARD OMEGA   
  2011     9    17    16   -8.890  -56.890   609.6
     1 PRESSURE
     1     1    11     9    17    16     0     2     0.0   -8.890  -56.890    609.6    923.0
     1     1    11     9    17    15     0     3    -1.0   -8.853  -56.745    621.3    922.0
     1     1    11     9    17    14     0     2    -2.0   -8.817  -56.598    644.7    915.7
     1     1    11     9    17    13     0     1    -3.0   -8.787  -56.456    661.9    911.8
     1     1    11     9    17    12     0     0    -4.0   -8.757  -56.310    669.2    908.9
     1     1    11     9    17    11     0     1    -5.0   -8.722  -56.162    663.1    906.9
     1     1    11     9    17    10     0     2    -6.0   -8.687  -56.024    646.6    906.8
     1     1    11     9    17     9     0     3    -7.0   -8.663  -55.892    621.5    907.0
     1     1    11     9    17     8     0     2    -8.0   -8.642  -55.755    584.7    908.7
     1     1    11     9    17     7     0     1    -9.0   -8.617  -55.611    537.7    911.8
     1     1    11     9    17     6     0     0   -10.0   -8.589  -55.460    484.0    915.9
     1     1    11     9    17     5     0     1   -11.0   -8.557  -55.298    432.7    921.2
     1     1    11     9    17     4     0     2   -12.0   -8.521  -55.120    389.3    924.1
     1     1    11     9    17     3     0     3   -13.0   -8.487  -54.931    353.4    927.4
     1     1    11     9    17     2     0     2   -14.0   -8.462  -54.741    320.4    930.6
     1     1    11     9    17     1     0     1   -15.0   -8.446  -54.560    286.0    934.6
     1     1    11     9    17     0     0     0   -16.0   -8.439  -54.399    251.4    938.6
     1     1    11     9    16    23     0     1   -17.0   -8.436  -54.259    219.4    941.5
     1     1    11     9    16    22     0     2   -18.0   -8.433  -54.135    192.4    943.9
     1     1    11     9    16    21     0     3   -19.0   -8.424  -54.022    171.2    945.7
     1     1    11     9    16    20     0     2   -20.0   -8.411  -53.909    152.5    948.3
     1     1    11     9    16    19     0     1   -21.0   -8.393  -53.790    133.4    951.5
     1     1    11     9    16    18     0     0   -22.0   -8.368  -53.671    115.4    954.2
     1     1    11     9    16    17     0     1   -23.0   -8.339  -53.550    100.5    957.6
     1     1    11     9    16    16     0     2   -24.0   -8.307  -53.425     89.5    960.8
     1     1    11     9    16    15     0     3   -25.0   -8.273  -53.294     82.1    963.9
     1     1    11     9    16    14     0     2   -26.0   -8.241  -53.167     77.5    965.8
     1     1    11     9    16    13     0     1   -27.0   -8.219  -53.054     74.8    967.5
     1     1    11     9    16    12     0     0   -28.0   -8.208  -52.952     74.0    968.5
     1     1    11     9    16    11     0     1   -29.0   -8.201  -52.852     74.9    967.9
     1     1    11     9    16    10     0     2   -30.0   -8.194  -52.750     77.1    967.0
     1     1    11     9    16     9     0     3   -31.0   -8.186  -52.648     79.9    966.0
     1     1    11     9    16     8     0     2   -32.0   -8.179  -52.541     82.1    965.5
     1     1    11     9    16     7     0     1   -33.0   -8.176  -52.422     83.3    965.2
     1     1    11     9    16     6     0     0   -34.0   -8.175  -52.292     84.7    964.9
     1     1    11     9    16     5     0     1   -35.0   -8.177  -52.153     86.8    965.3
     1     1    11     9    16     4     0     2   -36.0   -8.181  -52.005     89.7    965.8
     1     1    11     9    16     3     0     3   -37.0   -8.188  -51.851     93.5    965.6
     1     1    11     9    16     2     0     2   -38.0   -8.199  -51.698    100.1    964.3
     1     1    11     9    16     1     0     1   -39.0   -8.216  -51.543    110.9    962.1
     1     1    11     9    16     0     0     0   -40.0   -8.241  -51.388    123.5    959.8
     1     1    11     9    15    23     0     1   -41.0   -8.270  -51.238    134.9    957.3
     1     1    11     9    15    22     0     2   -42.0   -8.298  -51.096    143.6    955.1
     1     1    11     9    15    21     0     3   -43.0   -8.324  -50.963    150.3    953.6
     1     1    11     9    15    20     0     2   -44.0   -8.346  -50.831    153.4    954.3
     1     1    11     9    15    19     0     1   -45.0   -8.363  -50.697    150.2    956.1
     1     1    11     9    15    18     0     0   -46.0   -8.375  -50.566    139.5    958.9
     1     1    11     9    15    17     0     1   -47.0   -8.378  -50.433    122.3    963.5
     1     1    11     9    15    16     0     2   -48.0   -8.365  -50.293    101.1    968.4
     1     1    11     9    15    15     0     3   -49.0   -8.337  -50.147     76.9    973.8
     1     1    11     9    15    14     0     2   -50.0   -8.298  -50.008     51.5    978.4
     1     1    11     9    15    13     0     1   -51.0   -8.256  -49.886     33.5    980.9
     1     1    11     9    15    12     0     0   -52.0   -8.212  -49.775     23.9    982.3
     1     1    11     9    15    11     0     1   -53.0   -8.173  -49.674     19.7    982.7
     1     1    11     9    15    10     0     2   -54.0   -8.144  -49.582     19.4    982.8
     1     1    11     9    15     9     0     3   -55.0   -8.126  -49.495     22.5    982.3
     1     1    11     9    15     8     0     2   -56.0   -8.112  -49.404     27.5    982.0
     1     1    11     9    15     7     0     1   -57.0   -8.096  -49.307     32.7    982.3
     1     1    11     9    15     6     0     0   -58.0   -8.080  -49.202     39.4    982.7
     1     1    11     9    15     5     0     1   -59.0   -8.063  -49.088     50.1    983.3
     1     1    11     9    15     4     0     2   -60.0   -8.044  -48.959     67.3    982.7
     1     1    11     9    15     3     0     3   -61.0   -8.023  -48.810     91.1    980.5
     1     1    11     9    15     2     0     2   -62.0   -7.999  -48.650    117.9    978.0
     1     1    11     9    15     1     0     1   -63.0   -7.973  -48.489    143.1    975.4
     1     1    11     9    15     0     0     0   -64.0   -7.948  -48.331    161.0    973.0
     1     1    11     9    14    23     0     1   -65.0   -7.933  -48.178    172.9    972.0
     1     1    11     9    14    22     0     2   -66.0   -7.927  -48.041    182.3    970.8
     1     1    11     9    14    21     0     3   -67.0   -7.925  -47.930    193.5    968.6
     1     1    11     9    14    20     0     2   -68.0   -7.940  -47.827    208.3    965.7
     1     1    11     9    14    19     0     1   -69.0   -7.981  -47.711    227.4    962.7
     1     1    11     9    14    18     0     0   -70.0   -8.047  -47.586    253.4    958.3
     1     1    11     9    14    17     0     1   -71.0   -8.116  -47.446    287.5    952.5
     1     1    11     9    14    16     0     2   -72.0   -8.169  -47.283    328.2    945.2
     1     1    11     9    14    15     0     3   -73.0   -8.210  -47.097    371.9    937.2
     1     1    11     9    14    14     0     2   -74.0   -8.250  -46.873    423.0    930.3
     1     1    11     9    14    13     0     1   -75.0   -8.295  -46.604    472.5    922.8
     1     1    11     9    14    12     0     0   -76.0   -8.345  -46.301    494.7    919.0
     1     1    11     9    14    11     0     1   -77.0   -8.404  -45.980    462.1    920.6
     1     1    11     9    14    10     0     2   -78.0   -8.475  -45.640    402.4    928.4
     1     1    11     9    14     9     0     3   -79.0   -8.562  -45.271    364.9    929.3
     1     1    11     9    14     8     0     2   -80.0   -8.669  -44.880    362.4    927.9
     1     1    11     9    14     7     0     1   -81.0   -8.795  -44.469    390.1    929.8
     1     1    11     9    14     6     0     0   -82.0   -8.931  -44.030    459.3    932.6
     1     1    11     9    14     5     0     1   -83.0   -9.065  -43.605    546.3    909.0
     1     1    11     9    14     4     0     2   -84.0   -9.200  -43.197    601.4    893.1
     1     1    11     9    14     3     0     3   -85.0   -9.339  -42.785    631.2    892.4
     1     1    11     9    14     2     0     2   -86.0   -9.485  -42.385    668.3    893.9
     1     1    11     9    14     1     0     1   -87.0   -9.637  -42.009    719.1    889.6
     1     1    11     9    14     0     0     0   -88.0   -9.801  -41.652    745.9    873.7
     1     1    11     9    13    23     0     1   -89.0   -9.977  -41.313    709.8    863.7
     1     1    11     9    13    22     0     2   -90.0  -10.159  -40.997    641.9    867.1
     1     1    11     9    13    21     0     3   -91.0  -10.342  -40.708    598.2    882.4
     1     1    11     9    13    20     0     2   -92.0  -10.514  -40.446    580.2    892.7
     1     1    11     9    13    19     0     1   -93.0  -10.667  -40.206    573.8    901.7
     1     1    11     9    13    18     0     0   -94.0  -10.798  -39.990    572.7    909.5
     1     1    11     9    13    17     0     1   -95.0  -10.924  -39.791    574.3    913.2
     1     1    11     9    13    16     0     2   -96.0  -11.064  -39.598    577.2    915.8
     1     1    11     9    13    15     0     3   -97.0  -11.220  -39.414    576.1    918.1
     1     1    11     9    13    14     0     2   -98.0  -11.382  -39.246    569.0    921.8
     1     1    11     9    13    13     0     1   -99.0  -11.544  -39.095    558.6    926.3
     1     1    11     9    13    12     0     0  -100.0  -11.705  -38.960    548.8    930.8
     1     1    11     9    13    11     0     1  -101.0  -11.869  -38.829    538.8    933.9
     1     1    11     9    13    10     0     2  -102.0  -12.040  -38.696    526.2    938.5
     1     1    11     9    13     9     0     3  -103.0  -12.216  -38.564    509.3    943.8
     1     1    11     9    13     8     0     2  -104.0  -12.384  -38.431    485.7    950.1
     1     1    11     9    13     7     0     1  -105.0  -12.535  -38.293    456.8    957.0
     1     1    11     9    13     6     0     0  -106.0  -12.669  -38.147    424.7    964.1
     1     1    11     9    13     5     0     1  -107.0  -12.797  -37.995    394.5    971.0
     1     1    11     9    13     4     0     2  -108.0  -12.932  -37.836    370.1    975.4
     1     1    11     9    13     3     0     3  -109.0  -13.079  -37.667    350.9    978.2
     1     1    11     9    13     2     0     2  -110.0  -13.236  -37.491    339.6    980.1
     1     1    11     9    13     1     0     1  -111.0  -13.397  -37.313    338.6    980.4
     1     1    11     9    13     0     0     0  -112.0  -13.563  -37.135    345.8    979.7
     1     1    11     9    12    23     0     1  -113.0  -13.732  -36.958    355.3    977.6
     1     1    11     9    12    22     0     2  -114.0  -13.899  -36.779    361.5    976.3
     1     1    11     9    12    21     0     3  -115.0  -14.064  -36.599    363.7    975.6
     1     1    11     9    12    20     0     2  -116.0  -14.217  -36.419    364.5    975.9
     1     1    11     9    12    19     0     1  -117.0  -14.342  -36.238    365.9    975.8
     1     1    11     9    12    18     0     0  -118.0  -14.438  -36.055    366.8    975.8
     1     1    11     9    12    17     0     1  -119.0  -14.515  -35.871    366.8    976.1
     1     1    11     9    12    16     0     2  -120.0  -14.587  -35.688    366.6    976.5
     1     1    11     9    12    15     0     3  -121.0  -14.653  -35.501    366.7    976.8
     1     1    11     9    12    14     0     2  -122.0  -14.717  -35.307    369.4    977.0
     1     1    11     9    12    13     0     1  -123.0  -14.782  -35.103    376.2    976.4
     1     1    11     9    12    12     0     0  -124.0  -14.847  -34.891    385.0    975.6
     1     1    11     9    12    11     0     1  -125.0  -14.913  -34.674    394.4    974.1
     1     1    11     9    12    10     0     2  -126.0  -14.982  -34.453    403.8    972.7
     1     1    11     9    12     9     0     3  -127.0  -15.057  -34.224    412.5    971.3
     1     1    11     9    12     8     0     2  -128.0  -15.136  -34.000    421.4    970.4
     1     1    11     9    12     7     0     1  -129.0  -15.219  -33.796    430.8    969.4
     1     1    11     9    12     6     0     0  -130.0  -15.303  -33.613    438.5    968.1
     1     1    11     9    12     5     0     1  -131.0  -15.392  -33.438    443.7    968.2
     1     1    11     9    12     4     0     2  -132.0  -15.482  -33.260    447.4    968.4
     1     1    11     9    12     3     0     3  -133.0  -15.573  -33.081    450.2    968.6
     1     1    11     9    12     2     0     2  -134.0  -15.654  -32.898    453.3    968.6
     1     1    11     9    12     1     0     1  -135.0  -15.716  -32.708    458.4    968.3
     1     1    11     9    12     0     0     0  -136.0  -15.760  -32.510    466.7    967.6
     1     1    11     9    11    23     0     1  -137.0  -15.791  -32.302    477.0    965.6
     1     1    11     9    11    22     0     2  -138.0  -15.813  -32.084    487.1    963.7
     1     1    11     9    11    21     0     3  -139.0  -15.830  -31.857    496.7    962.1
     1     1    11     9    11    20     0     2  -140.0  -15.854  -31.627    506.8    961.1
     1     1    11     9    11    19     0     1  -141.0  -15.895  -31.399    518.7    959.8
     1     1    11     9    11    18     0     0  -142.0  -15.954  -31.170    534.6    958.2
     1     1    11     9    11    17     0     1  -143.0  -16.017  -30.940    549.9    956.0
     1     1    11     9    11    16     0     2  -144.0  -16.072  -30.706    556.4    955.2
     1     1    11     9    11    15     0     3  -145.0  -16.114  -30.466    554.1    955.7
     1     1    11     9    11    14     0     2  -146.0  -16.149  -30.220    549.8    957.2
     1     1    11     9    11    13     0     1  -147.0  -16.181  -29.961    548.8    957.8
     1     1    11     9    11    12     0     0  -148.0  -16.214  -29.690    553.0    958.0
     1     1    11     9    11    11     0     1  -149.0  -16.254  -29.413    564.8    956.4
     1     1    11     9    11    10     0     2  -150.0  -16.306  -29.133    585.0    953.9
     1     1    11     9    11     9     0     3  -151.0  -16.371  -28.848    611.4    950.6
     1     1    11     9    11     8     0     2  -152.0  -16.442  -28.564    636.4    947.4
     1     1    11     9    11     7     0     1  -153.0  -16.516  -28.287    657.1    945.2
     1     1    11     9    11     6     0     0  -154.0  -16.597  -28.018    678.4    943.0
     1     1    11     9    11     5     0     1  -155.0  -16.677  -27.754    699.7    940.3
     1     1    11     9    11     4     0     2  -156.0  -16.747  -27.492    716.2    938.3
     1     1    11     9    11     3     0     3  -157.0  -16.805  -27.233    724.7    937.3
     1     1    11     9    11     2     0     2  -158.0  -16.847  -26.970    726.9    937.6
     1     1    11     9    11     1     0     1  -159.0  -16.872  -26.691    727.2    938.0
     1     1    11     9    11     0     0     0  -160.0  -16.882  -26.391    728.7    938.2
     1     1    11     9    10    23     0     1  -161.0  -16.885  -26.078    734.4    937.3
     1     1    11     9    10    22     0     2  -162.0  -16.888  -25.757    745.0    935.5
     1     1    11     9    10    21     0     3  -163.0  -16.892  -25.429    755.8    933.4
     1     1    11     9    10    20     0     2  -164.0  -16.903  -25.093    765.6    932.6
     1     1    11     9    10    19     0     1  -165.0  -16.929  -24.752    779.8    931.3
     1     1    11     9    10    18     0     0  -166.0  -16.968  -24.410    800.8    928.9
     1     1    11     9    10    17     0     1  -167.0  -17.014  -24.070    823.3    926.2
     1     1    11     9    10    16     0     2  -168.0  -17.061  -23.729    844.6    924.3
     1     1    11     9    10    15     0     3  -169.0  -17.109  -23.385    867.9    922.0
     1     1    11     9    10    14     0     2  -170.0  -17.159  -23.039    892.0    919.5
     1     1    11     9    10    13     0     1  -171.0  -17.213  -22.691    915.3    917.3
     1     1    11     9    10    12     0     0  -172.0  -17.272  -22.339    938.3    915.2
     1     1    11     9    10    11     0     1  -173.0  -17.333  -21.989    961.3    912.2
     1     1    11     9    10    10     0     2  -174.0  -17.389  -21.649    983.3    909.3
     1     1    11     9    10     9     0     3  -175.0  -17.441  -21.320   1003.2    906.7
     1     1    11     9    10     8     0     2  -176.0  -17.487  -20.990   1017.9    904.5
     1     1    11     9    10     7     0     1  -177.0  -17.522  -20.649   1024.2    903.5
     1     1    11     9    10     6     0     0  -178.0  -17.549  -20.294   1022.5    903.3
     1     1    11     9    10     5     0     1  -179.0  -17.568  -19.929   1018.6    904.4
     1     1    11     9    10     4     0     2  -180.0  -17.583  -19.561   1018.3    904.5
     1     1    11     9    10     3     0     3  -181.0  -17.596  -19.193   1020.2    904.2
     1     1    11     9    10     2     0     2  -182.0  -17.612  -18.823   1023.9    904.4
     1     1    11     9    10     1     0     1  -183.0  -17.639  -18.446   1031.8    904.1
     1     1    11     9    10     0     0     0  -184.0  -17.676  -18.066   1045.9    903.1
     1     1    11     9     9    23     0     1  -185.0  -17.724  -17.686   1063.4    900.8
     1     1    11     9     9    22     0     2  -186.0  -17.787  -17.310   1080.6    898.8
     1     1    11     9     9    21     0     3  -187.0  -17.862  -16.938   1096.3    896.9
     1     1    11     9     9    20     0     2  -188.0  -17.936  -16.568   1109.4    895.2
     1     1    11     9     9    19     0     1  -189.0  -18.000  -16.198   1119.8    893.8
     1     1    11     9     9    18     0     0  -190.0  -18.057  -15.828   1128.0    892.7
     1     1    11     9     9    17     0     1  -191.0  -18.109  -15.450   1139.3    892.0
     1     1    11     9     9    16     0     2  -192.0  -18.160  -15.060   1158.5    890.1
     1     1    11     9     9    15     0     3  -193.0  -18.209  -14.663   1185.9    887.2
     1     1    11     9     9    14     0     2  -194.0  -18.265  -14.264   1219.8    883.8
     1     1    11     9     9    13     0     1  -195.0  -18.334  -13.868   1257.7    880.3
     1     1    11     9     9    12     0     0  -196.0  -18.417  -13.475   1297.3    876.4
     1     1    11     9     9    11     0     1  -197.0  -18.511  -13.084   1332.1    872.3
     1     1    11     9     9    10     0     2  -198.0  -18.614  -12.695   1360.7    869.6
     1     1    11     9     9     9     0     3  -199.0  -18.724  -12.305   1386.2    866.9
     1     1    11     9     9     8     0     2  -200.0  -18.842  -11.915   1408.6    864.2
     1     1    11     9     9     7     0     1  -201.0  -18.970  -11.529   1426.8    861.9
     1     1    11     9     9     6     0     0  -202.0  -19.114  -11.151   1442.0    860.1
     1     1    11     9     9     5     0     1  -203.0  -19.270  -10.785   1456.5    858.9
     1     1    11     9     9     4     0     2  -204.0  -19.429  -10.438   1469.9    857.8
     1     1    11     9     9     3     0     3  -205.0  -19.591  -10.110   1482.3    856.9
     1     1    11     9     9     2     0     2  -206.0  -19.758   -9.800   1496.4    855.9
     1     1    11     9     9     1     0     1  -207.0  -19.931   -9.505   1512.8    854.3
     1     1    11     9     9     0     0     0  -208.0  -20.110   -9.229   1531.6    852.7
     1     1    11     9     8    23     0     1  -209.0  -20.294   -8.972   1551.7    850.5
     1     1    11     9     8    22     0     2  -210.0  -20.482   -8.731   1572.4    848.6
     1     1    11     9     8    21     0     3  -211.0  -20.675   -8.505   1596.9    846.5
     1     1    11     9     8    20     0     2  -212.0  -20.864   -8.296   1626.5    843.0
     1     1    11     9     8    19     0     1  -213.0  -21.043   -8.105   1659.4    839.2
     1     1    11     9     8    18     0     0  -214.0  -21.210   -7.935   1693.6    835.3
     1     1    11     9     8    17     0     1  -215.0  -21.367   -7.785   1727.5    832.0
     1     1    11     9     8    16     0     2  -216.0  -21.515   -7.648   1761.0    828.8
     1     1    11     9     8    15     0     3  -217.0  -21.652   -7.524   1794.5    825.6
     1     1    11     9     8    14     0     2  -218.0  -21.784   -7.410   1823.9    822.4
     1     1    11     9     8    13     0     1  -219.0  -21.919   -7.307   1843.8    820.5
     1     1    11     9     8    12     0     0  -220.0  -22.057   -7.212   1852.9    819.6
     1     1    11     9     8    11     0     1  -221.0  -22.195   -7.134   1856.1    819.9
     1     1    11     9     8    10     0     2  -222.0  -22.333   -7.081   1858.6    819.7
     1     1    11     9     8     9     0     3  -223.0  -22.471   -7.052   1859.8    819.6
     1     1    11     9     8     8     0     2  -224.0  -22.608   -7.037   1863.6    819.2
     1     1    11     9     8     7     0     1  -225.0  -22.739   -7.028   1873.9    817.6
     1     1    11     9     8     6     0     0  -226.0  -22.866   -7.025   1889.6    815.5
     1     1    11     9     8     5     0     1  -227.0  -22.993   -7.023   1910.2    813.7
     1     1    11     9     8     4     0     2  -228.0  -23.123   -7.019   1936.5    811.3
     1     1    11     9     8     3     0     3  -229.0  -23.256   -7.016   1969.7    808.3
     1     1    11     9     8     2     0     2  -230.0  -23.393   -7.020   2000.8    804.4
     1     1    11     9     8     1     0     1  -231.0  -23.537   -7.032   2021.0    802.5
     1     1    11     9     8     0     0     0  -232.0  -23.684   -7.053   2030.6    801.6
     1     1    11     9     7    23     0     1  -233.0  -23.828   -7.081   2037.8    801.6
     1     1    11     9     7    22     0     2  -234.0  -23.962   -7.118   2051.4    800.3
     1     1    11     9     7    21     0     3  -235.0  -24.085   -7.160   2070.6    798.3
     1     1    11     9     7    20     0     2  -236.0  -24.205   -7.213   2092.1    795.5
     1     1    11     9     7    19     0     1  -237.0  -24.332   -7.284   2113.3    793.0
     1     1    11     9     7    18     0     0  -238.0  -24.470   -7.372   2136.6    790.4
     1     1    11     9     7    17     0     1  -239.0  -24.629   -7.473   2165.1    787.5
     1     1    11     9     7    16     0     2  -240.0  -24.820   -7.581   2201.2    783.7
     1     1    11     9     7    15     0     3  -241.0  -25.042   -7.700   2245.8    779.2
     1     1    11     9     7    14     0     2  -242.0  -25.287   -7.838   2302.1    774.0
     1     1    11     9     7    13     0     1  -243.0  -25.548   -8.003   2368.3    767.3
     1     1    11     9     7    12     0     0  -244.0  -25.823   -8.191   2436.0    760.6
     1     1    11     9     7    11     0     1  -245.0  -26.113   -8.407   2499.7    754.5
     1     1    11     9     7    10     0     2  -246.0  -26.416   -8.653   2562.1    748.8
     1     1    11     9     7     9     0     3  -247.0  -26.731   -8.921   2624.8    742.7
     1     1    11     9     7     8     0     2  -248.0  -27.063   -9.208   2695.1    736.5
     1     1    11     9     7     7     0     1  -249.0  -27.423   -9.512   2781.0    727.8
     1     1    11     9     7     6     0     0  -250.0  -27.814   -9.830   2880.4    718.1
     1     1    11     9     7     5     0     1  -251.0  -28.217  -10.169   2984.5    707.8
     1     1    11     9     7     4     0     2  -252.0  -28.612  -10.529   3081.9    698.8
     1     1    11     9     7     3     0     3  -253.0  -29.001  -10.889   3167.3    690.8
     1     1    11     9     7     2     0     2  -254.0  -29.396  -11.233   3254.3    684.3
     1     1    11     9     7     1     0     1  -255.0  -29.815  -11.562   3351.1    674.6
     1     1    11     9     7     0     0     0  -256.0  -30.267  -11.867   3447.8    665.9
     1     1    11     9     6    23     0     1  -257.0  -30.751  -12.151   3538.4    657.6
     1     1    11     9     6    22     0     2  -258.0  -31.255  -12.428   3615.0    650.7
     1     1    11     9     6    21     0     3  -259.0  -31.784  -12.698   3679.5    645.4
     1     1    11     9     6    20     0     2  -260.0  -32.331  -12.963   3746.7    640.1
     1     1    11     9     6    19     0     1  -261.0  -32.884  -13.239   3821.2    632.9
     1     1    11     9     6    18     0     0  -262.0  -33.443  -13.515   3893.0    626.3
     1     1    11     9     6    17     0     1  -263.0  -34.010  -13.752   3972.4    620.7
     1     1    11     9     6    16     0     2  -264.0  -34.590  -13.924   4089.5    612.3
     1     1    11     9     6    15     0     3  -265.0  -35.187  -14.025   4260.5    598.5
     1     1    11     9     6    14     0     2  -266.0  -35.808  -14.073   4462.5    581.0
     1     1    11     9     6    13     0     1  -267.0  -36.457  -14.087   4658.3    564.7
     1     1    11     9     6    12     0     0  -268.0  -37.112  -14.076   4838.8    551.5
     1     1    11     9     6    11     0     1  -269.0  -37.755  -14.062   5026.8    538.3
     1     1    11     9     6    10     0     2  -270.0  -38.373  -14.062   5212.6    522.7
     1     1    11     9     6     9     0     3  -271.0  -38.921  -14.090   5367.1    510.9
     1     1    11     9     6     8     0     2  -272.0  -39.431  -14.129   5504.2    502.2
     1     1    11     9     6     7     0     1  -273.0  -39.939  -14.167   5636.0    492.6
     1     1    11     9     6     6     0     0  -274.0  -40.421  -14.203   5759.3    484.0
     1     1    11     9     6     5     0     1  -275.0  -40.871  -14.211   5885.8    476.1
     1     1    11     9     6     4     0     2  -276.0  -41.290  -14.175   6016.4    466.7
     1     1    11     9     6     3     0     3  -277.0  -41.673  -14.113   6130.9    458.4
     1     1    11     9     6     2     0     2  -278.0  -42.025  -14.047   6228.0    452.4
     1     1    11     9     6     1     0     1  -279.0  -42.365  -13.979   6322.5    446.8
     1     1    11     9     6     0     0     0  -280.0  -42.709  -13.902   6421.9    440.3
     1     1    11     9     5    23     0     1  -281.0  -43.048  -13.827   6525.9    433.9
     1     1    11     9     5    22     0     2  -282.0  -43.371  -13.764   6630.6    427.0
     1     1    11     9     5    21     0     3  -283.0  -43.695  -13.709   6729.7    420.7
     1     1    11     9     5    20     0     2  -284.0  -44.025  -13.656   6817.8    414.9
     1     1    11     9     5    19     0     1  -285.0  -44.335  -13.606   6893.5    410.2
     1     1    11     9     5    18     0     0  -286.0  -44.608  -13.572   6950.1    406.0
     1     1    11     9     5    17     0     1  -287.0  -44.859  -13.557   6980.9    404.0
     1     1    11     9     5    16     0     2  -288.0  -45.103  -13.559   6994.9    403.4
     1     1    11     9     5    15     0     3  -289.0  -45.329  -13.577   7004.2    402.8
     1     1    11     9     5    14     0     2  -290.0  -45.548  -13.602   7023.7    402.2
     1     1    11     9     5    13     0     1  -291.0  -45.778  -13.623   7066.9    399.7
     1     1    11     9     5    12     0     0  -292.0  -46.020  -13.634   7136.3    395.6
     1     1    11     9     5    11     0     1  -293.0  -46.272  -13.629   7219.6    389.9
     1     1    11     9     5    10     0     2  -294.0  -46.534  -13.603   7302.0    384.8
     1     1    11     9     5     9     0     3  -295.0  -46.812  -13.547   7375.5    380.1
     1     1    11     9     5     8     0     2  -296.0  -47.109  -13.484   7432.2    376.6
     1     1    11     9     5     7     0     1  -297.0  -47.419  -13.454   7481.4    374.3
     1     1    11     9     5     6     0     0  -298.0  -47.740  -13.453   7537.5    371.3
     1     1    11     9     5     5     0     1  -299.0  -48.057  -13.489   7590.0    367.6
     1     1    11     9     5     4     0     2  -300.0  -48.351  -13.574   7620.2    365.9
     1     1    11     9     5     3     0     3  -301.0  -48.635  -13.683   7629.9    365.6
     1     1    11     9     5     2     0     2  -302.0  -48.924  -13.809   7651.8    366.0
     1     1    11     9     5     1     0     1  -303.0  -49.226  -13.971   7713.1    362.6
     1     1    11     9     5     0     0     0  -304.0  -49.545  -14.162   7815.7    357.3
     1     1    11     9     4    23     0     1  -305.0  -49.863  -14.384   7928.8    349.6
     1     1    11     9     4    22     0     2  -306.0  -50.159  -14.646   8009.9    345.0
     1     1    11     9     4    21     0     3  -307.0  -50.445  -14.919   8056.3    342.7
     1     1    11     9     4    20     0     2  -308.0  -50.729  -15.198   8101.3    341.8
     1     1    11     9     4    19     0     1  -309.0  -51.021  -15.497   8177.3    337.9
     1     1    11     9     4    18     0     0  -310.0  -51.336  -15.821   8282.6    332.1
     1     1    11     9     4    17     0     1  -311.0  -51.677  -16.181   8386.7    325.3
     1     1    11     9     4    16     0     2  -312.0  -52.045  -16.587   8469.8    321.2
     1     1    11     9     4    15     0     3  -313.0  -52.443  -17.032   8543.8    317.6
     1     1    11     9     4    14     0     2  -314.0  -52.872  -17.521   8610.6    314.3
     1     1    11     9     4    13     0     1  -315.0  -53.334  -18.073   8670.2    311.5
     1     1    11     9     4    12     0     0  -316.0  -53.823  -18.677   8736.3    308.8
     1     1    11     9     4    11     0     1  -317.0  -54.321  -19.344   8804.5    304.7
     1     1    11     9     4    10     0     2  -318.0  -54.812  -20.087   8851.4    302.1
     1     1    11     9     4     9     0     3  -319.0  -55.290  -20.895   8874.5    301.5
     1     1    11     9     4     8     0     2  -320.0  -55.750  -21.759   8894.1    300.8
     1     1    11     9     4     7     0     1  -321.0  -56.179  -22.665   8932.1    299.1
     1     1    11     9     4     6     0     0  -322.0  -56.584  -23.604   8980.8    296.7
     1     1    11     9     4     5     0     1  -323.0  -56.979  -24.573   9029.4    294.5
     1     1    11     9     4     4     0     2  -324.0  -57.364  -25.550   9089.5    291.9
     1     1    11     9     4     3     0     3  -325.0  -57.723  -26.510   9171.7    287.9
     1     1    11     9     4     2     0     2  -326.0  -58.054  -27.498   9249.2    284.1
     1     1    11     9     4     1     0     1  -327.0  -58.362  -28.542   9293.6    282.0
     1     1    11     9     4     0     0     0  -328.0  -58.632  -29.583   9297.2    282.1
     1     1    11     9     3    23     0     1  -329.0  -58.853  -30.629   9302.4    282.2
     1     1    11     9     3    22     0     2  -330.0  -59.034  -31.734   9335.4    280.6
     1     1    11     9     3    21     0     3  -331.0  -59.172  -32.880   9385.2    278.3
     1     1    11     9     3    20     0     2  -332.0  -59.280  -34.046   9449.9    275.5
     1     1    11     9     3    19     0     1  -333.0  -59.357  -35.232   9506.8    272.8
     1     1    11     9     3    18     0     0  -334.0  -59.397  -36.431   9517.8    272.2
     1     1    11     9     3    17     0     1  -335.0  -59.387  -37.640   9494.4    273.5
     1     1    11     9     3    16     0     2  -336.0  -59.318  -38.847   9481.7    273.8
