     3     1
    GDAS    11     9     1     0     0
    GDAS    11     9     8     0     0
    GDAS    11     9    15     0     0
     1 BACKWARD OMEGA   
  2011     9    17    16   -8.820  -56.770  3962.4
     1 PRESSURE
     1     1    11     9    17    16     0     2     0.0   -8.820  -56.770   3962.4    618.7
     1     1    11     9    17    15     0     3    -1.0   -8.842  -56.661   3980.8    617.2
     1     1    11     9    17    14     0     2    -2.0   -8.858  -56.560   4004.3    615.0
     1     1    11     9    17    13     0     1    -3.0   -8.867  -56.460   4035.3    611.9
     1     1    11     9    17    12     0     0    -4.0   -8.868  -56.364   4073.7    608.2
     1     1    11     9    17    11     0     1    -5.0   -8.863  -56.275   4112.8    603.7
     1     1    11     9    17    10     0     2    -6.0   -8.852  -56.191   4147.0    600.2
     1     1    11     9    17     9     0     3    -7.0   -8.831  -56.113   4178.0    596.8
     1     1    11     9    17     8     0     2    -8.0   -8.806  -56.035   4210.5    594.0
     1     1    11     9    17     7     0     1    -9.0   -8.782  -55.953   4248.0    590.3
     1     1    11     9    17     6     0     0   -10.0   -8.760  -55.866   4288.9    586.2
     1     1    11     9    17     5     0     1   -11.0   -8.735  -55.775   4321.2    582.3
     1     1    11     9    17     4     0     2   -12.0   -8.708  -55.673   4334.3    580.5
     1     1    11     9    17     3     0     3   -13.0   -8.680  -55.559   4328.9    580.1
     1     1    11     9    17     2     0     2   -14.0   -8.649  -55.435   4327.6    580.8
     1     1    11     9    17     1     0     1   -15.0   -8.613  -55.307   4348.3    578.1
     1     1    11     9    17     0     0     0   -16.0   -8.570  -55.174   4382.9    574.6
     1     1    11     9    16    23     0     1   -17.0   -8.526  -55.035   4407.9    570.7
     1     1    11     9    16    22     0     2   -18.0   -8.488  -54.891   4406.2    570.9
     1     1    11     9    16    21     0     3   -19.0   -8.455  -54.741   4380.0    572.9
     1     1    11     9    16    20     0     2   -20.0   -8.431  -54.593   4342.7    576.8
     1     1    11     9    16    19     0     1   -21.0   -8.418  -54.453   4305.7    579.7
     1     1    11     9    16    18     0     0   -22.0   -8.418  -54.320   4267.4    582.7
     1     1    11     9    16    17     0     1   -23.0   -8.432  -54.199   4239.1    585.9
     1     1    11     9    16    16     0     2   -24.0   -8.458  -54.092   4234.5    586.7
     1     1    11     9    16    15     0     3   -25.0   -8.496  -54.001   4257.0    585.5
     1     1    11     9    16    14     0     2   -26.0   -8.538  -53.922   4298.8    581.7
     1     1    11     9    16    13     0     1   -27.0   -8.578  -53.854   4352.0    577.7
     1     1    11     9    16    12     0     0   -28.0   -8.615  -53.802   4417.5    572.7
     1     1    11     9    16    11     0     1   -29.0   -8.648  -53.766   4484.9    566.8
     1     1    11     9    16    10     0     2   -30.0   -8.676  -53.742   4542.7    562.3
     1     1    11     9    16     9     0     3   -31.0   -8.699  -53.730   4589.3    558.7
     1     1    11     9    16     8     0     2   -32.0   -8.721  -53.720   4627.6    556.2
     1     1    11     9    16     7     0     1   -33.0   -8.746  -53.709   4661.0    553.9
     1     1    11     9    16     6     0     0   -34.0   -8.775  -53.695   4690.0    551.9
     1     1    11     9    16     5     0     1   -35.0   -8.802  -53.678   4716.0    550.5
     1     1    11     9    16     4     0     2   -36.0   -8.822  -53.659   4739.7    549.3
     1     1    11     9    16     3     0     3   -37.0   -8.834  -53.636   4761.2    548.2
     1     1    11     9    16     2     0     2   -38.0   -8.835  -53.607   4773.4    546.9
     1     1    11     9    16     1     0     1   -39.0   -8.821  -53.567   4770.9    547.1
     1     1    11     9    16     0     0     0   -40.0   -8.795  -53.514   4756.0    548.3
     1     1    11     9    15    23     0     1   -41.0   -8.765  -53.451   4732.4    550.0
     1     1    11     9    15    22     0     2   -42.0   -8.740  -53.383   4700.6    552.1
     1     1    11     9    15    21     0     3   -43.0   -8.719  -53.308   4659.2    554.9
     1     1    11     9    15    20     0     2   -44.0   -8.703  -53.232   4627.7    558.7
     1     1    11     9    15    19     0     1   -45.0   -8.690  -53.166   4624.4    559.1
     1     1    11     9    15    18     0     0   -46.0   -8.680  -53.114   4646.9    557.6
     1     1    11     9    15    17     0     1   -47.0   -8.673  -53.079   4670.0    554.8
     1     1    11     9    15    16     0     2   -48.0   -8.669  -53.056   4673.2    555.0
     1     1    11     9    15    15     0     3   -49.0   -8.670  -53.042   4657.1    556.5
     1     1    11     9    15    14     0     2   -50.0   -8.675  -53.028   4658.3    558.7
     1     1    11     9    15    13     0     1   -51.0   -8.681  -53.015   4716.2    554.5
     1     1    11     9    15    12     0     0   -52.0   -8.687  -53.011   4835.3    546.1
     1     1    11     9    15    11     0     1   -53.0   -8.697  -53.030   4966.0    533.4
     1     1    11     9    15    10     0     2   -54.0   -8.715  -53.074   5065.0    526.6
     1     1    11     9    15     9     0     3   -55.0   -8.745  -53.139   5140.3    521.2
     1     1    11     9    15     8     0     2   -56.0   -8.778  -53.205   5207.1    517.3
     1     1    11     9    15     7     0     1   -57.0   -8.807  -53.261   5275.6    512.4
     1     1    11     9    15     6     0     0   -58.0   -8.839  -53.312   5340.2    507.9
     1     1    11     9    15     5     0     1   -59.0   -8.871  -53.355   5402.4    504.3
     1     1    11     9    15     4     0     2   -60.0   -8.898  -53.385   5467.3    500.6
     1     1    11     9    15     3     0     3   -61.0   -8.916  -53.401   5535.0    496.5
     1     1    11     9    15     2     0     2   -62.0   -8.922  -53.409   5588.0    492.1
     1     1    11     9    15     1     0     1   -63.0   -8.917  -53.418   5611.6    490.6
     1     1    11     9    15     0     0     0   -64.0   -8.906  -53.427   5607.2    491.0
     1     1    11     9    14    23     0     1   -65.0   -8.893  -53.435   5583.4    492.8
     1     1    11     9    14    22     0     2   -66.0   -8.883  -53.442   5548.2    494.9
     1     1    11     9    14    21     0     3   -67.0   -8.877  -53.446   5502.0    497.6
     1     1    11     9    14    20     0     2   -68.0   -8.877  -53.451   5471.2    501.3
     1     1    11     9    14    19     0     1   -69.0   -8.879  -53.465   5479.2    500.8
     1     1    11     9    14    18     0     0   -70.0   -8.880  -53.493   5525.1    497.9
     1     1    11     9    14    17     0     1   -71.0   -8.876  -53.526   5587.0    493.0
     1     1    11     9    14    16     0     2   -72.0   -8.866  -53.556   5645.5    489.8
     1     1    11     9    14    15     0     3   -73.0   -8.852  -53.580   5704.2    486.6
     1     1    11     9    14    14     0     2   -74.0   -8.834  -53.603   5750.8    482.8
     1     1    11     9    14    13     0     1   -75.0   -8.815  -53.630   5768.8    481.6
     1     1    11     9    14    12     0     0   -76.0   -8.799  -53.659   5756.8    482.3
     1     1    11     9    14    11     0     1   -77.0   -8.786  -53.688   5745.1    484.7
     1     1    11     9    14    10     0     2   -78.0   -8.766  -53.717   5764.9    483.1
     1     1    11     9    14     9     0     3   -79.0   -8.734  -53.746   5815.1    479.7
     1     1    11     9    14     8     0     2   -80.0   -8.691  -53.775   5869.6    474.8
     1     1    11     9    14     7     0     1   -81.0   -8.643  -53.806   5903.0    472.8
     1     1    11     9    14     6     0     0   -82.0   -8.591  -53.839   5912.7    472.1
     1     1    11     9    14     5     0     1   -83.0   -8.545  -53.866   5931.3    473.5
     1     1    11     9    14     4     0     2   -84.0   -8.505  -53.874   5995.4    470.0
     1     1    11     9    14     3     0     3   -85.0   -8.470  -53.861   6110.9    463.6
     1     1    11     9    14     2     0     2   -86.0   -8.441  -53.827   6225.5    453.6
     1     1    11     9    14     1     0     1   -87.0   -8.429  -53.781   6284.2    450.3
     1     1    11     9    14     0     0     0   -88.0   -8.438  -53.727   6288.3    450.3
     1     1    11     9    13    23     0     1   -89.0   -8.461  -53.672   6252.2    453.1
     1     1    11     9    13    22     0     2   -90.0   -8.490  -53.619   6192.2    456.5
     1     1    11     9    13    21     0     3   -91.0   -8.521  -53.567   6111.0    461.2
     1     1    11     9    13    20     0     2   -92.0   -8.537  -53.518   6019.6    467.4
     1     1    11     9    13    19     0     1   -93.0   -8.525  -53.472   5926.7    473.2
     1     1    11     9    13    18     0     0   -94.0   -8.480  -53.430   5833.7    479.3
     1     1    11     9    13    17     0     1   -95.0   -8.404  -53.394   5768.8    485.6
     1     1    11     9    13    16     0     2   -96.0   -8.303  -53.366   5756.0    487.1
     1     1    11     9    13    15     0     3   -97.0   -8.179  -53.344   5795.2    485.6
     1     1    11     9    13    14     0     2   -98.0   -8.048  -53.312   5853.4    480.5
     1     1    11     9    13    13     0     1   -99.0   -7.925  -53.259   5888.1    478.5
     1     1    11     9    13    12     0     0  -100.0   -7.810  -53.184   5891.4    478.3
     1     1    11     9    13    11     0     1  -101.0   -7.716  -53.097   5875.2    479.9
     1     1    11     9    13    10     0     2  -102.0   -7.656  -53.009   5855.7    480.8
     1     1    11     9    13     9     0     3  -103.0   -7.629  -52.920   5833.5    481.6
     1     1    11     9    13     8     0     2  -104.0   -7.614  -52.829   5811.3    483.4
     1     1    11     9    13     7     0     1  -105.0   -7.593  -52.737   5791.5    484.8
     1     1    11     9    13     6     0     0  -106.0   -7.570  -52.646   5778.7    485.8
     1     1    11     9    13     5     0     1  -107.0   -7.558  -52.553   5776.2    486.5
     1     1    11     9    13     4     0     2  -108.0   -7.567  -52.455   5785.7    486.4
     1     1    11     9    13     3     0     3  -109.0   -7.595  -52.354   5806.3    485.5
     1     1    11     9    13     2     0     2  -110.0   -7.630  -52.252   5831.0    483.8
     1     1    11     9    13     1     0     1  -111.0   -7.660  -52.149   5854.4    482.5
     1     1    11     9    13     0     0     0  -112.0   -7.684  -52.048   5878.0    481.2
     1     1    11     9    12    23     0     1  -113.0   -7.703  -51.941   5901.2    479.4
     1     1    11     9    12    22     0     2  -114.0   -7.719  -51.824   5922.0    477.8
     1     1    11     9    12    21     0     3  -115.0   -7.731  -51.696   5939.4    476.4
     1     1    11     9    12    20     0     2  -116.0   -7.740  -51.558   5939.8    475.7
     1     1    11     9    12    19     0     1  -117.0   -7.745  -51.413   5911.6    477.6
     1     1    11     9    12    18     0     0  -118.0   -7.745  -51.259   5857.6    481.2
     1     1    11     9    12    17     0     1  -119.0   -7.738  -51.092   5807.6    486.3
     1     1    11     9    12    16     0     2  -120.0   -7.730  -50.903   5790.7    487.7
     1     1    11     9    12    15     0     3  -121.0   -7.721  -50.693   5805.9    487.1
     1     1    11     9    12    14     0     2  -122.0   -7.714  -50.469   5841.1    484.5
     1     1    11     9    12    13     0     1  -123.0   -7.707  -50.243   5884.3    481.7
     1     1    11     9    12    12     0     0  -124.0   -7.703  -50.015   5929.5    478.9
     1     1    11     9    12    11     0     1  -125.0   -7.695  -49.787   5968.0    476.7
     1     1    11     9    12    10     0     2  -126.0   -7.678  -49.558   5990.1    476.3
     1     1    11     9    12     9     0     3  -127.0   -7.654  -49.329   6000.5    476.6
     1     1    11     9    12     8     0     2  -128.0   -7.629  -49.099   6020.4    477.7
     1     1    11     9    12     7     0     1  -129.0   -7.608  -48.861   6066.5    475.5
     1     1    11     9    12     6     0     0  -130.0   -7.588  -48.613   6137.8    471.4
     1     1    11     9    12     5     0     1  -131.0   -7.574  -48.355   6209.0    466.1
     1     1    11     9    12     4     0     2  -132.0   -7.573  -48.090   6254.8    464.1
     1     1    11     9    12     3     0     3  -133.0   -7.587  -47.821   6266.1    462.5
     1     1    11     9    12     2     0     2  -134.0   -7.608  -47.557   6265.9    462.4
     1     1    11     9    12     1     0     1  -135.0   -7.631  -47.301   6281.6    459.9
     1     1    11     9    12     0     0     0  -136.0   -7.656  -47.052   6311.8    456.5
     1     1    11     9    11    23     0     1  -137.0   -7.681  -46.803   6340.4    452.6
     1     1    11     9    11    22     0     2  -138.0   -7.705  -46.546   6348.8    451.2
     1     1    11     9    11    21     0     3  -139.0   -7.726  -46.277   6340.4    450.7
     1     1    11     9    11    20     0     2  -140.0   -7.746  -45.986   6328.1    451.1
     1     1    11     9    11    19     0     1  -141.0   -7.760  -45.674   6323.3    451.4
     1     1    11     9    11    18     0     0  -142.0   -7.768  -45.348   6317.2    452.0
     1     1    11     9    11    17     0     1  -143.0   -7.776  -45.018   6302.4    453.0
     1     1    11     9    11    16     0     2  -144.0   -7.790  -44.694   6279.9    455.5
     1     1    11     9    11    15     0     3  -145.0   -7.809  -44.367   6256.6    457.7
     1     1    11     9    11    14     0     2  -146.0   -7.832  -44.034   6255.8    459.6
     1     1    11     9    11    13     0     1  -147.0   -7.863  -43.695   6293.3    457.2
     1     1    11     9    11    12     0     0  -148.0   -7.907  -43.346   6366.7    452.8
     1     1    11     9    11    11     0     1  -149.0   -7.964  -42.994   6443.6    445.8
     1     1    11     9    11    10     0     2  -150.0   -8.031  -42.657   6490.0    442.0
     1     1    11     9    11     9     0     3  -151.0   -8.112  -42.339   6505.3    440.4
     1     1    11     9    11     8     0     2  -152.0   -8.194  -42.033   6505.3    441.4
     1     1    11     9    11     7     0     1  -153.0   -8.266  -41.727   6494.3    440.3
     1     1    11     9    11     6     0     0  -154.0   -8.328  -41.417   6481.1    438.9
     1     1    11     9    11     5     0     1  -155.0   -8.385  -41.096   6471.0    438.3
     1     1    11     9    11     4     0     2  -156.0   -8.438  -40.757   6470.0    437.7
     1     1    11     9    11     3     0     3  -157.0   -8.488  -40.401   6463.2    438.2
     1     1    11     9    11     2     0     2  -158.0   -8.534  -40.032   6452.6    439.7
     1     1    11     9    11     1     0     1  -159.0   -8.578  -39.654   6453.7    440.4
     1     1    11     9    11     0     0     0  -160.0   -8.622  -39.264   6473.8    439.8
     1     1    11     9    10    23     0     1  -161.0   -8.667  -38.865   6496.4    437.3
     1     1    11     9    10    22     0     2  -162.0   -8.706  -38.462   6508.5    435.1
     1     1    11     9    10    21     0     3  -163.0   -8.741  -38.065   6521.2    432.7
     1     1    11     9    10    20     0     2  -164.0   -8.774  -37.669   6542.6    431.4
     1     1    11     9    10    19     0     1  -165.0   -8.808  -37.267   6577.2    429.5
     1     1    11     9    10    18     0     0  -166.0   -8.842  -36.855   6634.8    426.9
     1     1    11     9    10    17     0     1  -167.0   -8.889  -36.429   6701.0    423.6
     1     1    11     9    10    16     0     2  -168.0   -8.954  -35.993   6757.5    422.4
     1     1    11     9    10    15     0     3  -169.0   -9.029  -35.552   6860.0    427.6
     1     1    11     9    10    14     0     2  -170.0   -9.101  -35.107   6943.4    432.3
     1     1    11     9    10    13     0     1  -171.0   -9.166  -34.657   6954.0    434.3
     1     1    11     9    10    12     0     0  -172.0   -9.230  -34.200   6937.5    436.1
     1     1    11     9    10    11     0     1  -173.0   -9.301  -33.744   6924.9    436.8
     1     1    11     9    10    10     0     2  -174.0   -9.386  -33.289   6917.3    436.6
     1     1    11     9    10     9     0     3  -175.0   -9.486  -32.832   6908.2    436.7
     1     1    11     9    10     8     0     2  -176.0   -9.596  -32.388   6896.0    437.5
     1     1    11     9    10     7     0     1  -177.0   -9.710  -31.969   6875.5    438.4
     1     1    11     9    10     6     0     0  -178.0   -9.825  -31.570   6847.7    440.5
     1     1    11     9    10     5     0     1  -179.0   -9.941  -31.176   6827.0    442.3
     1     1    11     9    10     4     0     2  -180.0  -10.061  -30.777   6820.1    442.9
     1     1    11     9    10     3     0     3  -181.0  -10.187  -30.371   6828.5    442.8
     1     1    11     9    10     2     0     2  -182.0  -10.323  -29.964   6853.2    441.4
     1     1    11     9    10     1     0     1  -183.0  -10.469  -29.563   6890.5    439.3
     1     1    11     9    10     0     0     0  -184.0  -10.620  -29.166   6934.5    436.8
     1     1    11     9     9    23     0     1  -185.0  -10.778  -28.780   6987.9    433.9
     1     1    11     9     9    22     0     2  -186.0  -10.944  -28.413   7054.7    429.8
     1     1    11     9     9    21     0     3  -187.0  -11.118  -28.066   7126.5    425.3
     1     1    11     9     9    20     0     2  -188.0  -11.297  -27.744   7182.1    421.5
     1     1    11     9     9    19     0     1  -189.0  -11.482  -27.454   7212.7    420.2
     1     1    11     9     9    18     0     0  -190.0  -11.671  -27.191   7231.3    419.6
     1     1    11     9     9    17     0     1  -191.0  -11.861  -26.943   7260.5    418.9
     1     1    11     9     9    16     0     2  -192.0  -12.051  -26.699   7310.3    415.8
     1     1    11     9     9    15     0     3  -193.0  -12.242  -26.462   7370.2    412.3
     1     1    11     9     9    14     0     2  -194.0  -12.431  -26.239   7421.2    408.9
     1     1    11     9     9    13     0     1  -195.0  -12.614  -26.029   7451.0    407.5
     1     1    11     9     9    12     0     0  -196.0  -12.787  -25.827   7463.2    407.1
     1     1    11     9     9    11     0     1  -197.0  -12.949  -25.637   7469.4    407.1
     1     1    11     9     9    10     0     2  -198.0  -13.101  -25.473   7478.3    406.2
     1     1    11     9     9     9     0     3  -199.0  -13.242  -25.338   7487.6    405.4
     1     1    11     9     9     8     0     2  -200.0  -13.377  -25.224   7497.0    404.8
     1     1    11     9     9     7     0     1  -201.0  -13.508  -25.123   7505.0    404.2
     1     1    11     9     9     6     0     0  -202.0  -13.633  -25.034   7509.8    403.8
     1     1    11     9     9     5     0     1  -203.0  -13.758  -24.954   7511.4    404.1
     1     1    11     9     9     4     0     2  -204.0  -13.888  -24.878   7511.3    404.4
     1     1    11     9     9     3     0     3  -205.0  -14.023  -24.806   7510.1    404.8
     1     1    11     9     9     2     0     2  -206.0  -14.155  -24.739   7523.5    405.1
     1     1    11     9     9     1     0     1  -207.0  -14.281  -24.680   7569.9    402.9
     1     1    11     9     9     0     0     0  -208.0  -14.405  -24.627   7653.7    398.7
     1     1    11     9     8    23     0     1  -209.0  -14.528  -24.586   7744.4    392.0
     1     1    11     9     8    22     0     2  -210.0  -14.652  -24.556   7807.9    388.6
     1     1    11     9     8    21     0     3  -211.0  -14.776  -24.533   7843.9    386.6
     1     1    11     9     8    20     0     2  -212.0  -14.896  -24.516   7873.3    386.1
     1     1    11     9     8    19     0     1  -213.0  -15.005  -24.510   7917.3    383.8
     1     1    11     9     8    18     0     0  -214.0  -15.105  -24.517   7976.7    380.7
     1     1    11     9     8    17     0     1  -215.0  -15.198  -24.539   8039.2    376.9
     1     1    11     9     8    16     0     2  -216.0  -15.288  -24.578   8089.8    374.2
     1     1    11     9     8    15     0     3  -217.0  -15.377  -24.632   8124.4    372.3
     1     1    11     9     8    14     0     2  -218.0  -15.465  -24.695   8156.6    371.6
     1     1    11     9     8    13     0     1  -219.0  -15.552  -24.763   8201.9    369.4
     1     1    11     9     8    12     0     0  -220.0  -15.641  -24.838   8260.4    366.6
     1     1    11     9     8    11     0     1  -221.0  -15.732  -24.924   8320.3    362.8
     1     1    11     9     8    10     0     2  -222.0  -15.825  -25.026   8369.6    360.0
     1     1    11     9     8     9     0     3  -223.0  -15.921  -25.140   8409.4    357.8
     1     1    11     9     8     8     0     2  -224.0  -16.021  -25.264   8424.5    356.2
     1     1    11     9     8     7     0     1  -225.0  -16.125  -25.389   8399.8    357.3
     1     1    11     9     8     6     0     0  -226.0  -16.231  -25.511   8337.4    360.4
     1     1    11     9     8     5     0     1  -227.0  -16.332  -25.628   8274.1    365.6
     1     1    11     9     8     4     0     2  -228.0  -16.421  -25.751   8245.0    367.2
     1     1    11     9     8     3     0     3  -229.0  -16.500  -25.886   8249.1    367.2
     1     1    11     9     8     2     0     2  -230.0  -16.569  -26.029   8281.4    365.5
     1     1    11     9     8     1     0     1  -231.0  -16.627  -26.180   8337.6    362.8
     1     1    11     9     8     0     0     0  -232.0  -16.674  -26.342   8420.1    358.9
     1     1    11     9     7    23     0     1  -233.0  -16.710  -26.524   8507.4    353.3
     1     1    11     9     7    22     0     2  -234.0  -16.739  -26.725   8573.7    349.9
     1     1    11     9     7    21     0     3  -235.0  -16.759  -26.940   8613.9    347.7
     1     1    11     9     7    20     0     2  -236.0  -16.773  -27.158   8657.0    347.1
     1     1    11     9     7    19     0     1  -237.0  -16.778  -27.375   8732.1    343.4
     1     1    11     9     7    18     0     0  -238.0  -16.771  -27.598   8835.5    338.4
     1     1    11     9     7    17     0     1  -239.0  -16.756  -27.824   8929.6    332.4
     1     1    11     9     7    16     0     2  -240.0  -16.741  -28.039   8978.7    330.1
     1     1    11     9     7    15     0     3  -241.0  -16.726  -28.233   8984.1    329.9
     1     1    11     9     7    14     0     2  -242.0  -16.720  -28.407   8981.9    331.8
     1     1    11     9     7    13     0     1  -243.0  -16.724  -28.577   9006.2    330.8
     1     1    11     9     7    12     0     0  -244.0  -16.737  -28.745   9053.9    328.7
     1     1    11     9     7    11     0     1  -245.0  -16.759  -28.922   9099.9    325.2
     1     1    11     9     7    10     0     2  -246.0  -16.793  -29.110   9121.3    323.9
     1     1    11     9     7     9     0     3  -247.0  -16.838  -29.306   9118.6    323.7
     1     1    11     9     7     8     0     2  -248.0  -16.891  -29.501   9115.0    324.8
     1     1    11     9     7     7     0     1  -249.0  -16.947  -29.698   9133.6    323.9
     1     1    11     9     7     6     0     0  -250.0  -17.007  -29.900   9176.3    321.9
     1     1    11     9     7     5     0     1  -251.0  -17.067  -30.112   9230.4    319.0
     1     1    11     9     7     4     0     2  -252.0  -17.124  -30.333   9281.3    316.8
     1     1    11     9     7     3     0     3  -253.0  -17.174  -30.563   9328.0    314.9
     1     1    11     9     7     2     0     2  -254.0  -17.222  -30.800   9384.4    313.1
     1     1    11     9     7     1     0     1  -255.0  -17.270  -31.043   9466.1    309.7
     1     1    11     9     7     0     0     0  -256.0  -17.313  -31.291   9575.2    305.2
     1     1    11     9     6    23     0     1  -257.0  -17.351  -31.554   9689.9    299.2
     1     1    11     9     6    22     0     2  -258.0  -17.391  -31.839   9786.8    294.9
     1     1    11     9     6    21     0     3  -259.0  -17.436  -32.141   9863.5    291.5
     1     1    11     9     6    20     0     2  -260.0  -17.484  -32.460   9925.5    289.1
     1     1    11     9     6    19     0     1  -261.0  -17.530  -32.797   9978.3    286.8
     1     1    11     9     6    18     0     0  -262.0  -17.575  -33.148  10017.6    285.0
     1     1    11     9     6    17     0     1  -263.0  -17.618  -33.501  10046.4    284.1
     1     1    11     9     6    16     0     2  -264.0  -17.652  -33.847  10071.9    283.2
     1     1    11     9     6    15     0     3  -265.0  -17.674  -34.191  10095.3    282.3
     1     1    11     9     6    14     0     2  -266.0  -17.686  -34.535  10116.6    281.5
     1     1    11     9     6    13     0     1  -267.0  -17.692  -34.882  10133.8    280.8
     1     1    11     9     6    12     0     0  -268.0  -17.691  -35.234  10144.0    280.5
     1     1    11     9     6    11     0     1  -269.0  -17.679  -35.574  10153.3    280.1
     1     1    11     9     6    10     0     2  -270.0  -17.651  -35.885  10171.3    279.2
     1     1    11     9     6     9     0     3  -271.0  -17.608  -36.162  10202.2    277.7
     1     1    11     9     6     8     0     2  -272.0  -17.554  -36.418  10234.1    275.9
