     3     1
    GDAS    11     7     1     0     0
    GDAS    11     7     8     0     0
    GDAS    11     7    15     0     0
     1 BACKWARD OMEGA   
  2011     7    20    16   -8.840  -56.720  3962.4
     1 PRESSURE
     1     1    11     7    20    16     0     2     0.0   -8.840  -56.720   3962.4    618.7
     1     1    11     7    20    15     0     3    -1.0   -8.772  -56.553   3958.7    616.4
     1     1    11     7    20    14     0     2    -2.0   -8.712  -56.376   3953.1    616.0
     1     1    11     7    20    13     0     1    -3.0   -8.661  -56.199   3958.6    613.4
     1     1    11     7    20    12     0     0    -4.0   -8.619  -56.020   3969.4    610.6
     1     1    11     7    20    11     0     1    -5.0   -8.580  -55.849   3980.2    607.8
     1     1    11     7    20    10     0     2    -6.0   -8.533  -55.694   3991.7    605.4
     1     1    11     7    20     9     0     3    -7.0   -8.480  -55.555   4005.9    603.1
     1     1    11     7    20     8     0     2    -8.0   -8.420  -55.418   4019.1    601.1
     1     1    11     7    20     7     0     1    -9.0   -8.353  -55.272   4027.0    600.2
     1     1    11     7    20     6     0     0   -10.0   -8.278  -55.118   4029.5    600.1
     1     1    11     7    20     5     0     1   -11.0   -8.197  -54.957   4028.4    601.0
     1     1    11     7    20     4     0     2   -12.0   -8.115  -54.790   4030.5    601.9
     1     1    11     7    20     3     0     3   -13.0   -8.034  -54.619   4044.4    601.5
     1     1    11     7    20     2     0     2   -14.0   -7.954  -54.446   4070.5    599.6
     1     1    11     7    20     1     0     1   -15.0   -7.872  -54.270   4101.1    597.8
     1     1    11     7    20     0     0     0   -16.0   -7.787  -54.092   4128.5    596.4
     1     1    11     7    19    23     0     1   -17.0   -7.705  -53.916   4147.7    595.9
     1     1    11     7    19    22     0     2   -18.0   -7.630  -53.745   4155.9    596.2
     1     1    11     7    19    21     0     3   -19.0   -7.563  -53.579   4154.4    596.7
     1     1    11     7    19    20     0     2   -20.0   -7.509  -53.416   4154.4    597.4
     1     1    11     7    19    19     0     1   -21.0   -7.472  -53.257   4166.0    596.3
     1     1    11     7    19    18     0     0   -22.0   -7.452  -53.102   4190.1    594.1
     1     1    11     7    19    17     0     1   -23.0   -7.446  -52.953   4215.9    591.4
     1     1    11     7    19    16     0     2   -24.0   -7.454  -52.808   4233.7    590.8
     1     1    11     7    19    15     0     3   -25.0   -7.475  -52.667   4244.7    590.6
     1     1    11     7    19    14     0     2   -26.0   -7.500  -52.532   4252.3    590.3
     1     1    11     7    19    13     0     1   -27.0   -7.522  -52.402   4257.7    589.8
     1     1    11     7    19    12     0     0   -28.0   -7.537  -52.277   4258.3    589.6
     1     1    11     7    19    11     0     1   -29.0   -7.550  -52.154   4261.4    589.7
     1     1    11     7    19    10     0     2   -30.0   -7.568  -52.032   4275.5    588.3
     1     1    11     7    19     9     0     3   -31.0   -7.592  -51.908   4300.1    586.1
     1     1    11     7    19     8     0     2   -32.0   -7.621  -51.784   4330.4    583.5
     1     1    11     7    19     7     0     1   -33.0   -7.655  -51.657   4361.4    581.2
     1     1    11     7    19     6     0     0   -34.0   -7.693  -51.529   4394.2    578.9
     1     1    11     7    19     5     0     1   -35.0   -7.733  -51.403   4425.9    576.6
     1     1    11     7    19     4     0     2   -36.0   -7.771  -51.282   4453.5    574.8
     1     1    11     7    19     3     0     3   -37.0   -7.808  -51.167   4476.9    573.4
     1     1    11     7    19     2     0     2   -38.0   -7.845  -51.059   4498.5    571.9
     1     1    11     7    19     1     0     1   -39.0   -7.884  -50.961   4521.0    570.4
     1     1    11     7    19     0     0     0   -40.0   -7.925  -50.870   4544.9    568.8
     1     1    11     7    18    23     0     1   -41.0   -7.969  -50.785   4567.3    567.0
     1     1    11     7    18    22     0     2   -42.0   -8.017  -50.703   4584.6    565.7
     1     1    11     7    18    21     0     3   -43.0   -8.068  -50.623   4595.6    564.8
     1     1    11     7    18    20     0     2   -44.0   -8.123  -50.540   4604.4    564.8
     1     1    11     7    18    19     0     1   -45.0   -8.185  -50.451   4615.2    564.4
     1     1    11     7    18    18     0     0   -46.0   -8.252  -50.358   4627.1    564.2
     1     1    11     7    18    17     0     1   -47.0   -8.319  -50.258   4639.6    564.3
     1     1    11     7    18    16     0     2   -48.0   -8.381  -50.150   4654.3    564.6
     1     1    11     7    18    15     0     3   -49.0   -8.437  -50.035   4672.9    564.7
     1     1    11     7    18    14     0     2   -50.0   -8.489  -49.915   4693.4    563.9
     1     1    11     7    18    13     0     1   -51.0   -8.538  -49.794   4715.1    562.6
     1     1    11     7    18    12     0     0   -52.0   -8.585  -49.671   4739.1    561.1
     1     1    11     7    18    11     0     1   -53.0   -8.631  -49.552   4771.4    558.9
     1     1    11     7    18    10     0     2   -54.0   -8.679  -49.443   4819.4    555.3
     1     1    11     7    18     9     0     3   -55.0   -8.729  -49.345   4885.6    550.3
     1     1    11     7    18     8     0     2   -56.0   -8.779  -49.258   4954.2    544.3
     1     1    11     7    18     7     0     1   -57.0   -8.828  -49.182   5006.4    540.5
     1     1    11     7    18     6     0     0   -58.0   -8.877  -49.119   5039.4    538.0
     1     1    11     7    18     5     0     1   -59.0   -8.918  -49.063   5058.5    537.1
     1     1    11     7    18     4     0     2   -60.0   -8.945  -49.009   5069.8    536.2
     1     1    11     7    18     3     0     3   -61.0   -8.959  -48.955   5074.5    536.3
     1     1    11     7    18     2     0     2   -62.0   -8.958  -48.901   5082.8    536.7
     1     1    11     7    18     1     0     1   -63.0   -8.939  -48.841   5104.9    535.5
     1     1    11     7    18     0     0     0   -64.0   -8.902  -48.774   5140.0    533.5
     1     1    11     7    17    23     0     1   -65.0   -8.850  -48.699   5183.7    530.5
     1     1    11     7    17    22     0     2   -66.0   -8.787  -48.616   5233.1    527.5
     1     1    11     7    17    21     0     3   -67.0   -8.712  -48.523   5290.2    524.1
     1     1    11     7    17    20     0     2   -68.0   -8.630  -48.421   5348.2    520.6
     1     1    11     7    17    19     0     1   -69.0   -8.544  -48.309   5399.5    518.1
     1     1    11     7    17    18     0     0   -70.0   -8.455  -48.185   5444.9    515.9
     1     1    11     7    17    17     0     1   -71.0   -8.371  -48.053   5487.5    514.1
     1     1    11     7    17    16     0     2   -72.0   -8.296  -47.919   5523.7    511.2
     1     1    11     7    17    15     0     3   -73.0   -8.232  -47.783   5552.8    508.2
     1     1    11     7    17    14     0     2   -74.0   -8.173  -47.652   5572.4    505.5
     1     1    11     7    17    13     0     1   -75.0   -8.120  -47.529   5579.4    504.1
     1     1    11     7    17    12     0     0   -76.0   -8.075  -47.415   5576.5    503.6
     1     1    11     7    17    11     0     1   -77.0   -8.035  -47.303   5584.9    503.5
     1     1    11     7    17    10     0     2   -78.0   -7.997  -47.187   5624.5    500.2
     1     1    11     7    17     9     0     3   -79.0   -7.960  -47.064   5691.9    494.6
     1     1    11     7    17     8     0     2   -80.0   -7.920  -46.934   5762.4    487.6
     1     1    11     7    17     7     0     1   -81.0   -7.868  -46.803   5811.6    483.9
     1     1    11     7    17     6     0     0   -82.0   -7.807  -46.670   5842.8    481.6
     1     1    11     7    17     5     0     1   -83.0   -7.743  -46.537   5877.0    480.3
     1     1    11     7    17     4     0     2   -84.0   -7.678  -46.401   5930.6    476.8
     1     1    11     7    17     3     0     3   -85.0   -7.612  -46.262   6002.3    472.1
     1     1    11     7    17     2     0     2   -86.0   -7.545  -46.118   6058.4    466.2
     1     1    11     7    17     1     0     1   -87.0   -7.475  -45.968   6069.0    465.3
     1     1    11     7    17     0     0     0   -88.0   -7.403  -45.811   6045.9    467.5
     1     1    11     7    16    23     0     1   -89.0   -7.327  -45.643   6030.5    470.9
     1     1    11     7    16    22     0     2   -90.0   -7.243  -45.461   6054.1    469.6
     1     1    11     7    16    21     0     3   -91.0   -7.150  -45.266   6109.8    466.6
     1     1    11     7    16    20     0     2   -92.0   -7.043  -45.059   6161.8    462.6
     1     1    11     7    16    19     0     1   -93.0   -6.922  -44.839   6175.8    462.5
     1     1    11     7    16    18     0     0   -94.0   -6.794  -44.606   6152.4    464.8
     1     1    11     7    16    17     0     1   -95.0   -6.663  -44.367   6121.2    469.1
     1     1    11     7    16    16     0     2   -96.0   -6.529  -44.123   6100.8    470.8
     1     1    11     7    16    15     0     3   -97.0   -6.393  -43.870   6081.1    473.0
     1     1    11     7    16    14     0     2   -98.0   -6.266  -43.619   6060.3    475.4
     1     1    11     7    16    13     0     1   -99.0   -6.151  -43.378   6046.2    477.8
     1     1    11     7    16    12     0     0  -100.0   -6.045  -43.142   6052.8    478.8
     1     1    11     7    16    11     0     1  -101.0   -5.936  -42.920   6077.2    477.0
     1     1    11     7    16    10     0     2  -102.0   -5.811  -42.721   6108.0    474.1
     1     1    11     7    16     9     0     3  -103.0   -5.664  -42.547   6143.9    470.9
     1     1    11     7    16     8     0     2  -104.0   -5.504  -42.381   6181.4    468.2
     1     1    11     7    16     7     0     1  -105.0   -5.339  -42.212   6221.2    465.5
     1     1    11     7    16     6     0     0  -106.0   -5.169  -42.044   6266.4    462.5
     1     1    11     7    16     5     0     1  -107.0   -4.992  -41.877   6306.3    458.7
     1     1    11     7    16     4     0     2  -108.0   -4.806  -41.709   6327.4    455.6
     1     1    11     7    16     3     0     3  -109.0   -4.610  -41.539   6314.3    453.7
     1     1    11     7    16     2     0     2  -110.0   -4.403  -41.366   6279.7    453.1
     1     1    11     7    16     1     0     1  -111.0   -4.185  -41.190   6250.8    450.2
     1     1    11     7    16     0     0     0  -112.0   -3.957  -41.013   6253.3    446.1
     1     1    11     7    15    23     0     1  -113.0   -3.730  -40.831   6349.1    448.3
     1     1    11     7    15    22     0     2  -114.0   -3.514  -40.641   6460.8    448.5
     1     1    11     7    15    21     0     3  -115.0   -3.304  -40.446   6562.8    448.1
     1     1    11     7    15    20     0     2  -116.0   -3.100  -40.247   6642.3    448.6
     1     1    11     7    15    19     0     1  -117.0   -2.907  -40.053   6693.2    448.3
     1     1    11     7    15    18     0     0  -118.0   -2.721  -39.870   6723.3    447.1
     1     1    11     7    15    17     0     1  -119.0   -2.541  -39.704   6758.0    445.9
     1     1    11     7    15    16     0     2  -120.0   -2.360  -39.557   6808.1    443.1
     1     1    11     7    15    15     0     3  -121.0   -2.176  -39.428   6870.9    439.5
     1     1    11     7    15    14     0     2  -122.0   -1.988  -39.308   6928.1    435.1
     1     1    11     7    15    13     0     1  -123.0   -1.797  -39.188   6960.0    433.0
     1     1    11     7    15    12     0     0  -124.0   -1.603  -39.065   6963.6    432.6
     1     1    11     7    15    11     0     1  -125.0   -1.402  -38.941   6967.7    433.6
     1     1    11     7    15    10     0     2  -126.0   -1.189  -38.814   6999.0    431.5
     1     1    11     7    15     9     0     3  -127.0   -0.965  -38.681   7056.0    427.9
     1     1    11     7    15     8     0     2  -128.0   -0.734  -38.542   7101.8    423.3
     1     1    11     7    15     7     0     1  -129.0   -0.500  -38.399   7103.8    423.2
     1     1    11     7    15     6     0     0  -130.0   -0.266  -38.256   7066.4    425.4
     1     1    11     7    15     5     0     1  -131.0   -0.027  -38.120   7024.8    429.8
     1     1    11     7    15     4     0     2  -132.0    0.218  -37.993   7013.7    430.6
     1     1    11     7    15     3     0     3  -133.0    0.472  -37.873   7022.8    429.8
     1     1    11     7    15     2     0     2  -134.0    0.726  -37.758   7030.2    428.8
     1     1    11     7    15     1     0     1  -135.0    0.974  -37.652   7025.6    429.2
     1     1    11     7    15     0     0     0  -136.0    1.215  -37.559   7016.7    430.2
     1     1    11     7    14    23     0     1  -137.0    1.448  -37.477   7011.2    430.4
     1     1    11     7    14    22     0     2  -138.0    1.674  -37.407   7005.5    430.3
     1     1    11     7    14    21     0     3  -139.0    1.895  -37.352   6987.5    430.8
     1     1    11     7    14    20     0     2  -140.0    2.113  -37.310   6963.0    432.8
     1     1    11     7    14    19     0     1  -141.0    2.333  -37.276   6947.7    433.9
     1     1    11     7    14    18     0     0  -142.0    2.556  -37.249   6949.2    434.0
     1     1    11     7    14    17     0     1  -143.0    2.784  -37.226   6958.8    433.0
     1     1    11     7    14    16     0     2  -144.0    3.015  -37.212   6962.1    432.9
     1     1    11     7    14    15     0     3  -145.0    3.245  -37.209   6959.3    433.4
     1     1    11     7    14    14     0     2  -146.0    3.476  -37.212   6969.8    433.7
     1     1    11     7    14    13     0     1  -147.0    3.712  -37.216   7009.9    431.4
     1     1    11     7    14    12     0     0  -148.0    3.952  -37.230   7077.7    427.5
     1     1    11     7    14    11     0     1  -149.0    4.186  -37.256   7151.6    422.1
     1     1    11     7    14    10     0     2  -150.0    4.405  -37.296   7210.3    418.6
     1     1    11     7    14     9     0     3  -151.0    4.609  -37.352   7252.6    416.0
     1     1    11     7    14     8     0     2  -152.0    4.801  -37.431   7288.6    414.5
     1     1    11     7    14     7     0     1  -153.0    4.987  -37.542   7331.9    412.2
     1     1    11     7    14     6     0     0  -154.0    5.165  -37.683   7385.8    409.2
     1     1    11     7    14     5     0     1  -155.0    5.328  -37.833   7438.3    406.0
     1     1    11     7    14     4     0     2  -156.0    5.474  -37.982   7473.3    404.3
     1     1    11     7    14     3     0     3  -157.0    5.603  -38.135   7486.0    403.8
     1     1    11     7    14     2     0     2  -158.0    5.724  -38.292   7476.7    404.5
     1     1    11     7    14     1     0     1  -159.0    5.840  -38.453   7438.1    406.1
     1     1    11     7    14     0     0     0  -160.0    5.954  -38.623   7347.9    410.3
     1     1    11     7    13    23     0     1  -161.0    6.062  -38.810   7206.0    418.7
     1     1    11     7    13    22     0     2  -162.0    6.155  -39.019   7032.6    428.5
     1     1    11     7    13    21     0     3  -163.0    6.229  -39.245   6872.1    439.3
     1     1    11     7    13    20     0     2  -164.0    6.282  -39.470   6761.6    445.9
     1     1    11     7    13    19     0     1  -165.0    6.317  -39.689   6695.2    449.4
     1     1    11     7    13    18     0     0  -166.0    6.333  -39.908   6661.6    451.1
     1     1    11     7    13    17     0     1  -167.0    6.330  -40.126   6633.8    451.7
     1     1    11     7    13    16     0     2  -168.0    6.311  -40.331   6572.0    454.5
     1     1    11     7    13    15     0     3  -169.0    6.281  -40.512   6445.8    461.6
     1     1    11     7    13    14     0     2  -170.0    6.245  -40.666   6285.2    473.7
     1     1    11     7    13    13     0     1  -171.0    6.215  -40.803   6160.5    482.9
     1     1    11     7    13    12     0     0  -172.0    6.192  -40.940   6124.5    486.7
     1     1    11     7    13    11     0     1  -173.0    6.175  -41.094   6147.5    481.7
     1     1    11     7    13    10     0     2  -174.0    6.159  -41.259   6166.3    479.9
     1     1    11     7    13     9     0     3  -175.0    6.145  -41.430   6173.5    479.3
     1     1    11     7    13     8     0     2  -176.0    6.136  -41.596   6177.0    479.5
     1     1    11     7    13     7     0     1  -177.0    6.134  -41.750   6187.8    478.9
     1     1    11     7    13     6     0     0  -178.0    6.139  -41.895   6211.5    477.6
     1     1    11     7    13     5     0     1  -179.0    6.148  -42.032   6217.7    475.4
     1     1    11     7    13     4     0     2  -180.0    6.164  -42.148   6173.7    478.6
     1     1    11     7    13     3     0     3  -181.0    6.186  -42.234   6079.8    484.7
     1     1    11     7    13     2     0     2  -182.0    6.211  -42.290   5951.4    493.9
     1     1    11     7    13     1     0     1  -183.0    6.235  -42.320   5806.4    503.3
     1     1    11     7    13     0     0     0  -184.0    6.258  -42.325   5644.1    513.9
     1     1    11     7    12    23     0     1  -185.0    6.282  -42.296   5477.5    525.5
     1     1    11     7    12    22     0     2  -186.0    6.311  -42.225   5325.9    535.8
     1     1    11     7    12    21     0     3  -187.0    6.345  -42.114   5198.7    544.6
     1     1    11     7    12    20     0     2  -188.0    6.386  -41.974   5114.9    551.4
     1     1    11     7    12    19     0     1  -189.0    6.434  -41.822   5089.5    553.2
     1     1    11     7    12    18     0     0  -190.0    6.484  -41.667   5116.5    551.0
     1     1    11     7    12    17     0     1  -191.0    6.538  -41.516   5160.4    546.1
     1     1    11     7    12    16     0     2  -192.0    6.598  -41.360   5193.0    544.2
     1     1    11     7    12    15     0     3  -193.0    6.665  -41.198   5217.9    542.7
     1     1    11     7    12    14     0     2  -194.0    6.740  -41.024   5250.3    541.3
     1     1    11     7    12    13     0     1  -195.0    6.823  -40.842   5295.9    537.6
     1     1    11     7    12    12     0     0  -196.0    6.914  -40.653   5342.4    534.0
     1     1    11     7    12    11     0     1  -197.0    7.012  -40.454   5350.0    530.9
     1     1    11     7    12    10     0     2  -198.0    7.117  -40.232   5288.2    535.2
     1     1    11     7    12     9     0     3  -199.0    7.230  -39.980   5165.8    543.8
     1     1    11     7    12     8     0     2  -200.0    7.350  -39.694   5044.7    556.1
     1     1    11     7    12     7     0     1  -201.0    7.473  -39.388   4968.7    560.7
     1     1    11     7    12     6     0     0  -202.0    7.600  -39.068   4911.5    563.7
     1     1    11     7    12     5     0     1  -203.0    7.739  -38.732   4854.2    567.8
     1     1    11     7    12     4     0     2  -204.0    7.893  -38.382   4791.2    572.5
     1     1    11     7    12     3     0     3  -205.0    8.058  -38.020   4723.2    578.0
     1     1    11     7    12     2     0     2  -206.0    8.228  -37.644   4669.7    583.2
     1     1    11     7    12     1     0     1  -207.0    8.403  -37.252   4637.5    585.0
     1     1    11     7    12     0     0     0  -208.0    8.584  -36.847   4606.0    586.6
     1     1    11     7    11    23     0     1  -209.0    8.772  -36.430   4547.4    589.6
     1     1    11     7    11    22     0     2  -210.0    8.966  -35.994   4459.0    597.0
     1     1    11     7    11    21     0     3  -211.0    9.162  -35.529   4398.1    604.7
     1     1    11     7    11    20     0     2  -212.0    9.359  -35.040   4374.7    603.9
     1     1    11     7    11    19     0     1  -213.0    9.555  -34.543   4341.4    605.6
     1     1    11     7    11    18     0     0  -214.0    9.750  -34.042   4294.6    609.8
     1     1    11     7    11    17     0     1  -215.0    9.946  -33.531   4252.5    613.8
     1     1    11     7    11    16     0     2  -216.0   10.148  -33.007   4217.6    616.1
     1     1    11     7    11    15     0     3  -217.0   10.354  -32.475   4180.0    618.9
     1     1    11     7    11    14     0     2  -218.0   10.565  -31.942   4155.1    622.4
     1     1    11     7    11    13     0     1  -219.0   10.787  -31.405   4162.2    621.9
     1     1    11     7    11    12     0     0  -220.0   11.020  -30.865   4198.6    619.1
     1     1    11     7    11    11     0     1  -221.0   11.265  -30.330   4238.5    614.2
     1     1    11     7    11    10     0     2  -222.0   11.518  -29.804   4256.1    612.7
     1     1    11     7    11     9     0     3  -223.0   11.778  -29.290   4257.3    613.0
     1     1    11     7    11     8     0     2  -224.0   12.039  -28.780   4257.9    613.5
     1     1    11     7    11     7     0     1  -225.0   12.301  -28.266   4265.0    612.6
     1     1    11     7    11     6     0     0  -226.0   12.566  -27.754   4273.0    611.8
     1     1    11     7    11     5     0     1  -227.0   12.830  -27.243   4274.7    611.5
     1     1    11     7    11     4     0     2  -228.0   13.094  -26.729   4268.5    612.5
     1     1    11     7    11     3     0     3  -229.0   13.357  -26.223   4267.6    613.5
     1     1    11     7    11     2     0     2  -230.0   13.617  -25.718   4267.6    612.9
     1     1    11     7    11     1     0     1  -231.0   13.871  -25.209   4245.3    614.1
     1     1    11     7    11     0     0     0  -232.0   14.118  -24.709   4222.7    618.5
     1     1    11     7    10    23     0     1  -233.0   14.364  -24.215   4216.8    617.2
     1     1    11     7    10    22     0     2  -234.0   14.615  -23.728   4216.6    616.9
     1     1    11     7    10    21     0     3  -235.0   14.857  -23.257   4263.6    616.7
     1     1    11     7    10    20     0     2  -236.0   15.079  -22.787   4319.9    607.7
     1     1    11     7    10    19     0     1  -237.0   15.305  -22.321   4298.3    608.0
     1     1    11     7    10    18     0     0  -238.0   15.543  -21.875   4230.5    616.9
     1     1    11     7    10    17     0     1  -239.0   15.777  -21.438   4179.7    622.1
     1     1    11     7    10    16     0     2  -240.0   16.007  -20.995   4143.4    623.9
     1     1    11     7    10    15     0     3  -241.0   16.235  -20.555   4081.1    626.9
     1     1    11     7    10    14     0     2  -242.0   16.460  -20.131   4010.1    635.7
     1     1    11     7    10    13     0     1  -243.0   16.688  -19.722   3979.5    639.1
     1     1    11     7    10    12     0     0  -244.0   16.922  -19.324   3991.4    637.7
     1     1    11     7    10    11     0     1  -245.0   17.167  -18.941   4010.9    634.1
     1     1    11     7    10    10     0     2  -246.0   17.424  -18.588   4027.9    633.8
     1     1    11     7    10     9     0     3  -247.0   17.699  -18.280   4073.6    631.5
     1     1    11     7    10     8     0     2  -248.0   17.987  -17.995   4132.0    624.5
     1     1    11     7    10     7     0     1  -249.0   18.258  -17.711   4143.9    621.5
     1     1    11     7    10     6     0     0  -250.0   18.494  -17.435   4097.2    626.0
     1     1    11     7    10     5     0     1  -251.0   18.707  -17.173   4007.0    633.2
     1     1    11     7    10     4     0     2  -252.0   18.915  -16.910   3871.5    643.5
     1     1    11     7    10     3     0     3  -253.0   19.113  -16.643   3689.6    658.0
     1     1    11     7    10     2     0     2  -254.0   19.292  -16.383   3511.6    676.0
     1     1    11     7    10     1     0     1  -255.0   19.466  -16.144   3388.5    686.2
     1     1    11     7    10     0     0     0  -256.0   19.652  -15.930   3313.7    690.6
     1     1    11     7     9    23     0     1  -257.0   19.842  -15.725   3256.7    691.4
     1     1    11     7     9    22     0     2  -258.0   20.028  -15.518   3189.1    693.8
     1     1    11     7     9    21     0     3  -259.0   20.223  -15.310   3103.3    696.7
     1     1    11     7     9    20     0     2  -260.0   20.409  -15.104   2998.4    700.7
     1     1    11     7     9    19     0     1  -261.0   20.578  -14.904   2880.9    708.4
     1     1    11     7     9    18     0     0  -262.0   20.744  -14.709   2761.8    717.8
     1     1    11     7     9    17     0     1  -263.0   20.914  -14.515   2655.5    727.6
     1     1    11     7     9    16     0     2  -264.0   21.081  -14.324   2578.6    734.8
     1     1    11     7     9    15     0     3  -265.0   21.243  -14.145   2528.9    739.3
     1     1    11     7     9    14     0     2  -266.0   21.397  -13.973   2495.6    741.9
     1     1    11     7     9    13     0     1  -267.0   21.542  -13.796   2470.6    742.1
     1     1    11     7     9    12     0     0  -268.0   21.679  -13.621   2458.8    741.7
     1     1    11     7     9    11     0     1  -269.0   21.815  -13.446   2447.7    739.5
     1     1    11     7     9    10     0     2  -270.0   21.954  -13.258   2417.3    739.9
     1     1    11     7     9     9     0     3  -271.0   22.091  -13.048   2351.9    743.0
     1     1    11     7     9     8     0     2  -272.0   22.225  -12.831   2273.1    751.1
     1     1    11     7     9     7     0     1  -273.0   22.357  -12.629   2197.5    755.2
     1     1    11     7     9     6     0     0  -274.0   22.489  -12.436   2105.3    760.3
     1     1    11     7     9     5     0     1  -275.0   22.623  -12.239   2015.2    768.3
     1     1    11     7     9     4     0     2  -276.0   22.744  -12.031   1950.1    771.4
     1     1    11     7     9     3     0     3  -277.0   22.857  -11.821   1913.1    776.2
     1     1    11     7     9     2     0     2  -278.0   22.979  -11.617   1897.4    780.1
     1     1    11     7     9     1     0     1  -279.0   23.104  -11.417   1896.9    783.7
     1     1    11     7     9     0     0     0  -280.0   23.212  -11.222   1910.6    785.2
     1     1    11     7     8    23     0     1  -281.0   23.303  -11.032   1952.0    784.3
     1     1    11     7     8    22     0     2  -282.0   23.390  -10.842   2028.7    776.5
     1     1    11     7     8    21     0     3  -283.0   23.469  -10.652   2144.1    766.4
     1     1    11     7     8    20     0     2  -284.0   23.549  -10.466   2263.8    752.5
     1     1    11     7     8    19     0     1  -285.0   23.647  -10.293   2346.3    745.8
     1     1    11     7     8    18     0     0  -286.0   23.757  -10.130   2396.2    742.6
     1     1    11     7     8    17     0     1  -287.0   23.856   -9.973   2417.1    742.1
     1     1    11     7     8    16     0     2  -288.0   23.929   -9.821   2398.8    743.2
     1     1    11     7     8    15     0     3  -289.0   23.981   -9.673   2352.0    749.3
     1     1    11     7     8    14     0     2  -290.0   24.019   -9.528   2317.9    754.4
     1     1    11     7     8    13     0     1  -291.0   24.039   -9.382   2308.2    754.5
     1     1    11     7     8    12     0     0  -292.0   24.016   -9.226   2307.2    754.2
     1     1    11     7     8    11     0     1  -293.0   23.975   -9.058   2286.1    753.8
     1     1    11     7     8    10     0     2  -294.0   23.971   -8.888   2232.2    758.8
     1     1    11     7     8     9     0     3  -295.0   24.008   -8.713   2166.4    764.1
     1     1    11     7     8     8     0     2  -296.0   24.054   -8.540   2114.3    768.2
     1     1    11     7     8     7     0     1  -297.0   24.088   -8.373   2080.9    768.8
     1     1    11     7     8     6     0     0  -298.0   24.107   -8.204   2052.8    769.2
     1     1    11     7     8     5     0     1  -299.0   24.111   -8.020   2034.1    770.4
     1     1    11     7     8     4     0     2  -300.0   24.106   -7.810   2009.8    770.0
     1     1    11     7     8     3     0     3  -301.0   24.113   -7.585   1928.8    775.3
     1     1    11     7     8     2     0     2  -302.0   24.124   -7.367   1755.7    789.8
     1     1    11     7     8     1     0     1  -303.0   24.123   -7.163   1515.4    815.0
     1     1    11     7     8     0     0     0  -304.0   24.084   -6.947   1259.9    841.9
     1     1    11     7     7    23     0     1  -305.0   24.029   -6.732   1064.8    866.5
     1     1    11     7     7    22     0     2  -306.0   24.007   -6.542    960.9    876.3
     1     1    11     7     7    21     0     3  -307.0   24.034   -6.373    927.3    878.6
     1     1    11     7     7    20     0     2  -308.0   24.102   -6.217    948.1    876.1
     1     1    11     7     7    19     0     1  -309.0   24.188   -6.062   1019.3    868.7
     1     1    11     7     7    18     0     0  -310.0   24.278   -5.900   1114.7    857.2
     1     1    11     7     7    17     0     1  -311.0   24.365   -5.732   1188.2    848.5
     1     1    11     7     7    16     0     2  -312.0   24.454   -5.555   1231.4    845.6
     1     1    11     7     7    15     0     3  -313.0   24.549   -5.364   1273.0    843.9
     1     1    11     7     7    14     0     2  -314.0   24.644   -5.165   1327.6    839.1
     1     1    11     7     7    13     0     1  -315.0   24.730   -4.960   1380.0    834.4
     1     1    11     7     7    12     0     0  -316.0   24.802   -4.741   1414.8    831.1
     1     1    11     7     7    11     0     1  -317.0   24.865   -4.506   1438.2    829.6
     1     1    11     7     7    10     0     2  -318.0   24.914   -4.247   1458.9    827.4
     1     1    11     7     7     9     0     3  -319.0   24.930   -3.956   1476.0    825.7
     1     1    11     7     7     8     0     2  -320.0   24.943   -3.659   1503.8    824.2
     1     1    11     7     7     7     0     1  -321.0   24.984   -3.376   1557.2    819.0
     1     1    11     7     7     6     0     0  -322.0   25.047   -3.099   1638.2    811.0
     1     1    11     7     7     5     0     1  -323.0   25.115   -2.832   1717.3    800.8
     1     1    11     7     7     4     0     2  -324.0   25.173   -2.580   1763.2    796.3
     1     1    11     7     7     3     0     3  -325.0   25.229   -2.344   1788.3    795.7
     1     1    11     7     7     2     0     2  -326.0   25.295   -2.115   1786.4    794.8
     1     1    11     7     7     1     0     1  -327.0   25.374   -1.882   1752.7    799.6
     1     1    11     7     7     0     0     0  -328.0   25.455   -1.634   1696.4    804.5
     1     1    11     7     6    23     0     1  -329.0   25.537   -1.374   1607.4    811.5
     1     1    11     7     6    22     0     2  -330.0   25.628   -1.110   1430.1    823.0
     1     1    11     7     6    21     0     3  -331.0   25.732   -0.850   1123.9    851.5
     1     1    11     7     6    20     0     2  -332.0   25.842   -0.607    813.2    892.1
     1     1    11     7     6    19     0     1  -333.0   25.953   -0.389    585.8    913.6
     1     1    11     7     6    18     0     0  -334.0   26.063   -0.190    439.7    928.6
     1     1    11     7     6    17     0     1  -335.0   26.168    0.012    394.9    942.8
     1     1    11     7     6    16     0     2  -336.0   26.280    0.212    409.5    934.4
