     3     1
    GDAS    11     7     1     0     0
    GDAS    11     7     8     0     0
    GDAS    11     7    15     0     0
     1 BACKWARD OMEGA   
  2011     7    20    16   -8.880  -56.740  1828.8
     1 PRESSURE
     1     1    11     7    20    16     0     2     0.0   -8.880  -56.740   1828.8    801.5
     1     1    11     7    20    15     0     3    -1.0   -8.854  -56.551   1918.7    791.6
     1     1    11     7    20    14     0     2    -2.0   -8.831  -56.351   2000.6    780.5
     1     1    11     7    20    13     0     1    -3.0   -8.819  -56.142   2066.7    772.7
     1     1    11     7    20    12     0     0    -4.0   -8.820  -55.927   2121.8    765.7
     1     1    11     7    20    11     0     1    -5.0   -8.823  -55.714   2158.1    758.4
     1     1    11     7    20    10     0     2    -6.0   -8.816  -55.511   2175.8    754.4
     1     1    11     7    20     9     0     3    -7.0   -8.794  -55.322   2189.4    750.9
     1     1    11     7    20     8     0     2    -8.0   -8.768  -55.134   2203.8    747.3
     1     1    11     7    20     7     0     1    -9.0   -8.752  -54.930   2213.3    744.9
     1     1    11     7    20     6     0     0   -10.0   -8.747  -54.708   2210.8    745.7
     1     1    11     7    20     5     0     1   -11.0   -8.754  -54.479   2193.4    748.4
     1     1    11     7    20     4     0     2   -12.0   -8.775  -54.247   2153.3    752.1
     1     1    11     7    20     3     0     3   -13.0   -8.811  -54.001   2060.2    760.0
     1     1    11     7    20     2     0     2   -14.0   -8.858  -53.757   1938.2    775.5
     1     1    11     7    20     1     0     1   -15.0   -8.913  -53.531   1844.2    783.4
     1     1    11     7    20     0     0     0   -16.0   -8.979  -53.315   1761.6    789.0
     1     1    11     7    19    23     0     1   -17.0   -9.049  -53.108   1678.9    796.1
     1     1    11     7    19    22     0     2   -18.0   -9.110  -52.919   1596.2    805.0
     1     1    11     7    19    21     0     3   -19.0   -9.161  -52.746   1509.7    814.9
     1     1    11     7    19    20     0     2   -20.0   -9.208  -52.581   1424.2    825.8
     1     1    11     7    19    19     0     1   -21.0   -9.255  -52.414   1350.6    834.7
     1     1    11     7    19    18     0     0   -22.0   -9.302  -52.245   1292.5    842.1
     1     1    11     7    19    17     0     1   -23.0   -9.347  -52.071   1247.5    848.4
     1     1    11     7    19    16     0     2   -24.0   -9.385  -51.887   1215.3    852.6
     1     1    11     7    19    15     0     3   -25.0   -9.417  -51.692   1202.7    853.8
     1     1    11     7    19    14     0     2   -26.0   -9.447  -51.476   1211.7    851.3
     1     1    11     7    19    13     0     1   -27.0   -9.481  -51.231   1240.0    846.7
     1     1    11     7    19    12     0     0   -28.0   -9.523  -50.958   1282.6    841.6
     1     1    11     7    19    11     0     1   -29.0   -9.575  -50.687   1325.7    840.4
     1     1    11     7    19    10     0     2   -30.0   -9.638  -50.448   1348.2    840.7
     1     1    11     7    19     9     0     3   -31.0   -9.720  -50.241   1332.3    844.0
     1     1    11     7    19     8     0     2   -32.0   -9.810  -50.059   1285.7    852.7
     1     1    11     7    19     7     0     1   -33.0   -9.899  -49.892   1234.3    858.7
     1     1    11     7    19     6     0     0   -34.0   -9.985  -49.739   1187.0    861.2
     1     1    11     7    19     5     0     1   -35.0  -10.072  -49.594   1145.8    864.5
     1     1    11     7    19     4     0     2   -36.0  -10.160  -49.447   1122.0    865.7
     1     1    11     7    19     3     0     3   -37.0  -10.252  -49.298   1124.7    864.2
     1     1    11     7    19     2     0     2   -38.0  -10.344  -49.150   1154.2    859.2
     1     1    11     7    19     1     0     1   -39.0  -10.434  -49.006   1209.0    851.9
     1     1    11     7    19     0     0     0   -40.0  -10.521  -48.865   1268.3    842.9
     1     1    11     7    18    23     0     1   -41.0  -10.604  -48.730   1297.9    837.8
     1     1    11     7    18    22     0     2   -42.0  -10.687  -48.605   1293.6    837.6
     1     1    11     7    18    21     0     3   -43.0  -10.773  -48.492   1267.0    839.3
     1     1    11     7    18    20     0     2   -44.0  -10.859  -48.388   1223.7    842.6
     1     1    11     7    18    19     0     1   -45.0  -10.941  -48.291   1168.3    847.4
     1     1    11     7    18    18     0     0   -46.0  -11.019  -48.204   1109.9    852.5
     1     1    11     7    18    17     0     1   -47.0  -11.091  -48.118   1056.4    857.7
     1     1    11     7    18    16     0     2   -48.0  -11.152  -48.022   1010.8    861.9
     1     1    11     7    18    15     0     3   -49.0  -11.204  -47.915    976.2    865.2
     1     1    11     7    18    14     0     2   -50.0  -11.251  -47.786    951.8    866.0
     1     1    11     7    18    13     0     1   -51.0  -11.301  -47.628    937.3    866.2
     1     1    11     7    18    12     0     0   -52.0  -11.354  -47.444    938.1    864.4
     1     1    11     7    18    11     0     1   -53.0  -11.410  -47.250    953.6    859.8
     1     1    11     7    18    10     0     2   -54.0  -11.466  -47.061    981.2    854.4
     1     1    11     7    18     9     0     3   -55.0  -11.522  -46.876   1015.6    845.8
     1     1    11     7    18     8     0     2   -56.0  -11.582  -46.697   1049.3    837.5
     1     1    11     7    18     7     0     1   -57.0  -11.646  -46.520   1076.9    829.7
     1     1    11     7    18     6     0     0   -58.0  -11.708  -46.337   1093.7    822.7
     1     1    11     7    18     5     0     1   -59.0  -11.768  -46.140   1100.9    816.6
     1     1    11     7    18     4     0     2   -60.0  -11.833  -45.926   1101.2    813.7
     1     1    11     7    18     3     0     3   -61.0  -11.899  -45.702   1091.8    819.4
     1     1    11     7    18     2     0     2   -62.0  -11.972  -45.481   1079.5    826.6
     1     1    11     7    18     1     0     1   -63.0  -12.065  -45.276   1082.3    831.0
     1     1    11     7    18     0     0     0   -64.0  -12.185  -45.088   1104.4    831.7
     1     1    11     7    17    23     0     1   -65.0  -12.320  -44.917   1127.7    827.6
     1     1    11     7    17    22     0     2   -66.0  -12.453  -44.763   1138.3    825.3
     1     1    11     7    17    21     0     3   -67.0  -12.583  -44.624   1141.4    824.6
     1     1    11     7    17    20     0     2   -68.0  -12.711  -44.497   1132.3    825.4
     1     1    11     7    17    19     0     1   -69.0  -12.836  -44.376   1106.8    829.3
     1     1    11     7    17    18     0     0   -70.0  -12.957  -44.264   1070.9    834.7
     1     1    11     7    17    17     0     1   -71.0  -13.079  -44.146   1030.7    841.4
     1     1    11     7    17    16     0     2   -72.0  -13.203  -44.005    989.1    848.9
     1     1    11     7    17    15     0     3   -73.0  -13.326  -43.840    948.9    853.6
     1     1    11     7    17    14     0     2   -74.0  -13.454  -43.661    928.1    857.0
     1     1    11     7    17    13     0     1   -75.0  -13.600  -43.475    931.5    857.0
     1     1    11     7    17    12     0     0   -76.0  -13.773  -43.281    947.1    856.3
     1     1    11     7    17    11     0     1   -77.0  -13.956  -43.076    970.1    856.1
     1     1    11     7    17    10     0     2   -78.0  -14.123  -42.863   1001.9    850.9
     1     1    11     7    17     9     0     3   -79.0  -14.271  -42.651   1034.6    843.7
     1     1    11     7    17     8     0     2   -80.0  -14.401  -42.445   1057.2    837.6
     1     1    11     7    17     7     0     1   -81.0  -14.516  -42.245   1068.1    833.5
     1     1    11     7    17     6     0     0   -82.0  -14.617  -42.050   1072.2    829.9
     1     1    11     7    17     5     0     1   -83.0  -14.711  -41.862   1083.8    827.8
     1     1    11     7    17     4     0     2   -84.0  -14.805  -41.692   1115.1    822.1
     1     1    11     7    17     3     0     3   -85.0  -14.905  -41.546   1164.9    813.8
     1     1    11     7    17     2     0     2   -86.0  -15.019  -41.420   1233.2    803.3
     1     1    11     7    17     1     0     1   -87.0  -15.151  -41.307   1314.7    796.0
     1     1    11     7    17     0     0     0   -88.0  -15.290  -41.208   1402.4    790.2
     1     1    11     7    16    23     0     1   -89.0  -15.427  -41.123   1478.4    783.5
     1     1    11     7    16    22     0     2   -90.0  -15.553  -41.036   1519.7    781.8
     1     1    11     7    16    21     0     3   -91.0  -15.664  -40.931   1522.1    786.4
     1     1    11     7    16    20     0     2   -92.0  -15.765  -40.814   1503.3    795.9
     1     1    11     7    16    19     0     1   -93.0  -15.861  -40.698   1478.1    803.5
     1     1    11     7    16    18     0     0   -94.0  -15.956  -40.581   1439.5    811.7
     1     1    11     7    16    17     0     1   -95.0  -16.043  -40.462   1389.8    821.4
     1     1    11     7    16    16     0     2   -96.0  -16.118  -40.338   1337.8    830.5
     1     1    11     7    16    15     0     3   -97.0  -16.181  -40.205   1282.3    839.8
     1     1    11     7    16    14     0     2   -98.0  -16.233  -40.064   1235.8    849.8
     1     1    11     7    16    13     0     1   -99.0  -16.281  -39.915   1218.2    856.3
     1     1    11     7    16    12     0     0  -100.0  -16.329  -39.758   1226.2    859.4
     1     1    11     7    16    11     0     1  -101.0  -16.374  -39.596   1227.0    861.3
     1     1    11     7    16    10     0     2  -102.0  -16.411  -39.428   1196.5    869.2
     1     1    11     7    16     9     0     3  -103.0  -16.440  -39.255   1136.0    880.6
     1     1    11     7    16     8     0     2  -104.0  -16.464  -39.082   1056.6    895.3
     1     1    11     7    16     7     0     1  -105.0  -16.486  -38.909    977.7    907.5
     1     1    11     7    16     6     0     0  -106.0  -16.505  -38.729    915.4    915.5
     1     1    11     7    16     5     0     1  -107.0  -16.522  -38.537    879.2    920.3
     1     1    11     7    16     4     0     2  -108.0  -16.535  -38.331    873.5    921.8
     1     1    11     7    16     3     0     3  -109.0  -16.547  -38.115    901.8    919.7
     1     1    11     7    16     2     0     2  -110.0  -16.567  -37.898    949.1    912.8
     1     1    11     7    16     1     0     1  -111.0  -16.598  -37.687    992.4    907.4
     1     1    11     7    16     0     0     0  -112.0  -16.640  -37.482   1026.1    904.0
     1     1    11     7    15    23     0     1  -113.0  -16.685  -37.283   1051.0    900.7
     1     1    11     7    15    22     0     2  -114.0  -16.722  -37.086   1067.5    898.6
     1     1    11     7    15    21     0     3  -115.0  -16.746  -36.890   1077.8    897.0
     1     1    11     7    15    20     0     2  -116.0  -16.761  -36.697   1086.4    896.6
     1     1    11     7    15    19     0     1  -117.0  -16.771  -36.506   1097.1    895.6
     1     1    11     7    15    18     0     0  -118.0  -16.780  -36.319   1110.0    894.4
     1     1    11     7    15    17     0     1  -119.0  -16.788  -36.129   1124.6    893.1
     1     1    11     7    15    16     0     2  -120.0  -16.793  -35.933   1141.0    891.9
     1     1    11     7    15    15     0     3  -121.0  -16.794  -35.730   1159.9    890.3
     1     1    11     7    15    14     0     2  -122.0  -16.793  -35.524   1178.0    888.0
     1     1    11     7    15    13     0     1  -123.0  -16.793  -35.312   1190.9    886.4
     1     1    11     7    15    12     0     0  -124.0  -16.795  -35.091   1195.0    885.8
     1     1    11     7    15    11     0     1  -125.0  -16.796  -34.857   1200.3    886.0
     1     1    11     7    15    10     0     2  -126.0  -16.797  -34.606   1219.1    883.6
     1     1    11     7    15     9     0     3  -127.0  -16.801  -34.340   1252.4    879.7
     1     1    11     7    15     8     0     2  -128.0  -16.818  -34.068   1288.3    874.7
     1     1    11     7    15     7     0     1  -129.0  -16.848  -33.797   1314.4    872.0
     1     1    11     7    15     6     0     0  -130.0  -16.888  -33.527   1328.1    870.3
     1     1    11     7    15     5     0     1  -131.0  -16.929  -33.251   1337.5    870.5
     1     1    11     7    15     4     0     2  -132.0  -16.962  -32.965   1352.5    868.9
     1     1    11     7    15     3     0     3  -133.0  -16.986  -32.667   1373.9    867.0
     1     1    11     7    15     2     0     2  -134.0  -17.008  -32.360   1394.9    864.1
     1     1    11     7    15     1     0     1  -135.0  -17.031  -32.047   1408.6    862.8
     1     1    11     7    15     0     0     0  -136.0  -17.059  -31.724   1416.1    862.0
     1     1    11     7    14    23     0     1  -137.0  -17.087  -31.395   1425.9    861.6
     1     1    11     7    14    22     0     2  -138.0  -17.113  -31.065   1449.0    859.1
     1     1    11     7    14    21     0     3  -139.0  -17.143  -30.741   1490.1    855.1
     1     1    11     7    14    20     0     2  -140.0  -17.183  -30.433   1543.1    848.8
     1     1    11     7    14    19     0     1  -141.0  -17.233  -30.147   1593.1    843.3
     1     1    11     7    14    18     0     0  -142.0  -17.288  -29.875   1633.7    839.1
     1     1    11     7    14    17     0     1  -143.0  -17.339  -29.605   1666.7    836.6
     1     1    11     7    14    16     0     2  -144.0  -17.381  -29.327   1698.0    834.0
     1     1    11     7    14    15     0     3  -145.0  -17.416  -29.044   1732.7    831.2
     1     1    11     7    14    14     0     2  -146.0  -17.451  -28.754   1771.5    827.3
     1     1    11     7    14    13     0     1  -147.0  -17.494  -28.456   1811.5    823.6
     1     1    11     7    14    12     0     0  -148.0  -17.542  -28.148   1853.8    819.9
     1     1    11     7    14    11     0     1  -149.0  -17.599  -27.845   1895.2    814.9
     1     1    11     7    14    10     0     2  -150.0  -17.671  -27.555   1932.1    810.9
     1     1    11     7    14     9     0     3  -151.0  -17.754  -27.277   1964.4    807.2
     1     1    11     7    14     8     0     2  -152.0  -17.839  -27.002   1996.9    804.5
     1     1    11     7    14     7     0     1  -153.0  -17.925  -26.730   2033.6    800.9
     1     1    11     7    14     6     0     0  -154.0  -18.016  -26.465   2074.5    797.1
     1     1    11     7    14     5     0     1  -155.0  -18.112  -26.201   2119.0    792.8
     1     1    11     7    14     4     0     2  -156.0  -18.212  -25.933   2165.1    788.5
     1     1    11     7    14     3     0     3  -157.0  -18.314  -25.662   2212.9    784.2
     1     1    11     7    14     2     0     2  -158.0  -18.421  -25.395   2253.7    779.8
     1     1    11     7    14     1     0     1  -159.0  -18.530  -25.135   2277.5    777.5
     1     1    11     7    14     0     0     0  -160.0  -18.640  -24.875   2282.5    777.2
     1     1    11     7    13    23     0     1  -161.0  -18.760  -24.619   2285.9    778.3
     1     1    11     7    13    22     0     2  -162.0  -18.900  -24.375   2304.9    776.3
     1     1    11     7    13    21     0     3  -163.0  -19.060  -24.144   2339.2    772.7
     1     1    11     7    13    20     0     2  -164.0  -19.233  -23.931   2383.3    768.0
     1     1    11     7    13    19     0     1  -165.0  -19.411  -23.737   2433.7    763.3
     1     1    11     7    13    18     0     0  -166.0  -19.594  -23.565   2493.2    757.9
     1     1    11     7    13    17     0     1  -167.0  -19.781  -23.410   2558.1    751.7
     1     1    11     7    13    16     0     2  -168.0  -19.969  -23.269   2623.4    746.2
     1     1    11     7    13    15     0     3  -169.0  -20.162  -23.140   2688.0    740.5
     1     1    11     7    13    14     0     2  -170.0  -20.362  -23.030   2750.5    735.2
     1     1    11     7    13    13     0     1  -171.0  -20.569  -22.944   2813.5    730.0
     1     1    11     7    13    12     0     0  -172.0  -20.777  -22.885   2882.9    724.4
     1     1    11     7    13    11     0     1  -173.0  -20.975  -22.848   2946.0    717.1
     1     1    11     7    13    10     0     2  -174.0  -21.156  -22.825   2986.4    713.4
     1     1    11     7    13     9     0     3  -175.0  -21.318  -22.814   3009.4    711.6
     1     1    11     7    13     8     0     2  -176.0  -21.464  -22.801   3024.5    710.5
     1     1    11     7    13     7     0     1  -177.0  -21.597  -22.775   3038.7    709.5
     1     1    11     7    13     6     0     0  -178.0  -21.715  -22.732   3057.7    708.0
     1     1    11     7    13     5     0     1  -179.0  -21.822  -22.682   3081.1    706.0
     1     1    11     7    13     4     0     2  -180.0  -21.918  -22.634   3098.9    704.1
     1     1    11     7    13     3     0     3  -181.0  -22.004  -22.585   3096.8    704.0
     1     1    11     7    13     2     0     2  -182.0  -22.082  -22.539   3090.8    706.6
     1     1    11     7    13     1     0     1  -183.0  -22.155  -22.501   3106.2    705.3
     1     1    11     7    13     0     0     0  -184.0  -22.227  -22.472   3143.1    702.2
     1     1    11     7    12    23     0     1  -185.0  -22.298  -22.454   3182.1    697.3
     1     1    11     7    12    22     0     2  -186.0  -22.364  -22.447   3204.2    695.4
     1     1    11     7    12    21     0     3  -187.0  -22.425  -22.446   3210.1    694.9
     1     1    11     7    12    20     0     2  -188.0  -22.481  -22.455   3214.0    695.6
     1     1    11     7    12    19     0     1  -189.0  -22.534  -22.480   3229.4    694.1
     1     1    11     7    12    18     0     0  -190.0  -22.586  -22.521   3256.5    691.5
     1     1    11     7    12    17     0     1  -191.0  -22.637  -22.576   3279.8    688.4
     1     1    11     7    12    16     0     2  -192.0  -22.683  -22.638   3283.6    688.3
     1     1    11     7    12    15     0     3  -193.0  -22.722  -22.705   3268.5    689.8
     1     1    11     7    12    14     0     2  -194.0  -22.756  -22.775   3249.8    693.0
     1     1    11     7    12    13     0     1  -195.0  -22.791  -22.847   3243.1    693.8
     1     1    11     7    12    12     0     0  -196.0  -22.828  -22.922   3247.4    693.7
     1     1    11     7    12    11     0     1  -197.0  -22.862  -22.998   3252.0    692.1
     1     1    11     7    12    10     0     2  -198.0  -22.888  -23.071   3248.6    692.2
     1     1    11     7    12     9     0     3  -199.0  -22.908  -23.141   3238.9    692.8
     1     1    11     7    12     8     0     2  -200.0  -22.925  -23.208   3233.7    694.1
     1     1    11     7    12     7     0     1  -201.0  -22.943  -23.275   3241.9    693.3
     1     1    11     7    12     6     0     0  -202.0  -22.961  -23.342   3262.7    691.5
     1     1    11     7    12     5     0     1  -203.0  -22.978  -23.407   3284.9    689.0
     1     1    11     7    12     4     0     2  -204.0  -22.994  -23.468   3297.4    688.2
     1     1    11     7    12     3     0     3  -205.0  -23.007  -23.525   3300.6    688.3
     1     1    11     7    12     2     0     2  -206.0  -23.018  -23.575   3292.2    688.8
     1     1    11     7    12     1     0     1  -207.0  -23.029  -23.614   3269.6    690.7
     1     1    11     7    12     0     0     0  -208.0  -23.039  -23.642   3232.3    693.9
     1     1    11     7    11    23     0     1  -209.0  -23.042  -23.657   3196.8    698.5
     1     1    11     7    11    22     0     2  -210.0  -23.038  -23.658   3180.5    699.9
     1     1    11     7    11    21     0     3  -211.0  -23.027  -23.646   3183.9    699.6
     1     1    11     7    11    20     0     2  -212.0  -23.018  -23.627   3199.4    697.5
     1     1    11     7    11    19     0     1  -213.0  -23.017  -23.605   3219.4    695.6
     1     1    11     7    11    18     0     0  -214.0  -23.025  -23.582   3243.8    693.3
     1     1    11     7    11    17     0     1  -215.0  -23.043  -23.548   3273.1    691.0
     1     1    11     7    11    16     0     2  -216.0  -23.073  -23.498   3308.3    688.2
     1     1    11     7    11    15     0     3  -217.0  -23.114  -23.432   3349.6    684.8
     1     1    11     7    11    14     0     2  -218.0  -23.165  -23.356   3397.1    681.0
     1     1    11     7    11    13     0     1  -219.0  -23.224  -23.275   3450.7    676.6
     1     1    11     7    11    12     0     0  -220.0  -23.293  -23.190   3509.3    671.8
     1     1    11     7    11    11     0     1  -221.0  -23.368  -23.114   3563.3    666.4
     1     1    11     7    11    10     0     2  -222.0  -23.448  -23.060   3602.9    663.0
     1     1    11     7    11     9     0     3  -223.0  -23.531  -23.026   3627.2    660.9
     1     1    11     7    11     8     0     2  -224.0  -23.620  -23.006   3647.6    660.0
     1     1    11     7    11     7     0     1  -225.0  -23.716  -22.994   3676.4    657.6
     1     1    11     7    11     6     0     0  -226.0  -23.821  -22.992   3715.4    654.4
     1     1    11     7    11     5     0     1  -227.0  -23.933  -22.998   3757.3    650.4
     1     1    11     7    11     4     0     2  -228.0  -24.050  -23.006   3795.3    647.5
     1     1    11     7    11     3     0     3  -229.0  -24.172  -23.017   3831.7    644.7
     1     1    11     7    11     2     0     2  -230.0  -24.307  -23.024   3862.1    641.9
     1     1    11     7    11     1     0     1  -231.0  -24.460  -23.020   3880.1    640.4
     1     1    11     7    11     0     0     0  -232.0  -24.632  -23.007   3883.0    640.0
     1     1    11     7    10    23     0     1  -233.0  -24.812  -22.987   3889.8    641.1
     1     1    11     7    10    22     0     2  -234.0  -24.994  -22.968   3923.3    638.6
     1     1    11     7    10    21     0     3  -235.0  -25.179  -22.956   3986.5    633.7
     1     1    11     7    10    20     0     2  -236.0  -25.373  -22.962   4072.7    626.1
     1     1    11     7    10    19     0     1  -237.0  -25.578  -22.994   4172.6    617.9
     1     1    11     7    10    18     0     0  -238.0  -25.795  -23.057   4281.9    609.0
     1     1    11     7    10    17     0     1  -239.0  -26.015  -23.151   4387.5    600.1
     1     1    11     7    10    16     0     2  -240.0  -26.232  -23.272   4484.1    592.9
     1     1    11     7    10    15     0     3  -241.0  -26.443  -23.418   4579.1    586.0
     1     1    11     7    10    14     0     2  -242.0  -26.650  -23.587   4673.7    578.7
     1     1    11     7    10    13     0     1  -243.0  -26.853  -23.777   4761.7    571.9
     1     1    11     7    10    12     0     0  -244.0  -27.057  -23.985   4836.4    566.2
     1     1    11     7    10    11     0     1  -245.0  -27.260  -24.206   4899.0    561.5
     1     1    11     7    10    10     0     2  -246.0  -27.457  -24.440   4951.2    557.1
     1     1    11     7    10     9     0     3  -247.0  -27.655  -24.688   4988.7    553.9
     1     1    11     7    10     8     0     2  -248.0  -27.865  -24.942   5013.4    552.0
     1     1    11     7    10     7     0     1  -249.0  -28.091  -25.198   5028.7    550.6
     1     1    11     7    10     6     0     0  -250.0  -28.330  -25.458   5037.7    549.8
     1     1    11     7    10     5     0     1  -251.0  -28.581  -25.733   5069.5    549.4
     1     1    11     7    10     4     0     2  -252.0  -28.841  -26.030   5146.5    543.7
     1     1    11     7    10     3     0     3  -253.0  -29.111  -26.358   5247.7    535.4
     1     1    11     7    10     2     0     2  -254.0  -29.398  -26.712   5337.0    527.4
     1     1    11     7    10     1     0     1  -255.0  -29.701  -27.094   5402.3    522.9
     1     1    11     7    10     0     0     0  -256.0  -30.016  -27.519   5459.8    519.2
     1     1    11     7     9    23     0     1  -257.0  -30.343  -27.988   5511.4    514.5
     1     1    11     7     9    22     0     2  -258.0  -30.678  -28.496   5551.9    511.4
     1     1    11     7     9    21     0     3  -259.0  -31.027  -29.044   5601.9    508.6
     1     1    11     7     9    20     0     2  -260.0  -31.414  -29.621   5671.5    502.7
     1     1    11     7     9    19     0     1  -261.0  -31.829  -30.221   5744.7    496.9
     1     1    11     7     9    18     0     0  -262.0  -32.257  -30.851   5826.8    491.6
     1     1    11     7     9    17     0     1  -263.0  -32.721  -31.520   5934.2    484.3
     1     1    11     7     9    16     0     2  -264.0  -33.236  -32.233   6052.2    474.6
     1     1    11     7     9    15     0     3  -265.0  -33.802  -32.974   6151.0    467.1
     1     1    11     7     9    14     0     2  -266.0  -34.400  -33.785   6239.2    461.8
     1     1    11     7     9    13     0     1  -267.0  -35.012  -34.692   6305.9    456.5
     1     1    11     7     9    12     0     0  -268.0  -35.650  -35.638   6316.7    455.8
     1     1    11     7     9    11     0     1  -269.0  -36.306  -36.653   6319.1    454.9
     1     1    11     7     9    10     0     2  -270.0  -36.951  -37.762   6314.2    453.9
     1     1    11     7     9     9     0     3  -271.0  -37.603  -38.911   6326.7    453.6
     1     1    11     7     9     8     0     2  -272.0  -38.264  -40.115   6415.1    446.9
     1     1    11     7     9     7     0     1  -273.0  -38.913  -41.365   6480.1    441.2
     1     1    11     7     9     6     0     0  -274.0  -39.566  -42.641   6457.5    442.8
     1     1    11     7     9     5     0     1  -275.0  -40.205  -43.960   6420.0    445.4
     1     1    11     7     9     4     0     2  -276.0  -40.807  -45.291   6421.0    444.6
     1     1    11     7     9     3     0     3  -277.0  -41.417  -46.629   6428.6    443.5
     1     1    11     7     9     2     0     2  -278.0  -42.024  -48.008   6448.6    441.9
     1     1    11     7     9     1     0     1  -279.0  -42.595  -49.446   6490.5    439.3
     1     1    11     7     9     0     0     0  -280.0  -43.164  -50.921   6576.1    433.8
     1     1    11     7     8    23     0     1  -281.0  -43.709  -52.435   6639.7    429.6
     1     1    11     7     8    22     0     2  -282.0  -44.211  -54.028   6674.2    427.7
     1     1    11     7     8    21     0     3  -283.0  -44.669  -55.688   6725.6    424.1
     1     1    11     7     8    20     0     2  -284.0  -45.009  -57.400   6703.3    425.7
     1     1    11     7     8    19     0     1  -285.0  -45.271  -59.149   6703.0    425.2
     1     1    11     7     8    18     0     0  -286.0  -45.497  -60.915   6691.2    426.0
     1     1    11     7     8    17     0     1  -287.0  -45.622  -62.682   6633.0    429.1
     1     1    11     7     8    16     0     2  -288.0  -45.710  -64.460   6460.7    439.6
     1     1    11     7     8    15     0     3  -289.0  -45.796  -66.234   6181.9    456.1
     1     1    11     7     8    14     0     2  -290.0  -45.774  -67.995   5646.2    468.7
     1     1    11     7     8    13     0     1  -291.0  -45.611  -69.748   5323.8    479.8
     1     1    11     7     8    12     0     0  -292.0  -45.481  -71.538   5535.3    445.7
     1     1    11     7     8    11     0     1  -293.0  -45.341  -73.574   5931.8    447.8
     1     1    11     7     8    10     0     2  -294.0  -45.109  -75.366   5674.5    491.4
     1     1    11     7     8     9     0     3  -295.0  -44.845  -77.055   5485.1    503.1
     1     1    11     7     8     8     0     2  -296.0  -44.535  -78.710   5431.9    507.0
     1     1    11     7     8     7     0     1  -297.0  -44.186  -80.403   5403.7    509.6
     1     1    11     7     8     6     0     0  -298.0  -43.795  -82.121   5437.7    507.7
     1     1    11     7     8     5     0     1  -299.0  -43.376  -83.806   5492.4    504.3
     1     1    11     7     8     4     0     2  -300.0  -42.924  -85.492   5599.8    496.6
     1     1    11     7     8     3     0     3  -301.0  -42.409  -87.163   5672.6    492.9
     1     1    11     7     8     2     0     2  -302.0  -41.842  -88.821   5751.4    487.2
     1     1    11     7     8     1     0     1  -303.0  -41.281  -90.431   5718.0    491.1
     1     1    11     7     8     0     0     0  -304.0  -40.716  -92.002   5694.1    493.4
     1     1    11     7     7    23     0     1  -305.0  -40.083  -93.528   5680.0    494.2
     1     1    11     7     7    22     0     2  -306.0  -39.422  -94.986   5646.0    497.4
     1     1    11     7     7    21     0     3  -307.0  -38.773  -96.358   5559.4    502.8
     1     1    11     7     7    20     0     2  -308.0  -38.139  -97.639   5403.0    515.3
     1     1    11     7     7    19     0     1  -309.0  -37.516  -98.862   5317.4    523.4
     1     1    11     7     7    18     0     0  -310.0  -36.896 -100.024   5295.6    524.7
     1     1    11     7     7    17     0     1  -311.0  -36.254 -101.111   5218.9    529.7
     1     1    11     7     7    16     0     2  -312.0  -35.593 -102.143   5107.9    538.7
     1     1    11     7     7    15     0     3  -313.0  -34.932 -103.143   5005.2    546.8
     1     1    11     7     7    14     0     2  -314.0  -34.285 -104.105   4940.1    552.0
     1     1    11     7     7    13     0     1  -315.0  -33.627 -104.991   4879.2    556.7
     1     1    11     7     7    12     0     0  -316.0  -32.979 -105.831   4787.8    563.5
     1     1    11     7     7    11     0     1  -317.0  -32.375 -106.620   4694.6    572.0
     1     1    11     7     7    10     0     2  -318.0  -31.812 -107.345   4616.3    578.4
     1     1    11     7     7     9     0     3  -319.0  -31.267 -108.008   4549.6    584.1
     1     1    11     7     7     8     0     2  -320.0  -30.739 -108.625   4473.6    589.3
     1     1    11     7     7     7     0     1  -321.0  -30.235 -109.204   4382.5    598.1
     1     1    11     7     7     6     0     0  -322.0  -29.750 -109.754   4294.2    606.1
     1     1    11     7     7     5     0     1  -323.0  -29.285 -110.270   4210.1    612.4
     1     1    11     7     7     4     0     2  -324.0  -28.842 -110.739   4124.4    619.1
     1     1    11     7     7     3     0     3  -325.0  -28.426 -111.168   4043.7    626.3
     1     1    11     7     7     2     0     2  -326.0  -28.032 -111.557   3975.8    631.9
     1     1    11     7     7     1     0     1  -327.0  -27.659 -111.907   3918.6    636.3
     1     1    11     7     7     0     0     0  -328.0  -27.308 -112.216   3865.4    640.4
     1     1    11     7     6    23     0     1  -329.0  -26.972 -112.491   3814.0    644.9
     1     1    11     7     6    22     0     2  -330.0  -26.638 -112.738   3767.5    649.0
     1     1    11     7     6    21     0     3  -331.0  -26.300 -112.956   3728.5    652.4
     1     1    11     7     6    20     0     2  -332.0  -25.962 -113.139   3698.7    655.5
     1     1    11     7     6    19     0     1  -333.0  -25.634 -113.281   3670.9    657.5
     1     1    11     7     6    18     0     0  -334.0  -25.316 -113.378   3636.1    660.7
     1     1    11     7     6    17     0     1  -335.0  -25.011 -113.424   3589.4    664.0
     1     1    11     7     6    16     0     2  -336.0  -24.726 -113.422   3530.8    668.9
