     3     1
    GDAS    11     5     1     0     0
    GDAS    11     5     8     0     0
    GDAS    11     5    15     0     0
     1 BACKWARD OMEGA   
  2011     5    17    16   -8.890  -56.770  3048.0
     1 PRESSURE
     1     1    11     5    17    16     0     2     0.0   -8.890  -56.770   3048.0    691.0
     1     1    11     5    17    15     0     3    -1.0   -8.727  -56.819   3031.1    691.9
     1     1    11     5    17    14     0     2    -2.0   -8.569  -56.841   3023.9    688.6
     1     1    11     5    17    13     0     1    -3.0   -8.410  -56.843   3010.8    687.1
     1     1    11     5    17    12     0     0    -4.0   -8.245  -56.831   2993.1    685.9
     1     1    11     5    17    11     0     1    -5.0   -8.074  -56.823   2971.7    684.6
     1     1    11     5    17    10     0     2    -6.0   -7.903  -56.833   2948.8    686.4
     1     1    11     5    17     9     0     3    -7.0   -7.736  -56.857   2923.0    691.2
     1     1    11     5    17     8     0     2    -8.0   -7.575  -56.883   2895.9    696.4
     1     1    11     5    17     7     0     1    -9.0   -7.419  -56.900   2873.2    701.2
     1     1    11     5    17     6     0     0   -10.0   -7.263  -56.907   2860.8    705.0
     1     1    11     5    17     5     0     1   -11.0   -7.111  -56.907   2848.7    707.9
     1     1    11     5    17     4     0     2   -12.0   -6.967  -56.898   2823.9    712.5
     1     1    11     5    17     3     0     3   -13.0   -6.832  -56.880   2782.8    716.9
     1     1    11     5    17     2     0     2   -14.0   -6.704  -56.851   2732.5    722.5
     1     1    11     5    17     1     0     1   -15.0   -6.578  -56.817   2683.7    727.3
     1     1    11     5    17     0     0     0   -16.0   -6.453  -56.777   2640.4    731.6
     1     1    11     5    16    23     0     1   -17.0   -6.337  -56.728   2614.1    734.9
     1     1    11     5    16    22     0     2   -18.0   -6.233  -56.665   2613.5    734.9
     1     1    11     5    16    21     0     3   -19.0   -6.140  -56.591   2635.9    732.9
     1     1    11     5    16    20     0     2   -20.0   -6.049  -56.510   2662.3    729.6
     1     1    11     5    16    19     0     1   -21.0   -5.958  -56.428   2671.2    728.8
     1     1    11     5    16    18     0     0   -22.0   -5.866  -56.344   2654.2    729.6
     1     1    11     5    16    17     0     1   -23.0   -5.784  -56.250   2620.7    733.8
     1     1    11     5    16    16     0     2   -24.0   -5.718  -56.136   2588.7    737.0
     1     1    11     5    16    15     0     3   -25.0   -5.668  -56.001   2565.7    739.3
     1     1    11     5    16    14     0     2   -26.0   -5.630  -55.856   2538.7    738.8
     1     1    11     5    16    13     0     1   -27.0   -5.603  -55.711   2493.3    741.5
     1     1    11     5    16    12     0     0   -28.0   -5.586  -55.563   2431.1    745.8
     1     1    11     5    16    11     0     1   -29.0   -5.579  -55.415   2384.5    751.3
     1     1    11     5    16    10     0     2   -30.0   -5.586  -55.278   2383.6    749.9
     1     1    11     5    16     9     0     3   -31.0   -5.611  -55.157   2428.7    744.4
     1     1    11     5    16     8     0     2   -32.0   -5.651  -55.047   2481.3    735.2
     1     1    11     5    16     7     0     1   -33.0   -5.699  -54.935   2501.1    732.9
     1     1    11     5    16     6     0     0   -34.0   -5.755  -54.816   2486.5    734.4
     1     1    11     5    16     5     0     1   -35.0   -5.817  -54.688   2466.0    739.3
     1     1    11     5    16     4     0     2   -36.0   -5.886  -54.555   2469.9    739.9
     1     1    11     5    16     3     0     3   -37.0   -5.963  -54.420   2501.8    738.0
     1     1    11     5    16     2     0     2   -38.0   -6.049  -54.288   2542.7    733.2
     1     1    11     5    16     1     0     1   -39.0   -6.143  -54.163   2568.3    731.5
     1     1    11     5    16     0     0     0   -40.0   -6.244  -54.043   2577.4    731.2
     1     1    11     5    15    23     0     1   -41.0   -6.346  -53.928   2562.3    731.1
     1     1    11     5    15    22     0     2   -42.0   -6.444  -53.815   2525.9    733.5
     1     1    11     5    15    21     0     3   -43.0   -6.538  -53.703   2485.8    736.0
     1     1    11     5    15    20     0     2   -44.0   -6.630  -53.589   2447.5    737.6
     1     1    11     5    15    19     0     1   -45.0   -6.722  -53.468   2409.4    738.9
     1     1    11     5    15    18     0     0   -46.0   -6.818  -53.340   2372.7    740.2
     1     1    11     5    15    17     0     1   -47.0   -6.914  -53.208   2355.7    741.5
     1     1    11     5    15    16     0     2   -48.0   -7.005  -53.077   2368.4    738.0
     1     1    11     5    15    15     0     3   -49.0   -7.092  -52.951   2401.7    734.7
     1     1    11     5    15    14     0     2   -50.0   -7.172  -52.823   2440.9    731.5
     1     1    11     5    15    13     0     1   -51.0   -7.245  -52.687   2474.5    729.3
     1     1    11     5    15    12     0     0   -52.0   -7.313  -52.541   2500.2    727.7
     1     1    11     5    15    11     0     1   -53.0   -7.381  -52.402   2516.1    726.1
     1     1    11     5    15    10     0     2   -54.0   -7.453  -52.286   2522.6    725.4
     1     1    11     5    15     9     0     3   -55.0   -7.530  -52.192   2523.0    725.0
     1     1    11     5    15     8     0     2   -56.0   -7.611  -52.114   2522.7    725.5
     1     1    11     5    15     7     0     1   -57.0   -7.692  -52.049   2525.8    725.1
     1     1    11     5    15     6     0     0   -58.0   -7.775  -51.996   2531.0    724.5
     1     1    11     5    15     5     0     1   -59.0   -7.851  -51.949   2539.0    724.2
     1     1    11     5    15     4     0     2   -60.0   -7.913  -51.900   2549.9    723.4
     1     1    11     5    15     3     0     3   -61.0   -7.960  -51.848   2560.8    722.7
     1     1    11     5    15     2     0     2   -62.0   -8.003  -51.800   2567.1    721.7
     1     1    11     5    15     1     0     1   -63.0   -8.052  -51.763   2567.4    721.7
     1     1    11     5    15     0     0     0   -64.0   -8.107  -51.737   2564.0    721.8
     1     1    11     5    14    23     0     1   -65.0   -8.165  -51.721   2560.7    721.9
     1     1    11     5    14    22     0     2   -66.0   -8.224  -51.712   2561.3    721.5
     1     1    11     5    14    21     0     3   -67.0   -8.284  -51.711   2567.1    720.6
     1     1    11     5    14    20     0     2   -68.0   -8.345  -51.717   2589.2    719.5
     1     1    11     5    14    19     0     1   -69.0   -8.403  -51.735   2633.2    715.3
     1     1    11     5    14    18     0     0   -70.0   -8.457  -51.765   2689.0    710.2
     1     1    11     5    14    17     0     1   -71.0   -8.497  -51.799   2732.5    705.2
     1     1    11     5    14    16     0     2   -72.0   -8.515  -51.822   2751.3    704.5
     1     1    11     5    14    15     0     3   -73.0   -8.512  -51.833   2751.4    705.1
     1     1    11     5    14    14     0     2   -74.0   -8.499  -51.830   2741.0    706.7
     1     1    11     5    14    13     0     1   -75.0   -8.482  -51.813   2728.7    707.7
     1     1    11     5    14    12     0     0   -76.0   -8.461  -51.782   2715.3    708.8
     1     1    11     5    14    11     0     1   -77.0   -8.440  -51.746   2703.6    709.4
     1     1    11     5    14    10     0     2   -78.0   -8.419  -51.711   2696.3    709.5
     1     1    11     5    14     9     0     3   -79.0   -8.398  -51.680   2694.6    709.1
     1     1    11     5    14     8     0     2   -80.0   -8.379  -51.647   2697.4    708.7
     1     1    11     5    14     7     0     1   -81.0   -8.363  -51.609   2701.5    708.1
     1     1    11     5    14     6     0     0   -82.0   -8.352  -51.564   2704.0    707.7
     1     1    11     5    14     5     0     1   -83.0   -8.343  -51.512   2702.3    707.9
     1     1    11     5    14     4     0     2   -84.0   -8.335  -51.452   2695.6    708.6
     1     1    11     5    14     3     0     3   -85.0   -8.329  -51.382   2684.2    709.8
     1     1    11     5    14     2     0     2   -86.0   -8.323  -51.309   2669.5    711.0
     1     1    11     5    14     1     0     1   -87.0   -8.321  -51.240   2650.3    712.2
     1     1    11     5    14     0     0     0   -88.0   -8.323  -51.176   2620.8    714.3
     1     1    11     5    13    23     0     1   -89.0   -8.333  -51.119   2571.0    717.3
     1     1    11     5    13    22     0     2   -90.0   -8.351  -51.069   2497.1    723.3
     1     1    11     5    13    21     0     3   -91.0   -8.381  -51.025   2405.6    730.7
     1     1    11     5    13    20     0     2   -92.0   -8.416  -50.983   2311.9    739.9
     1     1    11     5    13    19     0     1   -93.0   -8.448  -50.941   2228.0    747.6
     1     1    11     5    13    18     0     0   -94.0   -8.474  -50.899   2151.8    754.5
     1     1    11     5    13    17     0     1   -95.0   -8.494  -50.846   2091.2    761.4
     1     1    11     5    13    16     0     2   -96.0   -8.508  -50.770   2053.9    765.9
     1     1    11     5    13    15     0     3   -97.0   -8.517  -50.674   2034.5    768.9
     1     1    11     5    13    14     0     2   -98.0   -8.530  -50.564   2016.1    770.8
     1     1    11     5    13    13     0     1   -99.0   -8.555  -50.441   1984.3    775.2
     1     1    11     5    13    12     0     0  -100.0   -8.592  -50.302   1936.7    781.5
     1     1    11     5    13    11     0     1  -101.0   -8.637  -50.145   1874.4    789.7
     1     1    11     5    13    10     0     2  -102.0   -8.690  -49.970   1799.3    798.9
     1     1    11     5    13     9     0     3  -103.0   -8.752  -49.783   1725.6    806.8
     1     1    11     5    13     8     0     2  -104.0   -8.816  -49.592   1681.1    811.8
     1     1    11     5    13     7     0     1  -105.0   -8.879  -49.403   1680.0    811.3
     1     1    11     5    13     6     0     0  -106.0   -8.943  -49.220   1727.2    806.0
     1     1    11     5    13     5     0     1  -107.0   -9.012  -49.046   1776.1    796.1
     1     1    11     5    13     4     0     2  -108.0   -9.082  -48.881   1763.4    796.3
     1     1    11     5    13     3     0     3  -109.0   -9.151  -48.723   1685.0    805.1
     1     1    11     5    13     2     0     2  -110.0   -9.222  -48.561   1596.3    818.3
     1     1    11     5    13     1     0     1  -111.0   -9.305  -48.385   1541.9    823.8
     1     1    11     5    13     0     0     0  -112.0   -9.404  -48.201   1525.1    825.4
     1     1    11     5    12    23     0     1  -113.0   -9.514  -48.021   1519.4    822.0
     1     1    11     5    12    22     0     2  -114.0   -9.633  -47.860   1497.0    821.1
     1     1    11     5    12    21     0     3  -115.0   -9.760  -47.723   1465.5    822.2
     1     1    11     5    12    20     0     2  -116.0   -9.883  -47.599   1426.4    824.7
     1     1    11     5    12    19     0     1  -117.0   -9.989  -47.479   1374.7    829.2
     1     1    11     5    12    18     0     0  -118.0  -10.073  -47.360   1312.3    834.8
     1     1    11     5    12    17     0     1  -119.0  -10.147  -47.240   1260.8    840.7
     1     1    11     5    12    16     0     2  -120.0  -10.226  -47.115   1234.5    842.1
     1     1    11     5    12    15     0     3  -121.0  -10.315  -46.989   1229.9    840.8
     1     1    11     5    12    14     0     2  -122.0  -10.401  -46.859   1238.4    835.4
     1     1    11     5    12    13     0     1  -123.0  -10.469  -46.726   1255.3    830.1
     1     1    11     5    12    12     0     0  -124.0  -10.519  -46.593   1281.1    824.3
     1     1    11     5    12    11     0     1  -125.0  -10.565  -46.463   1306.2    816.8
     1     1    11     5    12    10     0     2  -126.0  -10.623  -46.337   1325.1    811.0
     1     1    11     5    12     9     0     3  -127.0  -10.690  -46.215   1345.9    805.0
     1     1    11     5    12     8     0     2  -128.0  -10.755  -46.090   1378.1    798.8
     1     1    11     5    12     7     0     1  -129.0  -10.808  -45.954   1426.3    792.2
     1     1    11     5    12     6     0     0  -130.0  -10.850  -45.801   1485.2    787.9
     1     1    11     5    12     5     0     1  -131.0  -10.894  -45.638   1538.4    784.1
     1     1    11     5    12     4     0     2  -132.0  -10.947  -45.465   1574.0    783.0
     1     1    11     5    12     3     0     3  -133.0  -11.004  -45.267   1585.3    784.7
     1     1    11     5    12     2     0     2  -134.0  -11.067  -45.052   1582.6    790.1
     1     1    11     5    12     1     0     1  -135.0  -11.139  -44.850   1578.5    792.1
     1     1    11     5    12     0     0     0  -136.0  -11.220  -44.665   1574.8    792.8
     1     1    11     5    11    23     0     1  -137.0  -11.305  -44.493   1571.1    792.4
     1     1    11     5    11    22     0     2  -138.0  -11.389  -44.332   1570.7    791.9
     1     1    11     5    11    21     0     3  -139.0  -11.473  -44.176   1581.4    789.8
     1     1    11     5    11    20     0     2  -140.0  -11.559  -44.033   1604.8    786.4
     1     1    11     5    11    19     0     1  -141.0  -11.653  -43.917   1635.9    782.5
     1     1    11     5    11    18     0     0  -142.0  -11.756  -43.831   1671.6    778.5
     1     1    11     5    11    17     0     1  -143.0  -11.861  -43.748   1711.4    774.3
     1     1    11     5    11    16     0     2  -144.0  -11.958  -43.644   1751.9    770.4
     1     1    11     5    11    15     0     3  -145.0  -12.046  -43.526   1793.1    767.4
     1     1    11     5    11    14     0     2  -146.0  -12.124  -43.411   1830.9    764.3
     1     1    11     5    11    13     0     1  -147.0  -12.195  -43.312   1861.8    761.9
     1     1    11     5    11    12     0     0  -148.0  -12.262  -43.225   1885.9    759.8
     1     1    11     5    11    11     0     1  -149.0  -12.322  -43.147   1911.9    757.4
     1     1    11     5    11    10     0     2  -150.0  -12.371  -43.080   1948.6    753.3
     1     1    11     5    11     9     0     3  -151.0  -12.408  -43.023   1996.5    748.1
     1     1    11     5    11     8     0     2  -152.0  -12.434  -42.982   2050.5    742.1
     1     1    11     5    11     7     0     1  -153.0  -12.454  -42.959   2107.4    736.1
     1     1    11     5    11     6     0     0  -154.0  -12.467  -42.954   2168.9    730.5
     1     1    11     5    11     5     0     1  -155.0  -12.474  -42.960   2226.6    725.2
     1     1    11     5    11     4     0     2  -156.0  -12.476  -42.972   2270.3    722.0
     1     1    11     5    11     3     0     3  -157.0  -12.474  -42.988   2298.7    720.4
     1     1    11     5    11     2     0     2  -158.0  -12.476  -43.004   2304.0    719.7
     1     1    11     5    11     1     0     1  -159.0  -12.488  -43.011   2276.9    721.8
     1     1    11     5    11     0     0     0  -160.0  -12.515  -43.007   2212.5    726.8
     1     1    11     5    10    23     0     1  -161.0  -12.552  -42.986   2102.9    735.0
     1     1    11     5    10    22     0     2  -162.0  -12.590  -42.942   1944.6    746.4
     1     1    11     5    10    21     0     3  -163.0  -12.630  -42.874   1726.1    762.6
     1     1    11     5    10    20     0     2  -164.0  -12.671  -42.790   1501.9    785.0
     1     1    11     5    10    19     0     1  -165.0  -12.706  -42.706   1339.6    797.0
     1     1    11     5    10    18     0     0  -166.0  -12.730  -42.626   1235.9    802.9
     1     1    11     5    10    17     0     1  -167.0  -12.749  -42.542   1176.9    804.9
     1     1    11     5    10    16     0     2  -168.0  -12.768  -42.445   1152.2    803.6
     1     1    11     5    10    15     0     3  -169.0  -12.785  -42.339   1156.3    799.1
     1     1    11     5    10    14     0     2  -170.0  -12.799  -42.232   1179.8    792.3
     1     1    11     5    10    13     0     1  -171.0  -12.808  -42.133   1216.4    785.1
     1     1    11     5    10    12     0     0  -172.0  -12.808  -42.049   1263.7    777.6
     1     1    11     5    10    11     0     1  -173.0  -12.800  -41.973   1320.4    771.2
     1     1    11     5    10    10     0     2  -174.0  -12.787  -41.893   1383.2    768.6
     1     1    11     5    10     9     0     3  -175.0  -12.771  -41.803   1445.2    766.5
     1     1    11     5    10     8     0     2  -176.0  -12.752  -41.709   1493.5    765.3
     1     1    11     5    10     7     0     1  -177.0  -12.731  -41.616   1520.0    767.2
     1     1    11     5    10     6     0     0  -178.0  -12.708  -41.521   1528.3    770.7
     1     1    11     5    10     5     0     1  -179.0  -12.690  -41.420   1519.3    776.1
     1     1    11     5    10     4     0     2  -180.0  -12.682  -41.310   1490.8    783.7
     1     1    11     5    10     3     0     3  -181.0  -12.687  -41.189   1437.7    794.4
     1     1    11     5    10     2     0     2  -182.0  -12.705  -41.062   1363.7    807.9
     1     1    11     5    10     1     0     1  -183.0  -12.738  -40.941   1282.8    820.1
     1     1    11     5    10     0     0     0  -184.0  -12.787  -40.829   1210.5    829.3
     1     1    11     5     9    23     0     1  -185.0  -12.845  -40.719   1152.4    835.1
     1     1    11     5     9    22     0     2  -186.0  -12.904  -40.605   1110.5    839.7
     1     1    11     5     9    21     0     3  -187.0  -12.964  -40.496   1093.2    841.1
     1     1    11     5     9    20     0     2  -188.0  -13.027  -40.392   1091.1    840.2
     1     1    11     5     9    19     0     1  -189.0  -13.095  -40.290   1085.3    840.7
     1     1    11     5     9    18     0     0  -190.0  -13.167  -40.186   1061.5    843.3
     1     1    11     5     9    17     0     1  -191.0  -13.246  -40.081   1046.1    849.6
     1     1    11     5     9    16     0     2  -192.0  -13.335  -39.978   1070.4    850.0
     1     1    11     5     9    15     0     3  -193.0  -13.431  -39.880   1129.3    850.1
     1     1    11     5     9    14     0     2  -194.0  -13.530  -39.782   1192.0    847.1
     1     1    11     5     9    13     0     1  -195.0  -13.632  -39.681   1235.8    848.5
     1     1    11     5     9    12     0     0  -196.0  -13.746  -39.574   1265.2    851.5
     1     1    11     5     9    11     0     1  -197.0  -13.884  -39.462   1285.6    854.9
     1     1    11     5     9    10     0     2  -198.0  -14.054  -39.342   1301.6    858.2
     1     1    11     5     9     9     0     3  -199.0  -14.247  -39.217   1318.4    860.1
     1     1    11     5     9     8     0     2  -200.0  -14.451  -39.096   1342.8    861.4
     1     1    11     5     9     7     0     1  -201.0  -14.653  -38.985   1370.8    860.8
     1     1    11     5     9     6     0     0  -202.0  -14.851  -38.884   1388.8    858.7
     1     1    11     5     9     5     0     1  -203.0  -15.041  -38.790   1390.8    859.2
     1     1    11     5     9     4     0     2  -204.0  -15.227  -38.699   1381.2    861.2
     1     1    11     5     9     3     0     3  -205.0  -15.411  -38.608   1365.1    863.5
     1     1    11     5     9     2     0     2  -206.0  -15.596  -38.513   1345.8    866.1
     1     1    11     5     9     1     0     1  -207.0  -15.783  -38.419   1325.6    868.5
     1     1    11     5     9     0     0     0  -208.0  -15.971  -38.324   1304.8    871.1
     1     1    11     5     8    23     0     1  -209.0  -16.160  -38.237   1294.9    873.4
     1     1    11     5     8    22     0     2  -210.0  -16.344  -38.165   1305.8    872.3
     1     1    11     5     8    21     0     3  -211.0  -16.518  -38.113   1336.3    869.1
     1     1    11     5     8    20     0     2  -212.0  -16.675  -38.074   1373.5    864.4
     1     1    11     5     8    19     0     1  -213.0  -16.813  -38.042   1404.2    861.3
     1     1    11     5     8    18     0     0  -214.0  -16.937  -38.017   1424.9    859.2
     1     1    11     5     8    17     0     1  -215.0  -17.048  -37.993   1435.1    858.7
     1     1    11     5     8    16     0     2  -216.0  -17.148  -37.964   1437.6    859.0
     1     1    11     5     8    15     0     3  -217.0  -17.239  -37.929   1435.3    859.7
     1     1    11     5     8    14     0     2  -218.0  -17.331  -37.885   1439.9    860.5
     1     1    11     5     8    13     0     1  -219.0  -17.429  -37.826   1458.5    858.7
     1     1    11     5     8    12     0     0  -220.0  -17.533  -37.752   1486.0    856.1
     1     1    11     5     8    11     0     1  -221.0  -17.647  -37.671   1510.2    852.2
     1     1    11     5     8    10     0     2  -222.0  -17.774  -37.594   1524.1    850.6
     1     1    11     5     8     9     0     3  -223.0  -17.916  -37.522   1532.9    849.6
     1     1    11     5     8     8     0     2  -224.0  -18.068  -37.452   1542.6    848.8
     1     1    11     5     8     7     0     1  -225.0  -18.230  -37.382   1553.5    847.4
     1     1    11     5     8     6     0     0  -226.0  -18.400  -37.312   1562.7    846.2
     1     1    11     5     8     5     0     1  -227.0  -18.581  -37.244   1576.5    845.9
     1     1    11     5     8     4     0     2  -228.0  -18.770  -37.180   1604.3    843.5
     1     1    11     5     8     3     0     3  -229.0  -18.963  -37.123   1650.2    839.4
     1     1    11     5     8     2     0     2  -230.0  -19.161  -37.080   1702.1    833.0
     1     1    11     5     8     1     0     1  -231.0  -19.371  -37.055   1745.7    828.9
     1     1    11     5     8     0     0     0  -232.0  -19.593  -37.048   1781.0    825.7
     1     1    11     5     7    23     0     1  -233.0  -19.819  -37.053   1807.5    822.8
     1     1    11     5     7    22     0     2  -234.0  -20.044  -37.065   1826.3    820.8
     1     1    11     5     7    21     0     3  -235.0  -20.271  -37.083   1844.1    819.4
     1     1    11     5     7    20     0     2  -236.0  -20.497  -37.120   1865.2    817.2
     1     1    11     5     7    19     0     1  -237.0  -20.725  -37.182   1891.0    814.9
     1     1    11     5     7    18     0     0  -238.0  -20.960  -37.262   1926.6    811.5
     1     1    11     5     7    17     0     1  -239.0  -21.189  -37.350   1957.1    807.0
     1     1    11     5     7    16     0     2  -240.0  -21.405  -37.437   1969.1    806.4
     1     1    11     5     7    15     0     3  -241.0  -21.613  -37.527   1972.4    806.7
     1     1    11     5     7    14     0     2  -242.0  -21.824  -37.624   1962.9    807.0
     1     1    11     5     7    13     0     1  -243.0  -22.051  -37.734   1932.3    810.2
     1     1    11     5     7    12     0     0  -244.0  -22.300  -37.857   1886.0    815.6
     1     1    11     5     7    11     0     1  -245.0  -22.555  -37.988   1847.9    820.8
     1     1    11     5     7    10     0     2  -246.0  -22.799  -38.130   1830.6    821.5
     1     1    11     5     7     9     0     3  -247.0  -23.030  -38.287   1827.0    821.2
     1     1    11     5     7     8     0     2  -248.0  -23.253  -38.460   1830.4    820.2
     1     1    11     5     7     7     0     1  -249.0  -23.474  -38.647   1839.7    819.6
     1     1    11     5     7     6     0     0  -250.0  -23.694  -38.848   1864.4    817.6
     1     1    11     5     7     5     0     1  -251.0  -23.903  -39.061   1903.9    813.3
     1     1    11     5     7     4     0     2  -252.0  -24.092  -39.288   1945.6    808.9
     1     1    11     5     7     3     0     3  -253.0  -24.271  -39.534   1976.4    805.2
     1     1    11     5     7     2     0     2  -254.0  -24.446  -39.798   1996.7    804.2
     1     1    11     5     7     1     0     1  -255.0  -24.620  -40.080   2018.5    802.4
     1     1    11     5     7     0     0     0  -256.0  -24.792  -40.380   2046.6    800.1
     1     1    11     5     6    23     0     1  -257.0  -24.956  -40.687   2072.8    796.0
     1     1    11     5     6    22     0     2  -258.0  -25.117  -40.993   2086.0    794.2
     1     1    11     5     6    21     0     3  -259.0  -25.280  -41.302   2089.2    793.6
     1     1    11     5     6    20     0     2  -260.0  -25.441  -41.622   2095.9    793.9
     1     1    11     5     6    19     0     1  -261.0  -25.604  -41.958   2118.8    792.0
     1     1    11     5     6    18     0     0  -262.0  -25.768  -42.310   2164.6    787.9
     1     1    11     5     6    17     0     1  -263.0  -25.928  -42.684   2220.0    781.4
     1     1    11     5     6    16     0     2  -264.0  -26.095  -43.077   2259.8    777.1
     1     1    11     5     6    15     0     3  -265.0  -26.271  -43.487   2273.1    775.7
     1     1    11     5     6    14     0     2  -266.0  -26.448  -43.910   2279.7    777.3
     1     1    11     5     6    13     0     1  -267.0  -26.617  -44.341   2298.2    775.2
     1     1    11     5     6    12     0     0  -268.0  -26.776  -44.783   2323.0    772.8
     1     1    11     5     6    11     0     1  -269.0  -26.914  -45.232   2350.0    769.4
     1     1    11     5     6    10     0     2  -270.0  -27.024  -45.683   2384.6    766.4
     1     1    11     5     6     9     0     3  -271.0  -27.107  -46.147   2438.4    761.2
     1     1    11     5     6     8     0     2  -272.0  -27.176  -46.616   2493.3    754.1
     1     1    11     5     6     7     0     1  -273.0  -27.242  -47.080   2527.5    751.1
     1     1    11     5     6     6     0     0  -274.0  -27.308  -47.536   2536.8    749.9
     1     1    11     5     6     5     0     1  -275.0  -27.375  -47.981   2524.0    751.8
     1     1    11     5     6     4     0     2  -276.0  -27.442  -48.419   2484.7    743.0
     1     1    11     5     6     3     0     3  -277.0  -27.508  -48.861   2434.6    733.1
     1     1    11     5     6     2     0     2  -278.0  -27.569  -49.316   2392.5    717.3
     1     1    11     5     6     1     0     1  -279.0  -27.615  -49.791   2383.1    691.0
     1     1    11     5     6     0     0     0  -280.0  -27.638  -50.293   2410.6    677.9
     1     1    11     5     5    23     0     1  -281.0  -27.640  -50.796   2451.7    679.4
     1     1    11     5     5    22     0     2  -282.0  -27.619  -51.275   2480.6    682.3
     1     1    11     5     5    21     0     3  -283.0  -27.564  -51.728   2486.2    687.4
     1     1    11     5     5    20     0     2  -284.0  -27.484  -52.154   2483.1    695.6
     1     1    11     5     5    19     0     1  -285.0  -27.394  -52.551   2492.0    704.9
     1     1    11     5     5    18     0     0  -286.0  -27.288  -52.921   2510.1    714.5
     1     1    11     5     5    17     0     1  -287.0  -27.174  -53.274   2519.1    719.0
     1     1    11     5     5    16     0     2  -288.0  -27.064  -53.620   2516.7    723.0
     1     1    11     5     5    15     0     3  -289.0  -26.950  -53.960   2510.4    726.1
     1     1    11     5     5    14     0     2  -290.0  -26.834  -54.287   2509.0    727.7
     1     1    11     5     5    13     0     1  -291.0  -26.723  -54.596   2517.7    728.7
     1     1    11     5     5    12     0     0  -292.0  -26.614  -54.885   2536.1    729.5
     1     1    11     5     5    11     0     3  -293.0  -26.508  -55.165   2562.5    729.3
     1     1    11     5     5    10     0     6  -294.0  -26.410  -55.443   2595.1    728.3
     1     1    11     5     5     9     0     9  -295.0  -26.321  -55.714   2633.5    726.3
     1     1    11     5     5     8     0     8  -296.0  -26.234  -55.975   2673.7    724.3
     1     1    11     5     5     7     0     7  -297.0  -26.144  -56.223   2707.2    721.3
     1     1    11     5     5     6     0     6  -298.0  -26.052  -56.463   2728.6    719.6
     1     1    11     5     5     5     0     5  -299.0  -25.955  -56.693   2740.2    719.6
     1     1    11     5     5     4     0     4  -300.0  -25.851  -56.912   2747.0    720.9
     1     1    11     5     5     3     0     3  -301.0  -25.741  -57.123   2752.0    723.1
     1     1    11     5     5     2     0     2  -302.0  -25.633  -57.323   2764.6    724.5
     1     1    11     5     5     1     0     1  -303.0  -25.532  -57.514   2790.9    723.4
     1     1    11     5     5     0     0     0  -304.0  -25.434  -57.695   2827.1    721.0
     1     1    11     5     4    23     0     1  -305.0  -25.338  -57.865   2868.0    717.7
     1     1    11     5     4    22     0     2  -306.0  -25.241  -58.023   2909.7    714.2
     1     1    11     5     4    21     0     3  -307.0  -25.143  -58.171   2951.1    710.4
     1     1    11     5     4    20     0     2  -308.0  -25.051  -58.312   2991.6    707.0
     1     1    11     5     4    19     0     1  -309.0  -24.972  -58.450   3029.6    703.7
     1     1    11     5     4    18     0     0  -310.0  -24.904  -58.587   3062.2    700.8
     1     1    11     5     4    17     0     1  -311.0  -24.833  -58.721   3086.3    698.8
     1     1    11     5     4    16     0     2  -312.0  -24.750  -58.851   3102.3    697.7
     1     1    11     5     4    15     0     3  -313.0  -24.656  -58.974   3115.1    696.8
     1     1    11     5     4    14     0     2  -314.0  -24.560  -59.095   3126.9    695.2
     1     1    11     5     4    13     0     1  -315.0  -24.468  -59.219   3136.0    693.7
     1     1    11     5     4    12     0     0  -316.0  -24.377  -59.344   3139.1    692.7
     1     1    11     5     4    11     0     3  -317.0  -24.278  -59.469   3140.4    692.1
     1     1    11     5     4    10     0     6  -318.0  -24.159  -59.588   3145.1    690.7
     1     1    11     5     4     9     0     9  -319.0  -24.016  -59.699   3152.3    689.0
     1     1    11     5     4     8     0     8  -320.0  -23.856  -59.805   3160.0    688.0
     1     1    11     5     4     7     0     7  -321.0  -23.687  -59.913   3166.6    687.3
     1     1    11     5     4     6     0     6  -322.0  -23.507  -60.019   3172.8    686.7
     1     1    11     5     4     5     0     5  -323.0  -23.319  -60.121   3178.6    686.2
     1     1    11     5     4     4     0     4  -324.0  -23.126  -60.218   3182.3    685.7
     1     1    11     5     4     3     0     3  -325.0  -22.926  -60.308   3182.3    685.5
     1     1    11     5     4     2     0     2  -326.0  -22.719  -60.393   3181.8    685.7
     1     1    11     5     4     1     0     1  -327.0  -22.510  -60.475   3187.3    685.0
     1     1    11     5     4     0     0     0  -328.0  -22.301  -60.552   3202.1    683.7
     1     1    11     5     3    23     0     1  -329.0  -22.104  -60.619   3220.7    681.0
     1     1    11     5     3    22     0     2  -330.0  -21.935  -60.673   3235.9    679.1
     1     1    11     5     3    21     0     3  -331.0  -21.798  -60.713   3247.6    677.4
     1     1    11     5     3    20     0     2  -332.0  -21.686  -60.750   3258.1    676.5
     1     1    11     5     3    19     0     1  -333.0  -21.589  -60.790   3268.7    675.4
     1     1    11     5     3    18     0     0  -334.0  -21.508  -60.833   3278.6    674.4
     1     1    11     5     3    17     0     1  -335.0  -21.436  -60.876   3299.1    673.6
     1     1    11     5     3    16     0     2  -336.0  -21.368  -60.913   3342.1    670.0
