     3     1
    GDAS    11     1     8     0     0
    GDAS    11     1    15     0     0
    GDAS    11     1    22     0     0
     1 BACKWARD OMEGA   
  2011     1    24    16   -8.910  -56.760   914.4
     1 PRESSURE
     1     1    11     1    24    16     0     2     0.0   -8.910  -56.760    914.4    888.4
     1     1    11     1    24    15     0     3    -1.0   -8.887  -56.716    928.9    887.4
     1     1    11     1    24    14     0     2    -2.0   -8.868  -56.654    946.6    883.6
     1     1    11     1    24    13     0     1    -3.0   -8.851  -56.587    957.5    881.5
     1     1    11     1    24    12     0     0    -4.0   -8.834  -56.514    961.5    880.1
     1     1    11     1    24    11     0     3    -5.0   -8.817  -56.449    963.2    878.8
     1     1    11     1    24    10     0     6    -6.0   -8.803  -56.405    966.2    877.1
     1     1    11     1    24     9     0     9    -7.0   -8.792  -56.383    968.7    875.8
     1     1    11     1    24     8     0     8    -8.0   -8.771  -56.375    970.2    875.3
     1     1    11     1    24     7     0     7    -9.0   -8.726  -56.374    968.7    874.9
     1     1    11     1    24     6     0     6   -10.0   -8.659  -56.380    965.9    874.4
     1     1    11     1    24     5     0     5   -11.0   -8.579  -56.389    949.3    873.6
     1     1    11     1    24     4     0     4   -12.0   -8.490  -56.396    907.3    876.9
     1     1    11     1    24     3     0     3   -13.0   -8.386  -56.404    844.7    882.2
     1     1    11     1    24     2     0     2   -14.0   -8.266  -56.418    785.4    887.9
     1     1    11     1    24     1     0     1   -15.0   -8.139  -56.440    750.9    889.2
     1     1    11     1    24     0     0     0   -16.0   -8.012  -56.470    742.8    887.7
     1     1    11     1    23    23     0     1   -17.0   -7.897  -56.494    731.3    887.0
     1     1    11     1    23    22     0     2   -18.0   -7.800  -56.506    685.2    893.3
     1     1    11     1    23    21     0     3   -19.0   -7.720  -56.506    613.4    902.6
     1     1    11     1    23    20     0     2   -20.0   -7.654  -56.499    544.3    913.4
     1     1    11     1    23    19     0     1   -21.0   -7.605  -56.488    493.9    919.7
     1     1    11     1    23    18     0     0   -22.0   -7.572  -56.475    455.2    924.7
     1     1    11     1    23    17     0     1   -23.0   -7.545  -56.454    421.7    929.2
     1     1    11     1    23    16     0     2   -24.0   -7.513  -56.424    390.1    933.5
     1     1    11     1    23    15     0     3   -25.0   -7.478  -56.384    361.1    937.7
     1     1    11     1    23    14     0     2   -26.0   -7.447  -56.339    341.9    940.6
     1     1    11     1    23    13     0     1   -27.0   -7.426  -56.292    337.8    940.9
     1     1    11     1    23    12     0     0   -28.0   -7.415  -56.243    347.9    939.4
     1     1    11     1    23    11     0     1   -29.0   -7.405  -56.199    364.7    936.3
     1     1    11     1    23    10     0     2   -30.0   -7.388  -56.170    380.3    934.4
     1     1    11     1    23     9     0     3   -31.0   -7.363  -56.154    395.1    932.9
     1     1    11     1    23     8     0     2   -32.0   -7.333  -56.150    408.2    932.1
     1     1    11     1    23     7     0     1   -33.0   -7.299  -56.154    418.4    931.8
     1     1    11     1    23     6     0     0   -34.0   -7.262  -56.165    425.3    931.9
     1     1    11     1    23     5     0     1   -35.0   -7.218  -56.183    431.0    932.8
     1     1    11     1    23     4     0     2   -36.0   -7.163  -56.204    438.2    933.5
     1     1    11     1    23     3     0     3   -37.0   -7.097  -56.229    446.8    934.3
     1     1    11     1    23     2     0     2   -38.0   -7.022  -56.262    458.1    934.7
     1     1    11     1    23     1     0     1   -39.0   -6.942  -56.304    474.8    934.0
     1     1    11     1    23     0     0     0   -40.0   -6.860  -56.356    499.6    932.3
     1     1    11     1    22    23     0     1   -41.0   -6.775  -56.415    530.5    929.1
     1     1    11     1    22    22     0     2   -42.0   -6.688  -56.483    563.1    926.1
     1     1    11     1    22    21     0     3   -43.0   -6.599  -56.558    597.0    923.2
     1     1    11     1    22    20     0     2   -44.0   -6.508  -56.634    635.0    921.4
     1     1    11     1    22    19     0     1   -45.0   -6.415  -56.700    679.4    918.1
     1     1    11     1    22    18     0     0   -46.0   -6.322  -56.756    729.9    914.2
     1     1    11     1    22    17     0     1   -47.0   -6.216  -56.806    787.2    909.6
     1     1    11     1    22    16     0     2   -48.0   -6.087  -56.855    856.8    904.4
     1     1    11     1    22    15     0     3   -49.0   -5.930  -56.902    945.3    896.3
     1     1    11     1    22    14     0     2   -50.0   -5.755  -56.930   1018.9    884.8
     1     1    11     1    22    13     0     1   -51.0   -5.571  -56.923   1049.5    882.1
     1     1    11     1    22    12     0     0   -52.0   -5.379  -56.885   1057.5    882.0
     1     1    11     1    22    11     0     1   -53.0   -5.186  -56.827   1071.3    881.0
     1     1    11     1    22    10     0     2   -54.0   -4.996  -56.758   1099.2    876.3
     1     1    11     1    22     9     0     3   -55.0   -4.807  -56.680   1129.3    872.0
     1     1    11     1    22     8     0     2   -56.0   -4.621  -56.604   1162.5    870.0
     1     1    11     1    22     7     0     1   -57.0   -4.442  -56.540   1207.6    866.2
     1     1    11     1    22     6     0     0   -58.0   -4.273  -56.487   1268.8    861.1
     1     1    11     1    22     5     0     1   -59.0   -4.112  -56.434   1335.5    854.3
     1     1    11     1    22     4     0     2   -60.0   -3.952  -56.374   1391.0    849.8
     1     1    11     1    22     3     0     3   -61.0   -3.788  -56.307   1430.1    846.7
     1     1    11     1    22     2     0     2   -62.0   -3.626  -56.245   1471.2    845.0
     1     1    11     1    22     1     0     1   -63.0   -3.476  -56.198   1539.4    838.8
     1     1    11     1    22     0     0     0   -64.0   -3.346  -56.170   1644.3    829.0
     1     1    11     1    21    23     0     1   -65.0   -3.237  -56.166   1774.7    814.6
     1     1    11     1    21    22     0     2   -66.0   -3.144  -56.184   1911.2    801.3
     1     1    11     1    21    21     0     3   -67.0   -3.061  -56.215   2052.0    787.7
     1     1    11     1    21    20     0     2   -68.0   -2.986  -56.246   2190.6    775.0
     1     1    11     1    21    19     0     1   -69.0   -2.918  -56.270   2312.7    763.6
     1     1    11     1    21    18     0     0   -70.0   -2.859  -56.293   2406.4    755.1
     1     1    11     1    21    17     0     1   -71.0   -2.803  -56.308   2456.2    749.9
     1     1    11     1    21    16     0     2   -72.0   -2.741  -56.312   2457.5    750.8
     1     1    11     1    21    15     0     3   -73.0   -2.666  -56.301   2421.1    754.9
     1     1    11     1    21    14     0     2   -74.0   -2.573  -56.286   2378.4    761.3
     1     1    11     1    21    13     0     1   -75.0   -2.467  -56.283   2360.0    763.4
     1     1    11     1    21    12     0     0   -76.0   -2.351  -56.295   2369.0    762.7
     1     1    11     1    21    11     0     1   -77.0   -2.225  -56.322   2395.1    758.8
     1     1    11     1    21    10     0     2   -78.0   -2.088  -56.364   2431.6    755.2
     1     1    11     1    21     9     0     3   -79.0   -1.948  -56.416   2473.5    749.5
     1     1    11     1    21     8     0     2   -80.0   -1.812  -56.474   2495.5    744.4
     1     1    11     1    21     7     0     1   -81.0   -1.682  -56.537   2489.4    744.2
     1     1    11     1    21     6     0     0   -82.0   -1.550  -56.602   2467.6    745.4
     1     1    11     1    21     5     0     1   -83.0   -1.412  -56.659   2465.5    747.6
     1     1    11     1    21     4     0     2   -84.0   -1.268  -56.703   2504.9    742.8
     1     1    11     1    21     3     0     3   -85.0   -1.118  -56.738   2572.2    735.7
     1     1    11     1    21     2     0     2   -86.0   -0.961  -56.773   2632.0    726.9
     1     1    11     1    21     1     0     1   -87.0   -0.799  -56.816   2662.3    724.0
     1     1    11     1    21     0     0     0   -88.0   -0.634  -56.864   2671.6    722.8
     1     1    11     1    20    23     0     1   -89.0   -0.479  -56.913   2677.1    722.8
     1     1    11     1    20    22     0     2   -90.0   -0.345  -56.963   2697.5    720.9
     1     1    11     1    20    21     0     3   -91.0   -0.228  -57.014   2739.9    716.9
     1     1    11     1    20    20     0     2   -92.0   -0.122  -57.061   2778.4    710.6
     1     1    11     1    20    19     0     1   -93.0   -0.020  -57.105   2783.6    709.6
     1     1    11     1    20    18     0     0   -94.0    0.083  -57.148   2757.3    711.7
     1     1    11     1    20    17     0     1   -95.0    0.181  -57.185   2720.5    716.7
     1     1    11     1    20    16     0     2   -96.0    0.267  -57.211   2689.5    719.3
     1     1    11     1    20    15     0     3   -97.0    0.341  -57.228   2660.4    721.9
     1     1    11     1    20    14     0     2   -98.0    0.415  -57.236   2637.6    723.8
     1     1    11     1    20    13     0     1   -99.0    0.495  -57.235   2625.9    724.2
     1     1    11     1    20    12     0     0  -100.0    0.580  -57.226   2621.9    723.8
     1     1    11     1    20    11     0     1  -101.0    0.674  -57.208   2630.1    723.2
     1     1    11     1    20    10     0     2  -102.0    0.782  -57.182   2656.3    720.5
     1     1    11     1    20     9     0     3  -103.0    0.902  -57.153   2700.1    716.2
     1     1    11     1    20     8     0     2  -104.0    1.027  -57.121   2744.3    710.6
     1     1    11     1    20     7     0     1  -105.0    1.150  -57.087   2773.6    707.5
     1     1    11     1    20     6     0     0  -106.0    1.271  -57.049   2788.7    705.4
     1     1    11     1    20     5     0     1  -107.0    1.393  -57.008   2796.4    705.0
     1     1    11     1    20     4     0     2  -108.0    1.517  -56.961   2807.0    703.7
     1     1    11     1    20     3     0     3  -109.0    1.637  -56.906   2826.2    701.6
     1     1    11     1    20     2     0     2  -110.0    1.756  -56.845   2850.5    697.9
     1     1    11     1    20     1     0     1  -111.0    1.885  -56.775   2871.8    694.7
     1     1    11     1    20     0     0     0  -112.0    2.028  -56.695   2884.7    692.3
     1     1    11     1    19    23     0     1  -113.0    2.176  -56.610   2869.7    692.2
     1     1    11     1    19    22     0     2  -114.0    2.320  -56.524   2820.2    696.8
     1     1    11     1    19    21     0     3  -115.0    2.461  -56.439   2748.2    703.1
     1     1    11     1    19    20     0     2  -116.0    2.605  -56.355   2685.4    710.8
     1     1    11     1    19    19     0     1  -117.0    2.752  -56.270   2664.3    713.0
     1     1    11     1    19    18     0     0  -118.0    2.900  -56.183   2699.0    710.5
     1     1    11     1    19    17     0     1  -119.0    3.020  -56.086   2753.6    702.0
     1     1    11     1    19    16     0     2  -120.0    3.081  -55.978   2779.9    699.5
     1     1    11     1    19    15     0     3  -121.0    3.086  -55.855   2766.0    701.7
     1     1    11     1    19    14     0     2  -122.0    3.062  -55.719   2743.6    706.3
     1     1    11     1    19    13     0     1  -123.0    3.029  -55.570   2747.1    705.6
     1     1    11     1    19    12     0     0  -124.0    2.987  -55.407   2775.5    702.9
     1     1    11     1    19    11     0     1  -125.0    2.953  -55.229   2809.9    698.7
     1     1    11     1    19    10     0     2  -126.0    2.950  -55.035   2833.9    697.1
     1     1    11     1    19     9     0     3  -127.0    2.979  -54.826   2852.7    697.8
     1     1    11     1    19     8     0     2  -128.0    3.025  -54.609   2868.9    699.7
     1     1    11     1    19     7     0     1  -129.0    3.071  -54.389   2884.5    701.6
     1     1    11     1    19     6     0     0  -130.0    3.115  -54.167   2900.5    703.2
     1     1    11     1    19     5     0     1  -131.0    3.146  -53.946   2919.6    703.8
     1     1    11     1    19     4     0     2  -132.0    3.156  -53.729   2936.7    699.3
     1     1    11     1    19     3     0     3  -133.0    3.146  -53.516   2951.4    695.5
     1     1    11     1    19     2     0     2  -134.0    3.128  -53.306   2948.6    691.4
     1     1    11     1    19     1     0     1  -135.0    3.111  -53.096   2924.4    691.1
     1     1    11     1    19     0     0     0  -136.0    3.098  -52.886   2900.1    694.1
     1     1    11     1    18    23     0     1  -137.0    3.092  -52.675   2884.8    699.7
     1     1    11     1    18    22     0     2  -138.0    3.091  -52.465   2877.3    704.1
     1     1    11     1    18    21     0     3  -139.0    3.089  -52.259   2874.5    708.0
     1     1    11     1    18    20     0     2  -140.0    3.089  -52.052   2867.0    712.4
     1     1    11     1    18    19     0     1  -141.0    3.094  -51.836   2841.1    717.1
     1     1    11     1    18    18     0     0  -142.0    3.104  -51.613   2788.6    723.2
     1     1    11     1    18    17     0     1  -143.0    3.111  -51.384   2693.8    733.0
     1     1    11     1    18    16     0     2  -144.0    3.116  -51.147   2542.9    748.2
     1     1    11     1    18    15     0     3  -145.0    3.130  -50.898   2341.0    769.0
     1     1    11     1    18    14     0     2  -146.0    3.164  -50.635   2155.5    790.9
     1     1    11     1    18    13     0     1  -147.0    3.212  -50.361   2043.8    801.3
     1     1    11     1    18    12     0     0  -148.0    3.265  -50.076   2002.5    804.8
     1     1    11     1    18    11     0     1  -149.0    3.314  -49.788   1987.7    801.8
     1     1    11     1    18    10     0     2  -150.0    3.365  -49.497   1957.0    804.0
     1     1    11     1    18     9     0     3  -151.0    3.425  -49.202   1916.3    808.2
     1     1    11     1    18     8     0     2  -152.0    3.491  -48.901   1870.8    812.4
     1     1    11     1    18     7     0     1  -153.0    3.558  -48.591   1816.4    817.6
     1     1    11     1    18     6     0     0  -154.0    3.630  -48.272   1754.7    823.6
     1     1    11     1    18     5     0     1  -155.0    3.706  -47.946   1678.0    830.4
     1     1    11     1    18     4     0     2  -156.0    3.787  -47.613   1587.7    840.7
     1     1    11     1    18     3     0     3  -157.0    3.873  -47.272   1490.7    850.6
     1     1    11     1    18     2     0     2  -158.0    3.964  -46.923   1405.4    861.0
     1     1    11     1    18     1     0     1  -159.0    4.050  -46.578   1355.5    866.3
     1     1    11     1    18     0     0     0  -160.0    4.128  -46.245   1333.0    867.6
     1     1    11     1    17    23     0     1  -161.0    4.203  -45.918   1324.2    867.7
     1     1    11     1    17    22     0     2  -162.0    4.279  -45.594   1320.7    867.3
     1     1    11     1    17    21     0     3  -163.0    4.358  -45.273   1319.2    867.1
     1     1    11     1    17    20     0     2  -164.0    4.435  -44.951   1315.1    867.0
     1     1    11     1    17    19     0     1  -165.0    4.507  -44.617   1305.1    868.3
     1     1    11     1    17    18     0     0  -166.0    4.574  -44.266   1295.8    869.6
     1     1    11     1    17    17     0     1  -167.0    4.639  -43.908   1292.9    870.5
     1     1    11     1    17    16     0     2  -168.0    4.709  -43.553   1293.1    870.6
     1     1    11     1    17    15     0     3  -169.0    4.785  -43.204   1290.2    871.2
     1     1    11     1    17    14     0     2  -170.0    4.866  -42.849   1277.9    872.0
     1     1    11     1    17    13     0     1  -171.0    4.949  -42.476   1261.6    874.6
     1     1    11     1    17    12     0     0  -172.0    5.035  -42.084   1261.3    875.7
     1     1    11     1    17    11     0     1  -173.0    5.123  -41.694   1275.1    872.6
     1     1    11     1    17    10     0     2  -174.0    5.211  -41.322   1291.8    870.7
     1     1    11     1    17     9     0     3  -175.0    5.302  -40.968   1315.8    868.2
     1     1    11     1    17     8     0     2  -176.0    5.388  -40.623   1336.5    864.6
     1     1    11     1    17     7     0     1  -177.0    5.469  -40.271   1342.0    864.1
     1     1    11     1    17     6     0     0  -178.0    5.547  -39.915   1337.9    864.7
     1     1    11     1    17     5     0     1  -179.0    5.625  -39.561   1343.1    866.1
     1     1    11     1    17     4     0     2  -180.0    5.703  -39.219   1366.1    863.5
     1     1    11     1    17     3     0     3  -181.0    5.783  -38.889   1393.8    860.6
     1     1    11     1    17     2     0     2  -182.0    5.864  -38.563   1415.7    858.1
     1     1    11     1    17     1     0     1  -183.0    5.946  -38.234   1432.7    857.0
     1     1    11     1    17     0     0     0  -184.0    6.028  -37.911   1453.1    855.3
     1     1    11     1    16    23     0     1  -185.0    6.114  -37.590   1472.5    852.1
     1     1    11     1    16    22     0     2  -186.0    6.205  -37.265   1484.0    850.7
     1     1    11     1    16    21     0     3  -187.0    6.301  -36.942   1491.0    849.6
     1     1    11     1    16    20     0     2  -188.0    6.400  -36.620   1497.0    848.9
     1     1    11     1    16    19     0     1  -189.0    6.505  -36.297   1506.3    848.1
     1     1    11     1    16    18     0     0  -190.0    6.613  -35.980   1525.6    846.3
     1     1    11     1    16    17     0     1  -191.0    6.728  -35.675   1552.9    843.6
     1     1    11     1    16    16     0     2  -192.0    6.853  -35.378   1578.1    841.3
     1     1    11     1    16    15     0     3  -193.0    6.991  -35.087   1594.4    839.9
     1     1    11     1    16    14     0     2  -194.0    7.133  -34.797   1600.9    839.5
     1     1    11     1    16    13     0     1  -195.0    7.270  -34.507   1602.0    839.6
     1     1    11     1    16    12     0     0  -196.0    7.404  -34.220   1602.4    839.9
     1     1    11     1    16    11     0     1  -197.0    7.538  -33.937   1612.4    839.3
     1     1    11     1    16    10     0     2  -198.0    7.670  -33.659   1640.8    836.4
     1     1    11     1    16     9     0     3  -199.0    7.796  -33.393   1692.6    831.4
     1     1    11     1    16     8     0     2  -200.0    7.915  -33.146   1755.2    823.7
     1     1    11     1    16     7     0     1  -201.0    8.034  -32.919   1807.6    818.2
     1     1    11     1    16     6     0     0  -202.0    8.156  -32.704   1844.6    814.6
     1     1    11     1    16     5     0     1  -203.0    8.272  -32.490   1872.5    812.8
     1     1    11     1    16     4     0     2  -204.0    8.371  -32.271   1896.4    810.6
     1     1    11     1    16     3     0     3  -205.0    8.454  -32.048   1914.5    809.0
     1     1    11     1    16     2     0     2  -206.0    8.533  -31.822   1930.8    807.9
     1     1    11     1    16     1     0     1  -207.0    8.619  -31.597   1951.5    806.0
     1     1    11     1    16     0     0     0  -208.0    8.713  -31.375   1979.2    803.5
     1     1    11     1    15    23     0     1  -209.0    8.809  -31.161   2011.0    799.9
     1     1    11     1    15    22     0     2  -210.0    8.899  -30.959   2043.2    796.7
     1     1    11     1    15    21     0     3  -211.0    8.982  -30.769   2075.2    793.5
     1     1    11     1    15    20     0     2  -212.0    9.063  -30.592   2103.4    790.3
     1     1    11     1    15    19     0     1  -213.0    9.146  -30.427   2124.8    788.1
     1     1    11     1    15    18     0     0  -214.0    9.236  -30.269   2139.8    786.4
     1     1    11     1    15    17     0     1  -215.0    9.327  -30.113   2151.3    785.8
     1     1    11     1    15    16     0     2  -216.0    9.415  -29.958   2163.1    785.0
     1     1    11     1    15    15     0     3  -217.0    9.501  -29.805   2177.9    784.0
     1     1    11     1    15    14     0     2  -218.0    9.588  -29.657   2190.5    782.5
     1     1    11     1    15    13     0     1  -219.0    9.684  -29.515   2193.9    782.4
     1     1    11     1    15    12     0     0  -220.0    9.786  -29.376   2187.0    783.2
     1     1    11     1    15    11     0     1  -221.0    9.886  -29.240   2183.0    784.5
     1     1    11     1    15    10     0     2  -222.0    9.971  -29.118   2196.9    783.1
     1     1    11     1    15     9     0     3  -223.0   10.041  -29.012   2230.0    779.8
     1     1    11     1    15     8     0     2  -224.0   10.105  -28.920   2278.0    774.9
     1     1    11     1    15     7     0     1  -225.0   10.173  -28.835   2335.5    769.4
     1     1    11     1    15     6     0     0  -226.0   10.245  -28.760   2401.8    763.1
     1     1    11     1    15     5     0     1  -227.0   10.311  -28.697   2462.5    756.6
     1     1    11     1    15     4     0     2  -228.0   10.363  -28.644   2503.2    753.2
     1     1    11     1    15     3     0     3  -229.0   10.405  -28.598   2523.8    751.6
     1     1    11     1    15     2     0     2  -230.0   10.448  -28.554   2531.6    751.8
     1     1    11     1    15     1     0     1  -231.0   10.505  -28.510   2534.6    751.8
     1     1    11     1    15     0     0     0  -232.0   10.577  -28.467   2532.9    752.2
     1     1    11     1    14    23     0     1  -233.0   10.653  -28.423   2532.1    752.3
     1     1    11     1    14    22     0     2  -234.0   10.723  -28.383   2537.4    751.5
     1     1    11     1    14    21     0     3  -235.0   10.788  -28.347   2548.8    750.1
     1     1    11     1    14    20     0     2  -236.0   10.849  -28.314   2568.1    748.4
     1     1    11     1    14    19     0     1  -237.0   10.911  -28.284   2596.6    745.7
     1     1    11     1    14    18     0     0  -238.0   10.971  -28.259   2633.7    742.3
     1     1    11     1    14    17     0     1  -239.0   11.029  -28.243   2670.8    738.5
     1     1    11     1    14    16     0     2  -240.0   11.083  -28.231   2700.5    736.1
     1     1    11     1    14    15     0     3  -241.0   11.133  -28.223   2723.3    734.2
     1     1    11     1    14    14     0     2  -242.0   11.177  -28.216   2738.2    733.1
     1     1    11     1    14    13     0     1  -243.0   11.215  -28.206   2743.5    733.0
     1     1    11     1    14    12     0     0  -244.0   11.250  -28.191   2738.9    733.8
     1     1    11     1    14    11     0     1  -245.0   11.280  -28.169   2730.6    734.9
     1     1    11     1    14    10     0     2  -246.0   11.301  -28.143   2725.3    735.2
     1     1    11     1    14     9     0     3  -247.0   11.314  -28.114   2723.1    735.2
     1     1    11     1    14     8     0     2  -248.0   11.326  -28.085   2724.5    735.0
     1     1    11     1    14     7     0     1  -249.0   11.345  -28.060   2730.4    734.4
     1     1    11     1    14     6     0     0  -250.0   11.371  -28.040   2741.1    733.3
     1     1    11     1    14     5     0     1  -251.0   11.395  -28.029   2754.3    732.2
     1     1    11     1    14     4     0     2  -252.0   11.411  -28.030   2767.8    731.3
     1     1    11     1    14     3     0     3  -253.0   11.419  -28.042   2781.4    730.3
     1     1    11     1    14     2     0     2  -254.0   11.422  -28.055   2800.1    729.2
     1     1    11     1    14     1     0     1  -255.0   11.421  -28.063   2828.6    726.8
     1     1    11     1    14     0     0     0  -256.0   11.415  -28.065   2867.3    723.5
     1     1    11     1    13    23     0     1  -257.0   11.405  -28.065   2910.2    719.3
     1     1    11     1    13    22     0     2  -258.0   11.394  -28.066   2951.5    715.8
     1     1    11     1    13    21     0     3  -259.0   11.383  -28.065   2991.2    712.5
     1     1    11     1    13    20     0     2  -260.0   11.378  -28.067   3022.9    709.1
     1     1    11     1    13    19     0     1  -261.0   11.382  -28.074   3040.1    707.4
     1     1    11     1    13    18     0     0  -262.0   11.397  -28.086   3042.7    707.0
     1     1    11     1    13    17     0     1  -263.0   11.421  -28.094   3037.8    708.2
     1     1    11     1    13    16     0     2  -264.0   11.454  -28.093   3032.5    708.9
     1     1    11     1    13    15     0     3  -265.0   11.493  -28.084   3026.8    709.6
     1     1    11     1    13    14     0     2  -266.0   11.538  -28.064   3022.4    710.4
     1     1    11     1    13    13     0     1  -267.0   11.585  -28.028   3021.5    710.6
     1     1    11     1    13    12     0     0  -268.0   11.634  -27.979   3024.6    710.6
     1     1    11     1    13    11     0     1  -269.0   11.678  -27.928   3026.0    710.0
     1     1    11     1    13    10     0     2  -270.0   11.714  -27.890   3019.6    710.5
     1     1    11     1    13     9     0     3  -271.0   11.743  -27.862   3005.5    711.7
     1     1    11     1    13     8     0     2  -272.0   11.771  -27.841   2992.7    713.3
     1     1    11     1    13     7     0     1  -273.0   11.806  -27.824   2990.4    713.3
     1     1    11     1    13     6     0     0  -274.0   11.846  -27.813   2999.2    712.3
     1     1    11     1    13     5     0     1  -275.0   11.885  -27.803   3011.9    711.1
     1     1    11     1    13     4     0     2  -276.0   11.914  -27.788   3020.1    710.8
     1     1    11     1    13     3     0     3  -277.0   11.935  -27.765   3023.3    711.0
     1     1    11     1    13     2     0     2  -278.0   11.951  -27.738   3017.2    711.1
     1     1    11     1    13     1     0     1  -279.0   11.964  -27.707   2997.9    712.8
     1     1    11     1    13     0     0     0  -280.0   11.975  -27.672   2965.8    715.6
     1     1    11     1    12    23     0     1  -281.0   11.982  -27.629   2939.4    719.4
     1     1    11     1    12    22     0     2  -282.0   11.980  -27.581   2935.5    719.7
     1     1    11     1    12    21     0     3  -283.0   11.968  -27.528   2952.5    718.2
     1     1    11     1    12    20     0     2  -284.0   11.950  -27.476   2971.8    714.8
     1     1    11     1    12    19     0     1  -285.0   11.932  -27.429   2976.2    714.2
     1     1    11     1    12    18     0     0  -286.0   11.915  -27.384   2966.6    714.8
     1     1    11     1    12    17     0     1  -287.0   11.896  -27.334   2951.7    716.9
     1     1    11     1    12    16     0     2  -288.0   11.876  -27.267   2939.8    718.1
     1     1    11     1    12    15     0     3  -289.0   11.851  -27.186   2932.8    719.0
     1     1    11     1    12    14     0     2  -290.0   11.823  -27.093   2937.6    719.4
     1     1    11     1    12    13     0     1  -291.0   11.791  -26.990   2959.2    717.8
     1     1    11     1    12    12     0     0  -292.0   11.755  -26.878   2996.5    714.9
     1     1    11     1    12    11     0     1  -293.0   11.720  -26.759   3031.5    710.2
     1     1    11     1    12    10     0     2  -294.0   11.692  -26.633   3046.3    708.6
     1     1    11     1    12     9     0     3  -295.0   11.670  -26.497   3039.6    708.9
     1     1    11     1    12     8     0     2  -296.0   11.652  -26.355   3020.5    711.1
     1     1    11     1    12     7     0     1  -297.0   11.635  -26.210   3000.0    712.7
     1     1    11     1    12     6     0     0  -298.0   11.619  -26.060   2979.9    714.3
     1     1    11     1    12     5     0     1  -299.0   11.605  -25.911   2964.1    716.2
     1     1    11     1    12     4     0     2  -300.0   11.596  -25.768   2954.4    717.2
     1     1    11     1    12     3     0     3  -301.0   11.592  -25.632   2948.0    718.0
     1     1    11     1    12     2     0     2  -302.0   11.592  -25.501   2945.8    718.5
     1     1    11     1    12     1     0     1  -303.0   11.597  -25.374   2949.8    718.3
     1     1    11     1    12     0     0     0  -304.0   11.608  -25.249   2959.9    717.6
     1     1    11     1    11    23     0     1  -305.0   11.623  -25.126   2978.1    716.1
     1     1    11     1    11    22     0     2  -306.0   11.640  -25.003   3006.6    713.5
     1     1    11     1    11    21     0     3  -307.0   11.659  -24.882   3046.3    710.0
     1     1    11     1    11    20     0     2  -308.0   11.678  -24.763   3087.9    705.2
     1     1    11     1    11    19     0     1  -309.0   11.694  -24.646   3120.2    702.0
     1     1    11     1    11    18     0     0  -310.0   11.706  -24.533   3141.0    699.8
     1     1    11     1    11    17     0     1  -311.0   11.716  -24.418   3145.4    699.2
     1     1    11     1    11    16     0     2  -312.0   11.728  -24.296   3130.5    700.7
     1     1    11     1    11    15     0     3  -313.0   11.743  -24.166   3098.0    703.6
     1     1    11     1    11    14     0     2  -314.0   11.762  -24.032   3072.9    708.1
     1     1    11     1    11    13     0     1  -315.0   11.785  -23.900   3081.8    707.9
     1     1    11     1    11    12     0     0  -316.0   11.809  -23.771   3122.9    704.5
     1     1    11     1    11    11     0     1  -317.0   11.834  -23.643   3172.9    698.4
     1     1    11     1    11    10     0     2  -318.0   11.859  -23.514   3213.9    694.8
     1     1    11     1    11     9     0     3  -319.0   11.886  -23.384   3249.9    691.7
     1     1    11     1    11     8     0     2  -320.0   11.911  -23.259   3275.6    688.6
     1     1    11     1    11     7     0     1  -321.0   11.936  -23.137   3281.5    687.7
     1     1    11     1    11     6     0     0  -322.0   11.964  -23.015   3264.0    688.8
     1     1    11     1    11     5     0     1  -323.0   11.989  -22.886   3225.0    692.6
     1     1    11     1    11     4     0     2  -324.0   12.003  -22.743   3173.2    697.5
     1     1    11     1    11     3     0     3  -325.0   12.008  -22.590   3117.9    702.7
     1     1    11     1    11     2     0     2  -326.0   12.007  -22.436   3083.1    707.6
     1     1    11     1    11     1     0     1  -327.0   12.003  -22.291   3082.6    707.5
     1     1    11     1    11     0     0     0  -328.0   11.993  -22.157   3106.2    705.4
     1     1    11     1    10    23     0     1  -329.0   11.980  -22.022   3126.7    701.7
     1     1    11     1    10    22     0     2  -330.0   11.969  -21.870   3123.1    701.9
     1     1    11     1    10    21     0     3  -331.0   11.960  -21.701   3101.3    704.0
     1     1    11     1    10    20     0     2  -332.0   11.954  -21.526   3077.6    706.5
     1     1    11     1    10    19     0     1  -333.0   11.947  -21.355   3062.8    707.2
     1     1    11     1    10    18     0     0  -334.0   11.941  -21.187   3056.4    707.3
     1     1    11     1    10    17     0     1  -335.0   11.936  -21.019   3059.7    707.1
     1     1    11     1    10    16     0     2  -336.0   11.935  -20.844   3069.7    706.0
