     3     1
    GDAS    11     9     1     0     0
    GDAS    11     9     8     0     0
    GDAS    11     9    15     0     0
     1 BACKWARD OMEGA   
  2011     9    17    16   -8.900  -56.870  3505.2
     1 PRESSURE
     1     1    11     9    17    16     0     2     0.0   -8.900  -56.870   3505.2    656.2
     1     1    11     9    17    15     0     3    -1.0   -8.885  -56.709   3524.7    654.1
     1     1    11     9    17    14     0     2    -2.0   -8.871  -56.549   3553.3    649.9
     1     1    11     9    17    13     0     1    -3.0   -8.856  -56.382   3587.0    645.8
     1     1    11     9    17    12     0     0    -4.0   -8.836  -56.212   3629.0    640.9
     1     1    11     9    17    11     0     1    -5.0   -8.813  -56.044   3673.8    635.0
     1     1    11     9    17    10     0     2    -6.0   -8.789  -55.887   3710.8    629.9
     1     1    11     9    17     9     0     3    -7.0   -8.764  -55.744   3741.9    625.7
     1     1    11     9    17     8     0     2    -8.0   -8.743  -55.610   3773.4    622.1
     1     1    11     9    17     7     0     1    -9.0   -8.730  -55.480   3806.8    618.2
     1     1    11     9    17     6     0     0   -10.0   -8.720  -55.353   3839.4    614.5
     1     1    11     9    17     5     0     1   -11.0   -8.711  -55.228   3864.2    611.3
     1     1    11     9    17     4     0     2   -12.0   -8.702  -55.099   3873.5    609.7
     1     1    11     9    17     3     0     3   -13.0   -8.695  -54.961   3865.9    609.7
     1     1    11     9    17     2     0     2   -14.0   -8.685  -54.820   3857.1    611.9
     1     1    11     9    17     1     0     1   -15.0   -8.668  -54.681   3857.1    612.2
     1     1    11     9    17     0     0     0   -16.0   -8.643  -54.539   3859.9    612.2
     1     1    11     9    16    23     0     1   -17.0   -8.617  -54.387   3853.2    612.2
     1     1    11     9    16    22     0     2   -18.0   -8.594  -54.218   3829.8    614.2
     1     1    11     9    16    21     0     3   -19.0   -8.576  -54.031   3794.9    617.1
     1     1    11     9    16    20     0     2   -20.0   -8.565  -53.838   3756.3    620.9
     1     1    11     9    16    19     0     1   -21.0   -8.563  -53.652   3717.8    624.4
     1     1    11     9    16    18     0     0   -22.0   -8.572  -53.468   3678.9    627.9
     1     1    11     9    16    17     0     1   -23.0   -8.592  -53.287   3653.6    631.4
     1     1    11     9    16    16     0     2   -24.0   -8.628  -53.115   3658.7    631.4
     1     1    11     9    16    15     0     3   -25.0   -8.680  -52.956   3699.0    628.5
     1     1    11     9    16    14     0     2   -26.0   -8.736  -52.810   3768.6    622.3
     1     1    11     9    16    13     0     1   -27.0   -8.785  -52.676   3859.1    615.6
     1     1    11     9    16    12     0     0   -28.0   -8.827  -52.559   3974.5    607.1
     1     1    11     9    16    11     0     1   -29.0   -8.861  -52.456   4089.3    596.6
     1     1    11     9    16    10     0     2   -30.0   -8.884  -52.363   4174.1    590.4
     1     1    11     9    16     9     0     3   -31.0   -8.895  -52.276   4225.3    586.6
     1     1    11     9    16     8     0     2   -32.0   -8.900  -52.185   4259.3    586.0
     1     1    11     9    16     7     0     1   -33.0   -8.908  -52.084   4293.6    584.1
     1     1    11     9    16     6     0     0   -34.0   -8.920  -51.972   4327.3    582.0
     1     1    11     9    16     5     0     1   -35.0   -8.934  -51.857   4352.8    579.5
     1     1    11     9    16     4     0     2   -36.0   -8.949  -51.746   4365.0    578.3
     1     1    11     9    16     3     0     3   -37.0   -8.963  -51.640   4360.7    578.3
     1     1    11     9    16     2     0     2   -38.0   -8.974  -51.536   4354.7    579.2
     1     1    11     9    16     1     0     1   -39.0   -8.977  -51.436   4365.3    577.9
     1     1    11     9    16     0     0     0   -40.0   -8.973  -51.343   4396.3    575.1
     1     1    11     9    15    23     0     1   -41.0   -8.961  -51.258   4424.1    570.7
     1     1    11     9    15    22     0     2   -42.0   -8.943  -51.179   4424.0    570.1
     1     1    11     9    15    21     0     3   -43.0   -8.916  -51.104   4397.6    571.6
     1     1    11     9    15    20     0     2   -44.0   -8.886  -51.030   4368.4    575.1
     1     1    11     9    15    19     0     1   -45.0   -8.855  -50.961   4360.6    576.4
     1     1    11     9    15    18     0     0   -46.0   -8.823  -50.896   4372.6    576.7
     1     1    11     9    15    17     0     1   -47.0   -8.795  -50.832   4392.8    575.8
     1     1    11     9    15    16     0     2   -48.0   -8.777  -50.760   4411.2    575.7
     1     1    11     9    15    15     0     3   -49.0   -8.771  -50.678   4427.2    575.9
     1     1    11     9    15    14     0     2   -50.0   -8.773  -50.590   4448.9    575.9
     1     1    11     9    15    13     0     1   -51.0   -8.781  -50.505   4484.5    574.3
     1     1    11     9    15    12     0     0   -52.0   -8.792  -50.426   4535.2    571.5
     1     1    11     9    15    11     0     1   -53.0   -8.809  -50.345   4592.2    567.4
     1     1    11     9    15    10     0     2   -54.0   -8.832  -50.254   4647.7    564.3
     1     1    11     9    15     9     0     3   -55.0   -8.861  -50.153   4702.5    561.4
     1     1    11     9    15     8     0     2   -56.0   -8.894  -50.046   4751.8    559.3
     1     1    11     9    15     7     0     1   -57.0   -8.923  -49.935   4784.5    557.5
     1     1    11     9    15     6     0     0   -58.0   -8.948  -49.821   4799.8    556.2
     1     1    11     9    15     5     0     1   -59.0   -8.968  -49.707   4818.7    556.2
     1     1    11     9    15     4     0     2   -60.0   -8.984  -49.598   4858.0    553.5
     1     1    11     9    15     3     0     3   -61.0   -8.995  -49.491   4917.3    549.4
     1     1    11     9    15     2     0     2   -62.0   -9.007  -49.397   4965.4    543.5
     1     1    11     9    15     1     0     1   -63.0   -9.023  -49.316   4970.9    542.8
     1     1    11     9    15     0     0     0   -64.0   -9.042  -49.246   4934.6    544.9
     1     1    11     9    14    23     0     1   -65.0   -9.060  -49.183   4889.9    549.7
     1     1    11     9    14    22     0     2   -66.0   -9.075  -49.127   4870.6    550.5
     1     1    11     9    14    21     0     3   -67.0   -9.090  -49.080   4876.2    549.6
     1     1    11     9    14    20     0     2   -68.0   -9.107  -49.042   4890.2    547.4
     1     1    11     9    14    19     0     1   -69.0   -9.128  -49.005   4897.4    546.7
     1     1    11     9    14    18     0     0   -70.0   -9.154  -48.968   4899.0    546.6
     1     1    11     9    14    17     0     1   -71.0   -9.194  -48.924   4907.2    547.2
     1     1    11     9    14    16     0     2   -72.0   -9.256  -48.872   4934.0    545.6
     1     1    11     9    14    15     0     3   -73.0   -9.336  -48.818   4979.4    542.5
     1     1    11     9    14    14     0     2   -74.0   -9.421  -48.769   5026.9    537.7
     1     1    11     9    14    13     0     1   -75.0   -9.505  -48.729   5058.3    535.1
     1     1    11     9    14    12     0     0   -76.0   -9.589  -48.693   5071.2    533.6
     1     1    11     9    14    11     0     1   -77.0   -9.670  -48.659   5080.6    533.3
     1     1    11     9    14    10     0     2   -78.0   -9.743  -48.627   5103.5    531.0
     1     1    11     9    14     9     0     3   -79.0   -9.807  -48.599   5139.4    527.8
     1     1    11     9    14     8     0     2   -80.0   -9.859  -48.575   5171.8    524.2
     1     1    11     9    14     7     0     1   -81.0   -9.895  -48.551   5185.2    523.1
     1     1    11     9    14     6     0     0   -82.0   -9.914  -48.525   5181.8    523.3
     1     1    11     9    14     5     0     1   -83.0   -9.923  -48.494   5165.1    524.9
     1     1    11     9    14     4     0     2   -84.0   -9.926  -48.455   5137.7    527.1
     1     1    11     9    14     3     0     3   -85.0   -9.925  -48.405   5100.9    530.0
     1     1    11     9    14     2     0     2   -86.0   -9.926  -48.341   5069.4    533.1
     1     1    11     9    14     1     0     1   -87.0   -9.934  -48.263   5053.8    534.0
     1     1    11     9    14     0     0     0   -88.0   -9.947  -48.174   5048.8    534.2
     1     1    11     9    13    23     0     1   -89.0   -9.967  -48.077   5046.0    533.5
     1     1    11     9    13    22     0     2   -90.0   -9.995  -47.977   5042.1    533.4
     1     1    11     9    13    21     0     3   -91.0  -10.031  -47.878   5040.3    533.0
     1     1    11     9    13    20     0     2   -92.0  -10.072  -47.784   5036.1    532.7
     1     1    11     9    13    19     0     1   -93.0  -10.117  -47.694   5024.3    533.3
     1     1    11     9    13    18     0     0   -94.0  -10.169  -47.608   5006.0    534.1
     1     1    11     9    13    17     0     1   -95.0  -10.229  -47.524   4998.1    535.3
     1     1    11     9    13    16     0     2   -96.0  -10.294  -47.441   5016.4    533.4
     1     1    11     9    13    15     0     3   -97.0  -10.359  -47.364   5059.0    529.9
     1     1    11     9    13    14     0     2   -98.0  -10.414  -47.292   5107.7    524.7
     1     1    11     9    13    13     0     1   -99.0  -10.457  -47.224   5145.9    521.5
     1     1    11     9    13    12     0     0  -100.0  -10.489  -47.158   5175.9    519.0
     1     1    11     9    13    11     0     1  -101.0  -10.515  -47.097   5200.5    516.6
     1     1    11     9    13    10     0     2  -102.0  -10.540  -47.041   5219.7    514.4
     1     1    11     9    13     9     0     3  -103.0  -10.567  -46.990   5231.2    512.5
     1     1    11     9    13     8     0     2  -104.0  -10.588  -46.947   5241.7    511.5
     1     1    11     9    13     7     0     1  -105.0  -10.590  -46.920   5260.1    509.8
     1     1    11     9    13     6     0     0  -106.0  -10.577  -46.907   5284.9    508.2
     1     1    11     9    13     5     0     1  -107.0  -10.555  -46.900   5309.5    506.8
     1     1    11     9    13     4     0     2  -108.0  -10.533  -46.890   5327.3    506.2
     1     1    11     9    13     3     0     3  -109.0  -10.510  -46.877   5339.2    506.0
     1     1    11     9    13     2     0     2  -110.0  -10.488  -46.855   5346.8    505.8
     1     1    11     9    13     1     0     1  -111.0  -10.471  -46.819   5351.2    505.5
     1     1    11     9    13     0     0     0  -112.0  -10.456  -46.767   5351.8    505.1
     1     1    11     9    12    23     0     1  -113.0  -10.444  -46.703   5350.5    504.4
     1     1    11     9    12    22     0     2  -114.0  -10.430  -46.627   5348.0    503.3
     1     1    11     9    12    21     0     3  -115.0  -10.415  -46.539   5341.3    502.4
     1     1    11     9    12    20     0     2  -116.0  -10.400  -46.444   5331.6    502.3
     1     1    11     9    12    19     0     1  -117.0  -10.385  -46.349   5322.7    502.0
     1     1    11     9    12    18     0     0  -118.0  -10.369  -46.251   5316.3    501.5
     1     1    11     9    12    17     0     1  -119.0  -10.352  -46.149   5319.2    500.7
     1     1    11     9    12    16     0     2  -120.0  -10.332  -46.041   5337.7    498.6
     1     1    11     9    12    15     0     3  -121.0  -10.311  -45.927   5377.0    496.3
     1     1    11     9    12    14     0     2  -122.0  -10.283  -45.804   5419.1    493.4
     1     1    11     9    12    13     0     1  -123.0  -10.247  -45.675   5446.6    492.6
     1     1    11     9    12    12     0     0  -124.0  -10.205  -45.541   5461.4    492.5
     1     1    11     9    12    11     0     1  -125.0  -10.161  -45.397   5477.0    492.5
     1     1    11     9    12    10     0     2  -126.0  -10.117  -45.239   5509.2    490.8
     1     1    11     9    12     9     0     3  -127.0  -10.071  -45.065   5563.5    487.5
     1     1    11     9    12     8     0     2  -128.0  -10.022  -44.876   5618.2    483.0
     1     1    11     9    12     7     0     1  -129.0   -9.977  -44.680   5650.3    481.6
     1     1    11     9    12     6     0     0  -130.0   -9.939  -44.478   5660.9    481.7
     1     1    11     9    12     5     0     1  -131.0   -9.911  -44.276   5669.6    483.6
     1     1    11     9    12     4     0     2  -132.0   -9.897  -44.078   5695.7    483.1
     1     1    11     9    12     3     0     3  -133.0   -9.894  -43.881   5737.9    481.2
     1     1    11     9    12     2     0     2  -134.0   -9.894  -43.681   5780.6    477.6
     1     1    11     9    12     1     0     1  -135.0   -9.891  -43.471   5806.7    476.1
     1     1    11     9    12     0     0     0  -136.0   -9.886  -43.254   5813.9    475.7
     1     1    11     9    11    23     0     1  -137.0   -9.879  -43.031   5807.9    476.2
     1     1    11     9    11    22     0     2  -138.0   -9.864  -42.808   5799.6    476.6
     1     1    11     9    11    21     0     3  -139.0   -9.839  -42.590   5797.7    476.7
     1     1    11     9    11    20     0     2  -140.0   -9.803  -42.370   5808.3    476.3
     1     1    11     9    11    19     0     1  -141.0   -9.756  -42.138   5834.8    475.2
     1     1    11     9    11    18     0     0  -142.0   -9.698  -41.885   5870.2    472.1
     1     1    11     9    11    17     0     1  -143.0   -9.640  -41.596   5889.9    467.1
     1     1    11     9    11    16     0     2  -144.0   -9.590  -41.265   5879.3    464.8
     1     1    11     9    11    15     0     3  -145.0   -9.547  -40.903   5842.5    466.0
     1     1    11     9    11    14     0     2  -146.0   -9.517  -40.544   5822.2    473.0
     1     1    11     9    11    13     0     1  -147.0   -9.501  -40.201   5818.5    476.1
     1     1    11     9    11    12     0     0  -148.0   -9.495  -39.862   5812.4    478.2
     1     1    11     9    11    11     0     1  -149.0   -9.500  -39.534   5799.6    480.0
     1     1    11     9    11    10     0     2  -150.0   -9.518  -39.224   5796.5    480.9
     1     1    11     9    11     9     0     3  -151.0   -9.548  -38.929   5815.0    480.6
     1     1    11     9    11     8     0     2  -152.0   -9.583  -38.637   5854.0    478.7
     1     1    11     9    11     7     0     1  -153.0   -9.618  -38.340   5902.2    476.8
     1     1    11     9    11     6     0     0  -154.0   -9.653  -38.041   5951.4    475.1
     1     1    11     9    11     5     0     1  -155.0   -9.685  -37.737   5985.2    474.1
     1     1    11     9    11     4     0     2  -156.0   -9.711  -37.424   5996.0    475.3
     1     1    11     9    11     3     0     3  -157.0   -9.731  -37.107   5989.2    477.8
     1     1    11     9    11     2     0     2  -158.0   -9.745  -36.789   5987.8    481.1
     1     1    11     9    11     1     0     1  -159.0   -9.749  -36.472   6004.2    482.1
     1     1    11     9    11     0     0     0  -160.0   -9.745  -36.147   6028.6    482.4
     1     1    11     9    10    23     0     1  -161.0   -9.733  -35.817   6052.7    482.5
     1     1    11     9    10    22     0     2  -162.0   -9.715  -35.486   6080.4    483.4
     1     1    11     9    10    21     0     3  -163.0   -9.691  -35.157   6122.8    483.5
     1     1    11     9    10    20     0     2  -164.0   -9.661  -34.825   6157.9    481.5
     1     1    11     9    10    19     0     1  -165.0   -9.623  -34.493   6156.7    481.1
     1     1    11     9    10    18     0     0  -166.0   -9.575  -34.169   6116.8    483.5
     1     1    11     9    10    17     0     1  -167.0   -9.524  -33.849   6068.0    488.4
     1     1    11     9    10    16     0     2  -168.0   -9.477  -33.514   6046.1    490.3
     1     1    11     9    10    15     0     3  -169.0   -9.435  -33.151   6058.9    489.4
     1     1    11     9    10    14     0     2  -170.0   -9.402  -32.758   6081.5    486.5
     1     1    11     9    10    13     0     1  -171.0   -9.385  -32.341   6087.6    486.2
     1     1    11     9    10    12     0     0  -172.0   -9.388  -31.906   6081.2    487.0
     1     1    11     9    10    11     0     1  -173.0   -9.409  -31.467   6061.4    487.6
     1     1    11     9    10    10     0     2  -174.0   -9.441  -31.035   6026.1    489.7
     1     1    11     9    10     9     0     3  -175.0   -9.482  -30.611   5985.7    492.4
     1     1    11     9    10     8     0     2  -176.0   -9.530  -30.194   5947.4    494.8
     1     1    11     9    10     7     0     1  -177.0   -9.583  -29.781   5910.1    497.0
     1     1    11     9    10     6     0     0  -178.0   -9.638  -29.369   5870.9    499.2
     1     1    11     9    10     5     0     1  -179.0   -9.694  -28.953   5844.2    502.2
     1     1    11     9    10     4     0     2  -180.0   -9.755  -28.533   5843.8    502.2
     1     1    11     9    10     3     0     3  -181.0   -9.823  -28.111   5865.7    501.0
     1     1    11     9    10     2     0     2  -182.0   -9.899  -27.691   5900.1    498.5
     1     1    11     9    10     1     0     1  -183.0   -9.980  -27.275   5936.8    496.3
     1     1    11     9    10     0     0     0  -184.0  -10.068  -26.863   5970.3    494.1
     1     1    11     9     9    23     0     1  -185.0  -10.162  -26.462   5993.9    492.3
     1     1    11     9     9    22     0     2  -186.0  -10.263  -26.081   6001.6    491.5
     1     1    11     9     9    21     0     3  -187.0  -10.372  -25.721   5995.0    492.0
     1     1    11     9     9    20     0     2  -188.0  -10.489  -25.377   5993.4    493.1
     1     1    11     9     9    19     0     1  -189.0  -10.614  -25.043   6013.8    491.8
     1     1    11     9     9    18     0     0  -190.0  -10.750  -24.718   6059.9    489.0
     1     1    11     9     9    17     0     1  -191.0  -10.891  -24.400   6122.6    484.4
     1     1    11     9     9    16     0     2  -192.0  -11.030  -24.088   6186.0    480.2
     1     1    11     9     9    15     0     3  -193.0  -11.165  -23.780   6240.7    476.5
     1     1    11     9     9    14     0     2  -194.0  -11.295  -23.478   6286.6    474.2
     1     1    11     9     9    13     0     1  -195.0  -11.416  -23.184   6330.3    471.9
     1     1    11     9     9    12     0     0  -196.0  -11.528  -22.897   6372.0    469.5
     1     1    11     9     9    11     0     1  -197.0  -11.626  -22.623   6404.6    466.9
     1     1    11     9     9    10     0     2  -198.0  -11.708  -22.366   6423.1    465.6
     1     1    11     9     9     9     0     3  -199.0  -11.778  -22.122   6430.0    465.1
     1     1    11     9     9     8     0     2  -200.0  -11.843  -21.889   6434.2    465.1
     1     1    11     9     9     7     0     1  -201.0  -11.914  -21.664   6443.3    464.5
     1     1    11     9     9     6     0     0  -202.0  -11.992  -21.450   6459.1    463.5
     1     1    11     9     9     5     0     1  -203.0  -12.077  -21.242   6481.7    462.4
     1     1    11     9     9     4     0     2  -204.0  -12.166  -21.035   6510.8    461.0
     1     1    11     9     9     3     0     3  -205.0  -12.258  -20.832   6547.9    459.1
     1     1    11     9     9     2     0     2  -206.0  -12.352  -20.634   6587.4    456.6
     1     1    11     9     9     1     0     1  -207.0  -12.444  -20.444   6622.7    454.8
     1     1    11     9     9     0     0     0  -208.0  -12.535  -20.259   6652.6    453.2
     1     1    11     9     8    23     0     1  -209.0  -12.627  -20.083   6682.3    451.6
     1     1    11     9     8    22     0     2  -210.0  -12.723  -19.925   6718.8    449.4
     1     1    11     9     8    21     0     3  -211.0  -12.822  -19.785   6763.7    446.7
     1     1    11     9     8    20     0     2  -212.0  -12.919  -19.660   6798.0    443.4
     1     1    11     9     8    19     0     1  -213.0  -13.005  -19.544   6803.0    443.0
     1     1    11     9     8    18     0     0  -214.0  -13.078  -19.435   6779.2    444.3
     1     1    11     9     8    17     0     1  -215.0  -13.140  -19.325   6758.2    447.4
     1     1    11     9     8    16     0     2  -216.0  -13.192  -19.215   6771.9    446.6
     1     1    11     9     8    15     0     3  -217.0  -13.237  -19.106   6819.9    443.9
     1     1    11     9     8    14     0     2  -218.0  -13.277  -18.996   6883.7    439.2
     1     1    11     9     8    13     0     1  -219.0  -13.315  -18.883   6944.0    435.8
     1     1    11     9     8    12     0     0  -220.0  -13.350  -18.767   7000.6    432.7
     1     1    11     9     8    11     0     1  -221.0  -13.379  -18.652   7046.3    429.6
     1     1    11     9     8    10     0     2  -222.0  -13.399  -18.543   7074.0    427.9
     1     1    11     9     8     9     0     3  -223.0  -13.411  -18.438   7083.3    427.3
     1     1    11     9     8     8     0     2  -224.0  -13.413  -18.335   7089.8    427.7
     1     1    11     9     8     7     0     1  -225.0  -13.405  -18.234   7109.1    426.4
     1     1    11     9     8     6     0     0  -226.0  -13.386  -18.133   7140.6    424.5
     1     1    11     9     8     5     0     1  -227.0  -13.370  -18.031   7173.7    422.3
     1     1    11     9     8     4     0     2  -228.0  -13.369  -17.925   7196.9    421.2
     1     1    11     9     8     3     0     3  -229.0  -13.383  -17.813   7208.8    420.8
     1     1    11     9     8     2     0     2  -230.0  -13.408  -17.698   7203.6    420.9
     1     1    11     9     8     1     0     1  -231.0  -13.443  -17.581   7178.1    422.5
     1     1    11     9     8     0     0     0  -232.0  -13.488  -17.463   7134.5    425.1
     1     1    11     9     7    23     0     1  -233.0  -13.541  -17.345   7090.8    428.4
     1     1    11     9     7    22     0     2  -234.0  -13.604  -17.234   7062.4    429.8
     1     1    11     9     7    21     0     3  -235.0  -13.675  -17.130   7046.8    430.5
     1     1    11     9     7    20     0     2  -236.0  -13.750  -17.037   7033.6    430.6
     1     1    11     9     7    19     0     1  -237.0  -13.826  -16.955   7015.1    431.5
     1     1    11     9     7    18     0     0  -238.0  -13.901  -16.883   6994.4    432.5
     1     1    11     9     7    17     0     1  -239.0  -13.971  -16.816   6983.8    433.7
     1     1    11     9     7    16     0     2  -240.0  -14.033  -16.751   6993.8    433.2
     1     1    11     9     7    15     0     3  -241.0  -14.089  -16.688   7022.8    431.5
     1     1    11     9     7    14     0     2  -242.0  -14.145  -16.628   7063.1    429.1
     1     1    11     9     7    13     0     1  -243.0  -14.207  -16.573   7108.7    426.7
     1     1    11     9     7    12     0     0  -244.0  -14.276  -16.522   7160.2    424.0
     1     1    11     9     7    11     0     1  -245.0  -14.357  -16.483   7206.8    420.6
     1     1    11     9     7    10     0     2  -246.0  -14.451  -16.464   7236.6    418.8
     1     1    11     9     7     9     0     3  -247.0  -14.560  -16.465   7249.2    417.9
     1     1    11     9     7     8     0     2  -248.0  -14.680  -16.487   7253.5    417.9
     1     1    11     9     7     7     0     1  -249.0  -14.805  -16.531   7257.7    417.5
     1     1    11     9     7     6     0     0  -250.0  -14.935  -16.598   7260.8    417.1
     1     1    11     9     7     5     0     1  -251.0  -15.071  -16.680   7269.3    417.1
     1     1    11     9     7     4     0     2  -252.0  -15.216  -16.770   7292.4    416.0
     1     1    11     9     7     3     0     3  -253.0  -15.373  -16.866   7331.1    413.9
     1     1    11     9     7     2     0     2  -254.0  -15.540  -16.974   7372.6    411.1
     1     1    11     9     7     1     0     1  -255.0  -15.716  -17.094   7407.3    409.5
     1     1    11     9     7     0     0     0  -256.0  -15.897  -17.223   7438.7    408.0
     1     1    11     9     6    23     0     1  -257.0  -16.095  -17.367   7469.4    406.3
     1     1    11     9     6    22     0     2  -258.0  -16.323  -17.534   7497.3    404.4
     1     1    11     9     6    21     0     3  -259.0  -16.582  -17.718   7515.2    403.1
     1     1    11     9     6    20     0     2  -260.0  -16.866  -17.924   7536.9    402.5
     1     1    11     9     6    19     0     1  -261.0  -17.174  -18.167   7580.7    399.8
     1     1    11     9     6    18     0     0  -262.0  -17.507  -18.445   7646.1    395.9
     1     1    11     9     6    17     0     1  -263.0  -17.857  -18.751   7724.4    391.3
     1     1    11     9     6    16     0     2  -264.0  -18.220  -19.080   7823.1    386.9
     1     1    11     9     6    15     0     3  -265.0  -18.608  -19.434   7966.5    379.8
     1     1    11     9     6    14     0     2  -266.0  -19.019  -19.814   8137.5    369.8
     1     1    11     9     6    13     0     1  -267.0  -19.444  -20.213   8309.1    361.1
     1     1    11     9     6    12     0     0  -268.0  -19.896  -20.621   8472.1    352.4
     1     1    11     9     6    11     0     1  -269.0  -20.380  -21.043   8610.3    345.1
     1     1    11     9     6    10     0     2  -270.0  -20.883  -21.482   8730.5    339.7
     1     1    11     9     6     9     0     3  -271.0  -21.420  -21.937   8856.4    333.5
     1     1    11     9     6     8     0     2  -272.0  -22.010  -22.415   8978.5    326.7
     1     1    11     9     6     7     0     1  -273.0  -22.658  -22.917   9070.7    321.5
     1     1    11     9     6     6     0     0  -274.0  -23.359  -23.429   9135.0    318.8
     1     1    11     9     6     5     0     1  -275.0  -24.093  -23.970   9189.7    316.0
     1     1    11     9     6     4     0     2  -276.0  -24.847  -24.557   9257.2    313.7
     1     1    11     9     6     3     0     3  -277.0  -25.635  -25.175   9354.7    308.3
     1     1    11     9     6     2     0     2  -278.0  -26.468  -25.825   9499.4    301.5
     1     1    11     9     6     1     0     1  -279.0  -27.324  -26.512   9653.1    294.7
     1     1    11     9     6     0     0     0  -280.0  -28.195  -27.244   9855.8    285.4
     1     1    11     9     5    23     0     1  -281.0  -29.076  -28.051  10006.9    278.0
     1     1    11     9     5    22     0     2  -282.0  -29.960  -28.942  10172.2    272.0
