     3     1
    GDAS    11    10    22     0     0
    GDAS    11    10    29     0     0
    GDAS    11    11     1     0     0
     1 BACKWARD OMEGA   
  2011    11     2    15   -8.870  -56.740  3048.0
     1 PRESSURE
     1     1    11    11     2    15     0     3     0.0   -8.870  -56.740   3048.0    691.8
     1     1    11    11     2    14     0     2    -1.0   -8.782  -56.726   2820.3    714.3
     1     1    11    11     2    13     0     1    -2.0   -8.690  -56.709   2704.5    721.7
     1     1    11    11     2    12     0     0    -3.0   -8.595  -56.690   2682.2    721.1
     1     1    11    11     2    11     0     1    -4.0   -8.502  -56.668   2703.8    713.6
     1     1    11    11     2    10     0     2    -5.0   -8.412  -56.646   2728.4    709.6
     1     1    11    11     2     9     0     3    -6.0   -8.328  -56.624   2758.1    705.3
     1     1    11    11     2     8     0     2    -7.0   -8.251  -56.604   2791.9    700.9
     1     1    11    11     2     7     0     1    -8.0   -8.179  -56.590   2827.1    696.7
     1     1    11    11     2     6     0     0    -9.0   -8.113  -56.582   2862.3    692.6
     1     1    11    11     2     5     0     1   -10.0   -8.048  -56.580   2880.1    689.1
     1     1    11    11     2     4     0     2   -11.0   -7.980  -56.586   2861.6    690.3
     1     1    11    11     2     3     0     3   -12.0   -7.903  -56.595   2808.3    696.6
     1     1    11    11     2     2     0     2   -13.0   -7.818  -56.604   2768.2    705.3
     1     1    11    11     2     1     0     1   -14.0   -7.728  -56.614   2781.7    705.3
     1     1    11    11     2     0     0     0   -15.0   -7.638  -56.627   2842.6    701.3
     1     1    11    11     1    23     0     1   -16.0   -7.544  -56.654   2910.1    693.6
     1     1    11    11     1    22     0     2   -17.0   -7.445  -56.703   2950.0    691.9
     1     1    11    11     1    21     0     3   -18.0   -7.340  -56.780   2971.7    692.0
     1     1    11    11     1    20     0     2   -19.0   -7.229  -56.868   2988.7    693.8
     1     1    11    11     1    19     0     1   -20.0   -7.112  -56.949   3005.5    694.8
     1     1    11    11     1    18     0     0   -21.0   -6.985  -57.028   3018.5    696.1
     1     1    11    11     1    17     0     1   -22.0   -6.855  -57.097   3027.5    696.8
     1     1    11    11     1    16     0     2   -23.0   -6.729  -57.151   3034.2    697.3
     1     1    11    11     1    15     0     3   -24.0   -6.605  -57.196   3036.2    698.1
     1     1    11    11     1    14     0     2   -25.0   -6.480  -57.238   3034.1    698.9
     1     1    11    11     1    13     0     1   -26.0   -6.348  -57.284   3031.6    699.8
     1     1    11    11     1    12     0     0   -27.0   -6.210  -57.341   3033.2    700.3
     1     1    11    11     1    11     0     1   -28.0   -6.078  -57.413   3048.3    699.8
     1     1    11    11     1    10     0     2   -29.0   -5.960  -57.495   3081.3    696.8
     1     1    11    11     1     9     0     3   -30.0   -5.858  -57.578   3127.8    692.3
     1     1    11    11     1     8     0     2   -31.0   -5.763  -57.650   3173.7    687.4
     1     1    11    11     1     7     0     1   -32.0   -5.668  -57.702   3205.7    684.4
     1     1    11    11     1     6     0     0   -33.0   -5.571  -57.740   3220.0    682.9
     1     1    11    11     1     5     0     1   -34.0   -5.483  -57.775   3200.4    683.8
     1     1    11    11     1     4     0     2   -35.0   -5.411  -57.819   3140.5    689.8
     1     1    11    11     1     3     0     3   -36.0   -5.355  -57.872   3051.5    698.0
     1     1    11    11     1     2     0     2   -37.0   -5.313  -57.933   2972.2    707.5
     1     1    11    11     1     1     0     1   -38.0   -5.278  -57.996   2935.0    710.2
     1     1    11    11     1     0     0     0   -39.0   -5.249  -58.059   2925.9    710.0
     1     1    11    10    31    23     0     1   -40.0   -5.236  -58.117   2903.4    708.7
     1     1    11    10    31    22     0     2   -41.0   -5.249  -58.165   2843.1    713.9
     1     1    11    10    31    21     0     3   -42.0   -5.285  -58.198   2753.0    721.4
     1     1    11    10    31    20     0     2   -43.0   -5.335  -58.225   2614.4    732.1
     1     1    11    10    31    19     0     1   -44.0   -5.391  -58.256   2426.9    750.4
     1     1    11    10    31    18     0     0   -45.0   -5.454  -58.294   2225.6    770.6
     1     1    11    10    31    17     0     1   -46.0   -5.521  -58.340   2083.2    789.2
     1     1    11    10    31    16     0     2   -47.0   -5.587  -58.391   2035.0    792.9
     1     1    11    10    31    15     0     3   -48.0   -5.654  -58.445   2056.2    790.6
     1     1    11    10    31    14     0     2   -49.0   -5.723  -58.498   2115.7    783.2
     1     1    11    10    31    13     0     1   -50.0   -5.799  -58.551   2191.3    776.4
     1     1    11    10    31    12     0     0   -51.0   -5.886  -58.606   2282.6    768.1
     1     1    11    10    31    11     0     1   -52.0   -5.972  -58.656   2334.1    757.7
     1     1    11    10    31    10     0     2   -53.0   -6.046  -58.702   2283.4    761.1
     1     1    11    10    31     9     0     3   -54.0   -6.103  -58.755   2135.1    774.9
     1     1    11    10    31     8     0     2   -55.0   -6.148  -58.815   2000.9    796.8
     1     1    11    10    31     7     0     1   -56.0   -6.201  -58.865   1966.3    799.1
     1     1    11    10    31     6     0     0   -57.0   -6.268  -58.898   2013.4    793.6
     1     1    11    10    31     5     0     1   -58.0   -6.339  -58.921   2088.3    783.0
     1     1    11    10    31     4     0     2   -59.0   -6.395  -58.951   2160.1    777.8
     1     1    11    10    31     3     0     3   -60.0   -6.439  -58.992   2246.1    771.4
     1     1    11    10    31     2     0     2   -61.0   -6.486  -59.048   2358.8    761.3
     1     1    11    10    31     1     0     1   -62.0   -6.554  -59.121   2489.1    748.3
     1     1    11    10    31     0     0     0   -63.0   -6.644  -59.202   2608.5    736.4
     1     1    11    10    30    23     0     1   -64.0   -6.754  -59.284   2681.1    727.7
     1     1    11    10    30    22     0     2   -65.0   -6.877  -59.364   2696.0    726.4
     1     1    11    10    30    21     0     3   -66.0   -7.011  -59.441   2666.6    728.8
     1     1    11    10    30    20     0     2   -67.0   -7.145  -59.516   2597.1    734.8
     1     1    11    10    30    19     0     1   -68.0   -7.265  -59.594   2508.7    744.6
     1     1    11    10    30    18     0     0   -69.0   -7.372  -59.676   2429.7    752.9
     1     1    11    10    30    17     0     1   -70.0   -7.458  -59.762   2388.9    759.1
     1     1    11    10    30    16     0     2   -71.0   -7.519  -59.848   2400.8    758.1
     1     1    11    10    30    15     0     3   -72.0   -7.552  -59.931   2461.3    753.3
     1     1    11    10    30    14     0     2   -73.0   -7.565  -60.005   2532.0    743.6
     1     1    11    10    30    13     0     1   -74.0   -7.561  -60.066   2572.0    740.1
     1     1    11    10    30    12     0     0   -75.0   -7.540  -60.113   2582.3    739.3
     1     1    11    10    30    11     0     1   -76.0   -7.500  -60.150   2574.7    740.4
     1     1    11    10    30    10     0     2   -77.0   -7.440  -60.181   2561.3    740.9
     1     1    11    10    30     9     0     3   -78.0   -7.361  -60.208   2543.3    741.9
     1     1    11    10    30     8     0     2   -79.0   -7.263  -60.230   2518.5    743.8
     1     1    11    10    30     7     0     1   -80.0   -7.147  -60.245   2482.2    746.8
     1     1    11    10    30     6     0     0   -81.0   -7.013  -60.252   2430.0    751.1
     1     1    11    10    30     5     0     1   -82.0   -6.872  -60.250   2367.6    757.7
     1     1    11    10    30     4     0     2   -83.0   -6.734  -60.239   2301.2    763.7
     1     1    11    10    30     3     0     3   -84.0   -6.599  -60.219   2224.5    770.7
     1     1    11    10    30     2     0     2   -85.0   -6.473  -60.187   2125.2    778.8
     1     1    11    10    30     1     0     1   -86.0   -6.361  -60.143   1979.4    790.9
     1     1    11    10    30     0     0     0   -87.0   -6.271  -60.084   1759.5    810.5
     1     1    11    10    29    23     0     1   -88.0   -6.207  -60.023   1495.8    839.1
     1     1    11    10    29    22     0     2   -89.0   -6.166  -59.969   1249.0    864.7
     1     1    11    10    29    21     0     3   -90.0   -6.136  -59.926   1039.2    885.5
     1     1    11    10    29    20     0     2   -91.0   -6.104  -59.883    881.5    903.7
     1     1    11    10    29    19     0     1   -92.0   -6.058  -59.831    775.3    913.7
     1     1    11    10    29    18     0     0   -93.0   -5.999  -59.773    702.8    921.1
     1     1    11    10    29    17     0     1   -94.0   -5.929  -59.706    651.6    927.1
     1     1    11    10    29    16     0     2   -95.0   -5.850  -59.627    615.9    931.6
     1     1    11    10    29    15     0     3   -96.0   -5.762  -59.536    593.5    934.6
     1     1    11    10    29    14     0     2   -97.0   -5.668  -59.440    580.1    935.7
     1     1    11    10    29    13     0     1   -98.0   -5.571  -59.346    572.9    936.4
     1     1    11    10    29    12     0     0   -99.0   -5.472  -59.255    572.3    936.4
     1     1    11    10    29    11     0     1  -100.0   -5.362  -59.154    575.5    934.8
     1     1    11    10    29    10     0     2  -101.0   -5.228  -59.032    581.8    933.2
     1     1    11    10    29     9     0     3  -102.0   -5.073  -58.891    596.5    931.0
     1     1    11    10    29     8     0     2  -103.0   -4.918  -58.727    610.6    928.8
     1     1    11    10    29     7     0     1  -104.0   -4.778  -58.541    610.5    929.3
     1     1    11    10    29     6     0     0  -105.0   -4.640  -58.339    597.5    931.2
     1     1    11    10    29     5     0     1  -106.0   -4.502  -58.133    577.6    934.3
     1     1    11    10    29     4     0     2  -107.0   -4.367  -57.934    547.7    937.1
     1     1    11    10    29     3     0     3  -108.0   -4.233  -57.743    502.1    942.1
     1     1    11    10    29     2     0     2  -109.0   -4.113  -57.561    454.2    948.4
     1     1    11    10    29     1     0     1  -110.0   -4.024  -57.391    408.5    952.1
     1     1    11    10    29     0     0     0  -111.0   -3.966  -57.234    360.8    956.7
     1     1    11    10    28    23     0     1  -112.0   -3.922  -57.089    320.5    961.7
     1     1    11    10    28    22     0     2  -113.0   -3.878  -56.951    297.0    963.8
     1     1    11    10    28    21     0     3  -114.0   -3.835  -56.816    286.3    964.8
     1     1    11    10    28    20     0     2  -115.0   -3.792  -56.680    281.5    965.6
     1     1    11    10    28    19     0     1  -116.0   -3.750  -56.540    276.6    966.8
     1     1    11    10    28    18     0     0  -117.0   -3.711  -56.399    268.7    968.2
     1     1    11    10    28    17     0     1  -118.0   -3.671  -56.258    259.7    970.9
     1     1    11    10    28    16     0     2  -119.0   -3.629  -56.114    252.5    972.9
     1     1    11    10    28    15     0     3  -120.0   -3.583  -55.967    246.5    974.6
     1     1    11    10    28    14     0     2  -121.0   -3.532  -55.812    237.7    974.9
     1     1    11    10    28    13     0     1  -122.0   -3.474  -55.644    224.0    976.4
     1     1    11    10    28    12     0     0  -123.0   -3.403  -55.460    207.6    978.3
     1     1    11    10    28    11     0     1  -124.0   -3.317  -55.270    192.2    979.4
     1     1    11    10    28    10     0     2  -125.0   -3.215  -55.087    179.5    979.9
     1     1    11    10    28     9     0     3  -126.0   -3.103  -54.914    171.2    980.1
     1     1    11    10    28     8     0     2  -127.0   -2.989  -54.752    168.4    980.1
     1     1    11    10    28     7     0     1  -128.0   -2.879  -54.599    168.9    979.7
     1     1    11    10    28     6     0     0  -129.0   -2.768  -54.449    170.7    979.2
     1     1    11    10    28     5     0     1  -130.0   -2.665  -54.299    172.7    978.9
     1     1    11    10    28     4     0     2  -131.0   -2.581  -54.152    173.5    978.6
     1     1    11    10    28     3     0     3  -132.0   -2.521  -54.015    170.8    978.6
     1     1    11    10    28     2     0     2  -133.0   -2.477  -53.879    169.1    979.5
     1     1    11    10    28     1     0     1  -134.0   -2.441  -53.730    173.3    979.3
     1     1    11    10    28     0     0     0  -135.0   -2.419  -53.573    184.1    978.3
     1     1    11    10    27    23     0     1  -136.0   -2.395  -53.413    196.7    976.0
     1     1    11    10    27    22     0     2  -137.0   -2.353  -53.252    205.4    974.9
     1     1    11    10    27    21     0     3  -138.0   -2.297  -53.089    210.6    974.4
     1     1    11    10    27    20     0     2  -139.0   -2.238  -52.925    210.5    975.5
     1     1    11    10    27    19     0     1  -140.0   -2.187  -52.762    204.2    977.6
     1     1    11    10    27    18     0     0  -141.0   -2.147  -52.604    193.7    980.0
     1     1    11    10    27    17     0     1  -142.0   -2.120  -52.450    180.9    983.3
     1     1    11    10    27    16     0     2  -143.0   -2.108  -52.299    167.2    986.6
     1     1    11    10    27    15     0     3  -144.0   -2.107  -52.147    152.6    990.0
     1     1    11    10    27    14     0     2  -145.0   -2.104  -52.007    138.9    992.8
     1     1    11    10    27    13     0     1  -146.0   -2.082  -51.884    127.8    994.3
     1     1    11    10    27    12     0     0  -147.0   -2.041  -51.777    119.0    995.7
     1     1    11    10    27    11     0     1  -148.0   -1.985  -51.677    112.0    996.0
     1     1    11    10    27    10     0     2  -149.0   -1.920  -51.574    107.0    995.8
     1     1    11    10    27     9     0     3  -150.0   -1.845  -51.470    104.9    995.4
     1     1    11    10    27     8     0     2  -151.0   -1.759  -51.362    104.2    994.7
     1     1    11    10    27     7     0     1  -152.0   -1.665  -51.253    102.8    994.5
     1     1    11    10    27     6     0     0  -153.0   -1.565  -51.142    100.1    994.6
     1     1    11    10    27     5     0     1  -154.0   -1.459  -51.028     95.7    996.0
     1     1    11    10    27     4     0     2  -155.0   -1.350  -50.909     89.7    997.3
     1     1    11    10    27     3     0     3  -156.0   -1.243  -50.786     82.4    998.8
     1     1    11    10    27     2     0     2  -157.0   -1.135  -50.660     76.1    999.8
     1     1    11    10    27     1     0     1  -158.0   -1.020  -50.533     72.9   1000.4
     1     1    11    10    27     0     0     0  -159.0   -0.895  -50.401     72.6   1000.6
     1     1    11    10    26    23     0     1  -160.0   -0.771  -50.265     72.5    999.4
     1     1    11    10    26    22     0     2  -161.0   -0.652  -50.134     69.8    999.2
     1     1    11    10    26    21     0     3  -162.0   -0.536  -50.007     65.8    999.3
     1     1    11    10    26    20     0     2  -163.0   -0.421  -49.872     61.4   1000.3
     1     1    11    10    26    19     0     1  -164.0   -0.308  -49.716     56.2   1001.5
     1     1    11    10    26    18     0     0  -165.0   -0.188  -49.536     49.9   1002.5
     1     1    11    10    26    17     0     1  -166.0   -0.067  -49.332     44.4   1004.5
     1     1    11    10    26    16     0     2  -167.0    0.038  -49.110     41.3   1006.0
     1     1    11    10    26    15     0     3  -168.0    0.121  -48.879     40.6   1007.2
     1     1    11    10    26    14     0     2  -169.0    0.185  -48.638     41.5   1006.3
     1     1    11    10    26    13     0     1  -170.0    0.241  -48.375     42.6   1005.5
     1     1    11    10    26    12     0     0  -171.0    0.294  -48.091     43.1   1004.8
     1     1    11    10    26    11     0     1  -172.0    0.337  -47.795     43.1   1004.5
     1     1    11    10    26    10     0     2  -173.0    0.360  -47.499     43.1   1004.1
     1     1    11    10    26     9     0     3  -174.0    0.369  -47.204     43.1   1003.8
     1     1    11    10    26     8     0     2  -175.0    0.373  -46.913     43.2   1003.9
     1     1    11    10    26     7     0     1  -176.0    0.379  -46.625     43.7   1003.9
     1     1    11    10    26     6     0     0  -177.0    0.389  -46.341     43.9   1003.9
     1     1    11    10    26     5     0     1  -178.0    0.398  -46.057     43.9   1003.9
     1     1    11    10    26     4     0     2  -179.0    0.402  -45.767     43.9   1003.9
     1     1    11    10    26     3     0     3  -180.0    0.400  -45.466     43.9   1003.9
     1     1    11    10    26     2     0     2  -181.0    0.390  -45.153     43.9   1004.2
     1     1    11    10    26     1     0     1  -182.0    0.374  -44.834     43.9   1004.5
     1     1    11    10    26     0     0     0  -183.0    0.351  -44.515     43.9   1004.8
     1     1    11    10    25    23     0     1  -184.0    0.318  -44.203     43.9   1004.2
     1     1    11    10    25    22     0     2  -185.0    0.268  -43.905     43.8   1003.7
     1     1    11    10    25    21     0     3  -186.0    0.197  -43.619     43.8   1003.1
     1     1    11    10    25    20     0     2  -187.0    0.114  -43.340     43.8   1003.3
     1     1    11    10    25    19     0     1  -188.0    0.027  -43.059     43.8   1003.6
     1     1    11    10    25    18     0     0  -189.0   -0.060  -42.776     43.8   1003.8
     1     1    11    10    25    17     0     1  -190.0   -0.138  -42.495     43.8   1004.2
     1     1    11    10    25    16     0     2  -191.0   -0.201  -42.216     43.8   1004.6
     1     1    11    10    25    15     0     3  -192.0   -0.255  -41.937     43.8   1005.0
     1     1    11    10    25    14     0     2  -193.0   -0.305  -41.649     43.8   1005.2
     1     1    11    10    25    13     0     1  -194.0   -0.353  -41.345     43.8   1005.3
     1     1    11    10    25    12     0     0  -195.0   -0.401  -41.024     43.8   1005.5
     1     1    11    10    25    11     0     1  -196.0   -0.457  -40.688     44.5   1005.2
     1     1    11    10    25    10     0     2  -197.0   -0.530  -40.335     46.5   1004.6
     1     1    11    10    25     9     0     3  -198.0   -0.614  -39.966     50.0   1004.0
     1     1    11    10    25     8     0     2  -199.0   -0.707  -39.582     53.0   1003.4
     1     1    11    10    25     7     0     1  -200.0   -0.810  -39.186     53.2   1003.3
     1     1    11    10    25     6     0     0  -201.0   -0.926  -38.782     51.0   1003.4
     1     1    11    10    25     5     0     1  -202.0   -1.046  -38.393     48.5   1004.1
     1     1    11    10    25     4     0     2  -203.0   -1.155  -38.043     46.9   1004.4
     1     1    11    10    25     3     0     3  -204.0   -1.256  -37.732     45.1   1004.7
     1     1    11    10    25     2     0     2  -205.0   -1.357  -37.438     43.2   1005.5
     1     1    11    10    25     1     0     1  -206.0   -1.468  -37.148     42.1   1006.3
     1     1    11    10    25     0     0     0  -207.0   -1.588  -36.860     41.7   1007.0
     1     1    11    10    24    23     0     1  -208.0   -1.711  -36.574     41.7   1006.6
     1     1    11    10    24    22     0     2  -209.0   -1.833  -36.289     41.7   1006.2
     1     1    11    10    24    21     0     3  -210.0   -1.953  -36.007     41.7   1005.8
     1     1    11    10    24    20     0     2  -211.0   -2.079  -35.724     41.7   1005.7
     1     1    11    10    24    19     0     1  -212.0   -2.218  -35.438     41.7   1005.5
     1     1    11    10    24    18     0     0  -213.0   -2.374  -35.151     41.7   1005.3
     1     1    11    10    24    17     0     1  -214.0   -2.543  -34.865     41.7   1005.9
     1     1    11    10    24    16     0     2  -215.0   -2.717  -34.582     41.3   1006.5
     1     1    11    10    24    15     0     3  -216.0   -2.893  -34.302     40.7   1007.1
     1     1    11    10    24    14     0     2  -217.0   -3.071  -34.021     40.4   1008.0
     1     1    11    10    24    13     0     1  -218.0   -3.247  -33.736     40.4   1008.9
     1     1    11    10    24    12     0     0  -219.0   -3.421  -33.451     40.4   1009.8
     1     1    11    10    24    11     0     1  -220.0   -3.581  -33.168     40.4   1009.5
     1     1    11    10    24    10     0     2  -221.0   -3.724  -32.886     40.4   1009.5
     1     1    11    10    24     9     0     3  -222.0   -3.854  -32.603     40.4   1009.3
     1     1    11    10    24     8     0     2  -223.0   -3.978  -32.325     40.4   1009.1
     1     1    11    10    24     7     0     1  -224.0   -4.102  -32.060     40.4   1008.8
     1     1    11    10    24     6     0     0  -225.0   -4.221  -31.809     40.4   1008.6
     1     1    11    10    24     5     0     1  -226.0   -4.338  -31.569     40.3   1008.5
     1     1    11    10    24     4     0     2  -227.0   -4.456  -31.338     39.8   1008.4
     1     1    11    10    24     3     0     3  -228.0   -4.577  -31.115     38.5   1008.4
     1     1    11    10    24     2     0     2  -229.0   -4.706  -30.900     36.5   1009.6
     1     1    11    10    24     1     0     1  -230.0   -4.850  -30.686     34.6   1010.8
     1     1    11    10    24     0     0     0  -231.0   -5.013  -30.474     33.9   1011.8
     1     1    11    10    23    23     0     1  -232.0   -5.183  -30.263     34.4   1010.6
     1     1    11    10    23    22     0     2  -233.0   -5.350  -30.053     35.8   1009.3
     1     1    11    10    23    21     0     3  -234.0   -5.518  -29.842     38.1   1007.9
     1     1    11    10    23    20     0     2  -235.0   -5.682  -29.627     40.9   1007.6
     1     1    11    10    23    19     0     1  -236.0   -5.839  -29.404     43.2   1007.3
     1     1    11    10    23    18     0     0  -237.0   -5.988  -29.172     45.3   1007.0
     1     1    11    10    23    17     0     1  -238.0   -6.129  -28.932     46.7   1006.8
     1     1    11    10    23    16     0     2  -239.0   -6.264  -28.684     46.8   1006.8
     1     1    11    10    23    15     0     3  -240.0   -6.393  -28.426     45.6   1006.9
     1     1    11    10    23    14     0     2  -241.0   -6.523  -28.153     44.3   1007.7
     1     1    11    10    23    13     0     1  -242.0   -6.659  -27.863     43.5   1008.6
     1     1    11    10    23    12     0     0  -243.0   -6.802  -27.559     43.4   1009.8
     1     1    11    10    23    11     0     1  -244.0   -6.949  -27.251     43.4   1009.5
     1     1    11    10    23    10     0     2  -245.0   -7.095  -26.950     43.5   1008.8
     1     1    11    10    23     9     0     3  -246.0   -7.240  -26.657     43.5   1008.2
     1     1    11    10    23     8     0     2  -247.0   -7.387  -26.372     43.5   1008.3
     1     1    11    10    23     7     0     1  -248.0   -7.543  -26.094     43.5   1008.4
     1     1    11    10    23     6     0     0  -249.0   -7.706  -25.822     43.5   1008.5
     1     1    11    10    23     5     0     1  -250.0   -7.873  -25.554     43.5   1008.6
     1     1    11    10    23     4     0     2  -251.0   -8.043  -25.286     43.5   1008.7
     1     1    11    10    23     3     0     3  -252.0   -8.215  -25.018     43.5   1008.7
     1     1    11    10    23     2     0     2  -253.0   -8.391  -24.745     43.5   1009.0
     1     1    11    10    23     1     0     1  -254.0   -8.572  -24.463     43.7   1009.2
     1     1    11    10    23     0     0     0  -255.0   -8.757  -24.170     44.6   1009.5
     1     1    11    10    22    23     0     1  -256.0   -8.944  -23.874     46.0   1008.6
     1     1    11    10    22    22     0     2  -257.0   -9.134  -23.583     47.1   1007.8
     1     1    11    10    22    21     0     3  -258.0   -9.328  -23.299     48.6   1007.1
     1     1    11    10    22    20     0     2  -259.0   -9.526  -23.022     50.3   1006.7
     1     1    11    10    22    19     0     1  -260.0   -9.730  -22.753     50.5   1006.7
     1     1    11    10    22    18     0     0  -261.0   -9.939  -22.495     47.8   1007.3
     1     1    11    10    22    17     0     1  -262.0  -10.145  -22.246     44.0   1007.9
     1     1    11    10    22    16     0     2  -263.0  -10.340  -22.003     40.7   1008.2
     1     1    11    10    22    15     0     3  -264.0  -10.524  -21.768     38.2   1008.5
     1     1    11    10    22    14     0     2  -265.0  -10.693  -21.538     36.7   1009.2
     1     1    11    10    22    13     0     1  -266.0  -10.845  -21.314     36.2   1009.7
     1     1    11    10    22    12     0     0  -267.0  -10.978  -21.093     36.1   1010.3
     1     1    11    10    22    11     0     1  -268.0  -11.101  -20.876     36.6   1010.2
     1     1    11    10    22    10     0     2  -269.0  -11.223  -20.663     38.4   1010.0
     1     1    11    10    22     9     0     3  -270.0  -11.343  -20.453     41.4   1009.8
     1     1    11    10    22     8     0     2  -271.0  -11.459  -20.243     44.6   1009.5
     1     1    11    10    22     7     0     1  -272.0  -11.573  -20.031     46.6   1009.5
     1     1    11    10    22     6     0     0  -273.0  -11.686  -19.817     47.5   1009.5
     1     1    11    10    22     5     0     1  -274.0  -11.803  -19.598     47.5   1009.6
     1     1    11    10    22     4     0     2  -275.0  -11.929  -19.372     46.8   1009.6
     1     1    11    10    22     3     0     3  -276.0  -12.066  -19.138     45.2   1009.8
     1     1    11    10    22     2     0     2  -277.0  -12.213  -18.902     43.5   1010.4
     1     1    11    10    22     1     0     1  -278.0  -12.367  -18.669     42.6   1010.9
     1     1    11    10    22     0     0     0  -279.0  -12.530  -18.441     42.4   1011.3
