     3     1
    GDAS    11     4     1     0     0
    GDAS    11     4     8     0     0
    GDAS    11     4    15     0     0
     1 BACKWARD OMEGA   
  2011     4    16    16   -8.820  -56.740  2133.6
     1 PRESSURE
     1     1    11     4    16    16     0     2     0.0   -8.820  -56.740   2133.6    769.1
     1     1    11     4    16    15     0     3    -1.0   -8.787  -56.431   2201.0    760.1
     1     1    11     4    16    14     0     2    -2.0   -8.767  -56.091   2267.1    752.1
     1     1    11     4    16    13     0     1    -3.0   -8.757  -55.736   2334.2    741.4
     1     1    11     4    16    12     0     0    -4.0   -8.755  -55.370   2392.2    731.7
     1     1    11     4    16    11     0     1    -5.0   -8.760  -55.002   2422.6    723.0
     1     1    11     4    16    10     0     2    -6.0   -8.771  -54.640   2443.2    724.0
     1     1    11     4    16     9     0     3    -7.0   -8.789  -54.285   2477.4    722.0
     1     1    11     4    16     8     0     2    -8.0   -8.813  -53.937   2524.2    718.7
     1     1    11     4    16     7     0     1    -9.0   -8.846  -53.598   2567.8    714.0
     1     1    11     4    16     6     0     0   -10.0   -8.884  -53.266   2602.3    710.8
     1     1    11     4    16     5     0     1   -11.0   -8.924  -52.939   2634.6    708.5
     1     1    11     4    16     4     0     2   -12.0   -8.961  -52.616   2663.1    707.9
     1     1    11     4    16     3     0     3   -13.0   -8.998  -52.298   2676.3    709.5
     1     1    11     4    16     2     0     2   -14.0   -9.038  -51.982   2684.3    712.1
     1     1    11     4    16     1     0     1   -15.0   -9.083  -51.667   2696.8    709.2
     1     1    11     4    16     0     0     0   -16.0   -9.137  -51.351   2722.7    704.7
     1     1    11     4    15    23     0     1   -17.0   -9.198  -51.042   2749.7    699.7
     1     1    11     4    15    22     0     2   -18.0   -9.260  -50.745   2777.8    701.6
     1     1    11     4    15    21     0     3   -19.0   -9.328  -50.454   2805.0    704.3
     1     1    11     4    15    20     0     2   -20.0   -9.399  -50.169   2837.4    706.7
     1     1    11     4    15    19     0     1   -21.0   -9.470  -49.892   2873.5    705.4
     1     1    11     4    15    18     0     0   -22.0   -9.540  -49.624   2907.8    700.4
     1     1    11     4    15    17     0     1   -23.0   -9.608  -49.357   2943.0    695.3
     1     1    11     4    15    16     0     2   -24.0   -9.673  -49.088   2983.5    690.0
     1     1    11     4    15    15     0     3   -25.0   -9.737  -48.815   3033.3    685.1
     1     1    11     4    15    14     0     2   -26.0   -9.798  -48.536   3072.9    680.6
     1     1    11     4    15    13     0     1   -27.0   -9.857  -48.246   3088.4    679.3
     1     1    11     4    15    12     0     0   -28.0   -9.915  -47.946   3083.6    679.3
     1     1    11     4    15    11     0     1   -29.0   -9.968  -47.637   3068.1    679.9
     1     1    11     4    15    10     0     2   -30.0  -10.014  -47.327   3054.8    680.5
     1     1    11     4    15     9     0     3   -31.0  -10.056  -47.024   3049.0    680.0
     1     1    11     4    15     8     0     2   -32.0  -10.092  -46.724   3052.7    675.2
     1     1    11     4    15     7     0     1   -33.0  -10.121  -46.419   3074.2    668.1
     1     1    11     4    15     6     0     0   -34.0  -10.145  -46.117   3109.2    660.0
     1     1    11     4    15     5     0     1   -35.0  -10.165  -45.808   3148.5    654.5
     1     1    11     4    15     4     0     2   -36.0  -10.180  -45.480   3189.2    653.1
     1     1    11     4    15     3     0     3   -37.0  -10.194  -45.130   3249.3    650.4
     1     1    11     4    15     2     0     2   -38.0  -10.210  -44.766   3319.6    644.3
     1     1    11     4    15     1     0     1   -39.0  -10.228  -44.393   3363.5    640.5
     1     1    11     4    15     0     0     0   -40.0  -10.243  -44.011   3357.6    641.6
     1     1    11     4    14    23     0     1   -41.0  -10.266  -43.621   3334.6    647.5
     1     1    11     4    14    22     0     2   -42.0  -10.305  -43.231   3334.9    648.5
     1     1    11     4    14    21     0     3   -43.0  -10.354  -42.846   3352.4    646.5
     1     1    11     4    14    20     0     2   -44.0  -10.410  -42.474   3356.3    641.9
     1     1    11     4    14    19     0     1   -45.0  -10.467  -42.123   3332.1    641.8
     1     1    11     4    14    18     0     0   -46.0  -10.518  -41.790   3294.6    641.7
     1     1    11     4    14    17     0     1   -47.0  -10.563  -41.467   3267.6    641.2
     1     1    11     4    14    16     0     2   -48.0  -10.601  -41.144   3263.0    638.1
     1     1    11     4    14    15     0     3   -49.0  -10.637  -40.815   3285.6    639.1
     1     1    11     4    14    14     0     2   -50.0  -10.683  -40.480   3305.7    643.4
     1     1    11     4    14    13     0     1   -51.0  -10.750  -40.139   3293.8    652.7
     1     1    11     4    14    12     0     0   -52.0  -10.840  -39.791   3247.6    661.8
     1     1    11     4    14    11     0     1   -53.0  -10.944  -39.443   3204.0    670.4
     1     1    11     4    14    10     0     2   -54.0  -11.045  -39.100   3193.1    673.0
     1     1    11     4    14     9     0     3   -55.0  -11.142  -38.760   3208.6    672.7
     1     1    11     4    14     8     0     2   -56.0  -11.238  -38.423   3243.2    670.7
     1     1    11     4    14     7     0     1   -57.0  -11.333  -38.088   3286.0    669.3
     1     1    11     4    14     6     0     0   -58.0  -11.420  -37.761   3332.0    670.7
     1     1    11     4    14     5     0     1   -59.0  -11.499  -37.445   3363.7    674.0
     1     1    11     4    14     4     0     2   -60.0  -11.571  -37.139   3377.5    678.5
     1     1    11     4    14     3     0     3   -61.0  -11.635  -36.844   3380.1    681.2
     1     1    11     4    14     2     0     2   -62.0  -11.695  -36.551   3379.5    681.4
     1     1    11     4    14     1     0     1   -63.0  -11.760  -36.253   3375.6    681.6
     1     1    11     4    14     0     0     0   -64.0  -11.830  -35.949   3362.6    682.6
     1     1    11     4    13    23     0     1   -65.0  -11.904  -35.646   3351.2    684.2
     1     1    11     4    13    22     0     2   -66.0  -11.981  -35.350   3355.2    683.6
     1     1    11     4    13    21     0     3   -67.0  -12.060  -35.062   3375.6    681.7
     1     1    11     4    13    20     0     2   -68.0  -12.139  -34.785   3404.8    678.8
     1     1    11     4    13    19     0     1   -69.0  -12.214  -34.521   3435.8    676.4
     1     1    11     4    13    18     0     0   -70.0  -12.288  -34.266   3470.1    673.8
     1     1    11     4    13    17     0     1   -71.0  -12.360  -34.019   3498.8    670.8
     1     1    11     4    13    16     0     2   -72.0  -12.429  -33.778   3513.3    669.8
     1     1    11     4    13    15     0     3   -73.0  -12.495  -33.544   3515.3    669.8
     1     1    11     4    13    14     0     2   -74.0  -12.554  -33.312   3513.7    670.8
     1     1    11     4    13    13     0     1   -75.0  -12.606  -33.073   3515.7    670.8
     1     1    11     4    13    12     0     0   -76.0  -12.649  -32.826   3520.9    670.6
     1     1    11     4    13    11     0     1   -77.0  -12.685  -32.571   3533.6    669.3
     1     1    11     4    13    10     0     2   -78.0  -12.717  -32.306   3557.1    666.8
     1     1    11     4    13     9     0     3   -79.0  -12.745  -32.026   3590.3    663.6
     1     1    11     4    13     8     0     2   -80.0  -12.771  -31.737   3621.8    660.1
     1     1    11     4    13     7     0     1   -81.0  -12.797  -31.446   3640.8    658.5
     1     1    11     4    13     6     0     0   -82.0  -12.825  -31.146   3648.6    657.8
     1     1    11     4    13     5     0     1   -83.0  -12.856  -30.839   3651.4    658.2
     1     1    11     4    13     4     0     2   -84.0  -12.892  -30.529   3655.3    658.1
     1     1    11     4    13     3     0     3   -85.0  -12.934  -30.219   3663.1    657.9
     1     1    11     4    13     2     0     2   -86.0  -12.986  -29.915   3673.3    657.1
     1     1    11     4    13     1     0     1   -87.0  -13.046  -29.621   3676.5    656.5
     1     1    11     4    13     0     0     0   -88.0  -13.113  -29.341   3667.4    657.5
     1     1    11     4    12    23     0     1   -89.0  -13.177  -29.078   3650.8    658.9
     1     1    11     4    12    22     0     2   -90.0  -13.231  -28.830   3638.7    660.3
     1     1    11     4    12    21     0     3   -91.0  -13.272  -28.590   3640.9    660.0
     1     1    11     4    12    20     0     2   -92.0  -13.303  -28.353   3647.2    658.5
     1     1    11     4    12    19     0     1   -93.0  -13.326  -28.118   3642.3    658.6
     1     1    11     4    12    18     0     0   -94.0  -13.343  -27.886   3620.9    660.1
     1     1    11     4    12    17     0     1   -95.0  -13.356  -27.655   3605.0    663.3
     1     1    11     4    12    16     0     2   -96.0  -13.367  -27.421   3615.3    662.2
     1     1    11     4    12    15     0     3   -97.0  -13.373  -27.181   3645.2    659.6
     1     1    11     4    12    14     0     2   -98.0  -13.379  -26.930   3675.3    656.2
     1     1    11     4    12    13     0     1   -99.0  -13.390  -26.663   3690.6    655.3
     1     1    11     4    12    12     0     0  -100.0  -13.410  -26.383   3692.6    655.5
     1     1    11     4    12    11     0     1  -101.0  -13.436  -26.088   3686.1    656.0
     1     1    11     4    12    10     0     2  -102.0  -13.467  -25.781   3678.2    656.6
     1     1    11     4    12     9     0     3  -103.0  -13.500  -25.466   3677.9    656.8
     1     1    11     4    12     8     0     2  -104.0  -13.534  -25.155   3694.9    655.6
     1     1    11     4    12     7     0     1  -105.0  -13.567  -24.855   3731.5    652.5
     1     1    11     4    12     6     0     0  -106.0  -13.600  -24.561   3780.7    648.1
     1     1    11     4    12     5     0     1  -107.0  -13.633  -24.269   3822.1    643.8
     1     1    11     4    12     4     0     2  -108.0  -13.669  -23.972   3839.6    642.6
     1     1    11     4    12     3     0     3  -109.0  -13.707  -23.670   3835.7    643.4
     1     1    11     4    12     2     0     2  -110.0  -13.751  -23.361   3828.1    645.2
     1     1    11     4    12     1     0     1  -111.0  -13.802  -23.044   3833.2    645.1
     1     1    11     4    12     0     0     0  -112.0  -13.858  -22.721   3852.4    643.6
     1     1    11     4    11    23     0     1  -113.0  -13.918  -22.398   3884.7    641.0
     1     1    11     4    11    22     0     2  -114.0  -13.981  -22.079   3930.9    637.5
     1     1    11     4    11    21     0     3  -115.0  -14.049  -21.763   3986.8    632.7
     1     1    11     4    11    20     0     2  -116.0  -14.123  -21.450   4031.2    627.9
     1     1    11     4    11    19     0     1  -117.0  -14.202  -21.140   4054.2    626.3
     1     1    11     4    11    18     0     0  -118.0  -14.287  -20.834   4066.4    625.5
     1     1    11     4    11    17     0     1  -119.0  -14.377  -20.528   4070.2    625.0
     1     1    11     4    11    16     0     2  -120.0  -14.468  -20.219   4058.7    625.6
     1     1    11     4    11    15     0     3  -121.0  -14.555  -19.907   4026.7    628.0
     1     1    11     4    11    14     0     2  -122.0  -14.647  -19.590   4003.9    632.4
     1     1    11     4    11    13     0     1  -123.0  -14.752  -19.264   4019.0    631.3
     1     1    11     4    11    12     0     0  -124.0  -14.875  -18.928   4065.0    627.7
     1     1    11     4    11    11     0     1  -125.0  -15.018  -18.596   4118.7    622.1
     1     1    11     4    11    10     0     2  -126.0  -15.184  -18.281   4169.8    618.8
     1     1    11     4    11     9     0     3  -127.0  -15.373  -17.985   4237.8    614.4
     1     1    11     4    11     8     0     2  -128.0  -15.579  -17.706   4307.3    607.0
     1     1    11     4    11     7     0     1  -129.0  -15.791  -17.444   4347.0    603.6
     1     1    11     4    11     6     0     0  -130.0  -16.008  -17.202   4346.7    603.0
     1     1    11     4    11     5     0     1  -131.0  -16.224  -16.975   4314.4    606.7
     1     1    11     4    11     4     0     2  -132.0  -16.432  -16.756   4268.0    610.7
     1     1    11     4    11     3     0     3  -133.0  -16.633  -16.543   4212.1    615.1
     1     1    11     4    11     2     0     2  -134.0  -16.831  -16.329   4164.6    620.0
     1     1    11     4    11     1     0     1  -135.0  -17.034  -16.109   4144.5    621.7
     1     1    11     4    11     0     0     0  -136.0  -17.236  -15.886   4154.5    621.1
     1     1    11     4    10    23     0     1  -137.0  -17.437  -15.668   4184.1    618.2
     1     1    11     4    10    22     0     2  -138.0  -17.641  -15.458   4223.0    615.4
     1     1    11     4    10    21     0     3  -139.0  -17.849  -15.255   4271.6    612.0
     1     1    11     4    10    20     0     2  -140.0  -18.063  -15.059   4321.8    607.3
     1     1    11     4    10    19     0     1  -141.0  -18.280  -14.869   4365.7    603.8
     1     1    11     4    10    18     0     0  -142.0  -18.499  -14.689   4405.5    600.7
     1     1    11     4    10    17     0     1  -143.0  -18.724  -14.516   4451.2    598.0
     1     1    11     4    10    16     0     2  -144.0  -18.961  -14.349   4513.5    593.7
     1     1    11     4    10    15     0     3  -145.0  -19.210  -14.192   4589.5    587.9
     1     1    11     4    10    14     0     2  -146.0  -19.474  -14.047   4667.9    582.0
     1     1    11     4    10    13     0     1  -147.0  -19.750  -13.919   4741.2    576.8
     1     1    11     4    10    12     0     0  -148.0  -20.037  -13.811   4809.1    572.3
     1     1    11     4    10    11     0     1  -149.0  -20.334  -13.718   4874.7    567.7
     1     1    11     4    10    10     0     2  -150.0  -20.645  -13.630   4942.1    563.2
     1     1    11     4    10     9     0     3  -151.0  -20.969  -13.553   5016.4    558.1
     1     1    11     4    10     8     0     2  -152.0  -21.298  -13.490   5096.1    552.1
     1     1    11     4    10     7     0     1  -153.0  -21.625  -13.443   5175.2    546.4
     1     1    11     4    10     6     0     0  -154.0  -21.949  -13.420   5250.8    541.0
     1     1    11     4    10     5     0     1  -155.0  -22.264  -13.411   5324.7    536.6
     1     1    11     4    10     4     0     2  -156.0  -22.562  -13.408   5403.7    531.9
     1     1    11     4    10     3     0     3  -157.0  -22.842  -13.414   5495.2    526.5
     1     1    11     4    10     2     0     2  -158.0  -23.109  -13.432   5592.0    519.4
     1     1    11     4    10     1     0     1  -159.0  -23.369  -13.460   5682.0    513.5
     1     1    11     4    10     0     0     0  -160.0  -23.622  -13.498   5766.6    508.2
     1     1    11     4     9    23     0     1  -161.0  -23.861  -13.551   5841.9    503.1
     1     1    11     4     9    22     0     2  -162.0  -24.082  -13.621   5901.6    499.3
     1     1    11     4     9    21     0     3  -163.0  -24.284  -13.706   5943.7    496.6
     1     1    11     4     9    20     0     2  -164.0  -24.469  -13.802   5983.9    494.8
     1     1    11     4     9    19     0     1  -165.0  -24.642  -13.911   6040.0    491.0
     1     1    11     4     9    18     0     0  -166.0  -24.802  -14.039   6113.6    486.1
     1     1    11     4     9    17     0     1  -167.0  -24.946  -14.185   6190.1    480.4
     1     1    11     4     9    16     0     2  -168.0  -25.071  -14.340   6253.7    476.5
     1     1    11     4     9    15     0     3  -169.0  -25.177  -14.504   6305.9    473.5
     1     1    11     4     9    14     0     2  -170.0  -25.268  -14.674   6357.1    471.0
     1     1    11     4     9    13     0     1  -171.0  -25.348  -14.847   6416.9    467.5
     1     1    11     4     9    12     0     0  -172.0  -25.416  -15.023   6485.8    463.5
     1     1    11     4     9    11     0     1  -173.0  -25.474  -15.200   6554.1    458.6
     1     1    11     4     9    10     0     2  -174.0  -25.520  -15.371   6610.7    455.1
     1     1    11     4     9     9     0     3  -175.0  -25.556  -15.534   6653.8    452.3
     1     1    11     4     9     8     0     2  -176.0  -25.583  -15.693   6684.4    450.5
     1     1    11     4     9     7     0     1  -177.0  -25.602  -15.852   6706.5    449.2
     1     1    11     4     9     6     0     0  -178.0  -25.614  -16.009   6724.1    448.2
     1     1    11     4     9     5     0     1  -179.0  -25.616  -16.161   6736.5    447.5
     1     1    11     4     9     4     0     2  -180.0  -25.610  -16.302   6742.1    447.4
     1     1    11     4     9     3     0     3  -181.0  -25.595  -16.432   6742.9    447.7
     1     1    11     4     9     2     0     2  -182.0  -25.573  -16.546   6741.1    448.0
     1     1    11     4     9     1     0     1  -183.0  -25.546  -16.641   6738.4    448.3
     1     1    11     4     9     0     0     0  -184.0  -25.516  -16.715   6734.4    448.7
     1     1    11     4     8    23     0     1  -185.0  -25.485  -16.780   6731.4    449.0
     1     1    11     4     8    22     0     2  -186.0  -25.453  -16.851   6731.4    449.0
     1     1    11     4     8    21     0     3  -187.0  -25.422  -16.928   6733.7    448.9
     1     1    11     4     8    20     0     2  -188.0  -25.393  -17.004   6736.4    448.5
     1     1    11     4     8    19     0     1  -189.0  -25.370  -17.076   6738.3    448.2
     1     1    11     4     8    18     0     0  -190.0  -25.353  -17.146   6740.7    447.9
     1     1    11     4     8    17     0     1  -191.0  -25.343  -17.212   6743.4    447.7
     1     1    11     4     8    16     0     2  -192.0  -25.339  -17.275   6745.3    447.6
     1     1    11     4     8    15     0     3  -193.0  -25.343  -17.335   6746.2    447.6
     1     1    11     4     8    14     0     2  -194.0  -25.351  -17.387   6748.7    447.7
     1     1    11     4     8    13     0     1  -195.0  -25.362  -17.426   6755.7    447.5
     1     1    11     4     8    12     0     0  -196.0  -25.374  -17.453   6767.5    447.0
     1     1    11     4     8    11     0     1  -197.0  -25.383  -17.468   6792.6    445.7
     1     1    11     4     8    10     0     2  -198.0  -25.385  -17.478   6839.5    442.8
     1     1    11     4     8     9     0     3  -199.0  -25.379  -17.483   6908.9    438.6
     1     1    11     4     8     8     0     2  -200.0  -25.372  -17.492   6988.3    433.2
     1     1    11     4     8     7     0     1  -201.0  -25.368  -17.510   7063.2    428.8
     1     1    11     4     8     6     0     0  -202.0  -25.365  -17.536   7131.0    424.8
     1     1    11     4     8     5     0     1  -203.0  -25.369  -17.569   7185.1    421.7
     1     1    11     4     8     4     0     2  -204.0  -25.384  -17.610   7220.4    420.1
     1     1    11     4     8     3     0     3  -205.0  -25.411  -17.657   7238.5    419.4
     1     1    11     4     8     2     0     2  -206.0  -25.441  -17.700   7247.2    419.4
     1     1    11     4     8     1     0     1  -207.0  -25.468  -17.729   7253.4    419.2
     1     1    11     4     8     0     0     0  -208.0  -25.493  -17.743   7257.0    419.1
     1     1    11     4     7    23     0     1  -209.0  -25.518  -17.754   7258.8    419.1
     1     1    11     4     7    22     0     2  -210.0  -25.546  -17.778   7260.0    419.1
     1     1    11     4     7    21     0     3  -211.0  -25.574  -17.816   7260.8    419.1
     1     1    11     4     7    20     0     2  -212.0  -25.606  -17.862   7263.1    419.0
     1     1    11     4     7    19     0     1  -213.0  -25.646  -17.914   7268.5    418.7
     1     1    11     4     7    18     0     0  -214.0  -25.693  -17.972   7277.1    418.2
     1     1    11     4     7    17     0     1  -215.0  -25.751  -18.031   7293.9    417.5
     1     1    11     4     7    16     0     2  -216.0  -25.823  -18.084   7323.3    415.8
     1     1    11     4     7    15     0     3  -217.0  -25.911  -18.133   7364.4    413.5
     1     1    11     4     7    14     0     2  -218.0  -26.008  -18.189   7404.8    410.8
     1     1    11     4     7    13     0     1  -219.0  -26.104  -18.261   7431.4    409.5
     1     1    11     4     7    12     0     0  -220.0  -26.199  -18.350   7444.8    408.9
     1     1    11     4     7    11     0     1  -221.0  -26.290  -18.464   7460.9    408.8
     1     1    11     4     7    10     0     2  -222.0  -26.377  -18.612   7495.2    406.8
     1     1    11     4     7     9     0     3  -223.0  -26.457  -18.796   7549.3    403.8
     1     1    11     4     7     8     0     2  -224.0  -26.520  -19.012   7608.2    399.6
     1     1    11     4     7     7     0     1  -225.0  -26.558  -19.250   7653.2    396.8
     1     1    11     4     7     6     0     0  -226.0  -26.570  -19.506   7680.6    395.1
     1     1    11     4     7     5     0     1  -227.0  -26.544  -19.773   7701.2    394.8
     1     1    11     4     7     4     0     2  -228.0  -26.473  -20.043   7727.0    393.6
     1     1    11     4     7     3     0     3  -229.0  -26.359  -20.309   7761.2    392.1
     1     1    11     4     7     2     0     2  -230.0  -26.216  -20.559   7795.8    389.9
     1     1    11     4     7     1     0     1  -231.0  -26.058  -20.788   7819.3    388.9
     1     1    11     4     7     0     0     0  -232.0  -25.888  -20.997   7831.9    388.3
     1     1    11     4     6    23     0     1  -233.0  -25.721  -21.185   7825.2    388.4
     1     1    11     4     6    22     0     2  -234.0  -25.567  -21.362   7792.8    390.2
     1     1    11     4     6    21     0     3  -235.0  -25.425  -21.531   7736.1    393.2
     1     1    11     4     6    20     0     2  -236.0  -25.292  -21.699   7677.3    397.3
     1     1    11     4     6    19     0     1  -237.0  -25.166  -21.873   7640.7    399.2
     1     1    11     4     6    18     0     0  -238.0  -25.044  -22.055   7630.1    399.7
     1     1    11     4     6    17     0     1  -239.0  -24.918  -22.244   7629.2    398.9
     1     1    11     4     6    16     0     2  -240.0  -24.777  -22.436   7617.9    399.5
     1     1    11     4     6    15     0     3  -241.0  -24.627  -22.629   7591.9    400.9
     1     1    11     4     6    14     0     2  -242.0  -24.468  -22.811   7559.8    403.4
     1     1    11     4     6    13     0     1  -243.0  -24.303  -22.969   7531.8    405.0
     1     1    11     4     6    12     0     0  -244.0  -24.131  -23.104   7507.9    406.5
     1     1    11     4     6    11     0     1  -245.0  -23.961  -23.225   7490.6    407.2
     1     1    11     4     6    10     0     2  -246.0  -23.803  -23.341   7481.9    407.5
     1     1    11     4     6     9     0     3  -247.0  -23.659  -23.453   7481.2    407.1
     1     1    11     4     6     8     0     2  -248.0  -23.523  -23.565   7491.4    406.7
     1     1    11     4     6     7     0     1  -249.0  -23.394  -23.677   7516.4    405.3
     1     1    11     4     6     6     0     0  -250.0  -23.268  -23.793   7556.8    403.0
     1     1    11     4     6     5     0     1  -251.0  -23.144  -23.917   7607.9    400.1
     1     1    11     4     6     4     0     2  -252.0  -23.021  -24.055   7665.8    397.2
     1     1    11     4     6     3     0     3  -253.0  -22.900  -24.207   7730.0    393.8
     1     1    11     4     6     2     0     2  -254.0  -22.777  -24.361   7774.5    390.3
     1     1    11     4     6     1     0     1  -255.0  -22.651  -24.505   7778.8    390.3
     1     1    11     4     6     0     0     0  -256.0  -22.522  -24.645   7748.8    392.1
     1     1    11     4     5    23     0     1  -257.0  -22.387  -24.777   7717.2    395.2
     1     1    11     4     5    22     0     2  -258.0  -22.247  -24.896   7714.4    395.3
     1     1    11     4     5    21     0     3  -259.0  -22.101  -25.003   7739.0    393.9
     1     1    11     4     5    20     0     2  -260.0  -21.954  -25.094   7771.5    391.1
     1     1    11     4     5    19     0     1  -261.0  -21.808  -25.166   7792.5    389.7
     1     1    11     4     5    18     0     0  -262.0  -21.662  -25.218   7800.2    389.0
     1     1    11     4     5    17     0     1  -263.0  -21.528  -25.257   7800.0    389.4
     1     1    11     4     5    16     0     2  -264.0  -21.417  -25.289   7797.1    389.6
     1     1    11     4     5    15     0     3  -265.0  -21.326  -25.318   7790.9    390.0
     1     1    11     4     5    14     0     2  -266.0  -21.249  -25.351   7785.9    390.7
     1     1    11     4     5    13     0     1  -267.0  -21.178  -25.395   7785.7    390.8
     1     1    11     4     5    12     0     0  -268.0  -21.113  -25.451   7789.4    390.7
     1     1    11     4     5    11     0     1  -269.0  -21.050  -25.529   7792.4    390.0
     1     1    11     4     5    10     0     2  -270.0  -20.987  -25.636   7793.0    389.8
     1     1    11     4     5     9     0     3  -271.0  -20.922  -25.770   7797.3    389.4
     1     1    11     4     5     8     0     2  -272.0  -20.846  -25.919   7811.2    388.7
     1     1    11     4     5     7     0     1  -273.0  -20.751  -26.065   7831.8    387.3
     1     1    11     4     5     6     0     0  -274.0  -20.640  -26.208   7853.6    386.0
     1     1    11     4     5     5     0     1  -275.0  -20.524  -26.341   7868.1    385.0
     1     1    11     4     5     4     0     2  -276.0  -20.411  -26.462   7870.9    385.1
     1     1    11     4     5     3     0     3  -277.0  -20.302  -26.570   7865.2    385.6
     1     1    11     4     5     2     0     2  -278.0  -20.195  -26.666   7867.0    386.3
     1     1    11     4     5     1     0     1  -279.0  -20.090  -26.748   7889.9    385.1
     1     1    11     4     5     0     0     0  -280.0  -19.991  -26.815   7932.6    382.9
     1     1    11     4     4    23     0     1  -281.0  -19.902  -26.876   7978.9    379.6
     1     1    11     4     4    22     0     2  -282.0  -19.824  -26.939   8014.5    377.7
     1     1    11     4     4    21     0     3  -283.0  -19.756  -27.007   8041.6    376.2
     1     1    11     4     4    20     0     2  -284.0  -19.698  -27.079   8056.8    375.1
     1     1    11     4     4    19     0     1  -285.0  -19.649  -27.153   8054.4    375.1
     1     1    11     4     4    18     0     0  -286.0  -19.607  -27.231   8033.2    376.0
     1     1    11     4     4    17     0     1  -287.0  -19.573  -27.308   7992.6    378.1
     1     1    11     4     4    16     0     2  -288.0  -19.546  -27.380   7936.2    381.3
     1     1    11     4     4    15     0     3  -289.0  -19.523  -27.447   7870.5    384.9
     1     1    11     4     4    14     0     2  -290.0  -19.498  -27.510   7817.6    388.7
     1     1    11     4     4    13     0     1  -291.0  -19.470  -27.569   7794.6    389.9
     1     1    11     4     4    12     0     0  -292.0  -19.443  -27.626   7799.1    389.8
     1     1    11     4     4    11     0     1  -293.0  -19.425  -27.691   7815.2    387.9
     1     1    11     4     4    10     0     2  -294.0  -19.426  -27.773   7824.9    387.1
     1     1    11     4     4     9     0     3  -295.0  -19.443  -27.871   7826.5    386.6
     1     1    11     4     4     8     0     2  -296.0  -19.462  -27.985   7821.7    386.8
     1     1    11     4     4     7     0     1  -297.0  -19.471  -28.115   7814.0    387.0
     1     1    11     4     4     6     0     0  -298.0  -19.468  -28.264   7806.5    387.5
     1     1    11     4     4     5     0     1  -299.0  -19.459  -28.433   7778.3    387.8
     1     1    11     4     4     4     0     2  -300.0  -19.443  -28.618   7697.5    391.8
     1     1    11     4     4     3     0     3  -301.0  -19.420  -28.821   7549.6    399.4
     1     1    11     4     4     2     0     2  -302.0  -19.386  -29.022   7397.5    411.6
     1     1    11     4     4     1     0     1  -303.0  -19.348  -29.208   7317.0    416.3
     1     1    11     4     4     0     0     0  -304.0  -19.306  -29.380   7294.7    416.5
     1     1    11     4     3    23     0     1  -305.0  -19.267  -29.544   7278.1    415.5
     1     1    11     4     3    22     0     2  -306.0  -19.235  -29.703   7244.5    417.9
     1     1    11     4     3    21     0     3  -307.0  -19.209  -29.858   7218.3    419.9
     1     1    11     4     3    20     0     2  -308.0  -19.188  -30.013   7208.6    420.2
     1     1    11     4     3    19     0     1  -309.0  -19.170  -30.172   7207.1    419.9
     1     1    11     4     3    18     0     0  -310.0  -19.152  -30.338   7215.2    419.8
     1     1    11     4     3    17     0     1  -311.0  -19.140  -30.512   7224.4    418.5
     1     1    11     4     3    16     0     2  -312.0  -19.136  -30.688   7215.2    418.8
     1     1    11     4     3    15     0     3  -313.0  -19.139  -30.859   7177.0    420.7
     1     1    11     4     3    14     0     2  -314.0  -19.147  -31.031   7126.8    424.8
     1     1    11     4     3    13     0     1  -315.0  -19.163  -31.219   7093.6    427.1
     1     1    11     4     3    12     0     0  -316.0  -19.188  -31.423   7084.8    427.7
     1     1    11     4     3    11     0     1  -317.0  -19.220  -31.641   7091.2    426.4
     1     1    11     4     3    10     0     2  -318.0  -19.260  -31.870   7093.8    425.5
     1     1    11     4     3     9     0     3  -319.0  -19.308  -32.114   7085.1    425.7
     1     1    11     4     3     8     0     2  -320.0  -19.351  -32.364   7080.1    426.5
     1     1    11     4     3     7     0     1  -321.0  -19.378  -32.615   7084.8    425.7
     1     1    11     4     3     6     0     0  -322.0  -19.387  -32.867   7086.7    425.1
     1     1    11     4     3     5     0     1  -323.0  -19.388  -33.108   7083.5    425.8
     1     1    11     4     3     4     0     2  -324.0  -19.392  -33.327   7082.4    426.3
     1     1    11     4     3     3     0     3  -325.0  -19.398  -33.524   7088.5    426.4
     1     1    11     4     3     2     0     2  -326.0  -19.418  -33.710   7107.8    425.6
     1     1    11     4     3     1     0     1  -327.0  -19.464  -33.896   7139.2    423.7
     1     1    11     4     3     0     0     0  -328.0  -19.536  -34.083   7174.3    421.7
     1     1    11     4     2    23     0     1  -329.0  -19.630  -34.273   7192.6    419.5
     1     1    11     4     2    22     0     2  -330.0  -19.741  -34.466   7176.2    420.1
     1     1    11     4     2    21     0     3  -331.0  -19.866  -34.667   7121.3    422.8
     1     1    11     4     2    20     0     2  -332.0  -20.012  -34.884   7059.2    428.0
     1     1    11     4     2    19     0     1  -333.0  -20.181  -35.122   7037.2    429.8
     1     1    11     4     2    18     0     0  -334.0  -20.361  -35.375   7067.8    427.9
     1     1    11     4     2    17     0     1  -335.0  -20.550  -35.643   7118.9    423.4
     1     1    11     4     2    16     0     2  -336.0  -20.754  -35.923   7162.6    421.3
