     3     1
    GDAS    11     1     8     0     0
    GDAS    11     1    15     0     0
    GDAS    11     1    22     0     0
     1 BACKWARD OMEGA   
  2011     1    24    15   -8.870  -56.770  1828.8
     1 PRESSURE
     1     1    11     1    24    15     0     3     0.0   -8.870  -56.770   1828.8    798.4
     1     1    11     1    24    14     0     2    -1.0   -8.846  -56.588   1882.7    789.4
     1     1    11     1    24    13     0     1    -2.0   -8.824  -56.410   1906.9    786.3
     1     1    11     1    24    12     0     0    -3.0   -8.799  -56.232   1924.5    783.9
     1     1    11     1    24    11     0     3    -4.0   -8.770  -56.055   1939.8    779.3
     1     1    11     1    24    10     0     6    -5.0   -8.746  -55.882   1932.3    776.1
     1     1    11     1    24     9     0     9    -6.0   -8.732  -55.719   1891.4    777.4
     1     1    11     1    24     8     0     8    -7.0   -8.720  -55.566   1834.2    782.8
     1     1    11     1    24     7     0     7    -8.0   -8.698  -55.420   1768.0    786.5
     1     1    11     1    24     6     0     6    -9.0   -8.664  -55.279   1679.3    792.8
     1     1    11     1    24     5     0     5   -10.0   -8.620  -55.138   1576.4    803.0
     1     1    11     1    24     4     0     4   -11.0   -8.566  -54.988   1484.9    812.7
     1     1    11     1    24     3     0     3   -12.0   -8.506  -54.829   1418.5    820.1
     1     1    11     1    24     2     0     2   -13.0   -8.450  -54.669   1370.1    824.5
     1     1    11     1    24     1     0     1   -14.0   -8.406  -54.510   1335.6    828.1
     1     1    11     1    24     0     0     0   -15.0   -8.381  -54.348   1321.9    830.0
     1     1    11     1    23    23     0     1   -16.0   -8.373  -54.186   1318.4    828.2
     1     1    11     1    23    22     0     2   -17.0   -8.377  -54.028   1303.9    828.5
     1     1    11     1    23    21     0     3   -18.0   -8.386  -53.878   1272.7    831.3
     1     1    11     1    23    20     0     2   -19.0   -8.398  -53.741   1220.2    837.2
     1     1    11     1    23    19     0     1   -20.0   -8.414  -53.616   1142.8    845.9
     1     1    11     1    23    18     0     0   -21.0   -8.433  -53.504   1042.2    856.4
     1     1    11     1    23    17     0     1   -22.0   -8.449  -53.400    950.0    869.7
     1     1    11     1    23    16     0     2   -23.0   -8.463  -53.303    890.2    876.6
     1     1    11     1    23    15     0     3   -24.0   -8.476  -53.214    857.4    880.6
     1     1    11     1    23    14     0     2   -25.0   -8.492  -53.125    840.7    881.2
     1     1    11     1    23    13     0     1   -26.0   -8.515  -53.023    831.8    882.0
     1     1    11     1    23    12     0     0   -27.0   -8.544  -52.905    832.5    881.8
     1     1    11     1    23    11     0     1   -28.0   -8.574  -52.788    839.5    880.4
     1     1    11     1    23    10     0     2   -29.0   -8.602  -52.690    846.5    879.4
     1     1    11     1    23     9     0     3   -30.0   -8.629  -52.613    851.9    878.6
     1     1    11     1    23     8     0     2   -31.0   -8.652  -52.545    847.6    878.5
     1     1    11     1    23     7     0     1   -32.0   -8.671  -52.479    829.1    880.7
     1     1    11     1    23     6     0     0   -33.0   -8.686  -52.415    801.6    884.0
     1     1    11     1    23     5     0     1   -34.0   -8.694  -52.359    759.3    888.0
     1     1    11     1    23     4     0     2   -35.0   -8.689  -52.315    693.5    895.4
     1     1    11     1    23     3     0     3   -36.0   -8.671  -52.283    606.8    905.6
     1     1    11     1    23     2     0     2   -37.0   -8.653  -52.255    528.5    916.0
     1     1    11     1    23     1     0     1   -38.0   -8.648  -52.223    474.8    921.2
     1     1    11     1    23     0     0     0   -39.0   -8.659  -52.179    440.4    924.7
     1     1    11     1    22    23     0     1   -40.0   -8.685  -52.126    417.1    925.6
     1     1    11     1    22    22     0     2   -41.0   -8.726  -52.070    398.3    926.7
     1     1    11     1    22    21     0     3   -42.0   -8.781  -52.016    383.1    927.6
     1     1    11     1    22    20     0     2   -43.0   -8.838  -51.964    368.0    929.2
     1     1    11     1    22    19     0     1   -44.0   -8.880  -51.917    349.5    931.2
     1     1    11     1    22    18     0     0   -45.0   -8.907  -51.874    327.6    933.7
     1     1    11     1    22    17     0     1   -46.0   -8.929  -51.831    305.8    936.7
     1     1    11     1    22    16     0     2   -47.0   -8.957  -51.784    286.4    939.0
     1     1    11     1    22    15     0     3   -48.0   -8.991  -51.735    268.7    941.1
     1     1    11     1    22    14     0     2   -49.0   -9.021  -51.694    256.8    942.5
     1     1    11     1    22    13     0     1   -50.0   -9.038  -51.672    254.8    942.5
     1     1    11     1    22    12     0     0   -51.0   -9.043  -51.669    262.5    941.6
     1     1    11     1    22    11     0     1   -52.0   -9.035  -51.686    274.5    939.2
     1     1    11     1    22    10     0     2   -53.0   -9.016  -51.723    285.9    937.6
     1     1    11     1    22     9     0     3   -54.0   -8.984  -51.781    298.3    936.3
     1     1    11     1    22     8     0     2   -55.0   -8.943  -51.850    312.0    935.4
     1     1    11     1    22     7     0     1   -56.0   -8.897  -51.922    325.3    934.7
     1     1    11     1    22     6     0     0   -57.0   -8.849  -51.997    336.8    934.1
     1     1    11     1    22     5     0     1   -58.0   -8.799  -52.079    340.8    932.8
     1     1    11     1    22     4     0     2   -59.0   -8.744  -52.171    333.5    933.3
     1     1    11     1    22     3     0     3   -60.0   -8.685  -52.272    318.1    934.9
     1     1    11     1    22     2     0     2   -61.0   -8.615  -52.377    305.2    936.6
     1     1    11     1    22     1     0     1   -62.0   -8.526  -52.480    302.5    936.5
     1     1    11     1    22     0     0     0   -63.0   -8.419  -52.577    308.5    935.9
     1     1    11     1    21    23     0     1   -64.0   -8.301  -52.667    319.7    934.6
     1     1    11     1    21    22     0     2   -65.0   -8.185  -52.755    331.8    933.9
     1     1    11     1    21    21     0     3   -66.0   -8.071  -52.844    343.6    933.5
     1     1    11     1    21    20     0     2   -67.0   -7.949  -52.933    358.4    933.8
     1     1    11     1    21    19     0     1   -68.0   -7.813  -53.019    379.3    931.4
     1     1    11     1    21    18     0     0   -69.0   -7.662  -53.098    407.7    928.3
     1     1    11     1    21    17     0     1   -70.0   -7.501  -53.166    439.1    924.4
     1     1    11     1    21    16     0     2   -71.0   -7.335  -53.219    468.6    921.9
     1     1    11     1    21    15     0     3   -72.0   -7.170  -53.258    501.0    919.4
     1     1    11     1    21    14     0     2   -73.0   -7.012  -53.287    535.8    916.0
     1     1    11     1    21    13     0     1   -74.0   -6.864  -53.306    568.4    913.5
     1     1    11     1    21    12     0     0   -75.0   -6.718  -53.316    590.9    911.5
     1     1    11     1    21    11     0     1   -76.0   -6.565  -53.315    601.2    910.7
     1     1    11     1    21    10     0     2   -77.0   -6.402  -53.301    609.7    910.2
     1     1    11     1    21     9     0     3   -78.0   -6.236  -53.269    631.8    908.4
     1     1    11     1    21     8     0     2   -79.0   -6.066  -53.223    660.0    903.8
     1     1    11     1    21     7     0     1   -80.0   -5.888  -53.172    664.9    903.0
     1     1    11     1    21     6     0     0   -81.0   -5.700  -53.120    636.7    908.0
     1     1    11     1    21     5     0     1   -82.0   -5.498  -53.078    602.1    917.0
     1     1    11     1    21     4     0     2   -83.0   -5.277  -53.048    580.4    922.1
     1     1    11     1    21     3     0     3   -84.0   -5.034  -53.031    564.8    927.1
     1     1    11     1    21     2     0     2   -85.0   -4.777  -53.009    552.0    930.9
     1     1    11     1    21     1     0     1   -86.0   -4.518  -52.964    547.1    934.1
     1     1    11     1    21     0     0     0   -87.0   -4.256  -52.898    559.3    935.4
     1     1    11     1    20    23     0     1   -88.0   -4.004  -52.823    588.1    934.3
     1     1    11     1    20    22     0     2   -89.0   -3.766  -52.754    621.9    929.3
     1     1    11     1    20    21     0     3   -90.0   -3.535  -52.696    653.0    924.9
     1     1    11     1    20    20     0     2   -91.0   -3.302  -52.640    679.2    922.2
     1     1    11     1    20    19     0     1   -92.0   -3.060  -52.578    706.5    920.1
     1     1    11     1    20    18     0     0   -93.0   -2.816  -52.512    739.9    918.2
     1     1    11     1    20    17     0     1   -94.0   -2.579  -52.437    773.3    916.6
     1     1    11     1    20    16     0     2   -95.0   -2.350  -52.348    792.6    916.1
     1     1    11     1    20    15     0     3   -96.0   -2.125  -52.250    779.7    918.8
     1     1    11     1    20    14     0     2   -97.0   -1.886  -52.142    753.1    924.8
     1     1    11     1    20    13     0     1   -98.0   -1.606  -52.018    750.9    924.9
     1     1    11     1    20    12     0     0   -99.0   -1.288  -51.883    781.5    920.0
     1     1    11     1    20    11     0     1  -100.0   -0.953  -51.740    820.9    912.2
     1     1    11     1    20    10     0     2  -101.0   -0.622  -51.595    830.6    908.3
     1     1    11     1    20     9     0     3  -102.0   -0.296  -51.451    791.2    911.5
     1     1    11     1    20     8     0     2  -103.0    0.028  -51.324    724.1    921.6
     1     1    11     1    20     7     0     1  -104.0    0.354  -51.214    676.6    930.8
     1     1    11     1    20     6     0     0  -105.0    0.686  -51.113    668.3    931.9
     1     1    11     1    20     5     0     1  -106.0    1.023  -51.012    687.0    929.3
     1     1    11     1    20     4     0     2  -107.0    1.359  -50.908    695.6    925.2
     1     1    11     1    20     3     0     3  -108.0    1.692  -50.804    664.3    928.3
     1     1    11     1    20     2     0     2  -109.0    2.024  -50.700    603.2    936.4
     1     1    11     1    20     1     0     1  -110.0    2.345  -50.596    545.2    946.6
     1     1    11     1    20     0     0     0  -111.0    2.651  -50.488    503.7    952.1
     1     1    11     1    19    23     0     1  -112.0    2.942  -50.375    474.7    956.1
     1     1    11     1    19    22     0     2  -113.0    3.222  -50.253    458.9    957.6
     1     1    11     1    19    21     0     3  -114.0    3.499  -50.119    452.3    957.4
     1     1    11     1    19    20     0     2  -115.0    3.771  -49.971    446.0    957.8
     1     1    11     1    19    19     0     1  -116.0    4.034  -49.809    437.1    959.3
     1     1    11     1    19    18     0     0  -117.0    4.285  -49.637    427.4    960.6
     1     1    11     1    19    17     0     1  -118.0    4.534  -49.453    419.1    962.3
     1     1    11     1    19    16     0     2  -119.0    4.784  -49.251    412.3    963.3
     1     1    11     1    19    15     0     3  -120.0    5.042  -49.031    402.1    964.6
     1     1    11     1    19    14     0     2  -121.0    5.300  -48.796    393.9    966.2
     1     1    11     1    19    13     0     1  -122.0    5.553  -48.551    394.4    966.0
     1     1    11     1    19    12     0     0  -123.0    5.802  -48.294    402.8    965.1
     1     1    11     1    19    11     0     1  -124.0    6.049  -48.026    414.5    963.3
     1     1    11     1    19    10     0     2  -125.0    6.289  -47.747    425.1    962.0
     1     1    11     1    19     9     0     3  -126.0    6.517  -47.460    437.1    960.8
     1     1    11     1    19     8     0     2  -127.0    6.738  -47.172    451.9    959.0
     1     1    11     1    19     7     0     1  -128.0    6.958  -46.892    470.5    957.1
     1     1    11     1    19     6     0     0  -129.0    7.178  -46.621    490.3    954.4
     1     1    11     1    19     5     0     1  -130.0    7.393  -46.347    503.5    953.2
     1     1    11     1    19     4     0     2  -131.0    7.603  -46.065    506.4    953.3
     1     1    11     1    19     3     0     3  -132.0    7.810  -45.773    499.5    954.8
     1     1    11     1    19     2     0     2  -133.0    8.018  -45.476    494.8    956.5
     1     1    11     1    19     1     0     1  -134.0    8.233  -45.177    500.5    955.6
     1     1    11     1    19     0     0     0  -135.0    8.455  -44.880    511.7    954.0
     1     1    11     1    18    23     0     1  -136.0    8.675  -44.586    521.8    952.1
     1     1    11     1    18    22     0     2  -137.0    8.884  -44.295    529.3    951.1
     1     1    11     1    18    21     0     3  -138.0    9.087  -44.006    539.2    950.0
     1     1    11     1    18    20     0     2  -139.0    9.287  -43.717    551.4    948.4
     1     1    11     1    18    19     0     1  -140.0    9.488  -43.426    562.9    947.1
     1     1    11     1    18    18     0     0  -141.0    9.690  -43.133    573.6    946.0
     1     1    11     1    18    17     0     1  -142.0    9.884  -42.842    584.6    945.9
     1     1    11     1    18    16     0     2  -143.0   10.064  -42.552    597.4    945.5
     1     1    11     1    18    15     0     3  -144.0   10.228  -42.264    611.9    944.9
     1     1    11     1    18    14     0     2  -145.0   10.382  -41.978    628.5    943.5
     1     1    11     1    18    13     0     1  -146.0   10.532  -41.692    646.7    941.6
     1     1    11     1    18    12     0     0  -147.0   10.679  -41.405    664.6    939.6
     1     1    11     1    18    11     0     1  -148.0   10.830  -41.112    680.0    937.4
     1     1    11     1    18    10     0     2  -149.0   10.992  -40.808    692.5    935.9
     1     1    11     1    18     9     0     3  -150.0   11.166  -40.490    703.8    934.3
     1     1    11     1    18     8     0     2  -151.0   11.344  -40.164    715.4    933.0
     1     1    11     1    18     7     0     1  -152.0   11.517  -39.843    728.7    931.6
     1     1    11     1    18     6     0     0  -153.0   11.685  -39.531    743.6    929.8
     1     1    11     1    18     5     0     1  -154.0   11.852  -39.224    754.7    928.5
     1     1    11     1    18     4     0     2  -155.0   12.023  -38.915    756.7    928.7
     1     1    11     1    18     3     0     3  -156.0   12.203  -38.599    750.5    929.9
     1     1    11     1    18     2     0     2  -157.0   12.386  -38.280    743.6    931.3
     1     1    11     1    18     1     0     1  -158.0   12.569  -37.960    743.2    931.5
     1     1    11     1    18     0     0     0  -159.0   12.748  -37.641    749.7    930.8
     1     1    11     1    17    23     0     1  -160.0   12.930  -37.319    761.2    929.1
     1     1    11     1    17    22     0     2  -161.0   13.121  -36.991    775.8    927.3
     1     1    11     1    17    21     0     3  -162.0   13.317  -36.657    795.0    925.3
     1     1    11     1    17    20     0     2  -163.0   13.501  -36.323    818.3    922.6
     1     1    11     1    17    19     0     1  -164.0   13.663  -35.996    843.8    919.9
     1     1    11     1    17    18     0     0  -165.0   13.801  -35.678    870.9    917.1
     1     1    11     1    17    17     0     1  -166.0   13.925  -35.364    896.6    914.4
     1     1    11     1    17    16     0     2  -167.0   14.047  -35.044    914.8    912.3
     1     1    11     1    17    15     0     3  -168.0   14.174  -34.718    921.1    911.8
     1     1    11     1    17    14     0     2  -169.0   14.302  -34.382    922.2    912.9
     1     1    11     1    17    13     0     1  -170.0   14.424  -34.040    927.7    912.8
     1     1    11     1    17    12     0     0  -171.0   14.540  -33.694    938.5    911.9
     1     1    11     1    17    11     0     1  -172.0   14.654  -33.349    948.4    910.1
     1     1    11     1    17    10     0     2  -173.0   14.774  -33.007    953.4    909.3
     1     1    11     1    17     9     0     3  -174.0   14.905  -32.664    954.8    909.0
     1     1    11     1    17     8     0     2  -175.0   15.046  -32.319    956.6    908.8
     1     1    11     1    17     7     0     1  -176.0   15.192  -31.975    962.9    907.9
     1     1    11     1    17     6     0     0  -177.0   15.343  -31.634    970.4    906.3
     1     1    11     1    17     5     0     1  -178.0   15.501  -31.288    972.4    906.0
     1     1    11     1    17     4     0     2  -179.0   15.669  -30.926    968.8    906.8
     1     1    11     1    17     3     0     3  -180.0   15.841  -30.548    960.3    907.7
     1     1    11     1    17     2     0     2  -181.0   16.023  -30.158    948.8    909.3
     1     1    11     1    17     1     0     1  -182.0   16.220  -29.765    941.5    910.6
     1     1    11     1    17     0     0     0  -183.0   16.431  -29.371    943.2    910.6
     1     1    11     1    16    23     0     1  -184.0   16.645  -28.982    953.5    909.4
     1     1    11     1    16    22     0     2  -185.0   16.849  -28.603    967.9    907.6
     1     1    11     1    16    21     0     3  -186.0   17.042  -28.237    983.9    906.0
     1     1    11     1    16    20     0     2  -187.0   17.224  -27.882   1002.0    903.6
     1     1    11     1    16    19     0     1  -188.0   17.393  -27.537   1022.7    901.0
     1     1    11     1    16    18     0     0  -189.0   17.548  -27.199   1047.6    898.0
     1     1    11     1    16    17     0     1  -190.0   17.688  -26.866   1075.9    895.3
     1     1    11     1    16    16     0     2  -191.0   17.815  -26.537   1103.2    892.5
     1     1    11     1    16    15     0     3  -192.0   17.931  -26.212   1124.0    890.6
     1     1    11     1    16    14     0     2  -193.0   18.045  -25.888   1131.1    889.7
     1     1    11     1    16    13     0     1  -194.0   18.165  -25.563   1121.0    891.0
     1     1    11     1    16    12     0     0  -195.0   18.291  -25.235   1096.9    893.9
     1     1    11     1    16    11     0     1  -196.0   18.425  -24.902   1076.1    897.4
     1     1    11     1    16    10     0     2  -197.0   18.568  -24.566   1075.8    897.4
     1     1    11     1    16     9     0     3  -198.0   18.716  -24.230   1098.2    894.9
     1     1    11     1    16     8     0     2  -199.0   18.861  -23.904   1135.1    890.2
     1     1    11     1    16     7     0     1  -200.0   19.000  -23.592   1174.9    885.7
     1     1    11     1    16     6     0     0  -201.0   19.134  -23.294   1211.2    881.1
     1     1    11     1    16     5     0     1  -202.0   19.265  -23.005   1242.7    878.1
     1     1    11     1    16     4     0     2  -203.0   19.397  -22.724   1271.2    875.2
     1     1    11     1    16     3     0     3  -204.0   19.531  -22.452   1298.6    872.7
     1     1    11     1    16     2     0     2  -205.0   19.667  -22.191   1325.1    869.8
     1     1    11     1    16     1     0     1  -206.0   19.807  -21.943   1348.1    867.5
     1     1    11     1    16     0     0     0  -207.0   19.951  -21.705   1368.2    865.7
     1     1    11     1    15    23     0     1  -208.0   20.098  -21.481   1391.9    863.7
     1     1    11     1    15    22     0     2  -209.0   20.244  -21.279   1423.6    860.3
     1     1    11     1    15    21     0     3  -210.0   20.388  -21.101   1460.5    856.4
     1     1    11     1    15    20     0     2  -211.0   20.522  -20.941   1500.6    852.0
     1     1    11     1    15    19     0     1  -212.0   20.640  -20.794   1544.5    847.2
     1     1    11     1    15    18     0     0  -213.0   20.743  -20.660   1593.5    841.8
     1     1    11     1    15    17     0     1  -214.0   20.834  -20.538   1641.7    836.3
     1     1    11     1    15    16     0     2  -215.0   20.915  -20.422   1682.2    832.3
     1     1    11     1    15    15     0     3  -216.0   20.985  -20.309   1714.4    829.2
     1     1    11     1    15    14     0     2  -217.0   21.041  -20.193   1735.3    827.1
     1     1    11     1    15    13     0     1  -218.0   21.081  -20.069   1742.3    826.7
     1     1    11     1    15    12     0     0  -219.0   21.105  -19.933   1735.6    827.6
     1     1    11     1    15    11     0     1  -220.0   21.125  -19.793   1731.0    829.3
     1     1    11     1    15    10     0     2  -221.0   21.152  -19.660   1741.9    827.7
     1     1    11     1    15     9     0     3  -222.0   21.186  -19.538   1765.0    825.0
     1     1    11     1    15     8     0     2  -223.0   21.222  -19.417   1790.7    821.4
     1     1    11     1    15     7     0     1  -224.0   21.253  -19.284   1812.6    819.1
     1     1    11     1    15     6     0     0  -225.0   21.279  -19.140   1834.6    816.9
     1     1    11     1    15     5     0     1  -226.0   21.300  -18.984   1858.2    814.8
     1     1    11     1    15     4     0     2  -227.0   21.315  -18.815   1881.1    812.6
     1     1    11     1    15     3     0     3  -228.0   21.329  -18.632   1901.9    810.8
     1     1    11     1    15     2     0     2  -229.0   21.340  -18.440   1919.7    809.1
     1     1    11     1    15     1     0     1  -230.0   21.348  -18.241   1936.9    807.9
     1     1    11     1    15     0     0     0  -231.0   21.346  -18.035   1960.5    806.1
     1     1    11     1    14    23     0     1  -232.0   21.337  -17.835   1977.1    803.0
     1     1    11     1    14    22     0     2  -233.0   21.329  -17.647   1971.1    804.0
     1     1    11     1    14    21     0     3  -234.0   21.323  -17.468   1948.3    806.8
     1     1    11     1    14    20     0     2  -235.0   21.322  -17.291   1931.8    810.2
     1     1    11     1    14    19     0     1  -236.0   21.324  -17.111   1944.6    808.9
     1     1    11     1    14    18     0     0  -237.0   21.326  -16.932   1982.1    803.1
     1     1    11     1    14    17     0     1  -238.0   21.336  -16.768   2015.6    794.4
     1     1    11     1    14    16     0     2  -239.0   21.361  -16.619   2030.2    790.2
     1     1    11     1    14    15     0     3  -240.0   21.396  -16.473   2030.0    787.2
     1     1    11     1    14    14     0     2  -241.0   21.433  -16.334   2020.5    786.2
     1     1    11     1    14    13     0     1  -242.0   21.468  -16.209   2012.0    785.4
     1     1    11     1    14    12     0     0  -243.0   21.500  -16.098   2012.9    783.7
     1     1    11     1    14    11     0     1  -244.0   21.530  -16.003   2014.0    780.1
     1     1    11     1    14    10     0     2  -245.0   21.560  -15.923   2004.6    780.1
     1     1    11     1    14     9     0     3  -246.0   21.588  -15.856   1987.0    780.9
     1     1    11     1    14     8     0     2  -247.0   21.618  -15.795   1970.1    782.4
     1     1    11     1    14     7     0     1  -248.0   21.647  -15.732   1961.1    782.3
     1     1    11     1    14     6     0     0  -249.0   21.676  -15.669   1959.4    781.5
     1     1    11     1    14     5     0     1  -250.0   21.703  -15.602   1962.6    780.4
     1     1    11     1    14     4     0     2  -251.0   21.725  -15.527   1968.4    779.2
     1     1    11     1    14     3     0     3  -252.0   21.743  -15.445   1976.5    777.8
     1     1    11     1    14     2     0     2  -253.0   21.759  -15.355   1984.7    776.3
     1     1    11     1    14     1     0     1  -254.0   21.772  -15.253   1991.6    775.1
     1     1    11     1    14     0     0     0  -255.0   21.785  -15.142   1999.2    773.8
     1     1    11     1    13    23     0     1  -256.0   21.804  -15.025   2005.6    772.0
     1     1    11     1    13    22     0     2  -257.0   21.836  -14.903   2008.1    772.1
     1     1    11     1    13    21     0     3  -258.0   21.881  -14.774   2004.8    773.2
     1     1    11     1    13    20     0     2  -259.0   21.934  -14.642   1995.8    774.5
     1     1    11     1    13    19     0     1  -260.0   21.993  -14.508   1980.9    776.2
     1     1    11     1    13    18     0     0  -261.0   22.055  -14.370   1960.2    778.8
     1     1    11     1    13    17     0     1  -262.0   22.112  -14.227   1941.8    782.1
     1     1    11     1    13    16     0     2  -263.0   22.154  -14.080   1933.5    783.4
     1     1    11     1    13    15     0     3  -264.0   22.184  -13.934   1935.0    783.2
     1     1    11     1    13    14     0     2  -265.0   22.207  -13.786   1942.1    781.6
     1     1    11     1    13    13     0     1  -266.0   22.232  -13.637   1951.2    780.4
     1     1    11     1    13    12     0     0  -267.0   22.258  -13.485   1963.9    778.8
     1     1    11     1    13    11     0     1  -268.0   22.284  -13.335   1980.3    776.2
     1     1    11     1    13    10     0     2  -269.0   22.304  -13.190   1999.7    773.5
     1     1    11     1    13     9     0     3  -270.0   22.321  -13.052   2022.0    770.6
     1     1    11     1    13     8     0     2  -271.0   22.333  -12.919   2047.2    767.4
     1     1    11     1    13     7     0     1  -272.0   22.342  -12.793   2074.3    764.0
     1     1    11     1    13     6     0     0  -273.0   22.349  -12.674   2103.0    760.6
     1     1    11     1    13     5     0     1  -274.0   22.355  -12.560   2130.5    757.4
     1     1    11     1    13     4     0     2  -275.0   22.364  -12.449   2153.7    754.8
     1     1    11     1    13     3     0     3  -276.0   22.376  -12.339   2171.7    752.7
     1     1    11     1    13     2     0     2  -277.0   22.385  -12.227   2189.7    751.3
     1     1    11     1    13     1     0     1  -278.0   22.387  -12.110   2212.4    749.0
     1     1    11     1    13     0     0     0  -279.0   22.383  -11.991   2240.0    746.3
     1     1    11     1    12    23     0     1  -280.0   22.375  -11.867   2272.5    744.2
     1     1    11     1    12    22     0     2  -281.0   22.365  -11.734   2307.9    742.1
     1     1    11     1    12    21     0     3  -282.0   22.355  -11.594   2348.5    739.5
     1     1    11     1    12    20     0     2  -283.0   22.350  -11.453   2395.5    736.0
     1     1    11     1    12    19     0     1  -284.0   22.355  -11.318   2446.6    731.9
     1     1    11     1    12    18     0     0  -285.0   22.373  -11.190   2498.1    727.9
     1     1    11     1    12    17     0     1  -286.0   22.399  -11.061   2543.8    724.4
     1     1    11     1    12    16     0     2  -287.0   22.427  -10.925   2577.6    722.1
     1     1    11     1    12    15     0     3  -288.0   22.456  -10.779   2596.6    720.8
     1     1    11     1    12    14     0     2  -289.0   22.491  -10.625   2607.3    721.3
     1     1    11     1    12    13     0     1  -290.0   22.533  -10.468   2617.8    721.0
     1     1    11     1    12    12     0     0  -291.0   22.583  -10.304   2629.6    720.5
     1     1    11     1    12    11     0     1  -292.0   22.629  -10.146   2637.9    719.2
     1     1    11     1    12    10     0     2  -293.0   22.658  -10.001   2637.5    718.9
     1     1    11     1    12     9     0     3  -294.0   22.674   -9.867   2632.4    720.0
     1     1    11     1    12     8     0     2  -295.0   22.684   -9.738   2629.6    720.8
     1     1    11     1    12     7     0     1  -296.0   22.693   -9.610   2632.9    720.8
     1     1    11     1    12     6     0     0  -297.0   22.701   -9.483   2642.1    720.2
     1     1    11     1    12     5     0     1  -298.0   22.715   -9.355   2655.1    719.5
     1     1    11     1    12     4     0     2  -299.0   22.738   -9.225   2669.6    718.9
     1     1    11     1    12     3     0     3  -300.0   22.771   -9.093   2683.8    718.2
     1     1    11     1    12     2     0     2  -301.0   22.812   -8.963   2695.7    717.6
     1     1    11     1    12     1     0     1  -302.0   22.861   -8.839   2704.8    716.6
     1     1    11     1    12     0     0     0  -303.0   22.916   -8.722   2713.7    715.7
     1     1    11     1    11    23     0     1  -304.0   22.972   -8.612   2722.1    714.8
     1     1    11     1    11    22     0     2  -305.0   23.025   -8.510   2728.5    714.0
     1     1    11     1    11    21     0     3  -306.0   23.074   -8.415   2730.6    713.4
     1     1    11     1    11    20     0     2  -307.0   23.123   -8.320   2735.5    712.9
     1     1    11     1    11    19     0     1  -308.0   23.174   -8.226   2750.8    710.8
     1     1    11     1    11    18     0     0  -309.0   23.229   -8.134   2776.1    707.8
     1     1    11     1    11    17     0     1  -310.0   23.284   -8.048   2803.8    704.2
     1     1    11     1    11    16     0     2  -311.0   23.336   -7.969   2827.7    701.9
     1     1    11     1    11    15     0     3  -312.0   23.385   -7.897   2850.4    699.8
     1     1    11     1    11    14     0     2  -313.0   23.433   -7.828   2868.4    698.0
     1     1    11     1    11    13     0     1  -314.0   23.484   -7.758   2877.0    697.4
     1     1    11     1    11    12     0     0  -315.0   23.539   -7.684   2875.6    697.6
     1     1    11     1    11    11     0     1  -316.0   23.590   -7.607   2874.5    698.5
     1     1    11     1    11    10     0     2  -317.0   23.633   -7.528   2884.2    697.6
     1     1    11     1    11     9     0     3  -318.0   23.669   -7.450   2905.0    695.7
     1     1    11     1    11     8     0     2  -319.0   23.709   -7.371   2924.9    692.6
     1     1    11     1    11     7     0     1  -320.0   23.761   -7.289   2931.5    691.5
     1     1    11     1    11     6     0     0  -321.0   23.823   -7.200   2924.7    691.6
     1     1    11     1    11     5     0     1  -322.0   23.893   -7.115   2914.0    693.1
     1     1    11     1    11     4     0     2  -323.0   23.968   -7.045   2906.7    693.3
     1     1    11     1    11     3     0     3  -324.0   24.052   -6.995   2900.5    693.3
     1     1    11     1    11     2     0     2  -325.0   24.140   -6.960   2899.9    693.3
     1     1    11     1    11     1     0     1  -326.0   24.225   -6.936   2911.2    692.1
     1     1    11     1    11     0     0     0  -327.0   24.307   -6.921   2937.3    689.6
     1     1    11     1    10    23     0     1  -328.0   24.387   -6.918   2965.6    685.3
     1     1    11     1    10    22     0     2  -329.0   24.470   -6.920   2979.7    683.3
     1     1    11     1    10    21     0     3  -330.0   24.558   -6.924   2975.8    682.7
     1     1    11     1    10    20     0     2  -331.0   24.652   -6.932   2970.4    683.8
     1     1    11     1    10    19     0     1  -332.0   24.747   -6.950   2982.2    681.7
     1     1    11     1    10    18     0     0  -333.0   24.844   -6.984   3011.7    678.2
     1     1    11     1    10    17     0     1  -334.0   24.937   -7.034   3047.7    673.1
     1     1    11     1    10    16     0     2  -335.0   25.021   -7.095   3079.0    669.8
     1     1    11     1    10    15     0     3  -336.0   25.094   -7.167   3107.5    667.0
