     3     1
    GDAS    11     4     1     0     0
    GDAS    11     4     8     0     0
    GDAS    11     4    15     0     0
     1 BACKWARD OMEGA   
  2011     4    16    17   -8.840  -56.770  1219.2
     1 PRESSURE
     1     1    11     4    16    17     0     1     0.0   -8.840  -56.770   1219.2    856.4
     1     1    11     4    16    16     0     2    -1.0   -8.835  -56.577   1249.3    852.5
     1     1    11     4    16    15     0     3    -2.0   -8.815  -56.357   1285.3    847.1
     1     1    11     4    16    14     0     2    -3.0   -8.783  -56.109   1326.6    840.3
     1     1    11     4    16    13     0     1    -4.0   -8.745  -55.834   1372.6    832.3
     1     1    11     4    16    12     0     0    -5.0   -8.706  -55.530   1419.2    823.6
     1     1    11     4    16    11     0     1    -6.0   -8.676  -55.213   1453.6    815.5
     1     1    11     4    16    10     0     2    -7.0   -8.658  -54.903   1473.0    811.6
     1     1    11     4    16     9     0     3    -8.0   -8.650  -54.603   1484.7    810.9
     1     1    11     4    16     8     0     2    -9.0   -8.651  -54.310   1481.1    811.4
     1     1    11     4    16     7     0     1   -10.0   -8.661  -54.019   1455.3    815.0
     1     1    11     4    16     6     0     0   -11.0   -8.680  -53.739   1416.8    819.8
     1     1    11     4    16     5     0     1   -12.0   -8.707  -53.469   1382.8    824.2
     1     1    11     4    16     4     0     2   -13.0   -8.738  -53.214   1356.1    826.5
     1     1    11     4    16     3     0     3   -14.0   -8.775  -52.977   1327.4    829.0
     1     1    11     4    16     2     0     2   -15.0   -8.822  -52.745   1300.2    833.2
     1     1    11     4    16     1     0     1   -16.0   -8.882  -52.512   1279.2    836.1
     1     1    11     4    16     0     0     0   -17.0   -8.954  -52.292   1259.9    839.2
     1     1    11     4    15    23     0     1   -18.0   -9.031  -52.096   1215.4    842.6
     1     1    11     4    15    22     0     2   -19.0   -9.103  -51.917   1120.9    852.8
     1     1    11     4    15    21     0     3   -20.0   -9.174  -51.749   1008.4    865.1
     1     1    11     4    15    20     0     2   -21.0   -9.241  -51.591    930.9    875.3
     1     1    11     4    15    19     0     1   -22.0   -9.298  -51.437    900.4    876.9
     1     1    11     4    15    18     0     0   -23.0   -9.345  -51.285    894.0    876.3
     1     1    11     4    15    17     0     1   -24.0   -9.385  -51.125    897.9    875.4
     1     1    11     4    15    16     0     2   -25.0   -9.424  -50.953    907.5    875.3
     1     1    11     4    15    15     0     3   -26.0   -9.463  -50.772    918.9    877.9
     1     1    11     4    15    14     0     2   -27.0   -9.511  -50.583    930.4    880.6
     1     1    11     4    15    13     0     1   -28.0   -9.577  -50.384    939.9    882.8
     1     1    11     4    15    12     0     0   -29.0   -9.663  -50.176    940.5    886.0
     1     1    11     4    15    11     0     1   -30.0   -9.759  -49.965    934.8    888.5
     1     1    11     4    15    10     0     2   -31.0   -9.846  -49.754    930.0    886.2
     1     1    11     4    15     9     0     3   -32.0   -9.922  -49.535    932.7    882.4
     1     1    11     4    15     8     0     2   -33.0   -9.986  -49.306    946.9    878.1
     1     1    11     4    15     7     0     1   -34.0  -10.041  -49.060    974.2    871.9
     1     1    11     4    15     6     0     0   -35.0  -10.088  -48.798   1005.3    867.0
     1     1    11     4    15     5     0     1   -36.0  -10.127  -48.533   1018.6    864.7
     1     1    11     4    15     4     0     2   -37.0  -10.159  -48.275   1004.6    866.1
     1     1    11     4    15     3     0     3   -38.0  -10.191  -48.025    967.2    869.8
     1     1    11     4    15     2     0     2   -39.0  -10.228  -47.779    925.4    874.7
     1     1    11     4    15     1     0     1   -40.0  -10.276  -47.528    898.9    876.4
     1     1    11     4    15     0     0     0   -41.0  -10.342  -47.281    891.7    875.2
     1     1    11     4    14    23     0     1   -42.0  -10.413  -47.043    894.8    871.3
     1     1    11     4    14    22     0     2   -43.0  -10.476  -46.815    902.6    865.3
     1     1    11     4    14    21     0     3   -44.0  -10.533  -46.596    924.0    857.4
     1     1    11     4    14    20     0     2   -45.0  -10.581  -46.379    957.7    848.1
     1     1    11     4    14    19     0     1   -46.0  -10.621  -46.158    997.7    838.7
     1     1    11     4    14    18     0     0   -47.0  -10.657  -45.937   1038.8    831.2
     1     1    11     4    14    17     0     1   -48.0  -10.686  -45.711   1078.1    830.3
     1     1    11     4    14    16     0     2   -49.0  -10.705  -45.469   1110.9    830.3
     1     1    11     4    14    15     0     3   -50.0  -10.720  -45.214   1133.7    831.7
     1     1    11     4    14    14     0     2   -51.0  -10.737  -44.945   1145.5    833.8
     1     1    11     4    14    13     0     1   -52.0  -10.755  -44.656   1149.3    835.5
     1     1    11     4    14    12     0     0   -53.0  -10.776  -44.341   1152.1    837.3
     1     1    11     4    14    11     0     1   -54.0  -10.809  -44.012   1161.8    838.1
     1     1    11     4    14    10     0     2   -55.0  -10.856  -43.687   1171.7    837.3
     1     1    11     4    14     9     0     3   -56.0  -10.916  -43.370   1170.1    838.8
     1     1    11     4    14     8     0     2   -57.0  -10.979  -43.064   1164.8    842.2
     1     1    11     4    14     7     0     1   -58.0  -11.045  -42.753   1192.9    838.4
     1     1    11     4    14     6     0     0   -59.0  -11.123  -42.441   1276.4    821.7
     1     1    11     4    14     5     0     1   -60.0  -11.205  -42.123   1379.3    801.5
     1     1    11     4    14     4     0     2   -61.0  -11.278  -41.795   1468.4    787.5
     1     1    11     4    14     3     0     3   -62.0  -11.344  -41.474   1531.4    781.5
     1     1    11     4    14     2     0     2   -63.0  -11.419  -41.163   1578.8    778.6
     1     1    11     4    14     1     0     1   -64.0  -11.506  -40.862   1612.1    779.3
     1     1    11     4    14     0     0     0   -65.0  -11.593  -40.582   1620.9    786.0
     1     1    11     4    13    23     0     1   -66.0  -11.683  -40.317   1601.6    794.4
     1     1    11     4    13    22     0     2   -67.0  -11.781  -40.057   1556.0    805.7
     1     1    11     4    13    21     0     3   -68.0  -11.886  -39.804   1500.5    816.1
     1     1    11     4    13    20     0     2   -69.0  -11.995  -39.566   1443.8    824.7
     1     1    11     4    13    19     0     1   -70.0  -12.106  -39.342   1371.1    835.2
     1     1    11     4    13    18     0     0   -71.0  -12.220  -39.129   1273.2    849.7
     1     1    11     4    13    17     0     1   -72.0  -12.331  -38.925   1184.9    868.1
     1     1    11     4    13    16     0     2   -73.0  -12.424  -38.728   1136.1    875.9
     1     1    11     4    13    15     0     3   -74.0  -12.497  -38.536   1106.9    880.7
     1     1    11     4    13    14     0     2   -75.0  -12.556  -38.347   1075.1    886.3
     1     1    11     4    13    13     0     1   -76.0  -12.605  -38.163   1028.9    893.8
     1     1    11     4    13    12     0     0   -77.0  -12.643  -37.983    965.6    903.2
     1     1    11     4    13    11     0     1   -78.0  -12.674  -37.797    887.4    912.2
     1     1    11     4    13    10     0     2   -79.0  -12.703  -37.592    805.0    921.6
     1     1    11     4    13     9     0     3   -80.0  -12.733  -37.368    732.1    930.0
     1     1    11     4    13     8     0     2   -81.0  -12.767  -37.122    679.5    936.8
     1     1    11     4    13     7     0     1   -82.0  -12.803  -36.850    650.0    939.9
     1     1    11     4    13     6     0     0   -83.0  -12.839  -36.565    643.7    940.7
     1     1    11     4    13     5     0     1   -84.0  -12.870  -36.283    656.2    938.7
     1     1    11     4    13     4     0     2   -85.0  -12.895  -36.003    677.0    936.2
     1     1    11     4    13     3     0     3   -86.0  -12.918  -35.718    695.6    933.4
     1     1    11     4    13     2     0     2   -87.0  -12.944  -35.432    705.0    932.7
     1     1    11     4    13     1     0     1   -88.0  -12.974  -35.140    709.3    932.5
     1     1    11     4    13     0     0     0   -89.0  -13.004  -34.838    712.9    932.5
     1     1    11     4    12    23     0     1   -90.0  -13.036  -34.536    714.3    931.5
     1     1    11     4    12    22     0     2   -91.0  -13.075  -34.237    713.1    931.7
     1     1    11     4    12    21     0     3   -92.0  -13.120  -33.931    717.8    931.4
     1     1    11     4    12    20     0     2   -93.0  -13.169  -33.629    722.4    929.8
     1     1    11     4    12    19     0     1   -94.0  -13.216  -33.336    715.7    930.6
     1     1    11     4    12    18     0     0   -95.0  -13.266  -33.042    703.0    932.5
     1     1    11     4    12    17     0     1   -96.0  -13.312  -32.743    691.6    934.4
     1     1    11     4    12    16     0     2   -97.0  -13.349  -32.441    685.4    935.4
     1     1    11     4    12    15     0     3   -98.0  -13.378  -32.139    687.2    935.7
     1     1    11     4    12    14     0     2   -99.0  -13.404  -31.829    695.1    934.7
     1     1    11     4    12    13     0     1  -100.0  -13.436  -31.501    704.7    934.0
     1     1    11     4    12    12     0     0  -101.0  -13.473  -31.155    717.4    933.3
     1     1    11     4    12    11     0     1  -102.0  -13.515  -30.803    731.9    930.8
     1     1    11     4    12    10     0     2  -103.0  -13.564  -30.455    744.5    929.1
     1     1    11     4    12     9     0     3  -104.0  -13.618  -30.114    758.7    927.6
     1     1    11     4    12     8     0     2  -105.0  -13.675  -29.777    773.6    925.3
     1     1    11     4    12     7     0     1  -106.0  -13.733  -29.439    783.9    923.9
     1     1    11     4    12     6     0     0  -107.0  -13.790  -29.107    791.6    923.1
     1     1    11     4    12     5     0     1  -108.0  -13.848  -28.777    795.2    922.8
     1     1    11     4    12     4     0     2  -109.0  -13.909  -28.439    791.8    923.9
     1     1    11     4    12     3     0     3  -110.0  -13.971  -28.101    787.3    925.2
     1     1    11     4    12     2     0     2  -111.0  -14.031  -27.760    790.4    925.4
     1     1    11     4    12     1     0     1  -112.0  -14.092  -27.408    799.5    923.8
     1     1    11     4    12     0     0     0  -113.0  -14.154  -27.050    797.8    923.0
     1     1    11     4    11    23     0     1  -114.0  -14.222  -26.688    790.4    925.0
     1     1    11     4    11    22     0     2  -115.0  -14.300  -26.318    792.7    924.6
     1     1    11     4    11    21     0     3  -116.0  -14.386  -25.945    800.7    923.0
     1     1    11     4    11    20     0     2  -117.0  -14.478  -25.574    808.5    921.9
     1     1    11     4    11    19     0     1  -118.0  -14.579  -25.205    817.1    920.9
     1     1    11     4    11    18     0     0  -119.0  -14.692  -24.837    830.1    919.5
     1     1    11     4    11    17     0     1  -120.0  -14.809  -24.475    846.2    917.9
     1     1    11     4    11    16     0     2  -121.0  -14.921  -24.123    859.2    916.6
     1     1    11     4    11    15     0     3  -122.0  -15.026  -23.777    864.3    916.1
     1     1    11     4    11    14     0     2  -123.0  -15.122  -23.426    867.9    917.1
     1     1    11     4    11    13     0     1  -124.0  -15.210  -23.060    877.2    916.4
     1     1    11     4    11    12     0     0  -125.0  -15.292  -22.676    886.2    915.5
     1     1    11     4    11    11     0     1  -126.0  -15.372  -22.287    894.7    915.0
     1     1    11     4    11    10     0     2  -127.0  -15.457  -21.904    907.1    913.4
     1     1    11     4    11     9     0     3  -128.0  -15.544  -21.524    917.3    911.6
     1     1    11     4    11     8     0     2  -129.0  -15.633  -21.146    918.4    911.2
     1     1    11     4    11     7     0     1  -130.0  -15.735  -20.775    913.9    911.9
     1     1    11     4    11     6     0     0  -131.0  -15.852  -20.408    903.4    912.4
     1     1    11     4    11     5     0     1  -132.0  -15.978  -20.042    892.5    915.0
     1     1    11     4    11     4     0     2  -133.0  -16.114  -19.682    889.8    915.4
     1     1    11     4    11     3     0     3  -134.0  -16.258  -19.322    879.2    915.4
     1     1    11     4    11     2     0     2  -135.0  -16.410  -18.951    857.2    918.5
     1     1    11     4    11     1     0     1  -136.0  -16.567  -18.570    838.2    920.7
     1     1    11     4    11     0     0     0  -137.0  -16.733  -18.177    819.3    921.8
     1     1    11     4    10    23     0     1  -138.0  -16.905  -17.783    805.5    924.6
     1     1    11     4    10    22     0     2  -139.0  -17.083  -17.403    804.7    924.6
     1     1    11     4    10    21     0     3  -140.0  -17.266  -17.036    804.9    923.8
     1     1    11     4    10    20     0     2  -141.0  -17.450  -16.684    801.8    924.5
     1     1    11     4    10    19     0     1  -142.0  -17.629  -16.346    799.2    924.3
     1     1    11     4    10    18     0     0  -143.0  -17.803  -16.020    793.1    924.4
     1     1    11     4    10    17     0     1  -144.0  -17.967  -15.700    786.1    925.8
     1     1    11     4    10    16     0     2  -145.0  -18.118  -15.378    780.5    926.2
     1     1    11     4    10    15     0     3  -146.0  -18.255  -15.049    770.2    927.0
     1     1    11     4    10    14     0     2  -147.0  -18.385  -14.716    759.0    929.3
     1     1    11     4    10    13     0     1  -148.0  -18.515  -14.384    752.9    930.3
     1     1    11     4    10    12     0     0  -149.0  -18.646  -14.054    751.1    931.0
     1     1    11     4    10    11     0     1  -150.0  -18.781  -13.728    754.3    930.8
     1     1    11     4    10    10     0     2  -151.0  -18.922  -13.410    760.0    930.1
     1     1    11     4    10     9     0     3  -152.0  -19.064  -13.101    764.1    929.6
     1     1    11     4    10     8     0     2  -153.0  -19.206  -12.796    770.6    929.2
     1     1    11     4    10     7     0     1  -154.0  -19.351  -12.486    783.6    927.3
     1     1    11     4    10     6     0     0  -155.0  -19.498  -12.168    797.6    925.0
     1     1    11     4    10     5     0     1  -156.0  -19.642  -11.848    806.2    924.4
     1     1    11     4    10     4     0     2  -157.0  -19.782  -11.535    810.2    924.8
     1     1    11     4    10     3     0     3  -158.0  -19.917  -11.225    810.7    925.0
     1     1    11     4    10     2     0     2  -159.0  -20.047  -10.914    808.6    925.6
     1     1    11     4    10     1     0     1  -160.0  -20.177  -10.601    809.8    925.8
     1     1    11     4    10     0     0     0  -161.0  -20.307  -10.286    816.3    925.1
     1     1    11     4     9    23     0     1  -162.0  -20.437   -9.970    827.1    923.9
     1     1    11     4     9    22     0     2  -163.0  -20.572   -9.660    837.8    922.3
     1     1    11     4     9    21     0     3  -164.0  -20.709   -9.357    842.9    921.6
     1     1    11     4     9    20     0     2  -165.0  -20.847   -9.060    842.9    921.4
     1     1    11     4     9    19     0     1  -166.0  -20.978   -8.768    843.7    921.1
     1     1    11     4     9    18     0     0  -167.0  -21.099   -8.483    851.0    920.1
     1     1    11     4     9    17     0     1  -168.0  -21.212   -8.207    860.0    918.5
     1     1    11     4     9    16     0     2  -169.0  -21.324   -7.937    861.5    918.3
     1     1    11     4     9    15     0     3  -170.0  -21.435   -7.670    854.0    919.2
     1     1    11     4     9    14     0     2  -171.0  -21.549   -7.404    845.0    921.1
     1     1    11     4     9    13     0     1  -172.0  -21.662   -7.136    845.8    921.6
     1     1    11     4     9    12     0     0  -173.0  -21.773   -6.869    862.8    920.4
     1     1    11     4     9    11     0     1  -174.0  -21.878   -6.607    892.5    916.6
     1     1    11     4     9    10     0     2  -175.0  -21.978   -6.351    927.7    912.3
     1     1    11     4     9     9     0     3  -176.0  -22.074   -6.096    965.5    907.7
     1     1    11     4     9     8     0     2  -177.0  -22.167   -5.839    999.9    903.1
     1     1    11     4     9     7     0     1  -178.0  -22.255   -5.582   1028.5    899.9
     1     1    11     4     9     6     0     0  -179.0  -22.338   -5.323   1055.8    896.9
     1     1    11     4     9     5     0     1  -180.0  -22.413   -5.071   1084.9    893.9
     1     1    11     4     9     4     0     2  -181.0  -22.477   -4.837   1108.1    890.6
     1     1    11     4     9     3     0     3  -182.0  -22.529   -4.620   1107.9    889.6
     1     1    11     4     9     2     0     2  -183.0  -22.568   -4.416   1083.8    893.3
     1     1    11     4     9     1     0     1  -184.0  -22.593   -4.224   1053.9    897.5
     1     1    11     4     9     0     0     0  -185.0  -22.602   -4.044   1034.9    900.5
     1     1    11     4     8    23     0     1  -186.0  -22.599   -3.879   1026.7    900.6
     1     1    11     4     8    22     0     2  -187.0  -22.586   -3.727   1020.2    901.1
     1     1    11     4     8    21     0     3  -188.0  -22.565   -3.592   1012.4    901.8
     1     1    11     4     8    20     0     2  -189.0  -22.536   -3.471   1002.1    902.3
     1     1    11     4     8    19     0     1  -190.0  -22.499   -3.363    990.3    903.1
     1     1    11     4     8    18     0     0  -191.0  -22.457   -3.267    979.7    903.8
     1     1    11     4     8    17     0     1  -192.0  -22.396   -3.177    963.2    904.5
     1     1    11     4     8    16     0     2  -193.0  -22.304   -3.090    935.9    907.8
     1     1    11     4     8    15     0     3  -194.0  -22.179   -3.006    905.8    911.5
     1     1    11     4     8    14     0     2  -195.0  -22.043   -2.924    886.5    914.8
     1     1    11     4     8    13     0     1  -196.0  -21.925   -2.844    878.8    915.1
     1     1    11     4     8    12     0     0  -197.0  -21.826   -2.766    873.2    915.5
     1     1    11     4     8    11     0     1  -198.0  -21.748   -2.697    865.0    916.3
     1     1    11     4     8    10     0     2  -199.0  -21.696   -2.641    852.7    917.6
     1     1    11     4     8     9     0     3  -200.0  -21.668   -2.596    835.0    919.5
     1     1    11     4     8     8     0     2  -201.0  -21.658   -2.561    811.6    921.4
     1     1    11     4     8     7     0     1  -202.0  -21.660   -2.535    782.4    924.3
     1     1    11     4     8     6     0     0  -203.0  -21.675   -2.517    748.6    927.5
     1     1    11     4     8     5     0     1  -204.0  -21.697   -2.503    709.8    931.8
     1     1    11     4     8     4     0     2  -205.0  -21.720   -2.493    665.8    936.9
     1     1    11     4     8     3     0     3  -206.0  -21.744   -2.486    617.6    942.5
     1     1    11     4     8     2     0     2  -207.0  -21.771   -2.482    575.9    948.2
     1     1    11     4     8     1     0     1  -208.0  -21.805   -2.478    548.9    951.3
     1     1    11     4     8     0     0     0  -209.0  -21.845   -2.475    535.7    953.0
     1     1    11     4     7    23     0     1  -210.0  -21.893   -2.469    530.2    953.0
     1     1    11     4     7    22     0     2  -211.0  -21.953   -2.458    527.4    953.5
     1     1    11     4     7    21     0     3  -212.0  -22.026   -2.439    527.8    953.5
     1     1    11     4     7    20     0     2  -213.0  -22.107   -2.417    529.6    952.7
     1     1    11     4     7    19     0     1  -214.0  -22.192   -2.396    531.3    952.1
     1     1    11     4     7    18     0     0  -215.0  -22.278   -2.377    533.2    951.5
     1     1    11     4     7    17     0     1  -216.0  -22.359   -2.351    534.5    951.7
     1     1    11     4     7    16     0     2  -217.0  -22.426   -2.309    534.4    952.1
     1     1    11     4     7    15     0     3  -218.0  -22.481   -2.251    533.6    952.7
     1     1    11     4     7    14     0     2  -219.0  -22.531   -2.181    534.3    953.2
     1     1    11     4     7    13     0     1  -220.0  -22.584   -2.102    537.2    953.2
     1     1    11     4     7    12     0     0  -221.0  -22.638   -2.011    540.8    953.1
     1     1    11     4     7    11     0     1  -222.0  -22.704   -1.897    550.2    952.8
     1     1    11     4     7    10     0     2  -223.0  -22.790   -1.746    573.3    950.7
     1     1    11     4     7     9     0     3  -224.0  -22.897   -1.561    617.8    946.5
     1     1    11     4     7     8     0     2  -225.0  -23.027   -1.360    677.1    938.2
     1     1    11     4     7     7     0     1  -226.0  -23.184   -1.159    729.2    931.2
     1     1    11     4     7     6     0     0  -227.0  -23.365   -0.956    773.3    926.6
     1     1    11     4     7     5     0     1  -228.0  -23.557   -0.749    812.9    922.4
     1     1    11     4     7     4     0     2  -229.0  -23.752   -0.540    845.2    919.3
     1     1    11     4     7     3     0     3  -230.0  -23.955   -0.328    870.4    917.1
     1     1    11     4     7     2     0     2  -231.0  -24.163   -0.125    887.8    915.5
     1     1    11     4     7     1     0     1  -232.0  -24.369    0.065    897.5    914.4
     1     1    11     4     7     0     0     0  -233.0  -24.580    0.242    901.0    914.5
     1     1    11     4     6    23     0     1  -234.0  -24.800    0.411    902.3    914.9
     1     1    11     4     6    22     0     2  -235.0  -25.022    0.573    904.8    914.9
     1     1    11     4     6    21     0     3  -236.0  -25.249    0.728    908.4    914.7
     1     1    11     4     6    20     0     2  -237.0  -25.475    0.877    914.9    913.8
     1     1    11     4     6    19     0     1  -238.0  -25.699    1.024    927.6    912.2
     1     1    11     4     6    18     0     0  -239.0  -25.919    1.169    948.3    909.5
     1     1    11     4     6    17     0     1  -240.0  -26.139    1.307    974.5    906.7
     1     1    11     4     6    16     0     2  -241.0  -26.360    1.429   1001.7    904.0
     1     1    11     4     6    15     0     3  -242.0  -26.581    1.535   1026.4    901.5
     1     1    11     4     6    14     0     2  -243.0  -26.801    1.630   1047.2    899.7
     1     1    11     4     6    13     0     1  -244.0  -27.020    1.723   1066.9    898.2
     1     1    11     4     6    12     0     0  -245.0  -27.239    1.813   1091.6    896.4
     1     1    11     4     6    11     0     1  -246.0  -27.464    1.903   1121.0    893.0
     1     1    11     4     6    10     0     2  -247.0  -27.696    1.999   1149.5    890.2
     1     1    11     4     6     9     0     3  -248.0  -27.931    2.096   1175.0    887.6
     1     1    11     4     6     8     0     2  -249.0  -28.169    2.185   1201.5    884.9
     1     1    11     4     6     7     0     1  -250.0  -28.412    2.258   1229.0    881.1
     1     1    11     4     6     6     0     0  -251.0  -28.658    2.315   1247.4    878.3
     1     1    11     4     6     5     0     1  -252.0  -28.908    2.352   1255.6    878.0
     1     1    11     4     6     4     0     2  -253.0  -29.161    2.363   1261.8    877.8
     1     1    11     4     6     3     0     3  -254.0  -29.413    2.345   1271.9    877.0
     1     1    11     4     6     2     0     2  -255.0  -29.660    2.303   1287.8    875.8
     1     1    11     4     6     1     0     1  -256.0  -29.900    2.242   1308.3    873.9
     1     1    11     4     6     0     0     0  -257.0  -30.131    2.162   1329.3    871.9
     1     1    11     4     5    23     0     1  -258.0  -30.351    2.056   1350.4    870.1
     1     1    11     4     5    22     0     2  -259.0  -30.561    1.919   1376.0    867.7
     1     1    11     4     5    21     0     3  -260.0  -30.760    1.751   1410.2    864.5
     1     1    11     4     5    20     0     2  -261.0  -30.948    1.557   1446.9    859.8
     1     1    11     4     5    19     0     1  -262.0  -31.120    1.348   1477.3    856.6
     1     1    11     4     5    18     0     0  -263.0  -31.273    1.122   1499.3    854.1
     1     1    11     4     5    17     0     1  -264.0  -31.402    0.893   1512.5    853.0
     1     1    11     4     5    16     0     2  -265.0  -31.506    0.684   1518.9    852.8
     1     1    11     4     5    15     0     3  -266.0  -31.581    0.497   1520.9    853.0
     1     1    11     4     5    14     0     2  -267.0  -31.634    0.327   1522.2    853.5
     1     1    11     4     5    13     0     1  -268.0  -31.668    0.169   1525.6    853.4
     1     1    11     4     5    12     0     0  -269.0  -31.681    0.027   1530.4    853.1
     1     1    11     4     5    11     0     1  -270.0  -31.688   -0.107   1540.4    853.0
     1     1    11     4     5    10     0     2  -271.0  -31.699   -0.235   1557.7    851.2
     1     1    11     4     5     9     0     3  -272.0  -31.710   -0.345   1580.7    849.0
     1     1    11     4     5     8     0     2  -273.0  -31.721   -0.443   1602.6    846.0
     1     1    11     4     5     7     0     1  -274.0  -31.728   -0.536   1616.4    844.4
     1     1    11     4     5     6     0     0  -275.0  -31.731   -0.624   1621.8    843.8
     1     1    11     4     5     5     0     1  -276.0  -31.727   -0.703   1622.0    844.2
     1     1    11     4     5     4     0     2  -277.0  -31.715   -0.772   1620.0    844.5
     1     1    11     4     5     3     0     3  -278.0  -31.694   -0.830   1616.4    845.0
     1     1    11     4     5     2     0     2  -279.0  -31.663   -0.880   1614.8    845.8
     1     1    11     4     5     1     0     1  -280.0  -31.620   -0.923   1619.6    845.7
     1     1    11     4     5     0     0     0  -281.0  -31.567   -0.962   1631.0    844.9
     1     1    11     4     4    23     0     1  -282.0  -31.512   -0.977   1643.5    843.2
     1     1    11     4     4    22     0     2  -283.0  -31.460   -0.953   1650.3    842.6
     1     1    11     4     4    21     0     3  -284.0  -31.411   -0.890   1650.1    842.7
     1     1    11     4     4    20     0     2  -285.0  -31.356   -0.803   1651.5    843.2
     1     1    11     4     4    19     0     1  -286.0  -31.291   -0.708   1662.8    841.7
     1     1    11     4     4    18     0     0  -287.0  -31.217   -0.605   1683.5    839.3
     1     1    11     4     4    17     0     1  -288.0  -31.136   -0.491   1706.1    836.3
     1     1    11     4     4    16     0     2  -289.0  -31.050   -0.357   1724.3    834.5
     1     1    11     4     4    15     0     3  -290.0  -30.956   -0.201   1739.0    833.1
     1     1    11     4     4    14     0     2  -291.0  -30.864   -0.031   1753.5    832.0
     1     1    11     4     4    13     0     1  -292.0  -30.790    0.168   1768.4    830.4
     1     1    11     4     4    12     0     0  -293.0  -30.737    0.401   1779.7    829.2
     1     1    11     4     4    11     0     1  -294.0  -30.697    0.651   1790.1    828.9
     1     1    11     4     4    10     0     2  -295.0  -30.673    0.913   1802.7    827.8
     1     1    11     4     4     9     0     3  -296.0  -30.664    1.189   1816.0    826.7
     1     1    11     4     4     8     0     2  -297.0  -30.671    1.467   1832.7    825.1
     1     1    11     4     4     7     0     1  -298.0  -30.697    1.740   1855.0    822.6
     1     1    11     4     4     6     0     0  -299.0  -30.741    2.005   1882.4    819.6
     1     1    11     4     4     5     0     1  -300.0  -30.801    2.261   1909.1    816.5
     1     1    11     4     4     4     0     2  -301.0  -30.875    2.505   1928.5    814.7
     1     1    11     4     4     3     0     3  -302.0  -30.965    2.738   1938.9    813.7
     1     1    11     4     4     2     0     2  -303.0  -31.062    2.960   1949.6    814.0
     1     1    11     4     4     1     0     1  -304.0  -31.157    3.174   1970.1    812.3
     1     1    11     4     4     0     0     0  -305.0  -31.250    3.379   1995.8    809.6
     1     1    11     4     3    23     0     1  -306.0  -31.350    3.580   2024.7    807.0
     1     1    11     4     3    22     0     2  -307.0  -31.460    3.778   2058.5    803.6
     1     1    11     4     3    21     0     3  -308.0  -31.581    3.971   2092.0    799.9
     1     1    11     4     3    20     0     2  -309.0  -31.713    4.157   2117.1    796.8
     1     1    11     4     3    19     0     1  -310.0  -31.853    4.333   2134.4    795.3
     1     1    11     4     3    18     0     0  -311.0  -32.001    4.498   2151.7    793.7
     1     1    11     4     3    17     0     1  -312.0  -32.158    4.659   2174.7    791.6
     1     1    11     4     3    16     0     2  -313.0  -32.327    4.828   2204.5    788.6
     1     1    11     4     3    15     0     3  -314.0  -32.510    5.005   2238.1    785.3
     1     1    11     4     3    14     0     2  -315.0  -32.709    5.171   2272.4    782.1
     1     1    11     4     3    13     0     1  -316.0  -32.924    5.309   2309.3    778.9
     1     1    11     4     3    12     0     0  -317.0  -33.158    5.415   2353.4    774.9
     1     1    11     4     3    11     0     1  -318.0  -33.404    5.499   2400.8    769.8
     1     1    11     4     3    10     0     2  -319.0  -33.660    5.562   2443.5    765.4
     1     1    11     4     3     9     0     3  -320.0  -33.935    5.603   2475.1    761.9
     1     1    11     4     3     8     0     2  -321.0  -34.226    5.619   2499.3    760.0
     1     1    11     4     3     7     0     1  -322.0  -34.529    5.605   2523.9    757.4
     1     1    11     4     3     6     0     0  -323.0  -34.844    5.554   2550.2    754.5
     1     1    11     4     3     5     0     1  -324.0  -35.171    5.468   2579.2    751.9
     1     1    11     4     3     4     0     2  -325.0  -35.506    5.351   2615.3    748.8
     1     1    11     4     3     3     0     3  -326.0  -35.849    5.201   2663.9    744.5
     1     1    11     4     3     2     0     2  -327.0  -36.198    5.017   2720.7    738.8
     1     1    11     4     3     1     0     1  -328.0  -36.548    4.801   2772.4    733.4
     1     1    11     4     3     0     0     0  -329.0  -36.906    4.553   2809.2    729.7
     1     1    11     4     2    23     0     1  -330.0  -37.267    4.278   2838.4    727.7
     1     1    11     4     2    22     0     2  -331.0  -37.620    3.979   2875.8    724.5
     1     1    11     4     2    21     0     3  -332.0  -37.966    3.646   2930.0    719.6
     1     1    11     4     2    20     0     2  -333.0  -38.308    3.282   2994.1    712.8
     1     1    11     4     2    19     0     1  -334.0  -38.649    2.890   3051.6    707.0
     1     1    11     4     2    18     0     0  -335.0  -38.993    2.465   3095.1    702.8
     1     1    11     4     2    17     0     1  -336.0  -39.347    2.009   3128.6    700.0
