     3     1
    GDAS    11     7     1     0     0
    GDAS    11     7     8     0     0
    GDAS    11     7    15     0     0
     1 BACKWARD OMEGA   
  2011     7    20    17   -8.870  -56.710   457.2
     1 PRESSURE
     1     1    11     7    20    17     0     1     0.0   -8.870  -56.710    457.2    937.6
     1     1    11     7    20    16     0     2    -1.0   -8.872  -56.587    481.5    934.7
     1     1    11     7    20    15     0     3    -2.0   -8.857  -56.458    508.4    930.8
     1     1    11     7    20    14     0     2    -3.0   -8.828  -56.319    533.3    925.9
     1     1    11     7    20    13     0     1    -4.0   -8.787  -56.161    553.2    921.5
     1     1    11     7    20    12     0     0    -5.0   -8.729  -55.980    566.7    917.3
     1     1    11     7    20    11     0     1    -6.0   -8.671  -55.772    577.4    912.7
     1     1    11     7    20    10     0     2    -7.0   -8.631  -55.539    588.4    908.2
     1     1    11     7    20     9     0     3    -8.0   -8.604  -55.284    599.2    904.1
     1     1    11     7    20     8     0     2    -9.0   -8.586  -55.015    605.8    900.7
     1     1    11     7    20     7     0     1   -10.0   -8.578  -54.739    600.0    901.3
     1     1    11     7    20     6     0     0   -11.0   -8.583  -54.459    576.7    904.1
     1     1    11     7    20     5     0     1   -12.0   -8.599  -54.181    539.0    909.0
     1     1    11     7    20     4     0     2   -13.0   -8.623  -53.910    491.0    914.9
     1     1    11     7    20     3     0     3   -14.0   -8.653  -53.638    442.4    921.8
     1     1    11     7    20     2     0     2   -15.0   -8.685  -53.365    408.9    926.0
     1     1    11     7    20     1     0     1   -16.0   -8.717  -53.100    393.4    927.1
     1     1    11     7    20     0     0     0   -17.0   -8.753  -52.844    394.1    927.7
     1     1    11     7    19    23     0     1   -18.0   -8.794  -52.605    404.3    927.0
     1     1    11     7    19    22     0     2   -19.0   -8.832  -52.394    411.5    926.8
     1     1    11     7    19    21     0     3   -20.0   -8.867  -52.216    404.8    927.8
     1     1    11     7    19    20     0     2   -21.0   -8.900  -52.060    393.1    931.7
     1     1    11     7    19    19     0     1   -22.0   -8.930  -51.912    389.3    931.9
     1     1    11     7    19    18     0     0   -23.0   -8.960  -51.769    391.6    930.2
     1     1    11     7    19    17     0     1   -24.0   -8.986  -51.622    397.4    929.0
     1     1    11     7    19    16     0     2   -25.0   -9.010  -51.466    404.9    927.6
     1     1    11     7    19    15     0     3   -26.0   -9.030  -51.302    412.5    926.3
     1     1    11     7    19    14     0     2   -27.0   -9.045  -51.122    425.1    923.9
     1     1    11     7    19    13     0     1   -28.0   -9.049  -50.915    449.2    921.8
     1     1    11     7    19    12     0     0   -29.0   -9.038  -50.687    479.4    923.0
     1     1    11     7    19    11     0     1   -30.0   -9.018  -50.466    498.3    924.1
     1     1    11     7    19    10     0     2   -31.0   -9.004  -50.274    492.2    928.4
     1     1    11     7    19     9     0     3   -32.0   -9.003  -50.110    459.0    935.3
     1     1    11     7    19     8     0     2   -33.0   -9.005  -49.972    413.7    944.3
     1     1    11     7    19     7     0     1   -34.0   -8.999  -49.855    373.4    948.2
     1     1    11     7    19     6     0     0   -35.0   -8.987  -49.754    341.7    950.4
     1     1    11     7    19     5     0     1   -36.0   -8.971  -49.656    317.4    952.9
     1     1    11     7    19     4     0     2   -37.0   -8.956  -49.549    301.9    954.2
     1     1    11     7    19     3     0     3   -38.0   -8.946  -49.443    293.9    954.6
     1     1    11     7    19     2     0     2   -39.0   -8.948  -49.336    296.5    954.1
     1     1    11     7    19     1     0     1   -40.0   -8.967  -49.225    316.6    951.3
     1     1    11     7    19     0     0     0   -41.0   -9.001  -49.106    362.7    945.8
     1     1    11     7    18    23     0     1   -42.0   -9.047  -48.983    423.5    936.8
     1     1    11     7    18    22     0     2   -43.0   -9.098  -48.866    469.3    930.4
     1     1    11     7    18    21     0     3   -44.0   -9.150  -48.760    493.0    928.1
     1     1    11     7    18    20     0     2   -45.0   -9.201  -48.661    506.8    927.8
     1     1    11     7    18    19     0     1   -46.0   -9.247  -48.567    518.5    926.8
     1     1    11     7    18    18     0     0   -47.0   -9.290  -48.476    528.6    926.0
     1     1    11     7    18    17     0     1   -48.0   -9.327  -48.381    539.1    925.7
     1     1    11     7    18    16     0     2   -49.0   -9.358  -48.278    551.9    925.0
     1     1    11     7    18    15     0     3   -50.0   -9.382  -48.165    567.8    924.2
     1     1    11     7    18    14     0     2   -51.0   -9.401  -48.031    581.7    922.5
     1     1    11     7    18    13     0     1   -52.0   -9.417  -47.860    592.2    919.1
     1     1    11     7    18    12     0     0   -53.0   -9.434  -47.643    617.3    913.3
     1     1    11     7    18    11     0     1   -54.0   -9.451  -47.395    673.0    902.6
     1     1    11     7    18    10     0     2   -55.0   -9.473  -47.142    759.1    888.3
     1     1    11     7    18     9     0     3   -56.0   -9.503  -46.896    858.0    874.3
     1     1    11     7    18     8     0     2   -57.0   -9.545  -46.661    933.6    864.2
     1     1    11     7    18     7     0     1   -58.0   -9.593  -46.435    967.5    860.6
     1     1    11     7    18     6     0     0   -59.0   -9.634  -46.215    964.5    859.8
     1     1    11     7    18     5     0     1   -60.0   -9.662  -45.999    930.4    862.3
     1     1    11     7    18     4     0     2   -61.0   -9.684  -45.783    882.4    867.7
     1     1    11     7    18     3     0     3   -62.0   -9.704  -45.563    831.5    871.9
     1     1    11     7    18     2     0     2   -63.0   -9.732  -45.340    782.1    876.2
     1     1    11     7    18     1     0     1   -64.0   -9.776  -45.122    732.9    879.5
     1     1    11     7    18     0     0     0   -65.0   -9.834  -44.913    680.1    885.1
     1     1    11     7    17    23     0     1   -66.0   -9.905  -44.711    637.7    891.4
     1     1    11     7    17    22     0     2   -67.0   -9.991  -44.512    616.1    892.8
     1     1    11     7    17    21     0     3   -68.0  -10.094  -44.327    607.8    893.2
     1     1    11     7    17    20     0     2   -69.0  -10.201  -44.156    597.3    894.1
     1     1    11     7    17    19     0     1   -70.0  -10.304  -43.990    574.2    897.3
     1     1    11     7    17    18     0     0   -71.0  -10.401  -43.833    545.5    902.0
     1     1    11     7    17    17     0     1   -72.0  -10.493  -43.673    523.7    906.3
     1     1    11     7    17    16     0     2   -73.0  -10.580  -43.499    514.8    909.0
     1     1    11     7    17    15     0     3   -74.0  -10.666  -43.310    518.9    910.6
     1     1    11     7    17    14     0     2   -75.0  -10.757  -43.112    531.4    910.2
     1     1    11     7    17    13     0     1   -76.0  -10.868  -42.908    548.0    908.3
     1     1    11     7    17    12     0     0   -77.0  -11.012  -42.693    582.6    902.5
     1     1    11     7    17    11     0     1   -78.0  -11.195  -42.456    660.2    886.4
     1     1    11     7    17    10     0     2   -79.0  -11.404  -42.202    783.7    859.5
     1     1    11     7    17     9     0     3   -80.0  -11.628  -41.952    922.4    829.8
     1     1    11     7    17     8     0     2   -81.0  -11.856  -41.727   1024.4    812.8
     1     1    11     7    17     7     0     1   -82.0  -12.079  -41.524   1063.6    811.4
     1     1    11     7    17     6     0     0   -83.0  -12.290  -41.326   1051.1    820.9
     1     1    11     7    17     5     0     1   -84.0  -12.486  -41.128    988.3    837.8
     1     1    11     7    17     4     0     2   -85.0  -12.671  -40.938    883.4    859.9
     1     1    11     7    17     3     0     3   -86.0  -12.854  -40.756    781.9    878.2
     1     1    11     7    17     2     0     2   -87.0  -13.042  -40.573    738.0    885.5
     1     1    11     7    17     1     0     1   -88.0  -13.239  -40.377    761.1    885.2
     1     1    11     7    17     0     0     0   -89.0  -13.450  -40.175    836.7    880.3
     1     1    11     7    16    23     0     1   -90.0  -13.668  -39.979    925.0    873.3
     1     1    11     7    16    22     0     2   -91.0  -13.875  -39.793    983.8    875.5
     1     1    11     7    16    21     0     3   -92.0  -14.066  -39.620   1006.4    882.1
     1     1    11     7    16    20     0     2   -93.0  -14.247  -39.464   1018.2    886.8
     1     1    11     7    16    19     0     1   -94.0  -14.422  -39.331   1030.6    889.7
     1     1    11     7    16    18     0     0   -95.0  -14.592  -39.217   1045.5    891.9
     1     1    11     7    16    17     0     1   -96.0  -14.754  -39.106   1057.1    893.6
     1     1    11     7    16    16     0     2   -97.0  -14.903  -38.983   1058.1    897.2
     1     1    11     7    16    15     0     3   -98.0  -15.035  -38.846   1050.9    899.0
     1     1    11     7    16    14     0     2   -99.0  -15.157  -38.693   1043.4    900.7
     1     1    11     7    16    13     0     1  -100.0  -15.274  -38.529   1040.5    901.7
     1     1    11     7    16    12     0     0  -101.0  -15.387  -38.355   1044.4    902.1
     1     1    11     7    16    11     0     1  -102.0  -15.494  -38.170   1053.4    900.8
     1     1    11     7    16    10     0     2  -103.0  -15.595  -37.969   1064.6    899.7
     1     1    11     7    16     9     0     3  -104.0  -15.692  -37.753   1070.1    897.8
     1     1    11     7    16     8     0     2  -105.0  -15.789  -37.527   1071.0    898.4
     1     1    11     7    16     7     0     1  -106.0  -15.887  -37.295   1072.0    898.0
     1     1    11     7    16     6     0     0  -107.0  -15.989  -37.060   1066.8    898.3
     1     1    11     7    16     5     0     1  -108.0  -16.088  -36.820   1063.5    900.2
     1     1    11     7    16     4     0     2  -109.0  -16.182  -36.575   1075.9    899.5
     1     1    11     7    16     3     0     3  -110.0  -16.273  -36.327   1104.6    896.9
     1     1    11     7    16     2     0     2  -111.0  -16.364  -36.082   1136.3    892.4
     1     1    11     7    16     1     0     1  -112.0  -16.459  -35.847   1154.0    890.3
     1     1    11     7    16     0     0     0  -113.0  -16.556  -35.622   1153.8    890.3
     1     1    11     7    15    23     0     1  -114.0  -16.645  -35.400   1147.1    891.6
     1     1    11     7    15    22     0     2  -115.0  -16.713  -35.176   1147.1    891.2
     1     1    11     7    15    21     0     3  -116.0  -16.756  -34.951   1158.4    889.8
     1     1    11     7    15    20     0     2  -117.0  -16.783  -34.728   1179.5    887.3
     1     1    11     7    15    19     0     1  -118.0  -16.803  -34.512   1205.5    884.4
     1     1    11     7    15    18     0     0  -119.0  -16.815  -34.302   1234.3    881.3
     1     1    11     7    15    17     0     1  -120.0  -16.823  -34.092   1261.0    878.3
     1     1    11     7    15    16     0     2  -121.0  -16.831  -33.874   1282.7    876.4
     1     1    11     7    15    15     0     3  -122.0  -16.841  -33.648   1301.8    874.7
     1     1    11     7    15    14     0     2  -123.0  -16.853  -33.411   1314.6    872.9
     1     1    11     7    15    13     0     1  -124.0  -16.862  -33.160   1317.2    872.5
     1     1    11     7    15    12     0     0  -125.0  -16.867  -32.891   1310.1    873.2
     1     1    11     7    15    11     0     1  -126.0  -16.871  -32.610   1312.7    874.5
     1     1    11     7    15    10     0     2  -127.0  -16.882  -32.323   1340.4    871.2
     1     1    11     7    15     9     0     3  -128.0  -16.895  -32.028   1390.4    865.6
     1     1    11     7    15     8     0     2  -129.0  -16.917  -31.724   1443.2    858.5
     1     1    11     7    15     7     0     1  -130.0  -16.953  -31.413   1481.6    854.9
     1     1    11     7    15     6     0     0  -131.0  -17.003  -31.089   1510.3    852.2
     1     1    11     7    15     5     0     1  -132.0  -17.058  -30.757   1531.6    849.9
     1     1    11     7    15     4     0     2  -133.0  -17.109  -30.423   1541.1    848.7
     1     1    11     7    15     3     0     3  -134.0  -17.158  -30.082   1533.4    849.3
     1     1    11     7    15     2     0     2  -135.0  -17.208  -29.737   1524.2    852.3
     1     1    11     7    15     1     0     1  -136.0  -17.264  -29.398   1534.0    851.7
     1     1    11     7    15     0     0     0  -137.0  -17.330  -29.069   1565.7    848.7
     1     1    11     7    14    23     0     1  -138.0  -17.406  -28.759   1611.6    842.9
     1     1    11     7    14    22     0     2  -139.0  -17.494  -28.471   1662.4    837.2
     1     1    11     7    14    21     0     3  -140.0  -17.594  -28.201   1717.0    831.5
     1     1    11     7    14    20     0     2  -141.0  -17.699  -27.944   1770.5    825.9
     1     1    11     7    14    19     0     1  -142.0  -17.799  -27.695   1818.8    821.4
     1     1    11     7    14    18     0     0  -143.0  -17.891  -27.452   1864.4    817.2
     1     1    11     7    14    17     0     1  -144.0  -17.979  -27.214   1908.3    813.0
     1     1    11     7    14    16     0     2  -145.0  -18.067  -26.983   1950.5    809.1
     1     1    11     7    14    15     0     3  -146.0  -18.155  -26.760   1988.8    805.3
     1     1    11     7    14    14     0     2  -147.0  -18.243  -26.537   2027.6    802.5
     1     1    11     7    14    13     0     1  -148.0  -18.336  -26.312   2072.8    798.4
     1     1    11     7    14    12     0     0  -149.0  -18.433  -26.083   2123.7    793.8
     1     1    11     7    14    11     0     1  -150.0  -18.537  -25.860   2171.8    788.1
     1     1    11     7    14    10     0     2  -151.0  -18.652  -25.650   2211.0    784.2
     1     1    11     7    14     9     0     3  -152.0  -18.776  -25.451   2246.5    780.7
     1     1    11     7    14     8     0     2  -153.0  -18.905  -25.262   2283.8    777.5
     1     1    11     7    14     7     0     1  -154.0  -19.034  -25.080   2321.1    773.5
     1     1    11     7    14     6     0     0  -155.0  -19.163  -24.907   2351.8    770.3
     1     1    11     7    14     5     0     1  -156.0  -19.290  -24.738   2381.2    768.5
     1     1    11     7    14     4     0     2  -157.0  -19.416  -24.568   2418.2    765.2
     1     1    11     7    14     3     0     3  -158.0  -19.541  -24.400   2463.7    761.2
     1     1    11     7    14     2     0     2  -159.0  -19.668  -24.237   2504.1    756.2
     1     1    11     7    14     1     0     1  -160.0  -19.799  -24.079   2522.6    754.5
     1     1    11     7    14     0     0     0  -161.0  -19.934  -23.921   2516.1    755.0
     1     1    11     7    13    23     0     1  -162.0  -20.073  -23.763   2504.8    757.9
     1     1    11     7    13    22     0     2  -163.0  -20.219  -23.614   2510.1    757.2
     1     1    11     7    13    21     0     3  -164.0  -20.370  -23.477   2530.7    755.1
     1     1    11     7    13    20     0     2  -165.0  -20.526  -23.353   2567.7    751.8
     1     1    11     7    13    19     0     1  -166.0  -20.688  -23.247   2624.4    746.7
     1     1    11     7    13    18     0     0  -167.0  -20.859  -23.158   2704.1    739.6
     1     1    11     7    13    17     0     1  -168.0  -21.038  -23.089   2789.7    730.4
     1     1    11     7    13    16     0     2  -169.0  -21.215  -23.038   2856.6    724.2
     1     1    11     7    13    15     0     3  -170.0  -21.386  -23.003   2899.7    720.5
     1     1    11     7    13    14     0     2  -171.0  -21.549  -22.986   2932.5    719.2
     1     1    11     7    13    13     0     1  -172.0  -21.705  -22.993   2969.8    716.3
     1     1    11     7    13    12     0     0  -173.0  -21.857  -23.024   3011.5    713.0
     1     1    11     7    13    11     0     1  -174.0  -22.002  -23.071   3053.2    708.7
     1     1    11     7    13    10     0     2  -175.0  -22.138  -23.131   3091.2    705.2
     1     1    11     7    13     9     0     3  -176.0  -22.265  -23.203   3123.8    702.0
     1     1    11     7    13     8     0     2  -177.0  -22.382  -23.281   3148.9    699.8
     1     1    11     7    13     7     0     1  -178.0  -22.488  -23.358   3166.7    698.2
     1     1    11     7    13     6     0     0  -179.0  -22.587  -23.436   3178.1    697.2
     1     1    11     7    13     5     0     1  -180.0  -22.674  -23.520   3186.7    697.0
     1     1    11     7    13     4     0     2  -181.0  -22.749  -23.606   3197.4    696.5
     1     1    11     7    13     3     0     3  -182.0  -22.809  -23.692   3212.1    695.5
     1     1    11     7    13     2     0     2  -183.0  -22.863  -23.774   3227.4    693.9
     1     1    11     7    13     1     0     1  -184.0  -22.918  -23.850   3238.2    692.9
     1     1    11     7    13     0     0     0  -185.0  -22.974  -23.919   3242.7    692.4
     1     1    11     7    12    23     0     1  -186.0  -23.034  -23.986   3245.6    692.7
     1     1    11     7    12    22     0     2  -187.0  -23.098  -24.056   3253.0    692.1
     1     1    11     7    12    21     0     3  -188.0  -23.168  -24.128   3265.8    691.0
     1     1    11     7    12    20     0     2  -189.0  -23.239  -24.206   3278.7    689.2
     1     1    11     7    12    19     0     1  -190.0  -23.307  -24.295   3284.9    688.5
     1     1    11     7    12    18     0     0  -191.0  -23.372  -24.392   3283.2    688.4
     1     1    11     7    12    17     0     1  -192.0  -23.428  -24.497   3275.0    689.5
     1     1    11     7    12    16     0     2  -193.0  -23.469  -24.607   3263.6    690.9
     1     1    11     7    12    15     0     3  -194.0  -23.494  -24.723   3250.7    692.3
     1     1    11     7    12    14     0     2  -195.0  -23.513  -24.837   3242.0    693.7
     1     1    11     7    12    13     0     1  -196.0  -23.538  -24.944   3242.8    693.8
     1     1    11     7    12    12     0     0  -197.0  -23.568  -25.045   3252.4    693.1
     1     1    11     7    12    11     0     1  -198.0  -23.600  -25.136   3261.9    691.3
     1     1    11     7    12    10     0     2  -199.0  -23.630  -25.216   3264.5    690.9
     1     1    11     7    12     9     0     3  -200.0  -23.659  -25.283   3261.3    691.0
     1     1    11     7    12     8     0     2  -201.0  -23.685  -25.341   3261.3    691.7
     1     1    11     7    12     7     0     1  -202.0  -23.708  -25.392   3273.2    690.7
     1     1    11     7    12     6     0     0  -203.0  -23.727  -25.437   3297.0    688.6
     1     1    11     7    12     5     0     1  -204.0  -23.741  -25.479   3318.6    685.9
     1     1    11     7    12     4     0     2  -205.0  -23.749  -25.519   3323.7    685.8
     1     1    11     7    12     3     0     3  -206.0  -23.751  -25.555   3312.2    687.1
     1     1    11     7    12     2     0     2  -207.0  -23.750  -25.586   3289.6    689.5
     1     1    11     7    12     1     0     1  -208.0  -23.749  -25.609   3262.0    692.0
     1     1    11     7    12     0     0     0  -209.0  -23.749  -25.624   3230.0    694.8
     1     1    11     7    11    23     0     1  -210.0  -23.745  -25.628   3207.5    697.9
     1     1    11     7    11    22     0     2  -211.0  -23.737  -25.617   3207.5    697.8
     1     1    11     7    11    21     0     3  -212.0  -23.726  -25.595   3230.1    695.8
     1     1    11     7    11    20     0     2  -213.0  -23.719  -25.564   3258.5    691.7
     1     1    11     7    11    19     0     1  -214.0  -23.715  -25.526   3275.0    690.2
     1     1    11     7    11    18     0     0  -215.0  -23.715  -25.480   3279.8    689.7
     1     1    11     7    11    17     0     1  -216.0  -23.722  -25.424   3281.5    690.4
     1     1    11     7    11    16     0     2  -217.0  -23.745  -25.357   3289.2    690.0
     1     1    11     7    11    15     0     3  -218.0  -23.784  -25.280   3303.7    689.0
     1     1    11     7    11    14     0     2  -219.0  -23.837  -25.199   3322.8    687.2
     1     1    11     7    11    13     0     1  -220.0  -23.900  -25.118   3343.5    685.6
     1     1    11     7    11    12     0     0  -221.0  -23.973  -25.038   3366.2    683.9
     1     1    11     7    11    11     0     1  -222.0  -24.054  -24.972   3392.1    681.6
     1     1    11     7    11    10     0     2  -223.0  -24.140  -24.933   3420.2    679.0
     1     1    11     7    11     9     0     3  -224.0  -24.230  -24.923   3447.9    676.4
     1     1    11     7    11     8     0     2  -225.0  -24.322  -24.928   3471.1    674.1
     1     1    11     7    11     7     0     1  -226.0  -24.417  -24.937   3487.1    672.7
     1     1    11     7    11     6     0     0  -227.0  -24.512  -24.949   3497.1    671.8
     1     1    11     7    11     5     0     1  -228.0  -24.613  -24.962   3511.9    671.7
     1     1    11     7    11     4     0     2  -229.0  -24.725  -24.976   3544.0    669.3
     1     1    11     7    11     3     0     3  -230.0  -24.850  -24.994   3597.3    665.3
     1     1    11     7    11     2     0     2  -231.0  -24.987  -25.012   3653.9    659.0
     1     1    11     7    11     1     0     1  -232.0  -25.138  -25.027   3689.9    655.8
     1     1    11     7    11     0     0     0  -233.0  -25.303  -25.038   3700.8    654.8
     1     1    11     7    10    23     0     1  -234.0  -25.476  -25.054   3706.4    656.0
     1     1    11     7    10    22     0     2  -235.0  -25.652  -25.085   3725.5    654.3
     1     1    11     7    10    21     0     3  -236.0  -25.829  -25.135   3755.0    651.7
     1     1    11     7    10    20     0     2  -237.0  -26.009  -25.207   3788.2    648.4
     1     1    11     7    10    19     0     1  -238.0  -26.190  -25.298   3821.4    645.6
     1     1    11     7    10    18     0     0  -239.0  -26.369  -25.410   3856.0    642.6
     1     1    11     7    10    17     0     1  -240.0  -26.551  -25.540   3892.6    639.7
     1     1    11     7    10    16     0     2  -241.0  -26.744  -25.686   3932.6    636.4
     1     1    11     7    10    15     0     3  -242.0  -26.947  -25.844   3975.5    632.9
     1     1    11     7    10    14     0     2  -243.0  -27.155  -26.016   4023.4    629.3
     1     1    11     7    10    13     0     1  -244.0  -27.364  -26.202   4080.1    624.9
     1     1    11     7    10    12     0     0  -245.0  -27.577  -26.400   4147.4    619.7
     1     1    11     7    10    11     0     1  -246.0  -27.796  -26.615   4216.1    613.2
     1     1    11     7    10    10     0     2  -247.0  -28.027  -26.849   4275.9    608.2
     1     1    11     7    10     9     0     3  -248.0  -28.275  -27.101   4331.7    603.7
     1     1    11     7    10     8     0     2  -249.0  -28.537  -27.371   4382.0    599.0
     1     1    11     7    10     7     0     1  -250.0  -28.809  -27.667   4423.1    595.7
     1     1    11     7    10     6     0     0  -251.0  -29.094  -27.992   4456.9    592.8
     1     1    11     7    10     5     0     1  -252.0  -29.377  -28.346   4489.7    590.7
     1     1    11     7    10     4     0     2  -253.0  -29.650  -28.728   4535.3    587.7
     1     1    11     7    10     3     0     3  -254.0  -29.923  -29.145   4607.5    582.7
     1     1    11     7    10     2     0     2  -255.0  -30.193  -29.589   4689.4    574.6
     1     1    11     7    10     1     0     1  -256.0  -30.462  -30.045   4761.1    569.3
     1     1    11     7    10     0     0     0  -257.0  -30.730  -30.515   4827.6    564.2
     1     1    11     7     9    23     0     1  -258.0  -31.011  -30.999   4894.0    559.1
     1     1    11     7     9    22     0     2  -259.0  -31.326  -31.495   4963.8    553.4
     1     1    11     7     9    21     0     3  -260.0  -31.693  -32.001   5029.0    547.7
     1     1    11     7     9    20     0     2  -261.0  -32.094  -32.533   5094.2    543.3
     1     1    11     7     9    19     0     1  -262.0  -32.514  -33.102   5178.6    537.0
     1     1    11     7     9    18     0     0  -263.0  -32.967  -33.719   5284.1    528.8
     1     1    11     7     9    17     0     1  -264.0  -33.453  -34.394   5380.0    519.6
     1     1    11     7     9    16     0     2  -265.0  -33.963  -35.115   5438.0    515.0
     1     1    11     7     9    15     0     3  -266.0  -34.493  -35.881   5457.8    513.1
     1     1    11     7     9    14     0     2  -267.0  -35.028  -36.698   5455.6    514.3
     1     1    11     7     9    13     0     1  -268.0  -35.568  -37.555   5479.0    512.5
     1     1    11     7     9    12     0     0  -269.0  -36.117  -38.459   5530.7    508.2
     1     1    11     7     9    11     0     1  -270.0  -36.657  -39.416   5591.7    503.5
     1     1    11     7     9    10     0     2  -271.0  -37.205  -40.415   5687.5    496.6
     1     1    11     7     9     9     0     3  -272.0  -37.780  -41.463   5819.0    486.8
     1     1    11     7     9     8     0     2  -273.0  -38.344  -42.576   5916.9    479.5
     1     1    11     7     9     7     0     1  -274.0  -38.888  -43.714   5963.7    476.4
     1     1    11     7     9     6     0     0  -275.0  -39.420  -44.885   6007.7    473.6
     1     1    11     7     9     5     0     1  -276.0  -39.918  -46.089   6039.9    470.5
     1     1    11     7     9     4     0     2  -277.0  -40.403  -47.284   6056.6    469.7
     1     1    11     7     9     3     0     3  -278.0  -40.906  -48.508   6119.2    465.9
     1     1    11     7     9     2     0     2  -279.0  -41.391  -49.798   6237.7    457.4
     1     1    11     7     9     1     0     1  -280.0  -41.867  -51.091   6347.9    450.3
     1     1    11     7     9     0     0     0  -281.0  -42.327  -52.403   6405.6    445.9
     1     1    11     7     8    23     0     1  -282.0  -42.745  -53.783   6383.1    448.0
     1     1    11     7     8    22     0     2  -283.0  -43.155  -55.200   6369.8    449.2
     1     1    11     7     8    21     0     3  -284.0  -43.511  -56.646   6403.2    446.9
     1     1    11     7     8    20     0     2  -285.0  -43.747  -58.126   6422.6    444.3
     1     1    11     7     8    19     0     1  -286.0  -43.943  -59.621   6339.8    451.4
     1     1    11     7     8    18     0     0  -287.0  -44.120  -61.113   6297.1    452.9
     1     1    11     7     8    17     0     1  -288.0  -44.200  -62.537   6263.7    455.7
     1     1    11     7     8    16     0     2  -289.0  -44.273  -63.935   6308.6    454.0
     1     1    11     7     8    15     0     3  -290.0  -44.371  -65.345   6443.2    438.4
     1     1    11     7     8    14     0     2  -291.0  -44.454  -66.763   6225.3    440.1
     1     1    11     7     8    13     0     1  -292.0  -44.491  -68.196   5963.4    447.8
     1     1    11     7     8    12     0     0  -293.0  -44.499  -69.649   5433.2    469.7
     1     1    11     7     8    11     0     1  -294.0  -44.510  -71.106   5214.7    466.9
     1     1    11     7     8    10     0     2  -295.0  -44.526  -72.757   5958.7    430.1
     1     1    11     7     8     9     0     3  -296.0  -44.518  -74.437   5968.3    469.0
     1     1    11     7     8     8     0     2  -297.0  -44.447  -75.981   5729.7    490.7
     1     1    11     7     8     7     0     1  -298.0  -44.315  -77.562   5699.3    491.1
     1     1    11     7     8     6     0     0  -299.0  -44.137  -79.221   5704.4    490.8
     1     1    11     7     8     5     0     1  -300.0  -43.888  -80.934   5722.5    489.5
     1     1    11     7     8     4     0     2  -301.0  -43.565  -82.641   5743.6    488.2
     1     1    11     7     8     3     0     3  -302.0  -43.200  -84.338   5804.4    484.4
     1     1    11     7     8     2     0     2  -303.0  -42.781  -86.045   5894.1    478.0
     1     1    11     7     8     1     0     1  -304.0  -42.288  -87.733   5937.0    476.1
     1     1    11     7     8     0     0     0  -305.0  -41.789  -89.397   5930.1    476.7
     1     1    11     7     7    23     0     1  -306.0  -41.289  -91.054   5897.1    479.6
     1     1    11     7     7    22     0     2  -307.0  -40.701  -92.686   5846.2    484.1
     1     1    11     7     7    21     0     3  -308.0  -40.079  -94.302   5882.3    480.6
     1     1    11     7     7    20     0     2  -309.0  -39.448  -95.835   5878.9    481.7
     1     1    11     7     7    19     0     1  -310.0  -38.779  -97.274   5800.0    488.4
     1     1    11     7     7    18     0     0  -311.0  -38.129  -98.659   5773.4    493.4
     1     1    11     7     7    17     0     1  -312.0  -37.467  -99.968   5787.8    488.7
     1     1    11     7     7    16     0     2  -313.0  -36.760 -101.177   5655.7    499.1
     1     1    11     7     7    15     0     3  -314.0  -36.048 -102.313   5457.6    514.0
     1     1    11     7     7    14     0     2  -315.0  -35.366 -103.395   5296.1    526.2
     1     1    11     7     7    13     0     1  -316.0  -34.678 -104.415   5189.8    533.5
     1     1    11     7     7    12     0     0  -317.0  -33.953 -105.356   5084.8    542.0
     1     1    11     7     7    11     0     1  -318.0  -33.248 -106.245   5009.3    548.0
     1     1    11     7     7    10     0     2  -319.0  -32.600 -107.079   4960.4    552.3
     1     1    11     7     7     9     0     3  -320.0  -31.979 -107.849   4915.2    556.0
     1     1    11     7     7     8     0     2  -321.0  -31.386 -108.567   4845.8    561.8
     1     1    11     7     7     7     0     1  -322.0  -30.820 -109.248   4740.5    569.6
     1     1    11     7     7     6     0     0  -323.0  -30.280 -109.895   4624.6    580.7
     1     1    11     7     7     5     0     1  -324.0  -29.764 -110.504   4527.8    588.8
     1     1    11     7     7     4     0     2  -325.0  -29.277 -111.065   4436.4    594.2
     1     1    11     7     7     3     0     3  -326.0  -28.822 -111.582   4336.8    602.6
     1     1    11     7     7     2     0     2  -327.0  -28.394 -112.056   4253.1    610.7
     1     1    11     7     7     1     0     1  -328.0  -27.982 -112.485   4191.9    614.6
     1     1    11     7     7     0     0     0  -329.0  -27.594 -112.871   4135.7    618.6
     1     1    11     7     6    23     0     1  -330.0  -27.225 -113.224   4078.1    623.4
     1     1    11     7     6    22     0     2  -331.0  -26.865 -113.553   4021.2    628.3
     1     1    11     7     6    21     0     3  -332.0  -26.511 -113.858   3969.6    632.7
     1     1    11     7     6    20     0     2  -333.0  -26.167 -114.134   3921.7    636.8
     1     1    11     7     6    19     0     1  -334.0  -25.836 -114.374   3868.8    641.1
     1     1    11     7     6    18     0     0  -335.0  -25.517 -114.578   3804.7    646.6
     1     1    11     7     6    17     0     1  -336.0  -25.213 -114.736   3731.5    652.6
