     3     1
    GDAS    11     2    15     0     0
    GDAS    11     2    22     0     0
    GDAS    11     3     1     0     0
     1 BACKWARD OMEGA   
  2011     3     1    16   -8.870  -56.760  1828.8
     1 PRESSURE
     1     1    11     3     1    16     0     2     0.0   -8.870  -56.760   1828.8    796.9
     1     1    11     3     1    15     0     3    -1.0   -8.690  -56.982   1785.4    800.4
     1     1    11     3     1    14     0     2    -2.0   -8.513  -57.194   1759.5    802.3
     1     1    11     3     1    13     0     1    -3.0   -8.344  -57.410   1750.5    802.4
     1     1    11     3     1    12     0     0    -4.0   -8.175  -57.628   1738.7    806.0
     1     1    11     3     1    11     0     1    -5.0   -8.018  -57.844   1713.8    812.7
     1     1    11     3     1    10     0     2    -6.0   -7.886  -58.045   1681.5    820.3
     1     1    11     3     1     9     0     3    -7.0   -7.778  -58.223   1656.0    822.1
     1     1    11     3     1     8     0     2    -8.0   -7.691  -58.388   1640.9    823.0
     1     1    11     3     1     7     0     1    -9.0   -7.620  -58.548   1630.9    823.7
     1     1    11     3     1     6     0     0   -10.0   -7.562  -58.700   1623.9    824.4
     1     1    11     3     1     5     0     1   -11.0   -7.516  -58.841   1622.3    825.4
     1     1    11     3     1     4     0     2   -12.0   -7.479  -58.971   1628.6    825.4
     1     1    11     3     1     3     0     3   -13.0   -7.452  -59.090   1640.6    824.7
     1     1    11     3     1     2     0     2   -14.0   -7.435  -59.209   1643.8    823.1
     1     1    11     3     1     1     0     1   -15.0   -7.427  -59.341   1628.1    824.7
     1     1    11     3     1     0     0     0   -16.0   -7.426  -59.483   1597.8    827.7
     1     1    11     2    28    23     0     1   -17.0   -7.425  -59.637   1562.5    831.7
     1     1    11     2    28    22     0     2   -18.0   -7.422  -59.804   1532.2    834.7
     1     1    11     2    28    21     0     3   -19.0   -7.418  -59.981   1511.1    836.8
     1     1    11     2    28    20     0     2   -20.0   -7.419  -60.157   1495.5    838.3
     1     1    11     2    28    19     0     1   -21.0   -7.429  -60.325   1477.2    840.4
     1     1    11     2    28    18     0     0   -22.0   -7.449  -60.481   1451.8    843.1
     1     1    11     2    28    17     0     1   -23.0   -7.483  -60.631   1422.6    846.9
     1     1    11     2    28    16     0     2   -24.0   -7.536  -60.779   1396.8    850.3
     1     1    11     2    28    15     0     3   -25.0   -7.610  -60.927   1380.1    852.8
     1     1    11     2    28    14     0     2   -26.0   -7.701  -61.076   1366.0    853.1
     1     1    11     2    28    13     0     1   -27.0   -7.804  -61.227   1345.3    855.0
     1     1    11     2    28    12     0     0   -28.0   -7.917  -61.382   1315.6    857.6
     1     1    11     2    28    11     0     1   -29.0   -8.029  -61.535   1292.1    860.9
     1     1    11     2    28    10     0     2   -30.0   -8.133  -61.673   1291.1    859.8
     1     1    11     2    28     9     0     3   -31.0   -8.232  -61.792   1312.6    856.4
     1     1    11     2    28     8     0     2   -32.0   -8.330  -61.895   1342.3    851.4
     1     1    11     2    28     7     0     1   -33.0   -8.431  -61.983   1362.3    848.5
     1     1    11     2    28     6     0     0   -34.0   -8.533  -62.059   1365.4    847.5
     1     1    11     2    28     5     0     1   -35.0   -8.645  -62.133   1344.4    848.9
     1     1    11     2    28     4     0     2   -36.0   -8.774  -62.213   1299.2    853.7
     1     1    11     2    28     3     0     3   -37.0   -8.921  -62.294   1239.7    860.2
     1     1    11     2    28     2     0     2   -38.0   -9.084  -62.366   1198.7    866.8
     1     1    11     2    28     1     0     1   -39.0   -9.261  -62.418   1205.5    865.3
     1     1    11     2    28     0     0     0   -40.0   -9.455  -62.456   1271.7    858.2
     1     1    11     2    27    23     0     1   -41.0   -9.653  -62.505   1400.6    843.4
     1     1    11     2    27    22     0     2   -42.0   -9.841  -62.578   1586.8    824.4
     1     1    11     2    27    21     0     3   -43.0  -10.017  -62.667   1832.3    799.5
     1     1    11     2    27    20     0     2   -44.0  -10.210  -62.754   2066.2    770.4
     1     1    11     2    27    19     0     1   -45.0  -10.432  -62.832   2205.6    756.5
     1     1    11     2    27    18     0     0   -46.0  -10.660  -62.915   2268.0    750.5
     1     1    11     2    27    17     0     1   -47.0  -10.883  -62.994   2315.4    748.4
     1     1    11     2    27    16     0     2   -48.0  -11.114  -63.053   2399.5    741.3
     1     1    11     2    27    15     0     3   -49.0  -11.356  -63.092   2497.6    733.6
     1     1    11     2    27    14     0     2   -50.0  -11.594  -63.125   2596.8    728.7
     1     1    11     2    27    13     0     1   -51.0  -11.823  -63.145   2738.0    721.1
     1     1    11     2    27    12     0     0   -52.0  -12.048  -63.129   2968.9    704.6
     1     1    11     2    27    11     0     1   -53.0  -12.276  -63.078   3198.9    675.0
     1     1    11     2    27    10     0     2   -54.0  -12.489  -63.012   3319.1    665.1
     1     1    11     2    27     9     0     3   -55.0  -12.682  -62.926   3351.7    662.6
     1     1    11     2    27     8     0     2   -56.0  -12.859  -62.819   3351.1    665.7
     1     1    11     2    27     7     0     1   -57.0  -13.036  -62.697   3351.7    666.0
     1     1    11     2    27     6     0     0   -58.0  -13.219  -62.566   3349.6    666.0
     1     1    11     2    27     5     0     1   -59.0  -13.401  -62.435   3347.7    665.7
     1     1    11     2    27     4     0     2   -60.0  -13.577  -62.306   3346.2    665.1
     1     1    11     2    27     3     0     3   -61.0  -13.751  -62.182   3346.5    664.3
     1     1    11     2    27     2     0     2   -62.0  -13.918  -62.063   3343.2    662.5
     1     1    11     2    27     1     0     1   -63.0  -14.068  -61.946   3326.6    662.7
     1     1    11     2    27     0     0     0   -64.0  -14.197  -61.832   3291.2    665.5
     1     1    11     2    26    23     0     1   -65.0  -14.303  -61.729   3234.3    670.0
     1     1    11     2    26    22     0     2   -66.0  -14.383  -61.645   3161.6    676.3
     1     1    11     2    26    21     0     3   -67.0  -14.442  -61.581   3081.1    682.9
     1     1    11     2    26    20     0     2   -68.0  -14.491  -61.524   3012.1    690.7
     1     1    11     2    26    19     0     1   -69.0  -14.539  -61.459   2968.7    694.7
     1     1    11     2    26    18     0     0   -70.0  -14.586  -61.384   2942.8    697.4
     1     1    11     2    26    17     0     1   -71.0  -14.629  -61.294   2913.8    699.2
     1     1    11     2    26    16     0     2   -72.0  -14.666  -61.189   2867.6    704.1
     1     1    11     2    26    15     0     3   -73.0  -14.698  -61.065   2810.5    710.2
     1     1    11     2    26    14     0     2   -74.0  -14.738  -60.938   2771.7    715.6
     1     1    11     2    26    13     0     1   -75.0  -14.793  -60.823   2772.5    714.6
     1     1    11     2    26    12     0     0   -76.0  -14.864  -60.721   2806.9    710.9
     1     1    11     2    26    11     0     1   -77.0  -14.938  -60.633   2851.7    704.7
     1     1    11     2    26    10     0     2   -78.0  -15.000  -60.563   2888.0    701.2
     1     1    11     2    26     9     0     3   -79.0  -15.049  -60.514   2919.6    697.8
     1     1    11     2    26     8     0     2   -80.0  -15.090  -60.481   2945.8    695.0
     1     1    11     2    26     7     0     1   -81.0  -15.129  -60.459   2962.9    693.4
     1     1    11     2    26     6     0     0   -82.0  -15.164  -60.447   2971.4    692.6
     1     1    11     2    26     5     0     1   -83.0  -15.190  -60.447   2974.7    692.8
     1     1    11     2    26     4     0     2   -84.0  -15.203  -60.459   2974.8    693.0
     1     1    11     2    26     3     0     3   -85.0  -15.203  -60.483   2970.1    693.7
     1     1    11     2    26     2     0     2   -86.0  -15.195  -60.519   2973.6    694.6
     1     1    11     2    26     1     0     1   -87.0  -15.184  -60.568   3004.0    692.5
     1     1    11     2    26     0     0     0   -88.0  -15.167  -60.629   3071.5    687.6
     1     1    11     2    25    23     0     1   -89.0  -15.147  -60.694   3140.8    678.7
     1     1    11     2    25    22     0     2   -90.0  -15.131  -60.763   3160.6    676.6
     1     1    11     2    25    21     0     3   -91.0  -15.120  -60.838   3116.4    679.8
     1     1    11     2    25    20     0     2   -92.0  -15.104  -60.924   3004.4    690.4
     1     1    11     2    25    19     0     1   -93.0  -15.072  -61.021   2832.0    706.7
     1     1    11     2    25    18     0     0   -94.0  -15.021  -61.125   2620.3    727.3
     1     1    11     2    25    17     0     1   -95.0  -14.958  -61.231   2446.6    747.9
     1     1    11     2    25    16     0     2   -96.0  -14.887  -61.332   2348.5    754.3
     1     1    11     2    25    15     0     3   -97.0  -14.807  -61.429   2286.3    757.9
     1     1    11     2    25    14     0     2   -98.0  -14.718  -61.525   2242.6    761.0
     1     1    11     2    25    13     0     1   -99.0  -14.621  -61.624   2223.3    762.2
     1     1    11     2    25    12     0     0  -100.0  -14.516  -61.722   2241.0    760.4
     1     1    11     2    25    11     0     1  -101.0  -14.400  -61.821   2270.6    753.9
     1     1    11     2    25    10     0     2  -102.0  -14.269  -61.924   2280.5    752.2
     1     1    11     2    25     9     0     3  -103.0  -14.126  -62.033   2267.7    752.4
     1     1    11     2    25     8     0     2  -104.0  -13.974  -62.143   2251.0    756.1
     1     1    11     2    25     7     0     1  -105.0  -13.818  -62.250   2251.5    757.5
     1     1    11     2    25     6     0     0  -106.0  -13.657  -62.354   2264.5    757.3
     1     1    11     2    25     5     0     1  -107.0  -13.492  -62.453   2283.5    756.4
     1     1    11     2    25     4     0     2  -108.0  -13.324  -62.548   2308.7    755.6
     1     1    11     2    25     3     0     3  -109.0  -13.156  -62.641   2347.6    753.3
     1     1    11     2    25     2     0     2  -110.0  -12.991  -62.738   2388.8    748.2
     1     1    11     2    25     1     0     1  -111.0  -12.828  -62.848   2413.0    744.9
     1     1    11     2    25     0     0     0  -112.0  -12.667  -62.969   2419.0    744.4
     1     1    11     2    24    23     0     1  -113.0  -12.506  -63.090   2426.9    745.7
     1     1    11     2    24    22     0     2  -114.0  -12.347  -63.201   2455.9    743.0
     1     1    11     2    24    21     0     3  -115.0  -12.190  -63.304   2506.9    738.5
     1     1    11     2    24    20     0     2  -116.0  -12.030  -63.408   2551.7    732.6
     1     1    11     2    24    19     0     1  -117.0  -11.866  -63.516   2554.1    731.0
     1     1    11     2    24    18     0     0  -118.0  -11.695  -63.624   2512.1    733.3
     1     1    11     2    24    17     0     1  -119.0  -11.515  -63.729   2448.7    739.2
     1     1    11     2    24    16     0     2  -120.0  -11.326  -63.829   2394.4    743.0
     1     1    11     2    24    15     0     3  -121.0  -11.133  -63.925   2366.1    744.9
     1     1    11     2    24    14     0     2  -122.0  -10.934  -64.020   2367.6    743.5
     1     1    11     2    24    13     0     1  -123.0  -10.728  -64.117   2386.8    743.7
     1     1    11     2    24    12     0     0  -124.0  -10.517  -64.211   2411.4    743.6
     1     1    11     2    24    11     0     1  -125.0  -10.304  -64.300   2437.4    743.1
     1     1    11     2    24    10     0     2  -126.0  -10.090  -64.387   2460.7    742.4
     1     1    11     2    24     9     0     3  -127.0   -9.874  -64.476   2474.5    741.9
     1     1    11     2    24     8     0     2  -128.0   -9.655  -64.561   2471.3    742.8
     1     1    11     2    24     7     0     1  -129.0   -9.436  -64.635   2448.7    745.9
     1     1    11     2    24     6     0     0  -130.0   -9.216  -64.696   2411.2    750.5
     1     1    11     2    24     5     0     1  -131.0   -8.993  -64.742   2377.2    755.6
     1     1    11     2    24     4     0     2  -132.0   -8.768  -64.774   2362.5    757.5
     1     1    11     2    24     3     0     3  -133.0   -8.542  -64.796   2365.4    757.4
     1     1    11     2    24     2     0     2  -134.0   -8.320  -64.811   2387.4    756.0
     1     1    11     2    24     1     0     1  -135.0   -8.111  -64.822   2430.7    752.1
     1     1    11     2    24     0     0     0  -136.0   -7.916  -64.826   2493.1    746.6
     1     1    11     2    23    23     0     1  -137.0   -7.724  -64.823   2577.4    739.1
     1     1    11     2    23    22     0     2  -138.0   -7.529  -64.809   2686.4    729.4
     1     1    11     2    23    21     0     3  -139.0   -7.332  -64.781   2819.8    717.4
     1     1    11     2    23    20     0     2  -140.0   -7.127  -64.733   2946.7    704.5
     1     1    11     2    23    19     0     1  -141.0   -6.912  -64.660   3060.8    697.6
     1     1    11     2    23    18     0     0  -142.0   -6.690  -64.567   3154.6    688.8
     1     1    11     2    23    17     0     1  -143.0   -6.465  -64.457   3168.2    685.6
     1     1    11     2    23    16     0     2  -144.0   -6.238  -64.329   3095.5    694.4
     1     1    11     2    23    15     0     3  -145.0   -6.012  -64.182   2970.4    706.7
     1     1    11     2    23    14     0     2  -146.0   -5.780  -64.019   2868.9    721.6
     1     1    11     2    23    13     0     1  -147.0   -5.542  -63.842   2853.5    723.1
     1     1    11     2    23    12     0     0  -148.0   -5.305  -63.657   2914.9    717.9
     1     1    11     2    23    11     0     1  -149.0   -5.088  -63.454   2988.3    706.6
     1     1    11     2    23    10     0     2  -150.0   -4.901  -63.221   3006.1    704.8
     1     1    11     2    23     9     0     3  -151.0   -4.740  -62.951   2972.2    707.3
     1     1    11     2    23     8     0     2  -152.0   -4.594  -62.661   2911.2    714.0
     1     1    11     2    23     7     0     1  -153.0   -4.454  -62.372   2857.7    720.1
     1     1    11     2    23     6     0     0  -154.0   -4.319  -62.087   2840.3    723.1
     1     1    11     2    23     5     0     1  -155.0   -4.193  -61.805   2800.1    720.9
     1     1    11     2    23     4     0     2  -156.0   -4.073  -61.523   2638.3    733.4
     1     1    11     2    23     3     0     3  -157.0   -3.952  -61.236   2346.1    761.2
     1     1    11     2    23     2     0     2  -158.0   -3.826  -60.941   2071.9    798.0
     1     1    11     2    23     1     0     1  -159.0   -3.703  -60.641   1927.5    810.1
     1     1    11     2    23     0     0     0  -160.0   -3.585  -60.340   1863.6    811.4
     1     1    11     2    22    23     0     1  -161.0   -3.476  -60.036   1814.5    813.0
     1     1    11     2    22    22     0     2  -162.0   -3.381  -59.724   1751.0    817.5
     1     1    11     2    22    21     0     3  -163.0   -3.303  -59.407   1672.0    824.4
     1     1    11     2    22    20     0     2  -164.0   -3.230  -59.087   1602.1    833.0
     1     1    11     2    22    19     0     1  -165.0   -3.147  -58.765   1550.4    838.2
     1     1    11     2    22    18     0     0  -166.0   -3.052  -58.442   1503.4    844.1
     1     1    11     2    22    17     0     1  -167.0   -2.946  -58.114   1457.3    850.3
     1     1    11     2    22    16     0     2  -168.0   -2.829  -57.779   1418.8    855.3
     1     1    11     2    22    15     0     3  -169.0   -2.698  -57.434   1397.6    857.9
     1     1    11     2    22    14     0     2  -170.0   -2.561  -57.072   1386.9    857.5
     1     1    11     2    22    13     0     1  -171.0   -2.428  -56.694   1371.5    858.1
     1     1    11     2    22    12     0     0  -172.0   -2.296  -56.292   1346.4    860.8
     1     1    11     2    22    11     0     1  -173.0   -2.167  -55.899   1329.9    864.6
     1     1    11     2    22    10     0     2  -174.0   -2.045  -55.553   1343.7    863.5
     1     1    11     2    22     9     0     3  -175.0   -1.927  -55.259   1381.6    856.7
     1     1    11     2    22     8     0     2  -176.0   -1.814  -54.995   1399.3    849.4
     1     1    11     2    22     7     0     1  -177.0   -1.698  -54.733   1381.6    849.6
     1     1    11     2    22     6     0     0  -178.0   -1.566  -54.459   1368.7    848.4
     1     1    11     2    22     5     0     1  -179.0   -1.421  -54.165   1389.4    842.8
     1     1    11     2    22     4     0     2  -180.0   -1.273  -53.852   1444.7    833.6
     1     1    11     2    22     3     0     3  -181.0   -1.129  -53.532   1513.1    826.5
     1     1    11     2    22     2     0     2  -182.0   -0.993  -53.208   1580.1    821.0
     1     1    11     2    22     1     0     1  -183.0   -0.863  -52.883   1643.9    819.2
     1     1    11     2    22     0     0     0  -184.0   -0.734  -52.556   1692.5    817.0
     1     1    11     2    21    23     0     1  -185.0   -0.609  -52.225   1703.6    816.1
     1     1    11     2    21    22     0     2  -186.0   -0.486  -51.889   1672.3    820.8
     1     1    11     2    21    21     0     3  -187.0   -0.361  -51.551   1617.1    829.6
     1     1    11     2    21    20     0     2  -188.0   -0.237  -51.220   1546.3    840.7
     1     1    11     2    21    19     0     1  -189.0   -0.118  -50.894   1453.4    852.8
     1     1    11     2    21    18     0     0  -190.0   -0.012  -50.575   1350.9    864.8
     1     1    11     2    21    17     0     1  -191.0    0.090  -50.252   1261.2    874.7
     1     1    11     2    21    16     0     2  -192.0    0.200  -49.913   1172.8    883.0
     1     1    11     2    21    15     0     3  -193.0    0.309  -49.563   1091.1    893.8
     1     1    11     2    21    14     0     2  -194.0    0.413  -49.200   1050.9    899.4
     1     1    11     2    21    13     0     1  -195.0    0.514  -48.817   1051.1    897.3
     1     1    11     2    21    12     0     0  -196.0    0.619  -48.418   1057.9    895.0
     1     1    11     2    21    11     0     1  -197.0    0.721  -48.029   1055.9    894.4
     1     1    11     2    21    10     0     2  -198.0    0.817  -47.672   1046.6    895.3
     1     1    11     2    21     9     0     3  -199.0    0.906  -47.336   1025.6    896.3
     1     1    11     2    21     8     0     2  -200.0    0.997  -47.004    994.4    900.4
     1     1    11     2    21     7     0     1  -201.0    1.094  -46.670    973.0    903.8
     1     1    11     2    21     6     0     0  -202.0    1.189  -46.335    971.2    903.9
     1     1    11     2    21     5     0     1  -203.0    1.277  -46.004    988.5    902.5
     1     1    11     2    21     4     0     2  -204.0    1.356  -45.682   1013.9    899.3
     1     1    11     2    21     3     0     3  -205.0    1.431  -45.370   1037.0    897.4
     1     1    11     2    21     2     0     2  -206.0    1.505  -45.062   1055.5    895.2
     1     1    11     2    21     1     0     1  -207.0    1.583  -44.752   1067.3    893.8
     1     1    11     2    21     0     0     0  -208.0    1.667  -44.438   1073.8    893.2
     1     1    11     2    20    23     0     1  -209.0    1.752  -44.123   1082.1    892.3
     1     1    11     2    20    22     0     2  -210.0    1.835  -43.814   1099.4    890.1
     1     1    11     2    20    21     0     3  -211.0    1.916  -43.513   1129.7    886.7
     1     1    11     2    20    20     0     2  -212.0    1.998  -43.219   1166.3    882.3
     1     1    11     2    20    19     0     1  -213.0    2.084  -42.931   1198.5    878.8
     1     1    11     2    20    18     0     0  -214.0    2.174  -42.649   1223.5    876.0
     1     1    11     2    20    17     0     1  -215.0    2.261  -42.371   1240.3    874.8
     1     1    11     2    20    16     0     2  -216.0    2.338  -42.092   1248.9    874.3
     1     1    11     2    20    15     0     3  -217.0    2.405  -41.810   1250.2    874.8
     1     1    11     2    20    14     0     2  -218.0    2.472  -41.528   1252.8    875.3
     1     1    11     2    20    13     0     1  -219.0    2.544  -41.249   1264.8    874.3
     1     1    11     2    20    12     0     0  -220.0    2.619  -40.976   1287.5    872.2
     1     1    11     2    20    11     0     1  -221.0    2.689  -40.714   1308.9    868.1
     1     1    11     2    20    10     0     2  -222.0    2.749  -40.466   1317.1    866.8
     1     1    11     2    20     9     0     3  -223.0    2.799  -40.234   1313.5    866.6
     1     1    11     2    20     8     0     2  -224.0    2.842  -40.005   1299.8    868.1
     1     1    11     2    20     7     0     1  -225.0    2.881  -39.769   1282.8    870.4
     1     1    11     2    20     6     0     0  -226.0    2.914  -39.527   1270.0    871.8
     1     1    11     2    20     5     0     1  -227.0    2.944  -39.285   1267.2    872.8
     1     1    11     2    20     4     0     2  -228.0    2.973  -39.048   1279.7    871.8
     1     1    11     2    20     3     0     3  -229.0    3.000  -38.818   1307.2    869.2
     1     1    11     2    20     2     0     2  -230.0    3.028  -38.596   1346.1    865.3
     1     1    11     2    20     1     0     1  -231.0    3.061  -38.385   1391.3    860.8
     1     1    11     2    20     0     0     0  -232.0    3.097  -38.186   1437.9    856.3
     1     1    11     2    19    23     0     1  -233.0    3.126  -37.991   1479.8    851.3
     1     1    11     2    19    22     0     2  -234.0    3.141  -37.792   1513.5    847.4
     1     1    11     2    19    21     0     3  -235.0    3.144  -37.590   1540.5    844.0
     1     1    11     2    19    20     0     2  -236.0    3.140  -37.384   1560.6    841.9
     1     1    11     2    19    19     0     1  -237.0    3.134  -37.172   1572.8    840.6
     1     1    11     2    19    18     0     0  -238.0    3.127  -36.956   1577.1    840.1
     1     1    11     2    19    17     0     1  -239.0    3.124  -36.737   1580.5    840.7
     1     1    11     2    19    16     0     2  -240.0    3.130  -36.518   1588.5    840.1
     1     1    11     2    19    15     0     3  -241.0    3.148  -36.303   1598.7    839.2
     1     1    11     2    19    14     0     2  -242.0    3.176  -36.094   1613.1    838.4
     1     1    11     2    19    13     0     1  -243.0    3.214  -35.892   1634.2    836.6
     1     1    11     2    19    12     0     0  -244.0    3.259  -35.696   1662.2    834.1
     1     1    11     2    19    11     0     1  -245.0    3.308  -35.506   1695.6    830.2
     1     1    11     2    19    10     0     2  -246.0    3.355  -35.318   1733.5    826.1
     1     1    11     2    19     9     0     3  -247.0    3.399  -35.135   1778.5    821.5
     1     1    11     2    19     8     0     2  -248.0    3.434  -34.961   1825.6    816.4
     1     1    11     2    19     7     0     1  -249.0    3.456  -34.801   1866.8    812.2
     1     1    11     2    19     6     0     0  -250.0    3.467  -34.651   1899.5    808.8
     1     1    11     2    19     5     0     1  -251.0    3.470  -34.508   1924.7    807.0
     1     1    11     2    19     4     0     2  -252.0    3.465  -34.369   1945.3    805.5
     1     1    11     2    19     3     0     3  -253.0    3.453  -34.232   1962.4    804.3
     1     1    11     2    19     2     0     2  -254.0    3.440  -34.097   1981.5    803.1
     1     1    11     2    19     1     0     1  -255.0    3.425  -33.965   2006.0    800.7
     1     1    11     2    19     0     0     0  -256.0    3.407  -33.837   2033.7    798.1
     1     1    11     2    18    23     0     1  -257.0    3.386  -33.714   2058.8    794.9
     1     1    11     2    18    22     0     2  -258.0    3.364  -33.597   2077.7    792.7
     1     1    11     2    18    21     0     3  -259.0    3.342  -33.486   2091.8    791.0
     1     1    11     2    18    20     0     2  -260.0    3.321  -33.382   2100.7    790.1
     1     1    11     2    18    19     0     1  -261.0    3.302  -33.289   2102.9    789.8
     1     1    11     2    18    18     0     0  -262.0    3.285  -33.206   2097.3    790.2
     1     1    11     2    18    17     0     1  -263.0    3.267  -33.128   2088.0    791.9
     1     1    11     2    18    16     0     2  -264.0    3.242  -33.051   2080.8    793.0
     1     1    11     2    18    15     0     3  -265.0    3.210  -32.977   2078.0    793.8
     1     1    11     2    18    14     0     2  -266.0    3.172  -32.907   2077.3    793.9
     1     1    11     2    18    13     0     1  -267.0    3.128  -32.845   2074.6    794.5
     1     1    11     2    18    12     0     0  -268.0    3.078  -32.791   2068.5    795.3
     1     1    11     2    18    11     0     1  -269.0    3.026  -32.738   2063.3    795.9
     1     1    11     2    18    10     0     2  -270.0    2.973  -32.681   2065.4    795.6
     1     1    11     2    18     9     0     3  -271.0    2.920  -32.622   2079.1    794.2
     1     1    11     2    18     8     0     2  -272.0    2.869  -32.564   2103.9    791.4
     1     1    11     2    18     7     0     1  -273.0    2.822  -32.511   2134.6    788.2
     1     1    11     2    18     6     0     0  -274.0    2.779  -32.464   2167.2    784.8
     1     1    11     2    18     5     0     1  -275.0    2.736  -32.415   2195.2    782.3
     1     1    11     2    18     4     0     2  -276.0    2.692  -32.356   2212.8    781.1
     1     1    11     2    18     3     0     3  -277.0    2.648  -32.288   2216.5    781.1
     1     1    11     2    18     2     0     2  -278.0    2.610  -32.215   2204.9    782.2
     1     1    11     2    18     1     0     1  -279.0    2.583  -32.142   2180.4    784.8
     1     1    11     2    18     0     0     0  -280.0    2.566  -32.068   2146.1    788.2
     1     1    11     2    17    23     0     1  -281.0    2.553  -31.994   2104.2    791.8
     1     1    11     2    17    22     0     2  -282.0    2.534  -31.921   2054.8    795.9
     1     1    11     2    17    21     0     3  -283.0    2.507  -31.847   1995.3    801.0
     1     1    11     2    17    20     0     2  -284.0    2.478  -31.773   1926.8    807.7
     1     1    11     2    17    19     0     1  -285.0    2.450  -31.699   1854.3    814.9
     1     1    11     2    17    18     0     0  -286.0    2.426  -31.629   1783.4    821.7
     1     1    11     2    17    17     0     1  -287.0    2.398  -31.557   1715.4    828.4
     1     1    11     2    17    16     0     2  -288.0    2.356  -31.477   1647.7    835.1
     1     1    11     2    17    15     0     3  -289.0    2.297  -31.388   1574.0    842.5
     1     1    11     2    17    14     0     2  -290.0    2.235  -31.291   1489.9    851.2
     1     1    11     2    17    13     0     1  -291.0    2.186  -31.184   1405.5    860.4
     1     1    11     2    17    12     0     0  -292.0    2.155  -31.065   1339.0    868.0
     1     1    11     2    17    11     0     1  -293.0    2.136  -30.935   1285.8    871.6
     1     1    11     2    17    10     0     2  -294.0    2.128  -30.791   1231.3    876.7
     1     1    11     2    17     9     0     3  -295.0    2.130  -30.637   1178.8    882.3
     1     1    11     2    17     8     0     2  -296.0    2.143  -30.482   1133.3    886.7
     1     1    11     2    17     7     0     1  -297.0    2.168  -30.334   1101.8    890.5
     1     1    11     2    17     6     0     0  -298.0    2.195  -30.198   1096.4    891.5
     1     1    11     2    17     5     0     1  -299.0    2.216  -30.068   1088.1    889.2
     1     1    11     2    17     4     0     2  -300.0    2.232  -29.934   1035.1    893.9
     1     1    11     2    17     3     0     3  -301.0    2.252  -29.788    938.1    905.0
     1     1    11     2    17     2     0     2  -302.0    2.291  -29.637    832.8    919.2
     1     1    11     2    17     1     0     1  -303.0    2.356  -29.484    746.5    928.8
     1     1    11     2    17     0     0     0  -304.0    2.444  -29.331    681.0    936.4
     1     1    11     2    16    23     0     1  -305.0    2.548  -29.174    634.9    941.0
     1     1    11     2    16    22     0     2  -306.0    2.665  -29.013    608.3    943.4
     1     1    11     2    16    21     0     3  -307.0    2.796  -28.841    604.8    943.5
     1     1    11     2    16    20     0     2  -308.0    2.945  -28.663    623.4    940.9
     1     1    11     2    16    19     0     1  -309.0    3.102  -28.482    651.1    936.6
     1     1    11     2    16    18     0     0  -310.0    3.254  -28.298    674.5    933.4
     1     1    11     2    16    17     0     1  -311.0    3.395  -28.107    693.3    931.7
     1     1    11     2    16    16     0     2  -312.0    3.528  -27.907    709.3    930.2
     1     1    11     2    16    15     0     3  -313.0    3.653  -27.698    722.7    929.0
     1     1    11     2    16    14     0     2  -314.0    3.781  -27.487    731.0    928.1
     1     1    11     2    16    13     0     1  -315.0    3.923  -27.278    732.9    928.3
     1     1    11     2    16    12     0     0  -316.0    4.079  -27.070    732.3    928.9
     1     1    11     2    16    11     0     1  -317.0    4.245  -26.859    732.7    928.6
     1     1    11     2    16    10     0     2  -318.0    4.413  -26.646    736.5    928.0
     1     1    11     2    16     9     0     3  -319.0    4.581  -26.432    745.9    926.7
     1     1    11     2    16     8     0     2  -320.0    4.748  -26.219    758.1    924.8
     1     1    11     2    16     7     0     1  -321.0    4.916  -26.010    769.1    923.4
     1     1    11     2    16     6     0     0  -322.0    5.083  -25.803    777.2    922.3
     1     1    11     2    16     5     0     1  -323.0    5.245  -25.590    780.3    921.9
     1     1    11     2    16     4     0     2  -324.0    5.398  -25.366    778.3    922.4
     1     1    11     2    16     3     0     3  -325.0    5.545  -25.129    773.4    923.2
     1     1    11     2    16     2     0     2  -326.0    5.692  -24.884    770.5    924.1
     1     1    11     2    16     1     0     1  -327.0    5.845  -24.633    771.0    924.2
     1     1    11     2    16     0     0     0  -328.0    6.003  -24.379    771.7    924.2
     1     1    11     2    15    23     0     1  -329.0    6.167  -24.122    776.8    924.0
     1     1    11     2    15    22     0     2  -330.0    6.336  -23.862    790.8    922.2
     1     1    11     2    15    21     0     3  -331.0    6.510  -23.598    810.6    919.6
     1     1    11     2    15    20     0     2  -332.0    6.689  -23.333    827.8    917.1
     1     1    11     2    15    19     0     1  -333.0    6.874  -23.068    836.9    916.0
     1     1    11     2    15    18     0     0  -334.0    7.069  -22.801    837.6    915.7
     1     1    11     2    15    17     0     1  -335.0    7.271  -22.528    831.6    916.9
     1     1    11     2    15    16     0     2  -336.0    7.475  -22.248    822.4    918.4
