     3     1
    GDAS    11    10    22     0     0
    GDAS    11    10    29     0     0
    GDAS    11    11     1     0     0
     1 BACKWARD OMEGA   
  2011    11     2    15   -8.890  -56.800  2590.8
     1 PRESSURE
     1     1    11    11     2    15     0     3     0.0   -8.890  -56.800   2590.8    731.5
     1     1    11    11     2    14     0     2    -1.0   -8.791  -56.784   2365.6    755.0
     1     1    11    11     2    13     0     1    -2.0   -8.680  -56.761   2254.1    761.6
     1     1    11    11     2    12     0     0    -3.0   -8.560  -56.734   2232.1    760.3
     1     1    11    11     2    11     0     1    -4.0   -8.438  -56.705   2249.3    752.5
     1     1    11    11     2    10     0     2    -5.0   -8.320  -56.679   2266.2    748.6
     1     1    11    11     2     9     0     3    -6.0   -8.209  -56.656   2286.8    744.5
     1     1    11    11     2     8     0     2    -7.0   -8.103  -56.639   2313.4    740.3
     1     1    11    11     2     7     0     1    -8.0   -8.002  -56.627   2345.4    735.6
     1     1    11    11     2     6     0     0    -9.0   -7.905  -56.619   2379.4    733.6
     1     1    11    11     2     5     0     1   -10.0   -7.809  -56.614   2395.8    733.1
     1     1    11    11     2     4     0     2   -11.0   -7.707  -56.614   2385.0    736.1
     1     1    11    11     2     3     0     3   -12.0   -7.600  -56.620   2350.3    741.6
     1     1    11    11     2     2     0     2   -13.0   -7.488  -56.627   2324.5    748.5
     1     1    11    11     2     1     0     1   -14.0   -7.375  -56.632   2335.7    749.2
     1     1    11    11     2     0     0     0   -15.0   -7.262  -56.637   2381.7    746.9
     1     1    11    11     1    23     0     1   -16.0   -7.150  -56.661   2435.6    741.2
     1     1    11    11     1    22     0     2   -17.0   -7.038  -56.720   2475.6    739.7
     1     1    11    11     1    21     0     3   -18.0   -6.929  -56.814   2508.5    738.0
     1     1    11    11     1    20     0     2   -19.0   -6.818  -56.917   2540.1    737.1
     1     1    11    11     1    19     0     1   -20.0   -6.701  -57.004   2571.5    735.7
     1     1    11    11     1    18     0     0   -21.0   -6.580  -57.078   2602.7    734.4
     1     1    11    11     1    17     0     1   -22.0   -6.460  -57.144   2632.5    732.7
     1     1    11    11     1    16     0     2   -23.0   -6.345  -57.206   2656.3    731.6
     1     1    11    11     1    15     0     3   -24.0   -6.236  -57.267   2670.8    731.2
     1     1    11    11     1    14     0     2   -25.0   -6.127  -57.333   2676.6    731.3
     1     1    11    11     1    13     0     1   -26.0   -6.013  -57.409   2678.2    731.7
     1     1    11    11     1    12     0     0   -27.0   -5.896  -57.491   2686.0    731.6
     1     1    11    11     1    11     0     1   -28.0   -5.785  -57.573   2712.4    729.2
     1     1    11    11     1    10     0     2   -29.0   -5.688  -57.656   2757.0    724.5
     1     1    11    11     1     9     0     3   -30.0   -5.603  -57.744   2813.2    718.9
     1     1    11    11     1     8     0     2   -31.0   -5.525  -57.826   2865.8    713.1
     1     1    11    11     1     7     0     1   -32.0   -5.446  -57.892   2901.7    709.8
     1     1    11    11     1     6     0     0   -33.0   -5.365  -57.947   2916.9    708.2
     1     1    11    11     1     5     0     1   -34.0   -5.290  -57.999   2903.9    709.2
     1     1    11    11     1     4     0     2   -35.0   -5.231  -58.063   2870.0    713.6
     1     1    11    11     1     3     0     3   -36.0   -5.187  -58.138   2837.4    717.6
     1     1    11    11     1     2     0     2   -37.0   -5.155  -58.219   2815.0    719.4
     1     1    11    11     1     1     0     1   -38.0   -5.129  -58.299   2787.0    720.4
     1     1    11    11     1     0     0     0   -39.0   -5.108  -58.376   2725.1    724.6
     1     1    11    10    31    23     0     1   -40.0   -5.103  -58.447   2635.5    733.5
     1     1    11    10    31    22     0     2   -41.0   -5.122  -58.506   2545.5    741.4
     1     1    11    10    31    21     0     3   -42.0   -5.161  -58.552   2466.1    748.2
     1     1    11    10    31    20     0     2   -43.0   -5.212  -58.591   2359.4    754.5
     1     1    11    10    31    19     0     1   -44.0   -5.270  -58.634   2200.8    770.6
     1     1    11    10    31    18     0     0   -45.0   -5.338  -58.682   2020.0    788.9
     1     1    11    10    31    17     0     1   -46.0   -5.413  -58.736   1885.9    807.3
     1     1    11    10    31    16     0     2   -47.0   -5.490  -58.794   1837.9    811.4
     1     1    11    10    31    15     0     3   -48.0   -5.569  -58.851   1856.7    809.7
     1     1    11    10    31    14     0     2   -49.0   -5.653  -58.908   1922.9    802.2
     1     1    11    10    31    13     0     1   -50.0   -5.747  -58.969   2026.7    792.6
     1     1    11    10    31    12     0     0   -51.0   -5.854  -59.032   2168.3    779.4
     1     1    11    10    31    11     0     1   -52.0   -5.959  -59.093   2259.7    762.7
     1     1    11    10    31    10     0     2   -53.0   -6.046  -59.154   2216.9    766.1
     1     1    11    10    31     9     0     3   -54.0   -6.113  -59.227   2065.1    781.5
     1     1    11    10    31     8     0     2   -55.0   -6.166  -59.302   1930.4    803.8
     1     1    11    10    31     7     0     1   -56.0   -6.225  -59.362   1889.6    806.0
     1     1    11    10    31     6     0     0   -57.0   -6.293  -59.405   1913.1    802.4
     1     1    11    10    31     5     0     1   -58.0   -6.358  -59.437   1957.2    795.5
     1     1    11    10    31     4     0     2   -59.0   -6.408  -59.470   1995.8    792.6
     1     1    11    10    31     3     0     3   -60.0   -6.440  -59.504   2034.2    789.6
     1     1    11    10    31     2     0     2   -61.0   -6.472  -59.547   2087.9    785.8
     1     1    11    10    31     1     0     1   -62.0   -6.521  -59.604   2163.3    778.3
     1     1    11    10    31     0     0     0   -63.0   -6.592  -59.674   2245.7    770.2
     1     1    11    10    30    23     0     1   -64.0   -6.677  -59.750   2283.3    762.1
     1     1    11    10    30    22     0     2   -65.0   -6.762  -59.831   2240.2    765.7
     1     1    11    10    30    21     0     3   -66.0   -6.842  -59.920   2126.5    775.7
     1     1    11    10    30    20     0     2   -67.0   -6.904  -60.013   1990.0    792.5
     1     1    11    10    30    19     0     1   -68.0   -6.944  -60.100   1882.5    804.6
     1     1    11    10    30    18     0     0   -69.0   -6.965  -60.175   1803.4    811.2
     1     1    11    10    30    17     0     1   -70.0   -6.965  -60.239   1756.8    817.5
     1     1    11    10    30    16     0     2   -71.0   -6.946  -60.301   1753.6    818.1
     1     1    11    10    30    15     0     3   -72.0   -6.910  -60.362   1788.2    815.2
     1     1    11    10    30    14     0     2   -73.0   -6.863  -60.416   1824.6    808.8
     1     1    11    10    30    13     0     1   -74.0   -6.812  -60.454   1830.1    808.4
     1     1    11    10    30    12     0     0   -75.0   -6.755  -60.477   1805.3    810.7
     1     1    11    10    30    11     0     1   -76.0   -6.695  -60.491   1761.1    815.1
     1     1    11    10    30    10     0     2   -77.0   -6.631  -60.506   1707.4    819.4
     1     1    11    10    30     9     0     3   -78.0   -6.566  -60.522   1642.3    824.8
     1     1    11    10    30     8     0     2   -79.0   -6.498  -60.530   1559.4    832.2
     1     1    11    10    30     7     0     1   -80.0   -6.426  -60.522   1454.6    842.6
     1     1    11    10    30     6     0     0   -81.0   -6.353  -60.496   1333.2    854.4
     1     1    11    10    30     5     0     1   -82.0   -6.287  -60.453   1202.2    868.1
     1     1    11    10    30     4     0     2   -83.0   -6.236  -60.394   1070.3    881.8
     1     1    11    10    30     3     0     3   -84.0   -6.202  -60.320    947.9    895.1
     1     1    11    10    30     2     0     2   -85.0   -6.183  -60.237    833.9    906.1
     1     1    11    10    30     1     0     1   -86.0   -6.173  -60.152    717.1    917.5
     1     1    11    10    30     0     0     0   -87.0   -6.170  -60.069    594.0    930.3
     1     1    11    10    29    23     0     1   -88.0   -6.176  -59.994    485.3    943.3
     1     1    11    10    29    22     0     2   -89.0   -6.187  -59.929    403.7    951.1
     1     1    11    10    29    21     0     3   -90.0   -6.193  -59.880    338.8    956.4
     1     1    11    10    29    20     0     2   -91.0   -6.187  -59.837    288.4    963.2
     1     1    11    10    29    19     0     1   -92.0   -6.166  -59.793    252.3    967.2
     1     1    11    10    29    18     0     0   -93.0   -6.129  -59.749    224.0    970.4
     1     1    11    10    29    17     0     1   -94.0   -6.079  -59.701    201.7    973.7
     1     1    11    10    29    16     0     2   -95.0   -6.020  -59.645    185.9    976.3
     1     1    11    10    29    15     0     3   -96.0   -5.951  -59.579    177.4    978.3
     1     1    11    10    29    14     0     2   -97.0   -5.884  -59.515    174.0    978.6
     1     1    11    10    29    13     0     1   -98.0   -5.832  -59.462    173.7    978.8
     1     1    11    10    29    12     0     0   -99.0   -5.794  -59.420    176.4    978.7
     1     1    11    10    29    11     0     1  -100.0   -5.752  -59.377    179.2    977.2
     1     1    11    10    29    10     0     2  -101.0   -5.686  -59.319    178.9    976.4
     1     1    11    10    29     9     0     3  -102.0   -5.597  -59.246    176.0    975.9
     1     1    11    10    29     8     0     2  -103.0   -5.498  -59.163    173.7    976.5
     1     1    11    10    29     7     0     1  -104.0   -5.405  -59.073    173.4    976.2
     1     1    11    10    29     6     0     0  -105.0   -5.317  -58.975    172.6    976.0
     1     1    11    10    29     5     0     1  -106.0   -5.239  -58.867    172.1    976.4
     1     1    11    10    29     4     0     2  -107.0   -5.175  -58.745    174.9    976.3
     1     1    11    10    29     3     0     3  -108.0   -5.128  -58.612    182.6    975.6
     1     1    11    10    29     2     0     2  -109.0   -5.092  -58.472    195.3    974.0
     1     1    11    10    29     1     0     1  -110.0   -5.059  -58.328    213.9    972.1
     1     1    11    10    29     0     0     0  -111.0   -5.026  -58.179    243.2    969.3
     1     1    11    10    28    23     0     1  -112.0   -4.989  -58.029    280.2    964.3
     1     1    11    10    28    22     0     2  -113.0   -4.949  -57.886    312.3    959.8
     1     1    11    10    28    21     0     3  -114.0   -4.909  -57.752    334.0    957.0
     1     1    11    10    28    20     0     2  -115.0   -4.868  -57.618    349.5    956.2
     1     1    11    10    28    19     0     1  -116.0   -4.826  -57.478    362.7    955.0
     1     1    11    10    28    18     0     0  -117.0   -4.782  -57.332    372.4    954.2
     1     1    11    10    28    17     0     1  -118.0   -4.735  -57.184    380.0    954.6
     1     1    11    10    28    16     0     2  -119.0   -4.685  -57.036    388.1    954.8
     1     1    11    10    28    15     0     3  -120.0   -4.633  -56.886    397.2    954.5
     1     1    11    10    28    14     0     2  -121.0   -4.581  -56.738    399.1    953.1
     1     1    11    10    28    13     0     1  -122.0   -4.535  -56.593    385.7    954.3
     1     1    11    10    28    12     0     0  -123.0   -4.494  -56.447    359.1    957.1
     1     1    11    10    28    11     0     1  -124.0   -4.452  -56.307    332.2    960.6
     1     1    11    10    28    10     0     2  -125.0   -4.396  -56.181    310.5    962.1
     1     1    11    10    28     9     0     3  -126.0   -4.321  -56.078    287.8    964.2
     1     1    11    10    28     8     0     2  -127.0   -4.236  -55.980    268.7    968.0
     1     1    11    10    28     7     0     1  -128.0   -4.149  -55.860    258.3    969.3
     1     1    11    10    28     6     0     0  -129.0   -4.060  -55.717    254.3    969.7
     1     1    11    10    28     5     0     1  -130.0   -3.977  -55.553    251.8    970.0
     1     1    11    10    28     4     0     2  -131.0   -3.903  -55.372    253.8    970.1
     1     1    11    10    28     3     0     3  -132.0   -3.830  -55.175    271.2    968.8
     1     1    11    10    28     2     0     2  -133.0   -3.760  -54.961    306.0    963.5
     1     1    11    10    28     1     0     1  -134.0   -3.703  -54.737    340.3    957.6
     1     1    11    10    28     0     0     0  -135.0   -3.660  -54.512    363.2    954.6
     1     1    11    10    27    23     0     1  -136.0   -3.621  -54.303    373.4    952.0
     1     1    11    10    27    22     0     2  -137.0   -3.577  -54.116    368.5    951.5
     1     1    11    10    27    21     0     3  -138.0   -3.531  -53.940    352.4    952.7
     1     1    11    10    27    20     0     2  -139.0   -3.484  -53.768    334.9    956.3
     1     1    11    10    27    19     0     1  -140.0   -3.438  -53.595    322.1    958.5
     1     1    11    10    27    18     0     0  -141.0   -3.395  -53.420    312.0    960.2
     1     1    11    10    27    17     0     1  -142.0   -3.358  -53.243    304.0    962.6
     1     1    11    10    27    16     0     2  -143.0   -3.331  -53.064    298.4    964.6
     1     1    11    10    27    15     0     3  -144.0   -3.314  -52.883    294.2    966.2
     1     1    11    10    27    14     0     2  -145.0   -3.296  -52.709    288.9    967.2
     1     1    11    10    27    13     0     1  -146.0   -3.269  -52.551    281.2    968.6
     1     1    11    10    27    12     0     0  -147.0   -3.234  -52.411    272.1    970.3
     1     1    11    10    27    11     0     1  -148.0   -3.184  -52.282    262.3    971.3
     1     1    11    10    27    10     0     2  -149.0   -3.112  -52.160    251.7    972.1
     1     1    11    10    27     9     0     3  -150.0   -3.015  -52.046    239.4    973.5
     1     1    11    10    27     8     0     2  -151.0   -2.896  -51.930    222.7    975.7
     1     1    11    10    27     7     0     1  -152.0   -2.762  -51.806    202.5    978.9
     1     1    11    10    27     6     0     0  -153.0   -2.620  -51.679    182.7    982.0
     1     1    11    10    27     5     0     1  -154.0   -2.473  -51.551    164.0    985.7
     1     1    11    10    27     4     0     2  -155.0   -2.324  -51.425    146.8    989.4
     1     1    11    10    27     3     0     3  -156.0   -2.166  -51.297    132.0    992.4
     1     1    11    10    27     2     0     2  -157.0   -2.004  -51.167    121.7    994.1
     1     1    11    10    27     1     0     1  -158.0   -1.843  -51.034    115.5    994.5
     1     1    11    10    27     0     0     0  -159.0   -1.679  -50.896    112.3    994.9
     1     1    11    10    26    23     0     1  -160.0   -1.523  -50.758    109.8    994.4
     1     1    11    10    26    22     0     2  -161.0   -1.384  -50.630    104.9    994.1
     1     1    11    10    26    21     0     3  -162.0   -1.257  -50.518     96.2    994.3
     1     1    11    10    26    20     0     2  -163.0   -1.140  -50.416     85.1    996.2
     1     1    11    10    26    19     0     1  -164.0   -1.036  -50.318     73.9    998.0
     1     1    11    10    26    18     0     0  -165.0   -0.945  -50.216     63.5    999.7
     1     1    11    10    26    17     0     1  -166.0   -0.866  -50.108     54.2   1002.0
     1     1    11    10    26    16     0     2  -167.0   -0.798  -49.993     46.1   1003.7
     1     1    11    10    26    15     0     3  -168.0   -0.740  -49.873     39.3   1005.4
     1     1    11    10    26    14     0     2  -169.0   -0.684  -49.749     34.5   1005.9
     1     1    11    10    26    13     0     1  -170.0   -0.624  -49.618     32.0   1006.0
     1     1    11    10    26    12     0     0  -171.0   -0.561  -49.474     31.3   1005.9
     1     1    11    10    26    11     0     1  -172.0   -0.508  -49.313     31.3   1005.5
     1     1    11    10    26    10     0     2  -173.0   -0.480  -49.133     31.3   1005.1
     1     1    11    10    26     9     0     3  -174.0   -0.478  -48.938     31.4   1004.8
     1     1    11    10    26     8     0     2  -175.0   -0.487  -48.741     31.6   1004.9
     1     1    11    10    26     7     0     1  -176.0   -0.489  -48.543     31.5   1004.9
     1     1    11    10    26     6     0     0  -177.0   -0.485  -48.346     30.9   1004.7
     1     1    11    10    26     5     0     1  -178.0   -0.478  -48.139     30.5   1004.8
     1     1    11    10    26     4     0     2  -179.0   -0.471  -47.910     30.6   1004.9
     1     1    11    10    26     3     0     3  -180.0   -0.466  -47.663     30.4   1005.1
     1     1    11    10    26     2     0     2  -181.0   -0.464  -47.406     29.8   1005.4
     1     1    11    10    26     1     0     1  -182.0   -0.463  -47.144     29.4   1005.8
     1     1    11    10    26     0     0     0  -183.0   -0.468  -46.875     29.2   1006.2
     1     1    11    10    25    23     0     1  -184.0   -0.475  -46.602     29.0   1005.5
     1     1    11    10    25    22     0     2  -185.0   -0.486  -46.333     28.4   1004.8
     1     1    11    10    25    21     0     3  -186.0   -0.502  -46.065     26.9   1004.2
     1     1    11    10    25    20     0     2  -187.0   -0.523  -45.798     25.3   1004.8
     1     1    11    10    25    19     0     1  -188.0   -0.545  -45.534     24.6   1005.3
     1     1    11    10    25    18     0     0  -189.0   -0.569  -45.274     24.4   1005.6
     1     1    11    10    25    17     0     1  -190.0   -0.586  -45.017     24.4   1006.6
     1     1    11    10    25    16     0     2  -191.0   -0.588  -44.756     24.4   1007.3
     1     1    11    10    25    15     0     3  -192.0   -0.572  -44.492     24.4   1007.6
     1     1    11    10    25    14     0     2  -193.0   -0.540  -44.213     24.4   1007.2
     1     1    11    10    25    13     0     1  -194.0   -0.494  -43.911     24.4   1007.1
     1     1    11    10    25    12     0     0  -195.0   -0.437  -43.589     24.4   1007.3
     1     1    11    10    25    11     0     1  -196.0   -0.395  -43.257     25.0   1007.0
     1     1    11    10    25    10     0     2  -197.0   -0.386  -42.917     27.0   1006.5
     1     1    11    10    25     9     0     3  -198.0   -0.409  -42.567     30.4   1005.8
     1     1    11    10    25     8     0     2  -199.0   -0.455  -42.202     33.2   1005.1
     1     1    11    10    25     7     0     1  -200.0   -0.513  -41.819     34.4   1004.8
     1     1    11    10    25     6     0     0  -201.0   -0.582  -41.416     34.8   1004.7
     1     1    11    10    25     5     0     1  -202.0   -0.654  -41.015     34.3   1005.0
     1     1    11    10    25     4     0     2  -203.0   -0.720  -40.644     32.6   1005.3
     1     1    11    10    25     3     0     3  -204.0   -0.779  -40.308     29.7   1005.9
     1     1    11    10    25     2     0     2  -205.0   -0.836  -39.989     27.6   1007.0
     1     1    11    10    25     1     0     1  -206.0   -0.898  -39.671     27.6   1007.7
     1     1    11    10    25     0     0     0  -207.0   -0.962  -39.352     28.7   1008.3
     1     1    11    10    24    23     0     1  -208.0   -1.035  -39.036     29.5   1006.9
     1     1    11    10    24    22     0     2  -209.0   -1.122  -38.726     29.7   1005.7
     1     1    11    10    24    21     0     3  -210.0   -1.221  -38.422     29.8   1004.8
     1     1    11    10    24    20     0     2  -211.0   -1.328  -38.123     29.8   1005.6
     1     1    11    10    24    19     0     1  -212.0   -1.439  -37.833     29.8   1006.3
     1     1    11    10    24    18     0     0  -213.0   -1.553  -37.550     29.8   1006.6
     1     1    11    10    24    17     0     1  -214.0   -1.674  -37.267     29.8   1007.1
     1     1    11    10    24    16     0     2  -215.0   -1.809  -36.977     29.8   1007.6
     1     1    11    10    24    15     0     3  -216.0   -1.959  -36.682     29.8   1008.1
     1     1    11    10    24    14     0     2  -217.0   -2.121  -36.379     29.8   1009.0
     1     1    11    10    24    13     0     1  -218.0   -2.291  -36.069     29.8   1009.9
     1     1    11    10    24    12     0     0  -219.0   -2.468  -35.753     29.8   1010.8
     1     1    11    10    24    11     0     1  -220.0   -2.639  -35.436     29.8   1009.7
     1     1    11    10    24    10     0     2  -221.0   -2.793  -35.122     29.8   1008.6
     1     1    11    10    24     9     0     3  -222.0   -2.927  -34.811     29.8   1007.5
     1     1    11    10    24     8     0     2  -223.0   -3.048  -34.505     29.4   1008.2
     1     1    11    10    24     7     0     1  -224.0   -3.164  -34.212     28.8   1009.0
     1     1    11    10    24     6     0     0  -225.0   -3.274  -33.937     28.4   1009.7
     1     1    11    10    24     5     0     1  -226.0   -3.384  -33.675     28.4   1009.5
     1     1    11    10    24     4     0     2  -227.0   -3.499  -33.418     28.4   1009.4
     1     1    11    10    24     3     0     3  -228.0   -3.618  -33.169     28.4   1009.3
     1     1    11    10    24     2     0     2  -229.0   -3.738  -32.934     28.8   1010.3
     1     1    11    10    24     1     0     1  -230.0   -3.861  -32.720     29.7   1011.3
     1     1    11    10    24     0     0     0  -231.0   -3.988  -32.526     30.9   1012.1
     1     1    11    10    23    23     0     1  -232.0   -4.129  -32.337     32.0   1010.8
     1     1    11    10    23    22     0     2  -233.0   -4.289  -32.140     33.3   1009.5
     1     1    11    10    23    21     0     3  -234.0   -4.465  -31.935     35.5   1008.1
     1     1    11    10    23    20     0     2  -235.0   -4.652  -31.725     38.0   1007.7
     1     1    11    10    23    19     0     1  -236.0   -4.843  -31.514     39.8   1007.5
     1     1    11    10    23    18     0     0  -237.0   -5.032  -31.299     41.2   1007.3
     1     1    11    10    23    17     0     1  -238.0   -5.211  -31.080     42.1   1007.2
     1     1    11    10    23    16     0     2  -239.0   -5.375  -30.860     42.3   1007.3
     1     1    11    10    23    15     0     3  -240.0   -5.525  -30.637     41.3   1007.4
     1     1    11    10    23    14     0     2  -241.0   -5.668  -30.410     39.9   1007.9
     1     1    11    10    23    13     0     1  -242.0   -5.810  -30.172     38.9   1008.2
     1     1    11    10    23    12     0     0  -243.0   -5.956  -29.917     38.5   1008.1
     1     1    11    10    23    11     0     1  -244.0   -6.109  -29.651     39.3   1008.4
     1     1    11    10    23    10     0     2  -245.0   -6.270  -29.382     41.6   1008.4
     1     1    11    10    23     9     0     3  -246.0   -6.434  -29.116     44.8   1008.0
     1     1    11    10    23     8     0     2  -247.0   -6.603  -28.852     47.5   1007.4
     1     1    11    10    23     7     0     1  -248.0   -6.776  -28.587     48.6   1007.4
     1     1    11    10    23     6     0     0  -249.0   -6.952  -28.324     48.9   1007.7
     1     1    11    10    23     5     0     1  -250.0   -7.131  -28.065     48.9   1008.0
     1     1    11    10    23     4     0     2  -251.0   -7.314  -27.811     48.9   1008.1
     1     1    11    10    23     3     0     3  -252.0   -7.502  -27.563     48.9   1008.2
     1     1    11    10    23     2     0     2  -253.0   -7.693  -27.316     48.9   1008.5
     1     1    11    10    23     1     0     1  -254.0   -7.889  -27.065     48.9   1008.8
     1     1    11    10    23     0     0     0  -255.0   -8.091  -26.810     49.0   1009.1
     1     1    11    10    22    23     0     1  -256.0   -8.296  -26.551     49.2   1008.3
     1     1    11    10    22    22     0     2  -257.0   -8.498  -26.289     49.4   1007.6
     1     1    11    10    22    21     0     3  -258.0   -8.698  -26.026     49.4   1006.9
     1     1    11    10    22    20     0     2  -259.0   -8.898  -25.761     49.4   1006.3
     1     1    11    10    22    19     0     1  -260.0   -9.100  -25.495     49.4   1005.9
     1     1    11    10    22    18     0     0  -261.0   -9.303  -25.230     49.0   1005.8
     1     1    11    10    22    17     0     1  -262.0   -9.504  -24.969     47.8   1006.7
     1     1    11    10    22    16     0     2  -263.0   -9.702  -24.717     46.3   1007.3
     1     1    11    10    22    15     0     3  -264.0   -9.895  -24.474     44.3   1007.7
     1     1    11    10    22    14     0     2  -265.0  -10.082  -24.235     42.0   1008.5
     1     1    11    10    22    13     0     1  -266.0  -10.257  -23.995     40.3   1009.3
     1     1    11    10    22    12     0     0  -267.0  -10.419  -23.755     39.7   1009.9
     1     1    11    10    22    11     0     1  -268.0  -10.569  -23.520     40.3   1009.8
     1     1    11    10    22    10     0     2  -269.0  -10.712  -23.292     42.2   1009.6
     1     1    11    10    22     9     0     3  -270.0  -10.848  -23.072     45.6   1009.3
     1     1    11    10    22     8     0     2  -271.0  -10.979  -22.861     49.4   1009.0
     1     1    11    10    22     7     0     1  -272.0  -11.108  -22.660     52.7   1008.9
     1     1    11    10    22     6     0     0  -273.0  -11.234  -22.468     55.2   1008.8
     1     1    11    10    22     5     0     1  -274.0  -11.358  -22.280     56.5   1008.6
     1     1    11    10    22     4     0     2  -275.0  -11.482  -22.089     56.1   1008.7
     1     1    11    10    22     3     0     3  -276.0  -11.611  -21.894     54.3   1009.1
     1     1    11    10    22     2     0     2  -277.0  -11.742  -21.691     52.3   1009.6
     1     1    11    10    22     1     0     1  -278.0  -11.872  -21.479     51.1   1010.1
     1     1    11    10    22     0     0     0  -279.0  -12.002  -21.258     50.7   1010.4
