     3     1
    GDAS    11     6     1     0     0
    GDAS    11     6     8     0     0
    GDAS    11     6    15     0     0
     1 BACKWARD OMEGA   
  2011     6    19    16   -8.870  -56.840  3048.0
     1 PRESSURE
     1     1    11     6    19    16     0     2     0.0   -8.870  -56.840   3048.0    692.6
     1     1    11     6    19    15     0     3    -1.0   -8.774  -56.659   3040.8    690.2
     1     1    11     6    19    14     0     2    -2.0   -8.686  -56.485   3029.0    689.2
     1     1    11     6    19    13     0     1    -3.0   -8.604  -56.320   3022.9    687.4
     1     1    11     6    19    12     0     0    -4.0   -8.524  -56.164   3024.2    685.0
     1     1    11     6    19    11     0     1    -5.0   -8.451  -56.015   3022.9    681.9
     1     1    11     6    19    10     0     2    -6.0   -8.389  -55.871   3009.6    681.3
     1     1    11     6    19     9     0     3    -7.0   -8.332  -55.733   2984.3    682.2
     1     1    11     6    19     8     0     2    -8.0   -8.277  -55.598   2954.9    684.9
     1     1    11     6    19     7     0     1    -9.0   -8.222  -55.462   2929.7    686.8
     1     1    11     6    19     6     0     0   -10.0   -8.168  -55.323   2909.1    688.8
     1     1    11     6    19     5     0     1   -11.0   -8.118  -55.178   2897.6    690.9
     1     1    11     6    19     4     0     2   -12.0   -8.072  -55.020   2899.7    691.8
     1     1    11     6    19     3     0     3   -13.0   -8.030  -54.849   2915.3    691.0
     1     1    11     6    19     2     0     2   -14.0   -7.995  -54.673   2949.5    688.1
     1     1    11     6    19     1     0     1   -15.0   -7.971  -54.498   3004.1    683.3
     1     1    11     6    19     0     0     0   -16.0   -7.959  -54.323   3075.6    677.0
     1     1    11     6    18    23     0     1   -17.0   -7.952  -54.148   3145.9    669.6
     1     1    11     6    18    22     0     2   -18.0   -7.942  -53.972   3200.1    665.3
     1     1    11     6    18    21     0     3   -19.0   -7.924  -53.795   3240.2    663.3
     1     1    11     6    18    20     0     2   -20.0   -7.904  -53.614   3266.1    662.9
     1     1    11     6    18    19     0     1   -21.0   -7.889  -53.429   3280.1    662.9
     1     1    11     6    18    18     0     0   -22.0   -7.875  -53.241   3280.3    664.0
     1     1    11     6    18    17     0     1   -23.0   -7.859  -53.048   3275.7    666.4
     1     1    11     6    18    16     0     2   -24.0   -7.841  -52.849   3276.1    666.7
     1     1    11     6    18    15     0     3   -25.0   -7.825  -52.644   3284.3    666.0
     1     1    11     6    18    14     0     2   -26.0   -7.812  -52.436   3296.3    664.3
     1     1    11     6    18    13     0     1   -27.0   -7.801  -52.223   3307.0    663.0
     1     1    11     6    18    12     0     0   -28.0   -7.790  -52.005   3315.1    662.0
     1     1    11     6    18    11     0     1   -29.0   -7.778  -51.787   3322.1    661.3
     1     1    11     6    18    10     0     2   -30.0   -7.765  -51.574   3329.7    660.4
     1     1    11     6    18     9     0     3   -31.0   -7.751  -51.368   3339.1    659.3
     1     1    11     6    18     8     0     2   -32.0   -7.735  -51.164   3355.3    658.5
     1     1    11     6    18     7     0     1   -33.0   -7.718  -50.959   3382.1    656.4
     1     1    11     6    18     6     0     0   -34.0   -7.701  -50.749   3416.1    653.9
     1     1    11     6    18     5     0     1   -35.0   -7.683  -50.534   3441.4    651.7
     1     1    11     6    18     4     0     2   -36.0   -7.668  -50.313   3448.0    652.0
     1     1    11     6    18     3     0     3   -37.0   -7.654  -50.087   3439.1    653.6
     1     1    11     6    18     2     0     2   -38.0   -7.639  -49.857   3429.5    656.3
     1     1    11     6    18     1     0     1   -39.0   -7.623  -49.624   3432.3    657.6
     1     1    11     6    18     0     0     0   -40.0   -7.607  -49.390   3451.0    657.8
     1     1    11     6    17    23     0     1   -41.0   -7.591  -49.162   3486.2    656.2
     1     1    11     6    17    22     0     2   -42.0   -7.580  -48.948   3534.8    653.2
     1     1    11     6    17    21     0     3   -43.0   -7.573  -48.751   3593.0    648.6
     1     1    11     6    17    20     0     2   -44.0   -7.571  -48.567   3650.6    643.7
     1     1    11     6    17    19     0     1   -45.0   -7.571  -48.387   3698.1    640.3
     1     1    11     6    17    18     0     0   -46.0   -7.574  -48.209   3735.9    637.7
     1     1    11     6    17    17     0     1   -47.0   -7.575  -48.034   3759.5    636.0
     1     1    11     6    17    16     0     2   -48.0   -7.570  -47.860   3759.6    634.9
     1     1    11     6    17    15     0     3   -49.0   -7.560  -47.684   3737.1    635.3
     1     1    11     6    17    14     0     2   -50.0   -7.546  -47.507   3717.4    637.0
     1     1    11     6    17    13     0     1   -51.0   -7.531  -47.332   3723.5    634.8
     1     1    11     6    17    12     0     0   -52.0   -7.515  -47.160   3753.3    630.8
     1     1    11     6    17    11     0     1   -53.0   -7.495  -46.992   3788.5    624.8
     1     1    11     6    17    10     0     2   -54.0   -7.471  -46.831   3813.3    621.8
     1     1    11     6    17     9     0     3   -55.0   -7.440  -46.679   3827.7    619.7
     1     1    11     6    17     8     0     2   -56.0   -7.402  -46.534   3833.9    618.7
     1     1    11     6    17     7     0     1   -57.0   -7.362  -46.397   3832.9    618.3
     1     1    11     6    17     6     0     0   -58.0   -7.322  -46.267   3823.9    618.5
     1     1    11     6    17     5     0     1   -59.0   -7.284  -46.138   3804.0    619.6
     1     1    11     6    17     4     0     2   -60.0   -7.250  -46.007   3769.3    622.0
     1     1    11     6    17     3     0     3   -61.0   -7.220  -45.872   3724.0    626.4
     1     1    11     6    17     2     0     2   -62.0   -7.202  -45.737   3688.9    631.1
     1     1    11     6    17     1     0     1   -63.0   -7.197  -45.608   3682.0    632.1
     1     1    11     6    17     0     0     0   -64.0   -7.201  -45.486   3702.5    630.9
     1     1    11     6    16    23     0     1   -65.0   -7.207  -45.376   3734.5    627.5
     1     1    11     6    16    22     0     2   -66.0   -7.214  -45.278   3761.2    625.4
     1     1    11     6    16    21     0     3   -67.0   -7.223  -45.193   3779.2    624.0
     1     1    11     6    16    20     0     2   -68.0   -7.230  -45.116   3784.7    623.8
     1     1    11     6    16    19     0     1   -69.0   -7.236  -45.046   3775.9    624.9
     1     1    11     6    16    18     0     0   -70.0   -7.241  -44.983   3754.1    626.9
     1     1    11     6    16    17     0     1   -71.0   -7.242  -44.924   3742.5    630.0
     1     1    11     6    16    16     0     2   -72.0   -7.231  -44.864   3762.8    628.8
     1     1    11     6    16    15     0     3   -73.0   -7.206  -44.801   3812.8    625.4
     1     1    11     6    16    14     0     2   -74.0   -7.165  -44.733   3863.7    619.6
     1     1    11     6    16    13     0     1   -75.0   -7.108  -44.659   3888.3    618.2
     1     1    11     6    16    12     0     0   -76.0   -7.039  -44.581   3887.8    618.6
     1     1    11     6    16    11     0     1   -77.0   -6.964  -44.505   3883.4    620.5
     1     1    11     6    16    10     0     2   -78.0   -6.884  -44.436   3895.3    619.5
     1     1    11     6    16     9     0     3   -79.0   -6.798  -44.371   3924.0    617.2
     1     1    11     6    16     8     0     2   -80.0   -6.711  -44.306   3965.9    614.1
     1     1    11     6    16     7     0     1   -81.0   -6.627  -44.239   4015.8    610.6
     1     1    11     6    16     6     0     0   -82.0   -6.544  -44.169   4072.4    606.7
     1     1    11     6    16     5     0     1   -83.0   -6.460  -44.096   4117.3    602.7
     1     1    11     6    16     4     0     2   -84.0   -6.376  -44.019   4133.7    602.2
     1     1    11     6    16     3     0     3   -85.0   -6.295  -43.940   4124.2    603.9
     1     1    11     6    16     2     0     2   -86.0   -6.217  -43.859   4109.8    607.0
     1     1    11     6    16     1     0     1   -87.0   -6.143  -43.777   4109.0    607.7
     1     1    11     6    16     0     0     0   -88.0   -6.072  -43.695   4121.5    607.4
     1     1    11     6    15    23     0     1   -89.0   -5.998  -43.611   4143.5    605.8
     1     1    11     6    15    22     0     2   -90.0   -5.916  -43.524   4172.6    604.1
     1     1    11     6    15    21     0     3   -91.0   -5.827  -43.432   4208.8    601.8
     1     1    11     6    15    20     0     2   -92.0   -5.734  -43.334   4248.5    599.4
     1     1    11     6    15    19     0     1   -93.0   -5.638  -43.227   4286.8    597.1
     1     1    11     6    15    18     0     0   -94.0   -5.539  -43.109   4319.6    595.2
     1     1    11     6    15    17     0     1   -95.0   -5.437  -42.980   4342.1    594.2
     1     1    11     6    15    16     0     2   -96.0   -5.331  -42.839   4352.0    593.3
     1     1    11     6    15    15     0     3   -97.0   -5.224  -42.690   4356.7    593.0
     1     1    11     6    15    14     0     2   -98.0   -5.112  -42.534   4357.2    592.3
     1     1    11     6    15    13     0     1   -99.0   -4.996  -42.373   4348.0    592.4
     1     1    11     6    15    12     0     0  -100.0   -4.878  -42.207   4332.8    594.0
     1     1    11     6    15    11     0     1  -101.0   -4.761  -42.051   4328.3    595.0
     1     1    11     6    15    10     0     2  -102.0   -4.645  -41.916   4343.7    592.3
     1     1    11     6    15     9     0     3  -103.0   -4.530  -41.801   4378.2    587.3
     1     1    11     6    15     8     0     2  -104.0   -4.418  -41.695   4421.7    581.2
     1     1    11     6    15     7     0     1  -105.0   -4.308  -41.587   4462.2    575.5
     1     1    11     6    15     6     0     0  -106.0   -4.200  -41.479   4496.9    569.8
     1     1    11     6    15     5     0     1  -107.0   -4.091  -41.369   4522.2    564.5
     1     1    11     6    15     4     0     2  -108.0   -3.978  -41.253   4538.0    560.2
     1     1    11     6    15     3     0     3  -109.0   -3.860  -41.131   4552.5    559.2
     1     1    11     6    15     2     0     2  -110.0   -3.734  -41.003   4569.5    559.6
     1     1    11     6    15     1     0     1  -111.0   -3.597  -40.867   4610.2    563.1
     1     1    11     6    15     0     0     0  -112.0   -3.450  -40.720   4655.5    566.3
     1     1    11     6    14    23     0     1  -113.0   -3.298  -40.566   4696.0    568.7
     1     1    11     6    14    22     0     2  -114.0   -3.148  -40.410   4721.7    571.6
     1     1    11     6    14    21     0     3  -115.0   -3.004  -40.257   4726.0    575.2
     1     1    11     6    14    20     0     2  -116.0   -2.869  -40.105   4721.5    578.1
     1     1    11     6    14    19     0     1  -117.0   -2.738  -39.952   4744.7    577.3
     1     1    11     6    14    18     0     0  -118.0   -2.611  -39.801   4800.2    573.3
     1     1    11     6    14    17     0     1  -119.0   -2.489  -39.649   4854.5    567.3
     1     1    11     6    14    16     0     2  -120.0   -2.369  -39.491   4869.1    566.1
     1     1    11     6    14    15     0     3  -121.0   -2.250  -39.326   4839.7    568.3
     1     1    11     6    14    14     0     2  -122.0   -2.127  -39.156   4795.5    573.6
     1     1    11     6    14    13     0     1  -123.0   -1.994  -38.985   4766.8    575.8
     1     1    11     6    14    12     0     0  -124.0   -1.850  -38.812   4758.5    576.7
     1     1    11     6    14    11     0     1  -125.0   -1.700  -38.629   4762.4    575.2
     1     1    11     6    14    10     0     2  -126.0   -1.553  -38.432   4759.6    574.5
     1     1    11     6    14     9     0     3  -127.0   -1.408  -38.223   4734.0    575.4
     1     1    11     6    14     8     0     2  -128.0   -1.263  -38.008   4678.5    579.5
     1     1    11     6    14     7     0     1  -129.0   -1.123  -37.791   4608.0    585.6
     1     1    11     6    14     6     0     0  -130.0   -0.988  -37.572   4546.1    590.9
     1     1    11     6    14     5     0     1  -131.0   -0.857  -37.355   4503.2    594.4
     1     1    11     6    14     4     0     2  -132.0   -0.725  -37.141   4472.1    596.5
     1     1    11     6    14     3     0     3  -133.0   -0.589  -36.927   4440.2    598.8
     1     1    11     6    14     2     0     2  -134.0   -0.453  -36.703   4413.8    601.8
     1     1    11     6    14     1     0     1  -135.0   -0.325  -36.466   4402.0    602.7
     1     1    11     6    14     0     0     0  -136.0   -0.204  -36.225   4399.7    602.8
     1     1    11     6    13    23     0     1  -137.0   -0.091  -35.984   4399.6    602.3
     1     1    11     6    13    22     0     2  -138.0    0.015  -35.743   4396.6    602.2
     1     1    11     6    13    21     0     3  -139.0    0.114  -35.504   4388.2    602.6
     1     1    11     6    13    20     0     2  -140.0    0.207  -35.262   4387.8    603.6
     1     1    11     6    13    19     0     1  -141.0    0.299  -35.015   4411.4    601.8
     1     1    11     6    13    18     0     0  -142.0    0.391  -34.766   4459.3    597.9
     1     1    11     6    13    17     0     1  -143.0    0.478  -34.521   4512.4    593.0
     1     1    11     6    13    16     0     2  -144.0    0.557  -34.285   4551.9    590.3
     1     1    11     6    13    15     0     3  -145.0    0.630  -34.054   4574.7    588.8
     1     1    11     6    13    14     0     2  -146.0    0.693  -33.827   4584.7    588.6
     1     1    11     6    13    13     0     1  -147.0    0.746  -33.598   4593.6    588.6
     1     1    11     6    13    12     0     0  -148.0    0.790  -33.365   4612.2    587.8
     1     1    11     6    13    11     0     1  -149.0    0.838  -33.128   4648.4    585.0
     1     1    11     6    13    10     0     2  -150.0    0.899  -32.887   4695.3    580.6
     1     1    11     6    13     9     0     3  -151.0    0.973  -32.642   4736.1    576.8
     1     1    11     6    13     8     0     2  -152.0    1.049  -32.401   4764.4    574.8
     1     1    11     6    13     7     0     1  -153.0    1.118  -32.170   4783.7    573.6
     1     1    11     6    13     6     0     0  -154.0    1.181  -31.947   4797.2    572.6
     1     1    11     6    13     5     0     1  -155.0    1.240  -31.723   4804.9    572.2
     1     1    11     6    13     4     0     2  -156.0    1.297  -31.489   4805.7    572.3
     1     1    11     6    13     3     0     3  -157.0    1.352  -31.243   4798.7    572.9
     1     1    11     6    13     2     0     2  -158.0    1.406  -30.991   4794.2    574.2
     1     1    11     6    13     1     0     1  -159.0    1.459  -30.740   4807.1    573.7
     1     1    11     6    13     0     0     0  -160.0    1.511  -30.493   4840.8    571.5
     1     1    11     6    12    23     0     1  -161.0    1.558  -30.257   4885.8    567.4
     1     1    11     6    12    22     0     2  -162.0    1.596  -30.035   4933.6    563.8
     1     1    11     6    12    21     0     3  -163.0    1.626  -29.826   4983.6    560.0
     1     1    11     6    12    20     0     2  -164.0    1.652  -29.620   5026.0    556.2
     1     1    11     6    12    19     0     1  -165.0    1.678  -29.410   5050.5    554.3
     1     1    11     6    12    18     0     0  -166.0    1.702  -29.198   5055.6    553.7
     1     1    11     6    12    17     0     1  -167.0    1.722  -28.980   5043.4    554.8
     1     1    11     6    12    16     0     2  -168.0    1.739  -28.757   5023.7    556.8
     1     1    11     6    12    15     0     3  -169.0    1.752  -28.533   5010.2    558.4
     1     1    11     6    12    14     0     2  -170.0    1.763  -28.312   5015.5    558.6
     1     1    11     6    12    13     0     1  -171.0    1.770  -28.093   5043.3    556.7
     1     1    11     6    12    12     0     0  -172.0    1.772  -27.878   5082.9    553.5
     1     1    11     6    12    11     0     1  -173.0    1.771  -27.669   5116.3    550.3
     1     1    11     6    12    10     0     2  -174.0    1.765  -27.470   5137.3    548.9
     1     1    11     6    12     9     0     3  -175.0    1.755  -27.279   5152.7    547.9
     1     1    11     6    12     8     0     2  -176.0    1.744  -27.097   5164.2    546.9
     1     1    11     6    12     7     0     1  -177.0    1.734  -26.922   5170.2    546.4
     1     1    11     6    12     6     0     0  -178.0    1.725  -26.755   5169.2    546.2
     1     1    11     6    12     5     0     1  -179.0    1.717  -26.590   5165.2    547.0
     1     1    11     6    12     4     0     2  -180.0    1.711  -26.426   5165.4    547.2
     1     1    11     6    12     3     0     3  -181.0    1.707  -26.264   5171.1    546.9
     1     1    11     6    12     2     0     2  -182.0    1.702  -26.102   5190.4    546.4
     1     1    11     6    12     1     0     1  -183.0    1.691  -25.937   5230.6    543.8
     1     1    11     6    12     0     0     0  -184.0    1.676  -25.769   5290.1    540.0
     1     1    11     6    11    23     0     1  -185.0    1.656  -25.605   5343.2    534.4
     1     1    11     6    11    22     0     2  -186.0    1.629  -25.451   5369.2    532.6
     1     1    11     6    11    21     0     3  -187.0    1.593  -25.307   5373.5    532.2
     1     1    11     6    11    20     0     2  -188.0    1.548  -25.174   5370.5    533.2
     1     1    11     6    11    19     0     1  -189.0    1.495  -25.053   5370.4    533.0
     1     1    11     6    11    18     0     0  -190.0    1.434  -24.945   5369.7    532.9
     1     1    11     6    11    17     0     1  -191.0    1.369  -24.848   5370.3    533.2
     1     1    11     6    11    16     0     2  -192.0    1.303  -24.763   5375.6    533.0
     1     1    11     6    11    15     0     3  -193.0    1.236  -24.689   5386.8    532.4
     1     1    11     6    11    14     0     2  -194.0    1.169  -24.620   5406.5    531.4
     1     1    11     6    11    13     0     1  -195.0    1.105  -24.552   5436.5    529.6
     1     1    11     6    11    12     0     0  -196.0    1.042  -24.485   5474.7    527.1
     1     1    11     6    11    11     0     1  -197.0    0.983  -24.420   5512.7    524.0
     1     1    11     6    11    10     0     2  -198.0    0.930  -24.356   5544.1    521.9
     1     1    11     6    11     9     0     3  -199.0    0.884  -24.291   5570.8    520.0
     1     1    11     6    11     8     0     2  -200.0    0.846  -24.227   5601.5    518.4
     1     1    11     6    11     7     0     1  -201.0    0.817  -24.165   5644.4    515.4
     1     1    11     6    11     6     0     0  -202.0    0.796  -24.106   5698.2    511.8
     1     1    11     6    11     5     0     1  -203.0    0.779  -24.045   5746.3    507.7
     1     1    11     6    11     4     0     2  -204.0    0.765  -23.977   5772.3    506.1
     1     1    11     6    11     3     0     3  -205.0    0.756  -23.902   5777.4    505.9
     1     1    11     6    11     2     0     2  -206.0    0.747  -23.819   5770.9    507.1
     1     1    11     6    11     1     0     1  -207.0    0.736  -23.730   5760.5    508.0
     1     1    11     6    11     0     0     0  -208.0    0.722  -23.635   5745.7    509.2
     1     1    11     6    10    23     0     1  -209.0    0.703  -23.541   5737.1    510.3
     1     1    11     6    10    22     0     2  -210.0    0.675  -23.456   5745.5    509.5
     1     1    11     6    10    21     0     3  -211.0    0.636  -23.381   5770.5    507.7
     1     1    11     6    10    20     0     2  -212.0    0.591  -23.312   5798.2    504.9
     1     1    11     6    10    19     0     1  -213.0    0.543  -23.244   5814.8    503.8
     1     1    11     6    10    18     0     0  -214.0    0.491  -23.178   5820.4    503.3
     1     1    11     6    10    17     0     1  -215.0    0.441  -23.111   5825.2    503.7
     1     1    11     6    10    16     0     2  -216.0    0.395  -23.040   5839.8    502.8
     1     1    11     6    10    15     0     3  -217.0    0.354  -22.966   5863.5    501.3
     1     1    11     6    10    14     0     2  -218.0    0.318  -22.887   5883.7    499.4
     1     1    11     6    10    13     0     1  -219.0    0.287  -22.804   5888.8    499.2
     1     1    11     6    10    12     0     0  -220.0    0.263  -22.716   5879.9    500.0
     1     1    11     6    10    11     0     1  -221.0    0.241  -22.629   5869.1    501.3
     1     1    11     6    10    10     0     2  -222.0    0.219  -22.545   5867.2    501.2
     1     1    11     6    10     9     0     3  -223.0    0.198  -22.465   5872.8    500.7
     1     1    11     6    10     8     0     2  -224.0    0.180  -22.389   5880.8    499.8
     1     1    11     6    10     7     0     1  -225.0    0.170  -22.315   5887.5    499.2
     1     1    11     6    10     6     0     0  -226.0    0.166  -22.243   5893.5    498.7
     1     1    11     6    10     5     0     1  -227.0    0.168  -22.172   5904.2    498.4
     1     1    11     6    10     4     0     2  -228.0    0.174  -22.102   5924.2    497.2
     1     1    11     6    10     3     0     3  -229.0    0.186  -22.031   5952.4    495.5
     1     1    11     6    10     2     0     2  -230.0    0.201  -21.957   5979.9    493.4
     1     1    11     6    10     1     0     1  -231.0    0.219  -21.878   5998.3    492.5
     1     1    11     6    10     0     0     0  -232.0    0.240  -21.794   6007.9    492.2
     1     1    11     6     9    23     0     1  -233.0    0.258  -21.703   5999.1    492.0
     1     1    11     6     9    22     0     2  -234.0    0.270  -21.601   5961.7    494.2
     1     1    11     6     9    21     0     3  -235.0    0.274  -21.489   5894.7    498.3
     1     1    11     6     9    20     0     2  -236.0    0.279  -21.372   5832.0    504.3
     1     1    11     6     9    19     0     1  -237.0    0.294  -21.255   5808.4    505.6
     1     1    11     6     9    18     0     0  -238.0    0.320  -21.143   5825.6    504.4
     1     1    11     6     9    17     0     1  -239.0    0.355  -21.036   5857.6    500.8
     1     1    11     6     9    16     0     2  -240.0    0.394  -20.934   5875.1    499.8
     1     1    11     6     9    15     0     3  -241.0    0.439  -20.839   5876.7    499.8
     1     1    11     6     9    14     0     2  -242.0    0.483  -20.747   5879.3    500.9
     1     1    11     6     9    13     0     1  -243.0    0.522  -20.653   5900.9    499.8
     1     1    11     6     9    12     0     0  -244.0    0.556  -20.558   5941.8    497.4
     1     1    11     6     9    11     0     1  -245.0    0.583  -20.460   5995.1    493.5
     1     1    11     6     9    10     0     2  -246.0    0.600  -20.354   6054.1    489.7
     1     1    11     6     9     9     0     3  -247.0    0.609  -20.241   6119.2    485.5
     1     1    11     6     9     8     0     2  -248.0    0.621  -20.119   6181.0    480.8
     1     1    11     6     9     7     0     1  -249.0    0.649  -19.987   6229.2    477.6
     1     1    11     6     9     6     0     0  -250.0    0.695  -19.844   6263.3    475.3
     1     1    11     6     9     5     0     1  -251.0    0.754  -19.687   6296.3    474.2
     1     1    11     6     9     4     0     2  -252.0    0.829  -19.517   6340.5    471.6
     1     1    11     6     9     3     0     3  -253.0    0.924  -19.334   6396.1    468.4
     1     1    11     6     9     2     0     2  -254.0    1.034  -19.143   6449.4    464.4
     1     1    11     6     9     1     0     1  -255.0    1.142  -18.947   6483.7    462.4
     1     1    11     6     9     0     0     0  -256.0    1.244  -18.748   6505.0    461.7
     1     1    11     6     8    23     0     1  -257.0    1.347  -18.549   6531.1    460.6
     1     1    11     6     8    22     0     2  -258.0    1.451  -18.354   6568.0    458.2
     1     1    11     6     8    21     0     3  -259.0    1.554  -18.159   6610.2    455.5
     1     1    11     6     8    20     0     2  -260.0    1.661  -17.963   6623.7    452.6
     1     1    11     6     8    19     0     1  -261.0    1.771  -17.768   6580.7    455.2
     1     1    11     6     8    18     0     0  -262.0    1.877  -17.582   6484.4    460.6
     1     1    11     6     8    17     0     1  -263.0    1.980  -17.404   6378.2    469.7
     1     1    11     6     8    16     0     2  -264.0    2.093  -17.221   6302.3    474.0
     1     1    11     6     8    15     0     3  -265.0    2.218  -17.027   6243.2    477.3
     1     1    11     6     8    14     0     2  -266.0    2.357  -16.836   6165.2    480.5
     1     1    11     6     8    13     0     1  -267.0    2.506  -16.665   6035.1    488.2
     1     1    11     6     8    12     0     0  -268.0    2.654  -16.508   5845.2    500.3
     1     1    11     6     8    11     0     1  -269.0    2.782  -16.362   5632.8    516.3
     1     1    11     6     8    10     0     2  -270.0    2.884  -16.216   5441.4    529.3
     1     1    11     6     8     9     0     3  -271.0    2.958  -16.059   5290.0    540.3
     1     1    11     6     8     8     0     2  -272.0    3.018  -15.894   5181.8    546.8
     1     1    11     6     8     7     0     1  -273.0    3.079  -15.736   5090.0    551.8
     1     1    11     6     8     6     0     0  -274.0    3.139  -15.588   4982.7    558.1
     1     1    11     6     8     5     0     1  -275.0    3.190  -15.448   4840.6    567.7
     1     1    11     6     8     4     0     2  -276.0    3.225  -15.316   4672.5    580.7
     1     1    11     6     8     3     0     3  -277.0    3.243  -15.193   4500.2    594.2
     1     1    11     6     8     2     0     2  -278.0    3.245  -15.071   4336.2    606.8
     1     1    11     6     8     1     0     1  -279.0    3.236  -14.944   4179.9    618.8
     1     1    11     6     8     0     0     0  -280.0    3.219  -14.818   4028.6    630.6
     1     1    11     6     7    23     0     1  -281.0    3.196  -14.694   3916.0    642.0
     1     1    11     6     7    22     0     2  -282.0    3.179  -14.564   3861.2    645.3
     1     1    11     6     7    21     0     3  -283.0    3.173  -14.426   3835.3    646.1
     1     1    11     6     7    20     0     2  -284.0    3.173  -14.279   3814.9    646.9
     1     1    11     6     7    19     0     1  -285.0    3.170  -14.128   3802.1    648.1
     1     1    11     6     7    18     0     0  -286.0    3.164  -13.969   3809.0    647.8
     1     1    11     6     7    17     0     1  -287.0    3.157  -13.798   3822.7    645.3
     1     1    11     6     7    16     0     2  -288.0    3.152  -13.615   3825.1    645.2
     1     1    11     6     7    15     0     3  -289.0    3.140  -13.422   3815.0    646.0
     1     1    11     6     7    14     0     2  -290.0    3.119  -13.216   3794.8    648.1
     1     1    11     6     7    13     0     1  -291.0    3.091  -12.998   3769.7    650.4
     1     1    11     6     7    12     0     0  -292.0    3.060  -12.766   3742.5    652.8
     1     1    11     6     7    11     0     1  -293.0    3.029  -12.517   3717.7    655.0
     1     1    11     6     7    10     0     2  -294.0    3.002  -12.256   3701.5    656.5
     1     1    11     6     7     9     0     3  -295.0    2.980  -11.991   3700.1    656.9
     1     1    11     6     7     8     0     2  -296.0    2.962  -11.722   3709.0    655.3
     1     1    11     6     7     7     0     1  -297.0    2.945  -11.452   3719.7    654.2
     1     1    11     6     7     6     0     0  -298.0    2.929  -11.186   3732.8    652.9
     1     1    11     6     7     5     0     1  -299.0    2.920  -10.924   3740.4    651.7
     1     1    11     6     7     4     0     2  -300.0    2.927  -10.667   3733.1    652.4
     1     1    11     6     7     3     0     3  -301.0    2.949  -10.417   3709.5    654.3
     1     1    11     6     7     2     0     2  -302.0    2.982  -10.167   3681.7    657.7
     1     1    11     6     7     1     0     1  -303.0    3.021   -9.910   3664.4    659.5
     1     1    11     6     7     0     0     0  -304.0    3.067   -9.652   3664.9    660.1
     1     1    11     6     6    23     0     1  -305.0    3.118   -9.394   3680.5    658.1
     1     1    11     6     6    22     0     2  -306.0    3.174   -9.133   3700.5    656.2
     1     1    11     6     6    21     0     3  -307.0    3.234   -8.868   3723.5    654.5
     1     1    11     6     6    20     0     2  -308.0    3.291   -8.605   3748.3    652.0
     1     1    11     6     6    19     0     1  -309.0    3.340   -8.348   3768.3    649.9
     1     1    11     6     6    18     0     0  -310.0    3.389   -8.098   3777.6    648.7
     1     1    11     6     6    17     0     1  -311.0    3.430   -7.857   3778.4    649.1
     1     1    11     6     6    16     0     2  -312.0    3.453   -7.624   3778.3    649.4
     1     1    11     6     6    15     0     3  -313.0    3.462   -7.398   3781.5    649.4
     1     1    11     6     6    14     0     2  -314.0    3.462   -7.173   3775.7    648.9
     1     1    11     6     6    13     0     1  -315.0    3.460   -6.944   3742.4    651.5
     1     1    11     6     6    12     0     0  -316.0    3.457   -6.712   3677.0    656.9
     1     1    11     6     6    11     0     1  -317.0    3.455   -6.482   3589.6    664.7
     1     1    11     6     6    10     0     2  -318.0    3.462   -6.259   3501.9    672.8
     1     1    11     6     6     9     0     3  -319.0    3.488   -6.040   3438.3    679.0
     1     1    11     6     6     8     0     2  -320.0    3.516   -5.828   3405.0    680.9
     1     1    11     6     6     7     0     1  -321.0    3.528   -5.629   3392.5    681.4
     1     1    11     6     6     6     0     0  -322.0    3.530   -5.445   3398.8    680.6
     1     1    11     6     6     5     0     1  -323.0    3.527   -5.268   3419.6    678.4
     1     1    11     6     6     4     0     2  -324.0    3.523   -5.092   3446.1    675.9
     1     1    11     6     6     3     0     3  -325.0    3.518   -4.913   3471.6    673.4
     1     1    11     6     6     2     0     2  -326.0    3.508   -4.727   3488.2    671.9
     1     1    11     6     6     1     0     1  -327.0    3.495   -4.530   3487.7    672.0
     1     1    11     6     6     0     0     0  -328.0    3.488   -4.320   3463.9    674.0
     1     1    11     6     5    23     0     1  -329.0    3.486   -4.104   3440.7    677.9
     1     1    11     6     5    22     0     2  -330.0    3.476   -3.888   3452.4    677.5
     1     1    11     6     5    21     0     3  -331.0    3.457   -3.671   3507.0    673.0
     1     1    11     6     5    20     0     2  -332.0    3.433   -3.451   3568.5    664.8
     1     1    11     6     5    19     0     1  -333.0    3.404   -3.232   3596.2    662.1
     1     1    11     6     5    18     0     0  -334.0    3.376   -3.007   3584.2    662.6
     1     1    11     6     5    17     0     1  -335.0    3.343   -2.786   3541.3    666.9
     1     1    11     6     5    16     0     2  -336.0    3.308   -2.577   3483.8    671.8
