     3     1
    GDAS    11    12     1     0     0
    GDAS    11    12     8     0     0
    GDAS    11    12    15     0     0
     1 BACKWARD OMEGA   
  2011    12    18    15   -8.870  -56.750  1219.2
     1 PRESSURE
     1     1    11    12    18    15     0     3     0.0   -8.870  -56.750   1219.2    858.1
     1     1    11    12    18    14     0     2    -1.0   -8.703  -56.695   1246.7    851.1
     1     1    11    12    18    13     0     1    -2.0   -8.542  -56.618   1261.3    845.9
     1     1    11    12    18    12     0     0    -3.0   -8.385  -56.519   1263.7    842.1
     1     1    11    12    18    11     0     1    -4.0   -8.225  -56.430   1248.9    839.1
     1     1    11    12    18    10     0     2    -5.0   -8.064  -56.384   1209.0    839.5
     1     1    11    12    18     9     0     3    -6.0   -7.903  -56.375   1153.1    846.3
     1     1    11    12    18     8     0     2    -7.0   -7.744  -56.370   1111.9    855.3
     1     1    11    12    18     7     0     1    -8.0   -7.583  -56.348   1100.7    858.5
     1     1    11    12    18     6     0     0    -9.0   -7.420  -56.313   1112.3    859.7
     1     1    11    12    18     5     0     1   -10.0   -7.266  -56.267   1137.3    859.8
     1     1    11    12    18     4     0     2   -11.0   -7.132  -56.211   1168.7    859.3
     1     1    11    12    18     3     0     3   -12.0   -7.018  -56.151   1205.8    857.6
     1     1    11    12    18     2     0     2   -13.0   -6.908  -56.085   1236.1    854.0
     1     1    11    12    18     1     0     1   -14.0   -6.790  -56.012   1249.5    853.3
     1     1    11    12    18     0     0     0   -15.0   -6.668  -55.930   1249.2    854.2
     1     1    11    12    17    23     0     1   -16.0   -6.547  -55.835   1239.7    855.2
     1     1    11    12    17    22     0     2   -17.0   -6.436  -55.728   1226.7    856.3
     1     1    11    12    17    21     0     3   -18.0   -6.337  -55.610   1216.9    856.6
     1     1    11    12    17    20     0     2   -19.0   -6.245  -55.486   1205.9    856.7
     1     1    11    12    17    19     0     1   -20.0   -6.155  -55.360   1185.4    858.2
     1     1    11    12    17    18     0     0   -21.0   -6.069  -55.231   1156.6    860.5
     1     1    11    12    17    17     0     1   -22.0   -5.975  -55.095   1123.5    862.7
     1     1    11    12    17    16     0     2   -23.0   -5.864  -54.950   1089.4    866.2
     1     1    11    12    17    15     0     3   -24.0   -5.737  -54.797   1057.0    871.6
     1     1    11    12    17    14     0     2   -25.0   -5.601  -54.634   1034.8    876.0
     1     1    11    12    17    13     0     1   -26.0   -5.456  -54.458   1020.5    877.7
     1     1    11    12    17    12     0     0   -27.0   -5.307  -54.269    994.9    880.2
     1     1    11    12    17    11     0     1   -28.0   -5.160  -54.081    947.6    884.9
     1     1    11    12    17    10     0     2   -29.0   -5.016  -53.910    882.8    892.0
     1     1    11    12    17     9     0     3   -30.0   -4.869  -53.758    814.8    900.9
     1     1    11    12    17     8     0     2   -31.0   -4.719  -53.613    742.7    908.7
     1     1    11    12    17     7     0     1   -32.0   -4.575  -53.472    662.9    919.9
     1     1    11    12    17     6     0     0   -33.0   -4.442  -53.337    584.6    930.1
     1     1    11    12    17     5     0     1   -34.0   -4.327  -53.208    500.7    939.7
     1     1    11    12    17     4     0     2   -35.0   -4.235  -53.085    404.6    952.0
     1     1    11    12    17     3     0     3   -36.0   -4.172  -52.976    306.4    964.4
     1     1    11    12    17     2     0     2   -37.0   -4.126  -52.868    234.6    974.2
     1     1    11    12    17     1     0     1   -38.0   -4.078  -52.738    195.5    977.0
     1     1    11    12    17     0     0     0   -39.0   -4.028  -52.590    175.3    978.7
     1     1    11    12    16    23     0     1   -40.0   -3.974  -52.442    165.5    978.4
     1     1    11    12    16    22     0     2   -41.0   -3.912  -52.311    160.3    977.7
     1     1    11    12    16    21     0     3   -42.0   -3.837  -52.195    157.8    976.9
     1     1    11    12    16    20     0     2   -43.0   -3.757  -52.085    156.1    977.1
     1     1    11    12    16    19     0     1   -44.0   -3.676  -51.974    152.8    977.7
     1     1    11    12    16    18     0     0   -45.0   -3.594  -51.860    145.5    978.8
     1     1    11    12    16    17     0     1   -46.0   -3.517  -51.746    135.3    981.8
     1     1    11    12    16    16     0     2   -47.0   -3.448  -51.634    124.9    984.5
     1     1    11    12    16    15     0     3   -48.0   -3.387  -51.521    114.4    987.1
     1     1    11    12    16    14     0     2   -49.0   -3.328  -51.409    104.3    989.2
     1     1    11    12    16    13     0     1   -50.0   -3.266  -51.297     96.2    991.4
     1     1    11    12    16    12     0     0   -51.0   -3.200  -51.187     91.9    993.4
     1     1    11    12    16    11     0     1   -52.0   -3.130  -51.078     91.0    993.7
     1     1    11    12    16    10     0     2   -53.0   -3.056  -50.970     91.4    994.0
     1     1    11    12    16     9     0     3   -54.0   -2.979  -50.863     91.6    993.9
     1     1    11    12    16     8     0     2   -55.0   -2.897  -50.756     89.8    993.9
     1     1    11    12    16     7     0     1   -56.0   -2.811  -50.650     85.2    994.4
     1     1    11    12    16     6     0     0   -57.0   -2.720  -50.548     78.0    995.2
     1     1    11    12    16     5     0     1   -58.0   -2.630  -50.448     70.8    997.1
     1     1    11    12    16     4     0     2   -59.0   -2.543  -50.350     66.0    998.4
     1     1    11    12    16     3     0     3   -60.0   -2.457  -50.254     63.7    999.3
     1     1    11    12    16     2     0     2   -61.0   -2.366  -50.162     62.6    999.5
     1     1    11    12    16     1     0     1   -62.0   -2.264  -50.077     61.3    999.8
     1     1    11    12    16     0     0     0   -63.0   -2.151  -49.999     59.8   1000.3
     1     1    11    12    15    23     0     1   -64.0   -2.031  -49.930     57.1    999.8
     1     1    11    12    15    22     0     2   -65.0   -1.914  -49.868     52.3    999.4
     1     1    11    12    15    21     0     3   -66.0   -1.804  -49.811     44.9    999.0
     1     1    11    12    15    20     0     2   -67.0   -1.706  -49.758     37.9    999.9
     1     1    11    12    15    19     0     1   -68.0   -1.618  -49.704     33.5   1000.5
     1     1    11    12    15    18     0     0   -69.0   -1.537  -49.648     30.9   1001.0
     1     1    11    12    15    17     0     1   -70.0   -1.464  -49.586     28.6   1001.9
     1     1    11    12    15    16     0     2   -71.0   -1.403  -49.512     25.6   1002.9
     1     1    11    12    15    15     0     3   -72.0   -1.355  -49.428     22.5   1003.9
     1     1    11    12    15    14     0     2   -73.0   -1.313  -49.337     19.7   1004.9
     1     1    11    12    15    13     0     1   -74.0   -1.272  -49.241     17.4   1005.9
     1     1    11    12    15    12     0     0   -75.0   -1.233  -49.139     15.6   1006.9
     1     1    11    12    15    11     0     1   -76.0   -1.201  -49.034     14.5   1006.9
     1     1    11    12    15    10     0     2   -77.0   -1.181  -48.935     14.4   1006.7
     1     1    11    12    15     9     0     3   -78.0   -1.173  -48.846     15.4   1006.3
     1     1    11    12    15     8     0     2   -79.0   -1.168  -48.760     16.8   1005.8
     1     1    11    12    15     7     0     1   -80.0   -1.156  -48.672     17.8   1005.6
     1     1    11    12    15     6     0     0   -81.0   -1.137  -48.582     18.1   1005.4
     1     1    11    12    15     5     0     1   -82.0   -1.113  -48.491     18.1   1005.5
     1     1    11    12    15     4     0     2   -83.0   -1.086  -48.397     17.7   1005.5
     1     1    11    12    15     3     0     3   -84.0   -1.058  -48.301     17.1   1005.5
     1     1    11    12    15     2     0     2   -85.0   -1.027  -48.202     17.5   1005.6
     1     1    11    12    15     1     0     1   -86.0   -0.991  -48.094     21.2   1005.1
     1     1    11    12    15     0     0     0   -87.0   -0.945  -47.968     30.3   1004.1
     1     1    11    12    14    23     0     1   -88.0   -0.888  -47.824     41.4   1002.1
     1     1    11    12    14    22     0     2   -89.0   -0.818  -47.670     48.1   1001.0
     1     1    11    12    14    21     0     3   -90.0   -0.740  -47.504     50.9   1000.4
     1     1    11    12    14    20     0     2   -91.0   -0.663  -47.321     52.5   1000.6
     1     1    11    12    14    19     0     1   -92.0   -0.592  -47.120     54.3   1000.7
     1     1    11    12    14    18     0     0   -93.0   -0.530  -46.900     55.0   1000.8
     1     1    11    12    14    17     0     1   -94.0   -0.479  -46.660     53.4   1001.6
     1     1    11    12    14    16     0     2   -95.0   -0.440  -46.399     49.4   1002.5
     1     1    11    12    14    15     0     3   -96.0   -0.409  -46.121     44.3   1003.5
     1     1    11    12    14    14     0     2   -97.0   -0.386  -45.828     40.3   1004.1
     1     1    11    12    14    13     0     1   -98.0   -0.369  -45.525     38.3   1004.3
     1     1    11    12    14    12     0     0   -99.0   -0.356  -45.213     37.8   1004.3
     1     1    11    12    14    11     0     1  -100.0   -0.343  -44.900     38.3   1003.9
     1     1    11    12    14    10     0     2  -101.0   -0.332  -44.594     39.7   1003.3
     1     1    11    12    14     9     0     3  -102.0   -0.322  -44.296     42.2   1002.6
     1     1    11    12    14     8     0     2  -103.0   -0.313  -44.001     44.8   1002.4
     1     1    11    12    14     7     0     1  -104.0   -0.300  -43.703     46.5   1002.4
     1     1    11    12    14     6     0     0  -105.0   -0.283  -43.399     47.2   1002.4
     1     1    11    12    14     5     0     1  -106.0   -0.269  -43.091     47.2   1002.7
     1     1    11    12    14     4     0     2  -107.0   -0.266  -42.783     47.2   1003.0
     1     1    11    12    14     3     0     3  -108.0   -0.277  -42.479     47.2   1003.2
     1     1    11    12    14     2     0     2  -109.0   -0.293  -42.178     47.2   1003.3
     1     1    11    12    14     1     0     1  -110.0   -0.307  -41.876     47.2   1003.3
     1     1    11    12    14     0     0     0  -111.0   -0.319  -41.571     47.2   1003.4
     1     1    11    12    13    23     0     1  -112.0   -0.335  -41.273     47.7   1003.2
     1     1    11    12    13    22     0     2  -113.0   -0.362  -40.991     49.8   1002.8
     1     1    11    12    13    21     0     3  -114.0   -0.398  -40.726     53.4   1002.2
     1     1    11    12    13    20     0     2  -115.0   -0.443  -40.465     56.7   1001.8
     1     1    11    12    13    19     0     1  -116.0   -0.500  -40.198     57.3   1001.8
     1     1    11    12    13    18     0     0  -117.0   -0.569  -39.925     55.5   1002.3
     1     1    11    12    13    17     0     1  -118.0   -0.643  -39.644     52.9   1002.9
     1     1    11    12    13    16     0     2  -119.0   -0.713  -39.352     51.5   1003.3
     1     1    11    12    13    15     0     3  -120.0   -0.779  -39.051     51.0   1003.5
     1     1    11    12    13    14     0     2  -121.0   -0.839  -38.749     51.0   1003.8
     1     1    11    12    13    13     0     1  -122.0   -0.890  -38.458     51.0   1004.1
     1     1    11    12    13    12     0     0  -123.0   -0.933  -38.177     51.0   1004.4
     1     1    11    12    13    11     0     1  -124.0   -0.974  -37.900     51.8   1004.2
     1     1    11    12    13    10     0     2  -125.0   -1.012  -37.622     54.2   1003.8
     1     1    11    12    13     9     0     3  -126.0   -1.048  -37.346     58.8   1003.1
     1     1    11    12    13     8     0     2  -127.0   -1.084  -37.071     64.4   1002.2
     1     1    11    12    13     7     0     1  -128.0   -1.126  -36.796     69.0   1001.7
     1     1    11    12    13     6     0     0  -129.0   -1.176  -36.521     71.9   1001.3
     1     1    11    12    13     5     0     1  -130.0   -1.230  -36.247     72.9   1001.5
     1     1    11    12    13     4     0     2  -131.0   -1.285  -35.974     72.7   1001.8
     1     1    11    12    13     3     0     3  -132.0   -1.339  -35.703     71.8   1002.2
     1     1    11    12    13     2     0     2  -133.0   -1.391  -35.436     70.2   1002.7
     1     1    11    12    13     1     0     1  -134.0   -1.444  -35.175     68.7   1003.1
     1     1    11    12    13     0     0     0  -135.0   -1.500  -34.921     68.1   1003.5
     1     1    11    12    12    23     0     1  -136.0   -1.557  -34.669     68.1   1002.4
     1     1    11    12    12    22     0     2  -137.0   -1.612  -34.410     68.1   1001.5
     1     1    11    12    12    21     0     3  -138.0   -1.666  -34.142     68.0   1000.6
     1     1    11    12    12    20     0     2  -139.0   -1.718  -33.872     68.0   1000.6
     1     1    11    12    12    19     0     1  -140.0   -1.767  -33.606     68.0   1000.5
     1     1    11    12    12    18     0     0  -141.0   -1.810  -33.346     68.0   1000.5
     1     1    11    12    12    17     0     1  -142.0   -1.845  -33.096     68.1   1001.3
     1     1    11    12    12    16     0     2  -143.0   -1.874  -32.858     68.1   1002.2
     1     1    11    12    12    15     0     3  -144.0   -1.899  -32.630     68.1   1003.1
     1     1    11    12    12    14     0     2  -145.0   -1.922  -32.408     68.1   1003.4
     1     1    11    12    12    13     0     1  -146.0   -1.943  -32.188     68.1   1003.7
     1     1    11    12    12    12     0     0  -147.0   -1.961  -31.970     68.1   1003.9
     1     1    11    12    12    11     0     1  -148.0   -1.976  -31.747     68.7   1003.3
     1     1    11    12    12    10     0     2  -149.0   -1.992  -31.509     71.2   1002.6
     1     1    11    12    12     9     0     3  -150.0   -2.010  -31.258     77.6   1001.7
     1     1    11    12    12     8     0     2  -151.0   -2.028  -31.001     86.3   1000.0
     1     1    11    12    12     7     0     1  -152.0   -2.046  -30.745     92.0    998.6
     1     1    11    12    12     6     0     0  -153.0   -2.063  -30.491     93.6    998.0
     1     1    11    12    12     5     0     1  -154.0   -2.071  -30.237     94.8    998.3
     1     1    11    12    12     4     0     2  -155.0   -2.067  -29.980     99.3    998.0
     1     1    11    12    12     3     0     3  -156.0   -2.051  -29.719    106.6    997.3
     1     1    11    12    12     2     0     2  -157.0   -2.033  -29.458    112.7    996.8
     1     1    11    12    12     1     0     1  -158.0   -2.023  -29.196    115.4    997.0
     1     1    11    12    12     0     0     0  -159.0   -2.021  -28.931    116.1    997.4
     1     1    11    12    11    23     0     1  -160.0   -2.027  -28.669    117.1    997.1
     1     1    11    12    11    22     0     2  -161.0   -2.042  -28.412    121.8    996.3
     1     1    11    12    11    21     0     3  -162.0   -2.062  -28.159    133.3    995.0
     1     1    11    12    11    20     0     2  -163.0   -2.090  -27.912    145.4    992.4
     1     1    11    12    11    19     0     1  -164.0   -2.129  -27.675    148.7    991.5
     1     1    11    12    11    18     0     0  -165.0   -2.181  -27.449    142.7    992.1
     1     1    11    12    11    17     0     1  -166.0   -2.241  -27.225    133.6    994.3
     1     1    11    12    11    16     0     2  -167.0   -2.304  -27.000    126.2    995.6
     1     1    11    12    11    15     0     3  -168.0   -2.370  -26.774    121.1    996.7
     1     1    11    12    11    14     0     2  -169.0   -2.442  -26.547    119.2    997.4
     1     1    11    12    11    13     0     1  -170.0   -2.523  -26.318    120.5    997.8
     1     1    11    12    11    12     0     0  -171.0   -2.614  -26.081    125.4    997.7
     1     1    11    12    11    11     0     1  -172.0   -2.707  -25.840    131.5    996.6
     1     1    11    12    11    10     0     2  -173.0   -2.795  -25.597    137.6    995.9
     1     1    11    12    11     9     0     3  -174.0   -2.877  -25.352    146.9    994.9
     1     1    11    12    11     8     0     2  -175.0   -2.960  -25.107    158.9    992.7
     1     1    11    12    11     7     0     1  -176.0   -3.056  -24.870    167.5    991.0
     1     1    11    12    11     6     0     0  -177.0   -3.163  -24.643    169.4    990.5
     1     1    11    12    11     5     0     1  -178.0   -3.276  -24.421    167.7    991.3
     1     1    11    12    11     4     0     2  -179.0   -3.387  -24.201    165.9    991.7
     1     1    11    12    11     3     0     3  -180.0   -3.497  -23.980    163.7    992.2
     1     1    11    12    11     2     0     2  -181.0   -3.610  -23.757    160.8    992.6
     1     1    11    12    11     1     0     1  -182.0   -3.725  -23.530    157.0    993.2
     1     1    11    12    11     0     0     0  -183.0   -3.843  -23.301    152.6    993.9
     1     1    11    12    10    23     0     1  -184.0   -3.961  -23.074    149.7    994.2
     1     1    11    12    10    22     0     2  -185.0   -4.076  -22.851    150.3    993.8
     1     1    11    12    10    21     0     3  -186.0   -4.187  -22.634    154.7    992.8
     1     1    11    12    10    20     0     2  -187.0   -4.301  -22.414    159.7    991.5
     1     1    11    12    10    19     0     1  -188.0   -4.423  -22.185    162.4    990.8
     1     1    11    12    10    18     0     0  -189.0   -4.552  -21.947    163.2    990.4
     1     1    11    12    10    17     0     1  -190.0   -4.688  -21.705    162.7    990.8
     1     1    11    12    10    16     0     2  -191.0   -4.833  -21.469    160.0    991.3
     1     1    11    12    10    15     0     3  -192.0   -4.991  -21.239    152.1    992.4
     1     1    11    12    10    14     0     2  -193.0   -5.154  -21.013    142.5    994.7
     1     1    11    12    10    13     0     1  -194.0   -5.316  -20.788    137.3    995.8
     1     1    11    12    10    12     0     0  -195.0   -5.476  -20.563    136.0    996.3
     1     1    11    12    10    11     0     1  -196.0   -5.627  -20.340    136.5    996.4
     1     1    11    12    10    10     0     2  -197.0   -5.762  -20.118    137.6    996.4
     1     1    11    12    10     9     0     3  -198.0   -5.882  -19.895    139.0    996.3
     1     1    11    12    10     8     0     2  -199.0   -5.998  -19.672    139.6    995.7
     1     1    11    12    10     7     0     1  -200.0   -6.119  -19.447    138.8    995.4
     1     1    11    12    10     6     0     0  -201.0   -6.249  -19.220    137.8    995.1
     1     1    11    12    10     5     0     1  -202.0   -6.389  -18.989    137.2    995.2
     1     1    11    12    10     4     0     2  -203.0   -6.540  -18.749    137.0    995.3
     1     1    11    12    10     3     0     3  -204.0   -6.702  -18.502    136.9    995.5
     1     1    11    12    10     2     0     2  -205.0   -6.871  -18.254    135.7    995.9
     1     1    11    12    10     1     0     1  -206.0   -7.047  -18.009    132.3    996.7
     1     1    11    12    10     0     0     0  -207.0   -7.227  -17.769    127.3    997.6
     1     1    11    12     9    23     0     1  -208.0   -7.399  -17.534    123.1    997.9
     1     1    11    12     9    22     0     2  -209.0   -7.552  -17.304    120.8    997.7
     1     1    11    12     9    21     0     3  -210.0   -7.691  -17.077    120.1    997.5
     1     1    11    12     9    20     0     2  -211.0   -7.824  -16.847    120.1    997.0
     1     1    11    12     9    19     0     1  -212.0   -7.955  -16.607    120.6    996.6
     1     1    11    12     9    18     0     0  -213.0   -8.083  -16.361    122.1    996.2
     1     1    11    12     9    17     0     1  -214.0   -8.213  -16.113    124.1    996.4
     1     1    11    12     9    16     0     2  -215.0   -8.351  -15.866    125.6    996.6
     1     1    11    12     9    15     0     3  -216.0   -8.498  -15.618    126.3    996.9
     1     1    11    12     9    14     0     2  -217.0   -8.648  -15.371    126.9    997.4
     1     1    11    12     9    13     0     1  -218.0   -8.796  -15.125    127.5    997.9
     1     1    11    12     9    12     0     0  -219.0   -8.940  -14.880    127.8    998.4
     1     1    11    12     9    11     0     1  -220.0   -9.085  -14.640    128.2    998.5
     1     1    11    12     9    10     0     2  -221.0   -9.236  -14.409    129.1    998.5
     1     1    11    12     9     9     0     3  -222.0   -9.393  -14.184    129.9    998.6
     1     1    11    12     9     8     0     2  -223.0   -9.548  -13.967    130.7    998.2
     1     1    11    12     9     7     0     1  -224.0   -9.697  -13.758    131.3    997.8
     1     1    11    12     9     6     0     0  -225.0   -9.841  -13.558    132.0    997.3
     1     1    11    12     9     5     0     1  -226.0   -9.987  -13.356    131.8    997.2
     1     1    11    12     9     4     0     2  -227.0  -10.139  -13.141    130.4    997.3
     1     1    11    12     9     3     0     3  -228.0  -10.299  -12.912    127.9    997.5
     1     1    11    12     9     2     0     2  -229.0  -10.461  -12.678    124.3    998.3
     1     1    11    12     9     1     0     1  -230.0  -10.620  -12.451    121.2    999.2
     1     1    11    12     9     0     0     0  -231.0  -10.776  -12.230    119.9    999.8
     1     1    11    12     8    23     0     1  -232.0  -10.930  -12.007    119.9    999.5
     1     1    11    12     8    22     0     2  -233.0  -11.089  -11.774    119.8    999.4
     1     1    11    12     8    21     0     3  -234.0  -11.253  -11.528    119.8    999.3
     1     1    11    12     8    20     0     2  -235.0  -11.416  -11.273    121.1    998.8
     1     1    11    12     8    19     0     1  -236.0  -11.571  -11.016    126.0    998.0
     1     1    11    12     8    18     0     0  -237.0  -11.719  -10.758    135.3    996.6
     1     1    11    12     8    17     0     1  -238.0  -11.863  -10.504    143.4    995.4
     1     1    11    12     8    16     0     2  -239.0  -12.010  -10.254    145.0    995.4
     1     1    11    12     8    15     0     3  -240.0  -12.162  -10.004    140.6    996.4
     1     1    11    12     8    14     0     2  -241.0  -12.314   -9.758    135.2    998.0
     1     1    11    12     8    13     0     1  -242.0  -12.460   -9.516    132.8    998.7
     1     1    11    12     8    12     0     0  -243.0  -12.600   -9.277    132.5    999.3
     1     1    11    12     8    11     0     1  -244.0  -12.734   -9.033    132.8    999.4
     1     1    11    12     8    10     0     2  -245.0  -12.866   -8.777    132.9    999.6
     1     1    11    12     8     9     0     3  -246.0  -12.998   -8.505    132.9    999.9
     1     1    11    12     8     8     0     2  -247.0  -13.135   -8.227    132.8    999.6
     1     1    11    12     8     7     0     1  -248.0  -13.280   -7.953    132.8    999.4
     1     1    11    12     8     6     0     0  -249.0  -13.433   -7.685    133.7    999.1
     1     1    11    12     8     5     0     1  -250.0  -13.594   -7.422    134.5    998.8
     1     1    11    12     8     4     0     2  -251.0  -13.766   -7.165    133.0    998.9
     1     1    11    12     8     3     0     3  -252.0  -13.951   -6.915    127.3    999.3
     1     1    11    12     8     2     0     2  -253.0  -14.140   -6.677    120.7   1001.0
     1     1    11    12     8     1     0     1  -254.0  -14.325   -6.452    117.1   1001.9
     1     1    11    12     8     0     0     0  -255.0  -14.509   -6.237    116.1   1002.4
     1     1    11    12     7    23     0     1  -256.0  -14.692   -6.025    117.6   1002.4
     1     1    11    12     7    22     0     2  -257.0  -14.874   -5.812    122.4   1002.0
     1     1    11    12     7    21     0     3  -258.0  -15.055   -5.596    130.6   1001.3
     1     1    11    12     7    20     0     2  -259.0  -15.232   -5.380    139.6    999.6
     1     1    11    12     7    19     0     1  -260.0  -15.403   -5.169    146.1    998.2
     1     1    11    12     7    18     0     0  -261.0  -15.568   -4.966    149.3    997.3
     1     1    11    12     7    17     0     1  -262.0  -15.723   -4.774    150.6    997.5
     1     1    11    12     7    16     0     2  -263.0  -15.868   -4.590    151.9    997.5
     1     1    11    12     7    15     0     3  -264.0  -16.001   -4.417    153.2    997.5
     1     1    11    12     7    14     0     2  -265.0  -16.123   -4.252    155.6    997.7
     1     1    11    12     7    13     0     1  -266.0  -16.233   -4.093    159.9    997.6
     1     1    11    12     7    12     0     0  -267.0  -16.329   -3.939    166.2    997.2
     1     1    11    12     7    11     0     1  -268.0  -16.422   -3.777    172.8    996.3
     1     1    11    12     7    10     0     2  -269.0  -16.525   -3.597    178.6    995.8
     1     1    11    12     7     9     0     3  -270.0  -16.634   -3.400    184.2    995.2
     1     1    11    12     7     8     0     2  -271.0  -16.750   -3.194    190.6    994.2
     1     1    11    12     7     7     0     1  -272.0  -16.873   -2.989    198.8    992.9
     1     1    11    12     7     6     0     0  -273.0  -17.002   -2.785    209.2    991.3
     1     1    11    12     7     5     0     1  -274.0  -17.135   -2.592    218.7    989.8
     1     1    11    12     7     4     0     2  -275.0  -17.269   -2.415    224.4    989.0
     1     1    11    12     7     3     0     3  -276.0  -17.404   -2.250    226.2    988.7
     1     1    11    12     7     2     0     2  -277.0  -17.541   -2.093    225.3    989.1
     1     1    11    12     7     1     0     1  -278.0  -17.684   -1.943    221.9    989.5
     1     1    11    12     7     0     0     0  -279.0  -17.833   -1.799    215.5    990.4
     1     1    11    12     6    23     0     1  -280.0  -17.984   -1.664    209.4    991.4
     1     1    11    12     6    22     0     2  -281.0  -18.135   -1.540    206.8    991.8
     1     1    11    12     6    21     0     3  -282.0  -18.284   -1.425    207.6    991.7
     1     1    11    12     6    20     0     2  -283.0  -18.430   -1.325    211.1    990.8
     1     1    11    12     6    19     0     1  -284.0  -18.567   -1.242    216.8    989.6
     1     1    11    12     6    18     0     0  -285.0  -18.694   -1.177    223.3    988.3
     1     1    11    12     6    17     0     1  -286.0  -18.810   -1.121    229.3    987.7
     1     1    11    12     6    16     0     2  -287.0  -18.913   -1.066    234.8    987.3
     1     1    11    12     6    15     0     3  -288.0  -19.004   -1.014    241.9    986.7
     1     1    11    12     6    14     0     2  -289.0  -19.082   -0.960    248.7    986.0
     1     1    11    12     6    13     0     1  -290.0  -19.149   -0.900    251.9    985.8
     1     1    11    12     6    12     0     0  -291.0  -19.203   -0.835    251.3    986.1
     1     1    11    12     6    11     0     1  -292.0  -19.250   -0.759    248.7    986.8
     1     1    11    12     6    10     0     2  -293.0  -19.296   -0.665    246.5    987.2
     1     1    11    12     6     9     0     3  -294.0  -19.338   -0.554    244.7    987.5
     1     1    11    12     6     8     0     2  -295.0  -19.381   -0.433    245.8    987.3
     1     1    11    12     6     7     0     1  -296.0  -19.427   -0.311    251.9    986.3
     1     1    11    12     6     6     0     0  -297.0  -19.477   -0.187    262.9    984.8
     1     1    11    12     6     5     0     1  -298.0  -19.534   -0.060    273.9    982.7
     1     1    11    12     6     4     0     2  -299.0  -19.600    0.064    280.3    981.6
     1     1    11    12     6     3     0     3  -300.0  -19.675    0.187    283.2    981.0
     1     1    11    12     6     2     0     2  -301.0  -19.762    0.311    284.2    981.4
     1     1    11    12     6     1     0     1  -302.0  -19.861    0.430    285.6    981.7
     1     1    11    12     6     0     0     0  -303.0  -19.973    0.543    288.1    981.8
     1     1    11    12     5    23     0     1  -304.0  -20.092    0.652    291.1    981.3
     1     1    11    12     5    22     0     2  -305.0  -20.210    0.758    293.5    980.9
     1     1    11    12     5    21     0     3  -306.0  -20.326    0.861    295.3    980.7
     1     1    11    12     5    20     0     2  -307.0  -20.440    0.958    296.6    980.2
     1     1    11    12     5    19     0     1  -308.0  -20.554    1.047    297.4    979.8
     1     1    11    12     5    18     0     0  -309.0  -20.668    1.127    298.0    979.4
     1     1    11    12     5    17     0     1  -310.0  -20.780    1.203    298.3    979.2
     1     1    11    12     5    16     0     2  -311.0  -20.889    1.275    298.2    979.1
     1     1    11    12     5    15     0     3  -312.0  -20.995    1.342    298.1    979.0
     1     1    11    12     5    14     0     2  -313.0  -21.095    1.412    298.1    979.0
     1     1    11    12     5    13     0     1  -314.0  -21.183    1.493    297.5    978.9
     1     1    11    12     5    12     0     0  -315.0  -21.259    1.580    296.0    979.0
     1     1    11    12     5    11     0     1  -316.0  -21.338    1.677    293.9    979.9
     1     1    11    12     5    10     0     2  -317.0  -21.434    1.784    292.5    980.6
     1     1    11    12     5     9     0     3  -318.0  -21.546    1.904    292.3    981.2
     1     1    11    12     5     8     0     2  -319.0  -21.665    2.030    294.2    980.8
     1     1    11    12     5     7     0     1  -320.0  -21.783    2.158    298.7    980.1
     1     1    11    12     5     6     0     0  -321.0  -21.900    2.288    306.6    978.9
     1     1    11    12     5     5     0     1  -322.0  -22.024    2.425    315.4    977.3
     1     1    11    12     5     4     0     2  -323.0  -22.162    2.573    320.6    976.4
     1     1    11    12     5     3     0     3  -324.0  -22.312    2.733    321.7    976.2
     1     1    11    12     5     2     0     2  -325.0  -22.476    2.892    320.3    976.6
     1     1    11    12     5     1     0     1  -326.0  -22.659    3.034    317.9    977.1
     1     1    11    12     5     0     0     0  -327.0  -22.861    3.158    315.1    977.5
     1     1    11    12     4    23     0     1  -328.0  -23.070    3.271    314.3    978.0
     1     1    11    12     4    22     0     2  -329.0  -23.279    3.379    317.6    977.7
     1     1    11    12     4    21     0     3  -330.0  -23.489    3.481    325.0    977.0
     1     1    11    12     4    20     0     2  -331.0  -23.693    3.590    334.6    975.3
     1     1    11    12     4    19     0     1  -332.0  -23.886    3.719    344.9    973.8
     1     1    11    12     4    18     0     0  -333.0  -24.067    3.867    357.4    972.0
     1     1    11    12     4    17     0     1  -334.0  -24.245    4.015    371.2    970.6
     1     1    11    12     4    16     0     2  -335.0  -24.425    4.150    383.3    969.4
     1     1    11    12     4    15     0     3  -336.0  -24.606    4.277    392.1    968.7
