     3     1
    GDAS    11    10    22     0     0
    GDAS    11    10    29     0     0
    GDAS    11    11     1     0     0
     1 BACKWARD OMEGA   
  2011    11     2    15   -8.900  -56.970  1524.0
     1 PRESSURE
     1     1    11    11     2    15     0     3     0.0   -8.900  -56.970   1524.0    831.2
     1     1    11    11     2    14     0     2    -1.0   -8.787  -56.933   1356.3    849.8
     1     1    11    11     2    13     0     1    -2.0   -8.653  -56.885   1275.7    853.1
     1     1    11    11     2    12     0     0    -3.0   -8.492  -56.833   1254.1    850.6
     1     1    11    11     2    11     0     1    -4.0   -8.320  -56.784   1248.8    844.0
     1     1    11    11     2    10     0     2    -5.0   -8.155  -56.739   1232.4    842.1
     1     1    11    11     2     9     0     3    -6.0   -7.996  -56.699   1211.8    841.1
     1     1    11    11     2     8     0     2    -7.0   -7.848  -56.658   1204.2    845.4
     1     1    11    11     2     7     0     1    -8.0   -7.717  -56.613   1212.1    846.1
     1     1    11    11     2     6     0     0    -9.0   -7.594  -56.566   1225.6    846.2
     1     1    11    11     2     5     0     1   -10.0   -7.480  -56.526   1235.0    846.9
     1     1    11    11     2     4     0     2   -11.0   -7.377  -56.498   1232.3    849.0
     1     1    11    11     2     3     0     3   -12.0   -7.288  -56.483   1214.2    852.5
     1     1    11    11     2     2     0     2   -13.0   -7.208  -56.477   1198.0    857.5
     1     1    11    11     2     1     0     1   -14.0   -7.132  -56.472   1200.2    858.6
     1     1    11    11     2     0     0     0   -15.0   -7.057  -56.472   1220.4    857.8
     1     1    11    11     1    23     0     1   -16.0   -6.978  -56.489   1243.9    854.6
     1     1    11    11     1    22     0     2   -17.0   -6.892  -56.533   1257.2    853.7
     1     1    11    11     1    21     0     3   -18.0   -6.802  -56.601   1263.5    853.6
     1     1    11    11     1    20     0     2   -19.0   -6.714  -56.676   1265.7    855.2
     1     1    11    11     1    19     0     1   -20.0   -6.630  -56.738   1264.3    856.7
     1     1    11    11     1    18     0     0   -21.0   -6.553  -56.788   1256.5    858.7
     1     1    11    11     1    17     0     1   -22.0   -6.479  -56.832   1243.3    861.6
     1     1    11    11     1    16     0     2   -23.0   -6.403  -56.873   1231.9    864.6
     1     1    11    11     1    15     0     3   -24.0   -6.323  -56.911   1231.8    866.5
     1     1    11    11     1    14     0     2   -25.0   -6.232  -56.949   1244.1    865.4
     1     1    11    11     1    13     0     1   -26.0   -6.126  -56.989   1263.3    863.9
     1     1    11    11     1    12     0     0   -27.0   -6.003  -57.033   1284.1    862.1
     1     1    11    11     1    11     0     1   -28.0   -5.883  -57.085   1314.0    859.8
     1     1    11    11     1    10     0     2   -29.0   -5.785  -57.149   1360.8    854.2
     1     1    11    11     1     9     0     3   -30.0   -5.710  -57.225   1419.2    847.9
     1     1    11    11     1     8     0     2   -31.0   -5.654  -57.306   1462.3    841.2
     1     1    11    11     1     7     0     1   -32.0   -5.616  -57.390   1467.5    841.0
     1     1    11    11     1     6     0     0   -33.0   -5.595  -57.478   1442.3    843.5
     1     1    11    11     1     5     0     1   -34.0   -5.581  -57.570   1397.7    848.8
     1     1    11    11     1     4     0     2   -35.0   -5.561  -57.664   1338.3    854.6
     1     1    11    11     1     3     0     3   -36.0   -5.528  -57.762   1261.1    862.5
     1     1    11    11     1     2     0     2   -37.0   -5.480  -57.852   1200.4    872.1
     1     1    11    11     1     1     0     1   -38.0   -5.422  -57.921   1183.5    873.4
     1     1    11    11     1     0     0     0   -39.0   -5.354  -57.966   1202.3    870.7
     1     1    11    10    31    23     0     1   -40.0   -5.295  -57.996   1215.6    865.0
     1     1    11    10    31    22     0     2   -41.0   -5.258  -58.020   1193.0    867.1
     1     1    11    10    31    21     0     3   -42.0   -5.241  -58.036   1142.7    872.2
     1     1    11    10    31    20     0     2   -43.0   -5.240  -58.050   1054.7    879.9
     1     1    11    10    31    19     0     1   -44.0   -5.246  -58.069    924.5    894.1
     1     1    11    10    31    18     0     0   -45.0   -5.258  -58.091    767.7    911.7
     1     1    11    10    31    17     0     1   -46.0   -5.270  -58.110    644.5    931.0
     1     1    11    10    31    16     0     2   -47.0   -5.284  -58.121    581.4    936.8
     1     1    11    10    31    15     0     3   -48.0   -5.307  -58.123    562.4    939.1
     1     1    11    10    31    14     0     2   -49.0   -5.338  -58.129    565.0    937.0
     1     1    11    10    31    13     0     1   -50.0   -5.375  -58.148    571.3    936.5
     1     1    11    10    31    12     0     0   -51.0   -5.420  -58.182    582.3    935.5
     1     1    11    10    31    11     0     1   -52.0   -5.457  -58.223    596.4    933.1
     1     1    11    10    31    10     0     2   -53.0   -5.473  -58.260    610.7    931.0
     1     1    11    10    31     9     0     3   -54.0   -5.466  -58.291    625.3    928.9
     1     1    11    10    31     8     0     2   -55.0   -5.448  -58.315    642.5    927.1
     1     1    11    10    31     7     0     1   -56.0   -5.432  -58.336    662.7    924.5
     1     1    11    10    31     6     0     0   -57.0   -5.420  -58.351    683.6    921.9
     1     1    11    10    31     5     0     1   -58.0   -5.403  -58.365    715.6    920.1
     1     1    11    10    31     4     0     2   -59.0   -5.373  -58.385    773.5    914.7
     1     1    11    10    31     3     0     3   -60.0   -5.330  -58.413    867.0    906.3
     1     1    11    10    31     2     0     2   -61.0   -5.292  -58.446    995.8    892.1
     1     1    11    10    31     1     0     1   -62.0   -5.270  -58.484   1145.5    876.8
     1     1    11    10    31     0     0     0   -63.0   -5.254  -58.531   1308.5    859.7
     1     1    11    10    30    23     0     1   -64.0   -5.240  -58.583   1462.4    842.4
     1     1    11    10    30    22     0     2   -65.0   -5.234  -58.634   1585.4    829.0
     1     1    11    10    30    21     0     3   -66.0   -5.237  -58.687   1672.7    819.8
     1     1    11    10    30    20     0     2   -67.0   -5.236  -58.749   1731.6    815.2
     1     1    11    10    30    19     0     1   -68.0   -5.216  -58.830   1771.6    811.9
     1     1    11    10    30    18     0     0   -69.0   -5.176  -58.927   1801.3    809.7
     1     1    11    10    30    17     0     1   -70.0   -5.114  -59.030   1817.1    808.2
     1     1    11    10    30    16     0     2   -71.0   -5.026  -59.118   1811.2    809.9
     1     1    11    10    30    15     0     3   -72.0   -4.916  -59.183   1790.3    813.4
     1     1    11    10    30    14     0     2   -73.0   -4.793  -59.219   1748.0    817.1
     1     1    11    10    30    13     0     1   -74.0   -4.665  -59.220   1679.3    824.1
     1     1    11    10    30    12     0     0   -75.0   -4.531  -59.194   1581.4    833.6
     1     1    11    10    30    11     0     1   -76.0   -4.399  -59.161   1469.0    846.3
     1     1    11    10    30    10     0     2   -77.0   -4.268  -59.132   1383.8    855.8
     1     1    11    10    30     9     0     3   -78.0   -4.134  -59.101   1358.0    859.3
     1     1    11    10    30     8     0     2   -79.0   -3.992  -59.056   1383.8    854.8
     1     1    11    10    30     7     0     1   -80.0   -3.848  -58.985   1415.9    849.4
     1     1    11    10    30     6     0     0   -81.0   -3.705  -58.890   1430.3    847.9
     1     1    11    10    30     5     0     1   -82.0   -3.565  -58.778   1412.3    848.8
     1     1    11    10    30     4     0     2   -83.0   -3.429  -58.661   1369.3    855.6
     1     1    11    10    30     3     0     3   -84.0   -3.297  -58.541   1340.5    861.0
     1     1    11    10    30     2     0     2   -85.0   -3.175  -58.422   1331.8    861.1
     1     1    11    10    30     1     0     1   -86.0   -3.071  -58.311   1331.8    861.9
     1     1    11    10    30     0     0     0   -87.0   -2.984  -58.207   1349.0    861.3
     1     1    11    10    29    23     0     1   -88.0   -2.906  -58.105   1383.7    856.7
     1     1    11    10    29    22     0     2   -89.0   -2.831  -58.001   1422.2    851.6
     1     1    11    10    29    21     0     3   -90.0   -2.757  -57.897   1444.5    847.6
     1     1    11    10    29    20     0     2   -91.0   -2.688  -57.786   1449.3    848.4
     1     1    11    10    29    19     0     1   -92.0   -2.624  -57.664   1449.8    848.9
     1     1    11    10    29    18     0     0   -93.0   -2.565  -57.531   1452.3    849.3
     1     1    11    10    29    17     0     1   -94.0   -2.508  -57.388   1464.8    849.2
     1     1    11    10    29    16     0     2   -95.0   -2.453  -57.234   1492.4    847.2
     1     1    11    10    29    15     0     3   -96.0   -2.400  -57.072   1536.0    843.5
     1     1    11    10    29    14     0     2   -97.0   -2.350  -56.896   1585.1    837.2
     1     1    11    10    29    13     0     1   -98.0   -2.302  -56.704   1627.5    832.8
     1     1    11    10    29    12     0     0   -99.0   -2.258  -56.501   1663.1    829.5
     1     1    11    10    29    11     0     1  -100.0   -2.215  -56.286   1704.2    826.3
     1     1    11    10    29    10     0     2  -101.0   -2.167  -56.060   1760.3    820.5
     1     1    11    10    29     9     0     3  -102.0   -2.114  -55.827   1825.4    813.6
     1     1    11    10    29     8     0     2  -103.0   -2.054  -55.584   1888.5    807.1
     1     1    11    10    29     7     0     1  -104.0   -1.990  -55.324   1947.0    802.0
     1     1    11    10    29     6     0     0  -105.0   -1.930  -55.041   2009.6    795.5
     1     1    11    10    29     5     0     1  -106.0   -1.876  -54.740   2075.8    787.0
     1     1    11    10    29     4     0     2  -107.0   -1.824  -54.423   2131.3    779.2
     1     1    11    10    29     3     0     3  -108.0   -1.775  -54.083   2165.1    773.8
     1     1    11    10    29     2     0     2  -109.0   -1.733  -53.733   2194.2    773.0
     1     1    11    10    29     1     0     1  -110.0   -1.697  -53.389   2231.4    770.4
     1     1    11    10    29     0     0     0  -111.0   -1.657  -53.045   2268.2    768.2
     1     1    11    10    28    23     0     1  -112.0   -1.626  -52.721   2296.1    766.3
     1     1    11    10    28    22     0     2  -113.0   -1.613  -52.434   2311.1    766.5
     1     1    11    10    28    21     0     3  -114.0   -1.608  -52.176   2319.9    767.4
     1     1    11    10    28    20     0     2  -115.0   -1.603  -51.929   2321.8    768.3
     1     1    11    10    28    19     0     1  -116.0   -1.596  -51.682   2317.3    770.1
     1     1    11    10    28    18     0     0  -117.0   -1.583  -51.432   2309.7    771.2
     1     1    11    10    28    17     0     1  -118.0   -1.571  -51.164   2303.9    773.7
     1     1    11    10    28    16     0     2  -119.0   -1.571  -50.865   2311.0    774.1
     1     1    11    10    28    15     0     3  -120.0   -1.585  -50.537   2337.6    772.5
     1     1    11    10    28    14     0     2  -121.0   -1.615  -50.188   2370.6    767.6
     1     1    11    10    28    13     0     1  -122.0   -1.659  -49.825   2380.3    765.5
     1     1    11    10    28    12     0     0  -123.0   -1.717  -49.450   2350.0    766.6
     1     1    11    10    28    11     0     1  -124.0   -1.781  -49.076   2299.3    772.1
     1     1    11    10    28    10     0     2  -125.0   -1.842  -48.710   2266.9    775.0
     1     1    11    10    28     9     0     3  -126.0   -1.897  -48.351   2261.4    774.5
     1     1    11    10    28     8     0     2  -127.0   -1.948  -47.999   2270.8    772.6
     1     1    11    10    28     7     0     1  -128.0   -1.997  -47.649   2278.9    770.4
     1     1    11    10    28     6     0     0  -129.0   -2.048  -47.298   2280.1    769.1
     1     1    11    10    28     5     0     1  -130.0   -2.101  -46.950   2274.3    769.4
     1     1    11    10    28     4     0     2  -131.0   -2.160  -46.609   2271.9    771.3
     1     1    11    10    28     3     0     3  -132.0   -2.225  -46.276   2282.8    771.2
     1     1    11    10    28     2     0     2  -133.0   -2.285  -45.951   2310.9    768.3
     1     1    11    10    28     1     0     1  -134.0   -2.331  -45.629   2353.2    764.5
     1     1    11    10    28     0     0     0  -135.0   -2.365  -45.311   2406.8    760.5
     1     1    11    10    27    23     0     1  -136.0   -2.389  -44.998   2473.4    755.1
     1     1    11    10    27    22     0     2  -137.0   -2.406  -44.693   2545.2    748.3
     1     1    11    10    27    21     0     3  -138.0   -2.412  -44.400   2614.5    742.2
     1     1    11    10    27    20     0     2  -139.0   -2.407  -44.114   2669.0    737.1
     1     1    11    10    27    19     0     1  -140.0   -2.396  -43.829   2702.0    734.9
     1     1    11    10    27    18     0     0  -141.0   -2.381  -43.550   2721.7    733.2
     1     1    11    10    27    17     0     1  -142.0   -2.357  -43.279   2728.5    732.6
     1     1    11    10    27    16     0     2  -143.0   -2.319  -43.021   2716.8    733.7
     1     1    11    10    27    15     0     3  -144.0   -2.268  -42.773   2689.0    737.4
     1     1    11    10    27    14     0     2  -145.0   -2.206  -42.521   2658.1    741.6
     1     1    11    10    27    13     0     1  -146.0   -2.132  -42.257   2633.5    744.1
     1     1    11    10    27    12     0     0  -147.0   -2.045  -41.981   2614.2    746.0
     1     1    11    10    27    11     0     1  -148.0   -1.949  -41.698   2615.9    746.8
     1     1    11    10    27    10     0     2  -149.0   -1.849  -41.415   2650.1    743.1
     1     1    11    10    27     9     0     3  -150.0   -1.747  -41.136   2713.0    737.2
     1     1    11    10    27     8     0     2  -151.0   -1.645  -40.863   2781.0    729.1
     1     1    11    10    27     7     0     1  -152.0   -1.548  -40.596   2823.1    724.7
     1     1    11    10    27     6     0     0  -153.0   -1.456  -40.333   2832.0    723.8
     1     1    11    10    27     5     0     1  -154.0   -1.370  -40.075   2819.2    726.4
     1     1    11    10    27     4     0     2  -155.0   -1.288  -39.822   2801.5    728.8
     1     1    11    10    27     3     0     3  -156.0   -1.209  -39.572   2785.4    730.8
     1     1    11    10    27     2     0     2  -157.0   -1.129  -39.326   2779.0    732.2
     1     1    11    10    27     1     0     1  -158.0   -1.048  -39.083   2792.8    731.6
     1     1    11    10    27     0     0     0  -159.0   -0.964  -38.845   2832.2    728.5
     1     1    11    10    26    23     0     1  -160.0   -0.872  -38.621   2885.2    722.2
     1     1    11    10    26    22     0     2  -161.0   -0.773  -38.417   2936.8    717.1
     1     1    11    10    26    21     0     3  -162.0   -0.666  -38.230   2985.3    712.4
     1     1    11    10    26    20     0     2  -163.0   -0.551  -38.051   3028.1    708.6
     1     1    11    10    26    19     0     1  -164.0   -0.429  -37.872   3062.8    705.6
     1     1    11    10    26    18     0     0  -165.0   -0.303  -37.693   3090.3    703.3
     1     1    11    10    26    17     0     1  -166.0   -0.171  -37.509   3112.3    701.7
     1     1    11    10    26    16     0     2  -167.0   -0.029  -37.318   3128.9    700.4
     1     1    11    10    26    15     0     3  -168.0    0.124  -37.120   3137.9    699.8
     1     1    11    10    26    14     0     2  -169.0    0.277  -36.917   3143.4    699.9
     1     1    11    10    26    13     0     1  -170.0    0.424  -36.712   3148.7    699.6
     1     1    11    10    26    12     0     0  -171.0    0.566  -36.505   3153.3    699.5
     1     1    11    10    26    11     0     1  -172.0    0.708  -36.297   3155.6    698.7
     1     1    11    10    26    10     0     2  -173.0    0.859  -36.089   3153.4    698.4
     1     1    11    10    26     9     0     3  -174.0    1.020  -35.880   3148.1    698.6
     1     1    11    10    26     8     0     2  -175.0    1.175  -35.678   3147.8    699.0
     1     1    11    10    26     7     0     1  -176.0    1.313  -35.489   3153.9    698.1
     1     1    11    10    26     6     0     0  -177.0    1.434  -35.312   3158.4    697.4
     1     1    11    10    26     5     0     1  -178.0    1.539  -35.141   3161.2    697.7
     1     1    11    10    26     4     0     2  -179.0    1.628  -34.973   3168.7    697.6
     1     1    11    10    26     3     0     3  -180.0    1.702  -34.806   3185.0    696.7
     1     1    11    10    26     2     0     2  -181.0    1.768  -34.642   3213.3    694.7
     1     1    11    10    26     1     0     1  -182.0    1.831  -34.482   3252.0    691.5
     1     1    11    10    26     0     0     0  -183.0    1.890  -34.325   3296.5    687.8
     1     1    11    10    25    23     0     1  -184.0    1.948  -34.176   3334.5    683.6
     1     1    11    10    25    22     0     2  -185.0    2.007  -34.041   3356.3    681.6
     1     1    11    10    25    21     0     3  -186.0    2.067  -33.921   3362.5    680.8
     1     1    11    10    25    20     0     2  -187.0    2.129  -33.807   3353.0    681.3
     1     1    11    10    25    19     0     1  -188.0    2.190  -33.694   3328.2    683.2
     1     1    11    10    25    18     0     0  -189.0    2.249  -33.582   3289.9    686.2
     1     1    11    10    25    17     0     1  -190.0    2.308  -33.469   3261.2    690.8
     1     1    11    10    25    16     0     2  -191.0    2.369  -33.355   3263.7    690.8
     1     1    11    10    25    15     0     3  -192.0    2.434  -33.239   3296.0    688.3
     1     1    11    10    25    14     0     2  -193.0    2.496  -33.120   3338.8    683.3
     1     1    11    10    25    13     0     1  -194.0    2.547  -32.994   3374.1    680.5
     1     1    11    10    25    12     0     0  -195.0    2.588  -32.863   3402.0    678.3
     1     1    11    10    25    11     0     1  -196.0    2.620  -32.732   3429.5    676.4
     1     1    11    10    25    10     0     2  -197.0    2.641  -32.605   3464.5    673.3
     1     1    11    10    25     9     0     3  -198.0    2.651  -32.483   3509.4    669.4
     1     1    11    10    25     8     0     2  -199.0    2.651  -32.369   3561.6    664.8
     1     1    11    10    25     7     0     1  -200.0    2.641  -32.269   3618.1    660.3
     1     1    11    10    25     6     0     0  -201.0    2.621  -32.181   3680.3    655.3
     1     1    11    10    25     5     0     1  -202.0    2.596  -32.105   3737.3    650.2
     1     1    11    10    25     4     0     2  -203.0    2.569  -32.037   3776.5    647.2
     1     1    11    10    25     3     0     3  -204.0    2.540  -31.978   3795.4    646.0
     1     1    11    10    25     2     0     2  -205.0    2.508  -31.922   3794.2    646.4
     1     1    11    10    25     1     0     1  -206.0    2.470  -31.863   3775.2    648.1
     1     1    11    10    25     0     0     0  -207.0    2.427  -31.801   3740.7    651.2
     1     1    11    10    24    23     0     1  -208.0    2.374  -31.738   3707.7    654.9
     1     1    11    10    24    22     0     2  -209.0    2.308  -31.675   3690.4    655.9
     1     1    11    10    24    21     0     3  -210.0    2.231  -31.611   3686.0    655.9
     1     1    11    10    24    20     0     2  -211.0    2.144  -31.543   3688.2    655.2
     1     1    11    10    24    19     0     1  -212.0    2.050  -31.470   3694.4    654.8
     1     1    11    10    24    18     0     0  -213.0    1.952  -31.392   3707.7    653.7
     1     1    11    10    24    17     0     1  -214.0    1.848  -31.305   3731.2    652.2
     1     1    11    10    24    16     0     2  -215.0    1.738  -31.204   3764.1    649.6
     1     1    11    10    24    15     0     3  -216.0    1.620  -31.088   3803.1    646.6
     1     1    11    10    24    14     0     2  -217.0    1.490  -30.959   3837.6    643.4
     1     1    11    10    24    13     0     1  -218.0    1.346  -30.819   3860.4    642.0
     1     1    11    10    24    12     0     0  -219.0    1.192  -30.668   3875.4    641.2
     1     1    11    10    24    11     0     1  -220.0    1.039  -30.508   3906.9    640.3
     1     1    11    10    24    10     0     2  -221.0    0.892  -30.337   3978.5    634.4
     1     1    11    10    24     9     0     3  -222.0    0.747  -30.158   4094.4    625.4
     1     1    11    10    24     8     0     2  -223.0    0.599  -29.977   4215.8    612.8
     1     1    11    10    24     7     0     1  -224.0    0.445  -29.800   4296.2    606.4
     1     1    11    10    24     6     0     0  -225.0    0.282  -29.623   4333.6    603.4
     1     1    11    10    24     5     0     1  -226.0    0.112  -29.440   4344.9    603.9
     1     1    11    10    24     4     0     2  -227.0   -0.063  -29.248   4342.6    603.9
     1     1    11    10    24     3     0     3  -228.0   -0.241  -29.048   4320.2    605.4
     1     1    11    10    24     2     0     2  -229.0   -0.415  -28.844   4287.1    609.2
     1     1    11    10    24     1     0     1  -230.0   -0.582  -28.638   4261.1    611.9
     1     1    11    10    24     0     0     0  -231.0   -0.742  -28.431   4252.4    613.2
     1     1    11    10    23    23     0     1  -232.0   -0.897  -28.232   4257.0    611.9
     1     1    11    10    23    22     0     2  -233.0   -1.051  -28.046   4269.9    610.8
     1     1    11    10    23    21     0     3  -234.0   -1.202  -27.872   4287.8    608.6
     1     1    11    10    23    20     0     2  -235.0   -1.349  -27.706   4297.6    607.2
     1     1    11    10    23    19     0     1  -236.0   -1.488  -27.545   4297.2    607.5
     1     1    11    10    23    18     0     0  -237.0   -1.620  -27.388   4296.9    607.8
     1     1    11    10    23    17     0     1  -238.0   -1.743  -27.233   4315.6    607.6
     1     1    11    10    23    16     0     2  -239.0   -1.859  -27.075   4367.3    603.9
     1     1    11    10    23    15     0     3  -240.0   -1.971  -26.915   4449.2    597.7
     1     1    11    10    23    14     0     2  -241.0   -2.084  -26.747   4527.3    589.9
     1     1    11    10    23    13     0     1  -242.0   -2.204  -26.563   4573.4    586.8
     1     1    11    10    23    12     0     0  -243.0   -2.331  -26.364   4592.0    585.8
     1     1    11    10    23    11     0     1  -244.0   -2.465  -26.157   4606.5    586.0
     1     1    11    10    23    10     0     2  -245.0   -2.606  -25.950   4639.9    583.5
     1     1    11    10    23     9     0     3  -246.0   -2.753  -25.744   4694.5    579.3
     1     1    11    10    23     8     0     2  -247.0   -2.903  -25.544   4747.0    573.7
     1     1    11    10    23     7     0     1  -248.0   -3.057  -25.350   4772.5    571.7
     1     1    11    10    23     6     0     0  -249.0   -3.214  -25.160   4766.9    571.8
     1     1    11    10    23     5     0     1  -250.0   -3.369  -24.978   4742.0    574.8
     1     1    11    10    23     4     0     2  -251.0   -3.518  -24.806   4714.7    577.0
     1     1    11    10    23     3     0     3  -252.0   -3.663  -24.644   4688.2    579.3
     1     1    11    10    23     2     0     2  -253.0   -3.799  -24.487   4660.2    581.3
     1     1    11    10    23     1     0     1  -254.0   -3.922  -24.334   4627.8    584.1
     1     1    11    10    23     0     0     0  -255.0   -4.031  -24.184   4594.3    586.9
     1     1    11    10    22    23     0     1  -256.0   -4.127  -24.036   4567.7    589.1
     1     1    11    10    22    22     0     2  -257.0   -4.208  -23.886   4554.1    589.9
     1     1    11    10    22    21     0     3  -258.0   -4.274  -23.735   4552.1    589.7
     1     1    11    10    22    20     0     2  -259.0   -4.330  -23.579   4557.7    588.9
     1     1    11    10    22    19     0     1  -260.0   -4.380  -23.416   4567.1    587.9
     1     1    11    10    22    18     0     0  -261.0   -4.425  -23.247   4579.1    586.8
     1     1    11    10    22    17     0     1  -262.0   -4.464  -23.069   4598.6    585.8
     1     1    11    10    22    16     0     2  -263.0   -4.498  -22.885   4632.5    583.5
     1     1    11    10    22    15     0     3  -264.0   -4.523  -22.693   4683.5    580.0
     1     1    11    10    22    14     0     2  -265.0   -4.540  -22.496   4752.2    575.2
     1     1    11    10    22    13     0     1  -266.0   -4.550  -22.292   4839.3    569.2
     1     1    11    10    22    12     0     0  -267.0   -4.551  -22.081   4946.1    561.9
     1     1    11    10    22    11     0     1  -268.0   -4.541  -21.861   5062.1    552.9
     1     1    11    10    22    10     0     2  -269.0   -4.522  -21.631   5173.7    544.9
     1     1    11    10    22     9     0     3  -270.0   -4.498  -21.390   5276.9    537.6
     1     1    11    10    22     8     0     2  -271.0   -4.470  -21.141   5375.0    531.0
     1     1    11    10    22     7     0     1  -272.0   -4.441  -20.888   5474.8    524.1
     1     1    11    10    22     6     0     0  -273.0   -4.413  -20.630   5577.5    517.0
     1     1    11    10    22     5     0     1  -274.0   -4.390  -20.361   5664.8    510.2
     1     1    11    10    22     4     0     2  -275.0   -4.373  -20.079   5723.3    506.7
     1     1    11    10    22     3     0     3  -276.0   -4.365  -19.785   5757.5    504.6
     1     1    11    10    22     2     0     2  -277.0   -4.365  -19.480   5778.0    504.1
     1     1    11    10    22     1     0     1  -278.0   -4.370  -19.166   5795.9    503.3
     1     1    11    10    22     0     0     0  -279.0   -4.381  -18.844   5813.7    502.4
