     3     1
    GDAS    11    10    22     0     0
    GDAS    11    10    29     0     0
    GDAS    11    11     1     0     0
     1 BACKWARD OMEGA   
  2011    11     2    15   -8.870  -56.750  3505.2
     1 PRESSURE
     1     1    11    11     2    15     0     3     0.0   -8.870  -56.750   3505.2    654.7
     1     1    11    11     2    14     0     2    -1.0   -8.786  -56.733   3257.9    678.3
     1     1    11    11     2    13     0     1    -2.0   -8.705  -56.715   3130.9    686.1
     1     1    11    11     2    12     0     0    -3.0   -8.627  -56.696   3104.8    686.1
     1     1    11    11     2    11     0     1    -4.0   -8.554  -56.673   3126.9    679.0
     1     1    11    11     2    10     0     2    -5.0   -8.488  -56.649   3152.9    675.4
     1     1    11    11     2     9     0     3    -6.0   -8.430  -56.622   3183.3    671.5
     1     1    11    11     2     8     0     2    -7.0   -8.379  -56.598   3215.1    667.7
     1     1    11    11     2     7     0     1    -8.0   -8.332  -56.581   3245.2    664.4
     1     1    11    11     2     6     0     0    -9.0   -8.287  -56.570   3273.4    661.4
     1     1    11    11     2     5     0     1   -10.0   -8.242  -56.567   3286.5    659.0
     1     1    11    11     2     4     0     2   -11.0   -8.194  -56.569   3268.7    659.8
     1     1    11    11     2     3     0     3   -12.0   -8.142  -56.576   3214.3    663.6
     1     1    11    11     2     2     0     2   -13.0   -8.082  -56.585   3165.9    670.3
     1     1    11    11     2     1     0     1   -14.0   -8.017  -56.601   3170.9    669.4
     1     1    11    11     2     0     0     0   -15.0   -7.950  -56.623   3235.6    664.6
     1     1    11    11     1    23     0     1   -16.0   -7.876  -56.654   3311.4    655.5
     1     1    11    11     1    22     0     2   -17.0   -7.787  -56.696   3356.6    653.4
     1     1    11    11     1    21     0     3   -18.0   -7.685  -56.751   3380.8    653.2
     1     1    11    11     1    20     0     2   -19.0   -7.573  -56.811   3397.1    654.8
     1     1    11    11     1    19     0     1   -20.0   -7.452  -56.861   3412.1    655.9
     1     1    11    11     1    18     0     0   -21.0   -7.320  -56.907   3423.4    657.4
     1     1    11    11     1    17     0     1   -22.0   -7.181  -56.948   3425.5    659.5
     1     1    11    11     1    16     0     2   -23.0   -7.041  -56.983   3411.0    663.2
     1     1    11    11     1    15     0     3   -24.0   -6.900  -57.010   3380.2    667.7
     1     1    11    11     1    14     0     2   -25.0   -6.757  -57.028   3345.5    671.7
     1     1    11    11     1    13     0     1   -26.0   -6.609  -57.045   3316.1    674.8
     1     1    11    11     1    12     0     0   -27.0   -6.456  -57.071   3295.0    677.3
     1     1    11    11     1    11     0     1   -28.0   -6.307  -57.108   3292.2    678.6
     1     1    11    11     1    10     0     2   -29.0   -6.171  -57.153   3314.2    677.0
     1     1    11    11     1     9     0     3   -30.0   -6.049  -57.206   3359.0    673.3
     1     1    11    11     1     8     0     2   -31.0   -5.935  -57.254   3405.4    668.1
     1     1    11    11     1     7     0     1   -32.0   -5.824  -57.284   3433.2    665.5
     1     1    11    11     1     6     0     0   -33.0   -5.717  -57.301   3438.6    664.8
     1     1    11    11     1     5     0     1   -34.0   -5.619  -57.315   3417.3    666.7
     1     1    11    11     1     4     0     2   -35.0   -5.536  -57.338   3370.8    671.2
     1     1    11    11     1     3     0     3   -36.0   -5.469  -57.370   3305.4    677.2
     1     1    11    11     1     2     0     2   -37.0   -5.417  -57.411   3246.2    683.9
     1     1    11    11     1     1     0     1   -38.0   -5.378  -57.456   3215.5    686.2
     1     1    11    11     1     0     0     0   -39.0   -5.352  -57.502   3211.0    686.4
     1     1    11    10    31    23     0     1   -40.0   -5.342  -57.549   3212.1    684.2
     1     1    11    10    31    22     0     2   -41.0   -5.354  -57.590   3196.4    684.9
     1     1    11    10    31    21     0     3   -42.0   -5.389  -57.623   3158.3    687.4
     1     1    11    10    31    20     0     2   -43.0   -5.438  -57.648   3070.0    692.9
     1     1    11    10    31    19     0     1   -44.0   -5.495  -57.671   2920.7    706.8
     1     1    11    10    31    18     0     0   -45.0   -5.562  -57.692   2743.9    723.9
     1     1    11    10    31    17     0     1   -46.0   -5.637  -57.710   2618.2    740.5
     1     1    11    10    31    16     0     2   -47.0   -5.714  -57.726   2582.7    742.9
     1     1    11    10    31    15     0     3   -48.0   -5.792  -57.736   2607.1    740.0
     1     1    11    10    31    14     0     2   -49.0   -5.873  -57.742   2648.7    734.0
     1     1    11    10    31    13     0     1   -50.0   -5.957  -57.745   2675.6    731.4
     1     1    11    10    31    12     0     0   -51.0   -6.042  -57.749   2683.5    730.5
     1     1    11    10    31    11     0     1   -52.0   -6.129  -57.742   2672.7    730.7
     1     1    11    10    31    10     0     2   -53.0   -6.218  -57.718   2648.0    732.3
     1     1    11    10    31     9     0     3   -54.0   -6.313  -57.679   2615.2    734.4
     1     1    11    10    31     8     0     2   -55.0   -6.415  -57.635   2600.3    737.3
     1     1    11    10    31     7     0     1   -56.0   -6.526  -57.595   2619.0    734.5
     1     1    11    10    31     6     0     0   -57.0   -6.647  -57.557   2657.8    730.0
     1     1    11    10    31     5     0     1   -58.0   -6.763  -57.510   2679.5    725.4
     1     1    11    10    31     4     0     2   -59.0   -6.860  -57.441   2648.7    727.2
     1     1    11    10    31     3     0     3   -60.0   -6.941  -57.351   2550.9    734.7
     1     1    11    10    31     2     0     2   -61.0   -7.032  -57.266   2459.2    749.0
     1     1    11    10    31     1     0     1   -62.0   -7.160  -57.199   2460.8    748.0
     1     1    11    10    31     0     0     0   -63.0   -7.322  -57.147   2559.2    736.4
     1     1    11    10    30    23     0     1   -64.0   -7.512  -57.102   2664.6    716.5
     1     1    11    10    30    22     0     2   -65.0   -7.723  -57.068   2668.7    709.3
     1     1    11    10    30    21     0     3   -66.0   -7.961  -57.061   2509.9    715.7
     1     1    11    10    30    20     0     2   -67.0   -8.208  -57.087   2330.2    749.1
     1     1    11    10    30    19     0     1   -68.0   -8.441  -57.132   2228.0    756.8
     1     1    11    10    30    18     0     0   -69.0   -8.647  -57.194   2065.9    768.1
     1     1    11    10    30    17     0     1   -70.0   -8.815  -57.261   1822.0    798.0
     1     1    11    10    30    16     0     2   -71.0   -8.972  -57.327   1615.5    825.6
     1     1    11    10    30    15     0     3   -72.0   -9.136  -57.397   1532.6    835.4
     1     1    11    10    30    14     0     2   -73.0   -9.297  -57.470   1532.0    828.1
     1     1    11    10    30    13     0     1   -74.0   -9.443  -57.544   1552.1    825.2
     1     1    11    10    30    12     0     0   -75.0   -9.584  -57.616   1597.8    820.3
     1     1    11    10    30    11     0     1   -76.0   -9.717  -57.668   1652.8    811.5
     1     1    11    10    30    10     0     2   -77.0   -9.827  -57.688   1692.4    806.2
     1     1    11    10    30     9     0     3   -78.0   -9.913  -57.683   1711.6    803.1
     1     1    11    10    30     8     0     2   -79.0   -9.988  -57.662   1716.9    803.0
     1     1    11    10    30     7     0     1   -80.0  -10.069  -57.632   1717.7    802.7
     1     1    11    10    30     6     0     0   -81.0  -10.156  -57.595   1714.1    802.9
     1     1    11    10    30     5     0     1   -82.0  -10.236  -57.558   1714.3    803.7
     1     1    11    10    30     4     0     2   -83.0  -10.299  -57.528   1726.6    802.6
     1     1    11    10    30     3     0     3   -84.0  -10.344  -57.503   1752.0    800.4
     1     1    11    10    30     2     0     2   -85.0  -10.375  -57.478   1775.9    796.8
     1     1    11    10    30     1     0     1   -86.0  -10.391  -57.454   1786.5    796.0
     1     1    11    10    30     0     0     0   -87.0  -10.393  -57.432   1787.2    796.1
     1     1    11    10    29    23     0     1   -88.0  -10.390  -57.430   1794.8    796.3
     1     1    11    10    29    22     0     2   -89.0  -10.396  -57.470   1823.4    793.3
     1     1    11    10    29    21     0     3   -90.0  -10.408  -57.551   1883.3    788.2
     1     1    11    10    29    20     0     2   -91.0  -10.405  -57.641   1958.7    779.5
     1     1    11    10    29    19     0     1   -92.0  -10.374  -57.712   2014.0    774.7
     1     1    11    10    29    18     0     0   -93.0  -10.316  -57.765   2039.9    772.6
     1     1    11    10    29    17     0     1   -94.0  -10.242  -57.800   2046.5    773.8
     1     1    11    10    29    16     0     2   -95.0  -10.161  -57.814   2049.5    774.1
     1     1    11    10    29    15     0     3   -96.0  -10.069  -57.806   2049.7    774.4
     1     1    11    10    29    14     0     2   -97.0   -9.968  -57.772   2055.1    774.7
     1     1    11    10    29    13     0     1   -98.0   -9.862  -57.709   2074.5    773.5
     1     1    11    10    29    12     0     0   -99.0   -9.750  -57.615   2113.7    771.0
     1     1    11    10    29    11     0     1  -100.0   -9.628  -57.506   2154.2    765.4
     1     1    11    10    29    10     0     2  -101.0   -9.497  -57.408   2173.7    764.2
     1     1    11    10    29     9     0     3  -102.0   -9.359  -57.322   2175.9    764.7
     1     1    11    10    29     8     0     2  -103.0   -9.214  -57.236   2177.2    767.3
     1     1    11    10    29     7     0     1  -104.0   -9.059  -57.131   2193.8    767.7
     1     1    11    10    29     6     0     0  -105.0   -8.892  -57.010   2220.6    764.4
     1     1    11    10    29     5     0     1  -106.0   -8.732  -56.885   2257.5    758.1
     1     1    11    10    29     4     0     2  -107.0   -8.592  -56.760   2302.6    749.8
     1     1    11    10    29     3     0     3  -108.0   -8.465  -56.627   2332.9    743.5
     1     1    11    10    29     2     0     2  -109.0   -8.348  -56.482   2345.9    740.2
     1     1    11    10    29     1     0     1  -110.0   -8.239  -56.325   2366.7    737.2
     1     1    11    10    29     0     0     0  -111.0   -8.139  -56.157   2427.7    730.8
     1     1    11    10    28    23     0     1  -112.0   -8.042  -55.979   2508.6    718.3
     1     1    11    10    28    22     0     2  -113.0   -7.948  -55.796   2573.0    713.2
     1     1    11    10    28    21     0     3  -114.0   -7.856  -55.606   2625.4    712.0
     1     1    11    10    28    20     0     2  -115.0   -7.763  -55.401   2673.4    709.9
     1     1    11    10    28    19     0     1  -116.0   -7.672  -55.181   2710.9    708.7
     1     1    11    10    28    18     0     0  -117.0   -7.580  -54.948   2728.0    708.4
     1     1    11    10    28    17     0     1  -118.0   -7.494  -54.709   2732.4    710.8
     1     1    11    10    28    16     0     2  -119.0   -7.423  -54.466   2742.3    711.6
     1     1    11    10    28    15     0     3  -120.0   -7.365  -54.217   2759.5    711.5
     1     1    11    10    28    14     0     2  -121.0   -7.307  -53.960   2785.8    710.1
     1     1    11    10    28    13     0     1  -122.0   -7.241  -53.697   2820.2    705.8
     1     1    11    10    28    12     0     0  -123.0   -7.171  -53.431   2864.4    700.0
     1     1    11    10    28    11     0     1  -124.0   -7.103  -53.165   2910.8    692.2
     1     1    11    10    28    10     0     2  -125.0   -7.033  -52.905   2955.2    686.3
     1     1    11    10    28     9     0     3  -126.0   -6.959  -52.654   3006.8    683.2
     1     1    11    10    28     8     0     2  -127.0   -6.886  -52.399   3062.5    679.5
     1     1    11    10    28     7     0     1  -128.0   -6.812  -52.131   3111.2    676.0
     1     1    11    10    28     6     0     0  -129.0   -6.737  -51.858   3146.9    673.7
     1     1    11    10    28     5     0     1  -130.0   -6.659  -51.586   3165.0    672.4
     1     1    11    10    28     4     0     2  -131.0   -6.580  -51.315   3146.0    673.9
     1     1    11    10    28     3     0     3  -132.0   -6.498  -51.031   3055.8    680.9
     1     1    11    10    28     2     0     2  -133.0   -6.418  -50.754   2935.5    695.9
     1     1    11    10    28     1     0     1  -134.0   -6.332  -50.497   2843.7    701.5
     1     1    11    10    28     0     0     0  -135.0   -6.240  -50.242   2729.5    707.1
     1     1    11    10    27    23     0     1  -136.0   -6.150  -49.979   2567.3    720.9
     1     1    11    10    27    22     0     2  -137.0   -6.070  -49.723   2429.9    740.5
     1     1    11    10    27    21     0     3  -138.0   -6.000  -49.475   2333.0    750.6
     1     1    11    10    27    20     0     2  -139.0   -5.945  -49.236   2247.9    762.5
     1     1    11    10    27    19     0     1  -140.0   -5.903  -49.009   2183.2    772.9
     1     1    11    10    27    18     0     0  -141.0   -5.871  -48.789   2164.1    774.9
     1     1    11    10    27    17     0     1  -142.0   -5.837  -48.566   2189.4    768.8
     1     1    11    10    27    16     0     2  -143.0   -5.792  -48.332   2232.5    763.4
     1     1    11    10    27    15     0     3  -144.0   -5.733  -48.085   2292.2    756.2
     1     1    11    10    27    14     0     2  -145.0   -5.671  -47.823   2347.0    748.3
     1     1    11    10    27    13     0     1  -146.0   -5.618  -47.543   2377.5    745.3
     1     1    11    10    27    12     0     0  -147.0   -5.573  -47.245   2391.6    744.0
     1     1    11    10    27    11     0     1  -148.0   -5.529  -46.938   2401.8    743.2
     1     1    11    10    27    10     0     2  -149.0   -5.482  -46.626   2422.1    742.5
     1     1    11    10    27     9     0     3  -150.0   -5.432  -46.306   2457.1    739.9
     1     1    11    10    27     8     0     2  -151.0   -5.382  -45.985   2501.0    736.4
     1     1    11    10    27     7     0     1  -152.0   -5.335  -45.672   2538.5    733.6
     1     1    11    10    27     6     0     0  -153.0   -5.294  -45.366   2554.0    733.5
     1     1    11    10    27     5     0     1  -154.0   -5.252  -45.062   2559.8    737.1
     1     1    11    10    27     4     0     2  -155.0   -5.201  -44.762   2577.1    737.0
     1     1    11    10    27     3     0     3  -156.0   -5.146  -44.465   2620.3    733.4
     1     1    11    10    27     2     0     2  -157.0   -5.086  -44.176   2667.1    726.4
     1     1    11    10    27     1     0     1  -158.0   -5.015  -43.898   2687.1    724.2
     1     1    11    10    27     0     0     0  -159.0   -4.932  -43.622   2688.4    726.9
     1     1    11    10    26    23     0     1  -160.0   -4.845  -43.348   2714.7    728.1
     1     1    11    10    26    22     0     2  -161.0   -4.764  -43.091   2788.1    721.7
     1     1    11    10    26    21     0     3  -162.0   -4.689  -42.858   2882.0    711.6
     1     1    11    10    26    20     0     2  -163.0   -4.617  -42.648   2960.0    702.8
     1     1    11    10    26    19     0     1  -164.0   -4.547  -42.450   3007.5    699.2
     1     1    11    10    26    18     0     0  -165.0   -4.473  -42.257   3036.8    697.2
     1     1    11    10    26    17     0     1  -166.0   -4.401  -42.064   3064.9    695.8
     1     1    11    10    26    16     0     2  -167.0   -4.328  -41.873   3090.7    689.8
     1     1    11    10    26    15     0     3  -168.0   -4.249  -41.691   3096.8    683.2
     1     1    11    10    26    14     0     2  -169.0   -4.160  -41.513   3080.3    679.2
     1     1    11    10    26    13     0     1  -170.0   -4.063  -41.332   3052.2    675.3
     1     1    11    10    26    12     0     0  -171.0   -3.955  -41.148   3029.9    672.3
     1     1    11    10    26    11     0     1  -172.0   -3.841  -40.973   3029.5    671.7
     1     1    11    10    26    10     0     2  -173.0   -3.727  -40.806   3060.0    676.7
     1     1    11    10    26     9     0     3  -174.0   -3.615  -40.639   3107.7    678.6
     1     1    11    10    26     8     0     2  -175.0   -3.508  -40.461   3153.1    679.6
     1     1    11    10    26     7     0     1  -176.0   -3.409  -40.256   3182.4    682.6
     1     1    11    10    26     6     0     0  -177.0   -3.316  -40.023   3194.8    686.3
     1     1    11    10    26     5     0     1  -178.0   -3.231  -39.772   3198.5    689.4
     1     1    11    10    26     4     0     2  -179.0   -3.157  -39.517   3207.7    690.4
     1     1    11    10    26     3     0     3  -180.0   -3.090  -39.260   3217.9    691.0
     1     1    11    10    26     2     0     2  -181.0   -3.029  -39.009   3230.7    691.8
     1     1    11    10    26     1     0     1  -182.0   -2.980  -38.772   3250.5    691.2
     1     1    11    10    26     0     0     0  -183.0   -2.943  -38.549   3280.0    689.2
     1     1    11    10    25    23     0     1  -184.0   -2.916  -38.344   3314.3    685.5
     1     1    11    10    25    22     0     2  -185.0   -2.899  -38.158   3342.3    682.6
     1     1    11    10    25    21     0     3  -186.0   -2.893  -37.989   3358.8    680.8
     1     1    11    10    25    20     0     2  -187.0   -2.894  -37.832   3362.9    680.5
     1     1    11    10    25    19     0     1  -188.0   -2.896  -37.683   3356.3    681.0
     1     1    11    10    25    18     0     0  -189.0   -2.897  -37.541   3338.9    682.3
     1     1    11    10    25    17     0     1  -190.0   -2.896  -37.402   3323.1    685.0
     1     1    11    10    25    16     0     2  -191.0   -2.893  -37.264   3321.2    685.4
     1     1    11    10    25    15     0     3  -192.0   -2.887  -37.128   3333.1    684.7
     1     1    11    10    25    14     0     2  -193.0   -2.877  -36.995   3351.8    682.6
     1     1    11    10    25    13     0     1  -194.0   -2.862  -36.862   3370.2    681.2
     1     1    11    10    25    12     0     0  -195.0   -2.843  -36.727   3388.3    679.8
     1     1    11    10    25    11     0     1  -196.0   -2.827  -36.583   3412.2    677.8
     1     1    11    10    25    10     0     2  -197.0   -2.823  -36.426   3447.5    674.3
     1     1    11    10    25     9     0     3  -198.0   -2.832  -36.258   3491.8    670.1
     1     1    11    10    25     8     0     2  -199.0   -2.853  -36.087   3532.1    665.9
     1     1    11    10    25     7     0     1  -200.0   -2.887  -35.917   3558.9    663.8
     1     1    11    10    25     6     0     0  -201.0   -2.933  -35.745   3575.7    662.6
     1     1    11    10    25     5     0     1  -202.0   -2.989  -35.567   3580.3    662.2
     1     1    11    10    25     4     0     2  -203.0   -3.046  -35.383   3567.1    663.4
     1     1    11    10    25     3     0     3  -204.0   -3.102  -35.193   3533.5    666.3
     1     1    11    10    25     2     0     2  -205.0   -3.157  -34.997   3497.3    671.1
     1     1    11    10    25     1     0     1  -206.0   -3.215  -34.802   3479.1    673.0
     1     1    11    10    25     0     0     0  -207.0   -3.275  -34.608   3480.5    673.1
     1     1    11    10    24    23     0     1  -208.0   -3.343  -34.424   3488.8    671.2
     1     1    11    10    24    22     0     2  -209.0   -3.425  -34.252   3492.0    670.7
     1     1    11    10    24    21     0     3  -210.0   -3.525  -34.098   3489.2    670.6
     1     1    11    10    24    20     0     2  -211.0   -3.632  -33.949   3491.4    671.4
     1     1    11    10    24    19     0     1  -212.0   -3.737  -33.794   3510.9    669.8
     1     1    11    10    24    18     0     0  -213.0   -3.841  -33.634   3547.8    666.9
     1     1    11    10    24    17     0     1  -214.0   -3.944  -33.473   3594.0    662.8
     1     1    11    10    24    16     0     2  -215.0   -4.049  -33.314   3639.1    659.3
     1     1    11    10    24    15     0     3  -216.0   -4.160  -33.155   3680.9    656.2
     1     1    11    10    24    14     0     2  -217.0   -4.270  -32.994   3728.0    653.5
     1     1    11    10    24    13     0     1  -218.0   -4.372  -32.830   3790.3    648.8
     1     1    11    10    24    12     0     0  -219.0   -4.468  -32.665   3867.5    642.9
     1     1    11    10    24    11     0     1  -220.0   -4.563  -32.499   3950.9    635.4
     1     1    11    10    24    10     0     2  -221.0   -4.662  -32.332   4034.3    628.7
     1     1    11    10    24     9     0     3  -222.0   -4.760  -32.164   4120.3    621.8
     1     1    11    10    24     8     0     2  -223.0   -4.863  -31.993   4207.4    614.8
     1     1    11    10    24     7     0     1  -224.0   -4.979  -31.818   4290.9    608.3
     1     1    11    10    24     6     0     0  -225.0   -5.110  -31.638   4368.5    602.3
     1     1    11    10    24     5     0     1  -226.0   -5.255  -31.455   4436.9    597.1
     1     1    11    10    24     4     0     2  -227.0   -5.416  -31.271   4490.8    593.1
     1     1    11    10    24     3     0     3  -228.0   -5.590  -31.088   4524.1    590.6
     1     1    11    10    24     2     0     2  -229.0   -5.770  -30.910   4516.2    590.2
     1     1    11    10    24     1     0     1  -230.0   -5.951  -30.737   4453.3    595.4
     1     1    11    10    24     0     0     0  -231.0   -6.134  -30.565   4350.0    604.2
     1     1    11    10    23    23     0     1  -232.0   -6.318  -30.395   4257.9    613.8
     1     1    11    10    23    22     0     2  -233.0   -6.505  -30.228   4209.5    616.7
     1     1    11    10    23    21     0     3  -234.0   -6.693  -30.065   4192.0    617.1
     1     1    11    10    23    20     0     2  -235.0   -6.881  -29.907   4181.1    616.5
     1     1    11    10    23    19     0     1  -236.0   -7.062  -29.753   4162.2    618.1
     1     1    11    10    23    18     0     0  -237.0   -7.238  -29.603   4143.7    619.9
     1     1    11    10    23    17     0     1  -238.0   -7.410  -29.457   4133.1    621.0
     1     1    11    10    23    16     0     2  -239.0   -7.581  -29.312   4128.0    621.2
     1     1    11    10    23    15     0     3  -240.0   -7.751  -29.168   4121.1    621.6
     1     1    11    10    23    14     0     2  -241.0   -7.917  -29.026   4113.4    622.7
     1     1    11    10    23    13     0     1  -242.0   -8.072  -28.885   4109.2    623.2
     1     1    11    10    23    12     0     0  -243.0   -8.216  -28.747   4110.1    623.5
     1     1    11    10    23    11     0     1  -244.0   -8.357  -28.611   4113.2    622.7
     1     1    11    10    23    10     0     2  -245.0   -8.499  -28.480   4111.7    622.3
     1     1    11    10    23     9     0     3  -246.0   -8.640  -28.354   4100.8    622.7
     1     1    11    10    23     8     0     2  -247.0   -8.781  -28.236   4091.7    624.4
     1     1    11    10    23     7     0     1  -248.0   -8.926  -28.132   4100.8    623.8
     1     1    11    10    23     6     0     0  -249.0   -9.073  -28.046   4131.8    621.4
     1     1    11    10    23     5     0     1  -250.0   -9.214  -27.972   4169.9    617.6
     1     1    11    10    23     4     0     2  -251.0   -9.341  -27.901   4200.3    615.6
     1     1    11    10    23     3     0     3  -252.0   -9.454  -27.832   4224.7    614.1
     1     1    11    10    23     2     0     2  -253.0   -9.551  -27.759   4242.6    612.9
     1     1    11    10    23     1     0     1  -254.0   -9.631  -27.677   4251.7    612.5
     1     1    11    10    23     0     0     0  -255.0   -9.693  -27.583   4250.7    612.9
     1     1    11    10    22    23     0     1  -256.0   -9.747  -27.483   4250.0    613.5
     1     1    11    10    22    22     0     2  -257.0   -9.800  -27.385   4261.8    612.4
     1     1    11    10    22    21     0     3  -258.0   -9.854  -27.289   4287.6    610.3
     1     1    11    10    22    20     0     2  -259.0   -9.901  -27.197   4322.2    607.2
     1     1    11    10    22    19     0     1  -260.0   -9.936  -27.110   4359.4    604.3
     1     1    11    10    22    18     0     0  -261.0   -9.960  -27.026   4399.0    601.2
     1     1    11    10    22    17     0     1  -262.0   -9.975  -26.940   4441.2    598.1
     1     1    11    10    22    16     0     2  -263.0   -9.981  -26.844   4486.6    594.8
     1     1    11    10    22    15     0     3  -264.0   -9.980  -26.737   4536.6    591.1
     1     1    11    10    22    14     0     2  -265.0   -9.974  -26.623   4594.4    587.2
     1     1    11    10    22    13     0     1  -266.0   -9.965  -26.505   4661.1    582.4
     1     1    11    10    22    12     0     0  -267.0   -9.952  -26.383   4733.6    577.1
     1     1    11    10    22    11     0     1  -268.0   -9.933  -26.260   4799.1    571.4
     1     1    11    10    22    10     0     2  -269.0   -9.908  -26.139   4847.5    567.8
     1     1    11    10    22     9     0     3  -270.0   -9.876  -26.019   4880.9    565.3
     1     1    11    10    22     8     0     2  -271.0   -9.842  -25.896   4914.3    563.7
     1     1    11    10    22     7     0     1  -272.0   -9.808  -25.770   4962.3    560.2
     1     1    11    10    22     6     0     0  -273.0   -9.774  -25.638   5025.6    555.7
     1     1    11    10    22     5     0     1  -274.0   -9.746  -25.498   5086.3    550.3
     1     1    11    10    22     4     0     2  -275.0   -9.730  -25.344   5125.7    547.7
     1     1    11    10    22     3     0     3  -276.0   -9.726  -25.173   5143.4    546.6
     1     1    11    10    22     2     0     2  -277.0   -9.730  -24.992   5147.2    547.1
     1     1    11    10    22     1     0     1  -278.0   -9.737  -24.808   5143.3    547.5
     1     1    11    10    22     0     0     0  -279.0   -9.748  -24.622   5131.3    548.6
