     3     1
    GDAS    11     6     1     0     0
    GDAS    11     6     8     0     0
    GDAS    11     6    15     0     0
     1 BACKWARD OMEGA   
  2011     6    19    16   -8.880  -56.850  1828.8
     1 PRESSURE
     1     1    11     6    19    16     0     2     0.0   -8.880  -56.850   1828.8    801.6
     1     1    11     6    19    15     0     3    -1.0   -8.720  -56.738   1823.2    798.8
     1     1    11     6    19    14     0     2    -2.0   -8.548  -56.603   1816.3    795.4
     1     1    11     6    19    13     0     1    -3.0   -8.365  -56.448   1816.1    791.6
     1     1    11     6    19    12     0     0    -4.0   -8.170  -56.270   1832.6    786.0
     1     1    11     6    19    11     0     1    -5.0   -7.983  -56.084   1850.4    778.4
     1     1    11     6    19    10     0     2    -6.0   -7.827  -55.906   1854.0    780.3
     1     1    11     6    19     9     0     3    -7.0   -7.703  -55.740   1838.7    784.3
     1     1    11     6    19     8     0     2    -8.0   -7.602  -55.575   1812.2    789.8
     1     1    11     6    19     7     0     1    -9.0   -7.510  -55.404   1782.4    794.4
     1     1    11     6    19     6     0     0   -10.0   -7.429  -55.226   1748.5    799.2
     1     1    11     6    19     5     0     1   -11.0   -7.361  -55.042   1712.8    804.4
     1     1    11     6    19     4     0     2   -12.0   -7.307  -54.853   1680.7    809.0
     1     1    11     6    19     3     0     3   -13.0   -7.263  -54.658   1658.2    812.6
     1     1    11     6    19     2     0     2   -14.0   -7.233  -54.462   1653.8    814.2
     1     1    11     6    19     1     0     1   -15.0   -7.215  -54.270   1674.2    813.0
     1     1    11     6    19     0     0     0   -16.0   -7.209  -54.082   1720.5    809.0
     1     1    11     6    18    23     0     1   -17.0   -7.205  -53.904   1771.4    801.6
     1     1    11     6    18    22     0     2   -18.0   -7.196  -53.739   1803.3    796.7
     1     1    11     6    18    21     0     3   -19.0   -7.180  -53.586   1813.0    794.4
     1     1    11     6    18    20     0     2   -20.0   -7.160  -53.437   1806.2    794.2
     1     1    11     6    18    19     0     1   -21.0   -7.137  -53.285   1788.0    794.4
     1     1    11     6    18    18     0     0   -22.0   -7.109  -53.129   1760.2    795.2
     1     1    11     6    18    17     0     1   -23.0   -7.072  -52.960   1727.8    797.3
     1     1    11     6    18    16     0     2   -24.0   -7.024  -52.768   1698.7    801.4
     1     1    11     6    18    15     0     3   -25.0   -6.969  -52.553   1674.4    805.3
     1     1    11     6    18    14     0     2   -26.0   -6.906  -52.319   1656.5    808.4
     1     1    11     6    18    13     0     1   -27.0   -6.828  -52.071   1645.2    810.3
     1     1    11     6    18    12     0     0   -28.0   -6.733  -51.806   1639.6    811.1
     1     1    11     6    18    11     0     1   -29.0   -6.632  -51.531   1642.3    810.9
     1     1    11     6    18    10     0     2   -30.0   -6.531  -51.249   1654.8    810.0
     1     1    11     6    18     9     0     3   -31.0   -6.423  -50.959   1677.3    808.3
     1     1    11     6    18     8     0     2   -32.0   -6.313  -50.662   1699.3    804.5
     1     1    11     6    18     7     0     1   -33.0   -6.211  -50.361   1711.4    802.0
     1     1    11     6    18     6     0     0   -34.0   -6.110  -50.059   1709.5    800.5
     1     1    11     6    18     5     0     1   -35.0   -6.022  -49.756   1706.8    805.8
     1     1    11     6    18     4     0     2   -36.0   -5.954  -49.447   1720.7    811.5
     1     1    11     6    18     3     0     3   -37.0   -5.892  -49.124   1759.8    813.8
     1     1    11     6    18     2     0     2   -38.0   -5.830  -48.790   1816.1    807.9
     1     1    11     6    18     1     0     1   -39.0   -5.773  -48.452   1884.8    798.3
     1     1    11     6    18     0     0     0   -40.0   -5.719  -48.100   1975.3    787.3
     1     1    11     6    17    23     0     1   -41.0   -5.668  -47.741   2070.6    774.5
     1     1    11     6    17    22     0     2   -42.0   -5.630  -47.391   2140.8    767.1
     1     1    11     6    17    21     0     3   -43.0   -5.613  -47.047   2186.8    762.4
     1     1    11     6    17    20     0     2   -44.0   -5.602  -46.699   2216.8    761.0
     1     1    11     6    17    19     0     1   -45.0   -5.584  -46.338   2235.2    760.8
     1     1    11     6    17    18     0     0   -46.0   -5.555  -45.967   2250.1    761.0
     1     1    11     6    17    17     0     1   -47.0   -5.515  -45.588   2269.6    761.0
     1     1    11     6    17    16     0     2   -48.0   -5.462  -45.201   2291.9    760.2
     1     1    11     6    17    15     0     3   -49.0   -5.394  -44.807   2301.6    760.0
     1     1    11     6    17    14     0     2   -50.0   -5.318  -44.404   2294.3    760.9
     1     1    11     6    17    13     0     1   -51.0   -5.241  -43.992   2293.6    761.8
     1     1    11     6    17    12     0     0   -52.0   -5.164  -43.572   2323.3    761.2
     1     1    11     6    17    11     0     1   -53.0   -5.092  -43.156   2351.6    756.8
     1     1    11     6    17    10     0     2   -54.0   -5.032  -42.749   2346.5    756.2
     1     1    11     6    17     9     0     3   -55.0   -4.990  -42.357   2333.9    756.8
     1     1    11     6    17     8     0     2   -56.0   -4.967  -41.981   2341.2    754.5
     1     1    11     6    17     7     0     1   -57.0   -4.951  -41.601   2377.3    745.2
     1     1    11     6    17     6     0     0   -58.0   -4.928  -41.201   2466.1    730.9
     1     1    11     6    17     5     0     1   -59.0   -4.891  -40.784   2575.2    710.8
     1     1    11     6    17     4     0     2   -60.0   -4.845  -40.354   2621.0    698.3
     1     1    11     6    17     3     0     3   -61.0   -4.808  -39.904   2592.4    702.1
     1     1    11     6    17     2     0     2   -62.0   -4.802  -39.462   2580.6    719.3
     1     1    11     6    17     1     0     1   -63.0   -4.830  -39.051   2621.6    725.8
     1     1    11     6    17     0     0     0   -64.0   -4.875  -38.664   2677.3    724.4
     1     1    11     6    16    23     0     1   -65.0   -4.919  -38.302   2714.5    725.4
     1     1    11     6    16    22     0     2   -66.0   -4.960  -37.967   2736.0    727.8
     1     1    11     6    16    21     0     3   -67.0   -4.996  -37.651   2758.0    727.2
     1     1    11     6    16    20     0     2   -68.0   -5.023  -37.340   2773.8    724.4
     1     1    11     6    16    19     0     1   -69.0   -5.039  -37.029   2735.1    726.3
     1     1    11     6    16    18     0     0   -70.0   -5.040  -36.718   2638.1    738.2
     1     1    11     6    16    17     0     1   -71.0   -5.031  -36.403   2524.7    752.1
     1     1    11     6    16    16     0     2   -72.0   -5.013  -36.074   2395.4    764.1
     1     1    11     6    16    15     0     3   -73.0   -4.984  -35.734   2226.1    780.5
     1     1    11     6    16    14     0     2   -74.0   -4.949  -35.389   2050.9    799.9
     1     1    11     6    16    13     0     1   -75.0   -4.907  -35.045   1871.0    814.3
     1     1    11     6    16    12     0     0   -76.0   -4.851  -34.704   1675.9    835.1
     1     1    11     6    16    11     0     1   -77.0   -4.798  -34.371   1497.4    853.8
     1     1    11     6    16    10     0     2   -78.0   -4.765  -34.045   1335.7    868.5
     1     1    11     6    16     9     0     3   -79.0   -4.746  -33.709   1183.5    883.8
     1     1    11     6    16     8     0     2   -80.0   -4.730  -33.353   1060.4    898.0
     1     1    11     6    16     7     0     1   -81.0   -4.705  -32.984    970.1    905.9
     1     1    11     6    16     6     0     0   -82.0   -4.680  -32.610    902.3    913.5
     1     1    11     6    16     5     0     1   -83.0   -4.658  -32.239    858.8    918.2
     1     1    11     6    16     4     0     2   -84.0   -4.636  -31.869    821.0    920.6
     1     1    11     6    16     3     0     3   -85.0   -4.613  -31.497    771.5    926.0
     1     1    11     6    16     2     0     2   -86.0   -4.596  -31.116    723.3    932.9
     1     1    11     6    16     1     0     1   -87.0   -4.591  -30.729    689.8    936.9
     1     1    11     6    16     0     0     0   -88.0   -4.595  -30.347    669.2    939.2
     1     1    11     6    15    23     0     1   -89.0   -4.607  -29.981    661.8    940.0
     1     1    11     6    15    22     0     2   -90.0   -4.628  -29.635    658.0    938.4
     1     1    11     6    15    21     0     3   -91.0   -4.652  -29.306    640.8    939.5
     1     1    11     6    15    20     0     2   -92.0   -4.677  -28.985    616.3    942.8
     1     1    11     6    15    19     0     1   -93.0   -4.710  -28.666    601.9    945.1
     1     1    11     6    15    18     0     0   -94.0   -4.755  -28.352    602.3    944.2
     1     1    11     6    15    17     0     1   -95.0   -4.807  -28.044    606.0    943.6
     1     1    11     6    15    16     0     2   -96.0   -4.858  -27.742    607.7    943.7
     1     1    11     6    15    15     0     3   -97.0   -4.907  -27.444    606.0    944.1
     1     1    11     6    15    14     0     2   -98.0   -4.958  -27.146    602.2    945.1
     1     1    11     6    15    13     0     1   -99.0   -5.020  -26.848    600.6    945.8
     1     1    11     6    15    12     0     0  -100.0   -5.093  -26.549    599.7    946.0
     1     1    11     6    15    11     0     1  -101.0   -5.174  -26.249    595.2    946.1
     1     1    11     6    15    10     0     2  -102.0   -5.259  -25.946    588.9    946.7
     1     1    11     6    15     9     0     3  -103.0   -5.347  -25.642    585.6    947.1
     1     1    11     6    15     8     0     2  -104.0   -5.437  -25.344    585.8    946.7
     1     1    11     6    15     7     0     1  -105.0   -5.529  -25.059    587.5    946.4
     1     1    11     6    15     6     0     0  -106.0   -5.622  -24.790    591.3    946.0
     1     1    11     6    15     5     0     1  -107.0   -5.712  -24.535    599.6    945.7
     1     1    11     6    15     4     0     2  -108.0   -5.797  -24.293    613.2    944.7
     1     1    11     6    15     3     0     3  -109.0   -5.877  -24.065    630.7    943.3
     1     1    11     6    15     2     0     2  -110.0   -5.956  -23.838    646.3    941.2
     1     1    11     6    15     1     0     1  -111.0   -6.039  -23.600    655.3    940.4
     1     1    11     6    15     0     0     0  -112.0   -6.124  -23.349    660.1    940.3
     1     1    11     6    14    23     0     1  -113.0   -6.212  -23.086    665.6    939.7
     1     1    11     6    14    22     0     2  -114.0   -6.302  -22.818    674.7    938.3
     1     1    11     6    14    21     0     3  -115.0   -6.392  -22.543    686.7    936.8
     1     1    11     6    14    20     0     2  -116.0   -6.482  -22.266    697.5    934.9
     1     1    11     6    14    19     0     1  -117.0   -6.572  -21.990    703.0    934.0
     1     1    11     6    14    18     0     0  -118.0   -6.664  -21.715    703.2    933.8
     1     1    11     6    14    17     0     1  -119.0   -6.757  -21.440    700.8    934.6
     1     1    11     6    14    16     0     2  -120.0   -6.848  -21.166    699.0    935.0
     1     1    11     6    14    15     0     3  -121.0   -6.941  -20.892    698.4    935.4
     1     1    11     6    14    14     0     2  -122.0   -7.037  -20.613    700.6    935.6
     1     1    11     6    14    13     0     1  -123.0   -7.139  -20.326    705.2    935.4
     1     1    11     6    14    12     0     0  -124.0   -7.248  -20.031    710.7    935.1
     1     1    11     6    14    11     0     1  -125.0   -7.362  -19.733    718.7    934.4
     1     1    11     6    14    10     0     2  -126.0   -7.481  -19.437    730.9    932.9
     1     1    11     6    14     9     0     3  -127.0   -7.604  -19.147    747.5    931.1
     1     1    11     6    14     8     0     2  -128.0   -7.730  -18.869    767.9    928.7
     1     1    11     6    14     7     0     1  -129.0   -7.858  -18.607    790.8    926.0
     1     1    11     6    14     6     0     0  -130.0   -7.984  -18.358    814.8    923.2
     1     1    11     6    14     5     0     1  -131.0   -8.105  -18.114    830.7    920.9
     1     1    11     6    14     4     0     2  -132.0   -8.221  -17.868    832.1    921.2
     1     1    11     6    14     3     0     3  -133.0   -8.333  -17.616    824.7    922.6
     1     1    11     6    14     2     0     2  -134.0   -8.450  -17.352    818.5    924.1
     1     1    11     6    14     1     0     1  -135.0   -8.581  -17.073    820.3    924.1
     1     1    11     6    14     0     0     0  -136.0   -8.724  -16.779    830.5    923.2
     1     1    11     6    13    23     0     1  -137.0   -8.869  -16.489    849.7    921.3
     1     1    11     6    13    22     0     2  -138.0   -9.009  -16.219    876.5    918.5
     1     1    11     6    13    21     0     3  -139.0   -9.141  -15.970    906.5    915.0
     1     1    11     6    13    20     0     2  -140.0   -9.267  -15.738    934.6    911.3
     1     1    11     6    13    19     0     1  -141.0   -9.387  -15.516    959.0    908.4
     1     1    11     6    13    18     0     0  -142.0   -9.501  -15.302    980.5    905.8
     1     1    11     6    13    17     0     1  -143.0   -9.607  -15.093    999.4    903.9
     1     1    11     6    13    16     0     2  -144.0   -9.705  -14.888   1016.1    902.2
     1     1    11     6    13    15     0     3  -145.0   -9.794  -14.687   1030.4    900.8
     1     1    11     6    13    14     0     2  -146.0   -9.880  -14.487   1043.1    900.0
     1     1    11     6    13    13     0     1  -147.0   -9.970  -14.286   1054.9    899.2
     1     1    11     6    13    12     0     0  -148.0  -10.063  -14.080   1066.9    898.4
     1     1    11     6    13    11     0     1  -149.0  -10.161  -13.873   1082.6    897.1
     1     1    11     6    13    10     0     2  -150.0  -10.263  -13.669   1103.1    894.8
     1     1    11     6    13     9     0     3  -151.0  -10.370  -13.464   1124.4    892.5
     1     1    11     6    13     8     0     2  -152.0  -10.479  -13.263   1141.4    890.2
     1     1    11     6    13     7     0     1  -153.0  -10.589  -13.070   1152.1    888.9
     1     1    11     6    13     6     0     0  -154.0  -10.699  -12.886   1158.1    888.1
     1     1    11     6    13     5     0     1  -155.0  -10.805  -12.712   1157.8    887.8
     1     1    11     6    13     4     0     2  -156.0  -10.896  -12.547   1150.0    888.5
     1     1    11     6    13     3     0     3  -157.0  -10.974  -12.388   1136.2    889.8
     1     1    11     6    13     2     0     2  -158.0  -11.039  -12.230   1126.6    892.0
     1     1    11     6    13     1     0     1  -159.0  -11.092  -12.071   1130.9    891.9
     1     1    11     6    13     0     0     0  -160.0  -11.132  -11.916   1149.1    890.4
     1     1    11     6    12    23     0     1  -161.0  -11.160  -11.769   1174.0    887.1
     1     1    11     6    12    22     0     2  -162.0  -11.178  -11.629   1199.2    884.3
     1     1    11     6    12    21     0     3  -163.0  -11.187  -11.500   1225.2    881.5
     1     1    11     6    12    20     0     2  -164.0  -11.187  -11.376   1252.7    878.2
     1     1    11     6    12    19     0     1  -165.0  -11.182  -11.253   1282.0    874.8
     1     1    11     6    12    18     0     0  -166.0  -11.173  -11.131   1313.7    871.1
     1     1    11     6    12    17     0     1  -167.0  -11.164  -11.011   1343.6    867.7
     1     1    11     6    12    16     0     2  -168.0  -11.159  -10.894   1366.4    865.5
     1     1    11     6    12    15     0     3  -169.0  -11.159  -10.774   1381.4    864.0
     1     1    11     6    12    14     0     2  -170.0  -11.167  -10.654   1390.7    863.6
     1     1    11     6    12    13     0     1  -171.0  -11.187  -10.537   1397.9    863.2
     1     1    11     6    12    12     0     0  -172.0  -11.217  -10.423   1404.3    862.9
     1     1    11     6    12    11     0     1  -173.0  -11.256  -10.310   1410.1    862.2
     1     1    11     6    12    10     0     2  -174.0  -11.302  -10.197   1414.7    861.6
     1     1    11     6    12     9     0     3  -175.0  -11.354  -10.081   1417.2    861.3
     1     1    11     6    12     8     0     2  -176.0  -11.409   -9.968   1421.2    861.0
     1     1    11     6    12     7     0     1  -177.0  -11.464   -9.862   1430.6    859.8
     1     1    11     6    12     6     0     0  -178.0  -11.517   -9.767   1445.6    858.1
     1     1    11     6    12     5     0     1  -179.0  -11.566   -9.684   1461.5    856.1
     1     1    11     6    12     4     0     2  -180.0  -11.611   -9.613   1473.8    854.9
     1     1    11     6    12     3     0     3  -181.0  -11.650   -9.553   1482.7    854.1
     1     1    11     6    12     2     0     2  -182.0  -11.681   -9.500   1490.1    853.7
     1     1    11     6    12     1     0     1  -183.0  -11.699   -9.452   1497.3    853.2
     1     1    11     6    12     0     0     0  -184.0  -11.705   -9.412   1503.9    852.7
     1     1    11     6    11    23     0     1  -185.0  -11.706   -9.373   1513.7    852.2
     1     1    11     6    11    22     0     2  -186.0  -11.707   -9.334   1530.2    850.6
     1     1    11     6    11    21     0     3  -187.0  -11.710   -9.296   1553.7    848.3
     1     1    11     6    11    20     0     2  -188.0  -11.711   -9.262   1578.6    844.8
     1     1    11     6    11    19     0     1  -189.0  -11.712   -9.232   1598.7    842.3
     1     1    11     6    11    18     0     0  -190.0  -11.711   -9.206   1613.8    840.3
     1     1    11     6    11    17     0     1  -191.0  -11.714   -9.182   1628.7    839.6
     1     1    11     6    11    16     0     2  -192.0  -11.729   -9.163   1648.5    837.8
     1     1    11     6    11    15     0     3  -193.0  -11.754   -9.150   1673.2    835.6
     1     1    11     6    11    14     0     2  -194.0  -11.790   -9.141   1694.8    832.8
     1     1    11     6    11    13     0     1  -195.0  -11.835   -9.132   1705.1    831.9
     1     1    11     6    11    12     0     0  -196.0  -11.893   -9.119   1703.5    832.2
     1     1    11     6    11    11     0     1  -197.0  -11.959   -9.105   1697.5    833.7
     1     1    11     6    11    10     0     2  -198.0  -12.031   -9.095   1694.8    834.1
     1     1    11     6    11     9     0     3  -199.0  -12.108   -9.090   1695.8    834.2
     1     1    11     6    11     8     0     2  -200.0  -12.185   -9.089   1702.2    833.2
     1     1    11     6    11     7     0     1  -201.0  -12.258   -9.095   1715.3    831.5
     1     1    11     6    11     6     0     0  -202.0  -12.330   -9.107   1735.3    829.1
     1     1    11     6    11     5     0     1  -203.0  -12.397   -9.125   1759.2    826.5
     1     1    11     6    11     4     0     2  -204.0  -12.460   -9.151   1783.3    824.1
     1     1    11     6    11     3     0     3  -205.0  -12.518   -9.182   1806.9    821.9
     1     1    11     6    11     2     0     2  -206.0  -12.575   -9.216   1822.7    820.0
     1     1    11     6    11     1     0     1  -207.0  -12.631   -9.247   1823.9    820.0
     1     1    11     6    11     0     0     0  -208.0  -12.686   -9.273   1809.9    821.6
     1     1    11     6    10    23     0     1  -209.0  -12.746   -9.296   1797.7    824.3
     1     1    11     6    10    22     0     2  -210.0  -12.814   -9.325   1804.0    823.6
     1     1    11     6    10    21     0     3  -211.0  -12.889   -9.365   1829.4    821.2
     1     1    11     6    10    20     0     2  -212.0  -12.972   -9.413   1862.4    816.7
     1     1    11     6    10    19     0     1  -213.0  -13.064   -9.462   1892.2    813.5
     1     1    11     6    10    18     0     0  -214.0  -13.166   -9.509   1920.6    810.6
     1     1    11     6    10    17     0     1  -215.0  -13.274   -9.555   1948.5    807.9
     1     1    11     6    10    16     0     2  -216.0  -13.387   -9.602   1974.3    805.3
     1     1    11     6    10    15     0     3  -217.0  -13.505   -9.650   1995.2    803.2
     1     1    11     6    10    14     0     2  -218.0  -13.629   -9.699   2009.1    802.0
     1     1    11     6    10    13     0     1  -219.0  -13.755   -9.746   2015.4    801.6
     1     1    11     6    10    12     0     0  -220.0  -13.887   -9.793   2014.2    801.9
     1     1    11     6    10    11     0     1  -221.0  -14.028   -9.838   2012.3    802.7
     1     1    11     6    10    10     0     2  -222.0  -14.187   -9.880   2017.5    802.2
     1     1    11     6    10     9     0     3  -223.0  -14.366   -9.920   2032.2    800.8
     1     1    11     6    10     8     0     2  -224.0  -14.561   -9.956   2053.0    798.2
     1     1    11     6    10     7     0     1  -225.0  -14.765   -9.992   2074.4    795.7
     1     1    11     6    10     6     0     0  -226.0  -14.979  -10.026   2092.8    793.5
     1     1    11     6    10     5     0     1  -227.0  -15.199  -10.065   2109.5    792.3
     1     1    11     6    10     4     0     2  -228.0  -15.418  -10.110   2125.9    790.7
     1     1    11     6    10     3     0     3  -229.0  -15.638  -10.163   2138.2    789.5
     1     1    11     6    10     2     0     2  -230.0  -15.861  -10.217   2144.5    789.2
     1     1    11     6    10     1     0     1  -231.0  -16.089  -10.269   2146.4    789.4
     1     1    11     6    10     0     0     0  -232.0  -16.324  -10.319   2149.8    789.7
     1     1    11     6     9    23     0     1  -233.0  -16.569  -10.370   2159.4    788.9
     1     1    11     6     9    22     0     2  -234.0  -16.830  -10.431   2174.6    787.4
     1     1    11     6     9    21     0     3  -235.0  -17.109  -10.504   2192.9    785.7
     1     1    11     6     9    20     0     2  -236.0  -17.397  -10.585   2219.3    783.4
     1     1    11     6     9    19     0     1  -237.0  -17.686  -10.675   2255.5    779.5
     1     1    11     6     9    18     0     0  -238.0  -17.977  -10.778   2294.7    775.1
     1     1    11     6     9    17     0     1  -239.0  -18.268  -10.889   2339.3    771.5
     1     1    11     6     9    16     0     2  -240.0  -18.560  -10.997   2391.4    766.2
     1     1    11     6     9    15     0     3  -241.0  -18.857  -11.104   2442.6    761.0
     1     1    11     6     9    14     0     2  -242.0  -19.162  -11.205   2487.1    757.0
     1     1    11     6     9    13     0     1  -243.0  -19.475  -11.296   2523.4    754.0
     1     1    11     6     9    12     0     0  -244.0  -19.798  -11.377   2550.3    751.6
     1     1    11     6     9    11     0     1  -245.0  -20.142  -11.464   2574.1    750.0
     1     1    11     6     9    10     0     2  -246.0  -20.529  -11.570   2606.9    747.2
     1     1    11     6     9     9     0     3  -247.0  -20.974  -11.693   2651.5    742.8
     1     1    11     6     9     8     0     2  -248.0  -21.464  -11.819   2700.9    737.5
     1     1    11     6     9     7     0     1  -249.0  -21.979  -11.938   2747.6    732.7
     1     1    11     6     9     6     0     0  -250.0  -22.522  -12.045   2804.8    728.4
     1     1    11     6     9     5     0     1  -251.0  -23.100  -12.139   2884.0    720.7
     1     1    11     6     9     4     0     2  -252.0  -23.704  -12.224   2951.8    712.3
     1     1    11     6     9     3     0     3  -253.0  -24.310  -12.291   3002.0    709.7
     1     1    11     6     9     2     0     2  -254.0  -24.917  -12.351   3101.2    704.9
     1     1    11     6     9     1     0     1  -255.0  -25.532  -12.414   3278.0    688.3
     1     1    11     6     9     0     0     0  -256.0  -26.161  -12.456   3508.2    668.2
     1     1    11     6     8    23     0     1  -257.0  -26.815  -12.459   3747.9    645.1
     1     1    11     6     8    22     0     2  -258.0  -27.502  -12.402   3953.6    627.9
     1     1    11     6     8    21     0     3  -259.0  -28.212  -12.249   4140.5    614.1
     1     1    11     6     8    20     0     2  -260.0  -28.930  -12.032   4346.0    598.8
     1     1    11     6     8    19     0     1  -261.0  -29.655  -11.783   4567.6    580.2
     1     1    11     6     8    18     0     0  -262.0  -30.326  -11.476   4780.2    563.3
     1     1    11     6     8    17     0     1  -263.0  -30.886  -11.168   4971.2    548.8
     1     1    11     6     8    16     0     2  -264.0  -31.362  -10.912   5144.6    536.4
     1     1    11     6     8    15     0     3  -265.0  -31.759  -10.693   5310.3    524.7
     1     1    11     6     8    14     0     2  -266.0  -32.068  -10.509   5450.2    513.3
     1     1    11     6     8    13     0     1  -267.0  -32.266  -10.348   5542.6    506.7
     1     1    11     6     8    12     0     0  -268.0  -32.336  -10.203   5588.3    503.4
     1     1    11     6     8    11     0     1  -269.0  -32.248  -10.114   5623.6    502.9
     1     1    11     6     8    10     0     2  -270.0  -32.035  -10.112   5682.1    498.4
     1     1    11     6     8     9     0     3  -271.0  -31.758  -10.202   5755.2    492.7
     1     1    11     6     8     8     0     2  -272.0  -31.505  -10.351   5825.5    487.4
     1     1    11     6     8     7     0     1  -273.0  -31.282  -10.517   5881.2    483.8
     1     1    11     6     8     6     0     0  -274.0  -31.058  -10.703   5915.6    481.2
     1     1    11     6     8     5     0     1  -275.0  -30.828  -10.915   5919.0    481.0
     1     1    11     6     8     4     0     2  -276.0  -30.626  -11.155   5898.5    483.4
     1     1    11     6     8     3     0     3  -277.0  -30.463  -11.411   5872.7    485.6
     1     1    11     6     8     2     0     2  -278.0  -30.330  -11.683   5850.2    487.6
     1     1    11     6     8     1     0     1  -279.0  -30.215  -11.973   5825.5    488.8
     1     1    11     6     8     0     0     0  -280.0  -30.123  -12.272   5795.7    491.4
     1     1    11     6     7    23     0     1  -281.0  -30.056  -12.585   5803.8    493.2
     1     1    11     6     7    22     0     2  -282.0  -29.979  -12.931   5892.5    487.4
     1     1    11     6     7    21     0     3  -283.0  -29.876  -13.312   6060.8    475.8
     1     1    11     6     7    20     0     2  -284.0  -29.774  -13.715   6219.8    460.5
     1     1    11     6     7    19     0     1  -285.0  -29.677  -14.129   6308.1    455.9
     1     1    11     6     7    18     0     0  -286.0  -29.578  -14.552   6354.9    453.8
     1     1    11     6     7    17     0     1  -287.0  -29.480  -14.970   6392.1    452.5
     1     1    11     6     7    16     0     2  -288.0  -29.375  -15.370   6428.8    449.7
     1     1    11     6     7    15     0     3  -289.0  -29.262  -15.752   6450.1    447.9
     1     1    11     6     7    14     0     2  -290.0  -29.165  -16.128   6458.8    448.2
     1     1    11     6     7    13     0     1  -291.0  -29.113  -16.503   6476.0    447.9
     1     1    11     6     7    12     0     0  -292.0  -29.123  -16.866   6512.3    445.7
     1     1    11     6     7    11     0     1  -293.0  -29.171  -17.242   6566.3    441.8
     1     1    11     6     7    10     0     2  -294.0  -29.243  -17.658   6627.1    437.0
     1     1    11     6     7     9     0     3  -295.0  -29.388  -18.104   6680.1    432.9
     1     1    11     6     7     8     0     2  -296.0  -29.602  -18.568   6731.4    430.2
     1     1    11     6     7     7     0     1  -297.0  -29.862  -19.023   6780.7    426.7
     1     1    11     6     7     6     0     0  -298.0  -30.189  -19.456   6858.8    423.9
     1     1    11     6     7     5     0     1  -299.0  -30.567  -19.905   7004.0    415.0
     1     1    11     6     7     4     0     2  -300.0  -30.997  -20.376   7209.0    402.4
     1     1    11     6     7     3     0     3  -301.0  -31.495  -20.833   7482.4    387.4
     1     1    11     6     7     2     0     2  -302.0  -32.034  -21.302   7775.0    367.4
     1     1    11     6     7     1     0     1  -303.0  -32.610  -21.789   8004.7    354.0
     1     1    11     6     7     0     0     0  -304.0  -33.244  -22.265   8177.7    345.7
     1     1    11     6     6    23     0     1  -305.0  -33.894  -22.707   8305.0    338.0
     1     1    11     6     6    22     0     2  -306.0  -34.542  -23.088   8391.7    333.6
     1     1    11     6     6    21     0     3  -307.0  -35.203  -23.405   8456.4    330.3
     1     1    11     6     6    20     0     2  -308.0  -35.847  -23.689   8523.1    327.4
     1     1    11     6     6    19     0     1  -309.0  -36.466  -23.971   8604.2    322.6
     1     1    11     6     6    18     0     0  -310.0  -37.056  -24.253   8666.8    318.0
     1     1    11     6     6    17     0     1  -311.0  -37.600  -24.561   8684.0    316.4
     1     1    11     6     6    16     0     2  -312.0  -38.087  -24.910   8672.9    317.2
     1     1    11     6     6    15     0     3  -313.0  -38.517  -25.267   8661.1    317.6
     1     1    11     6     6    14     0     2  -314.0  -38.928  -25.613   8658.4    317.5
     1     1    11     6     6    13     0     1  -315.0  -39.348  -25.967   8673.9    316.8
     1     1    11     6     6    12     0     0  -316.0  -39.770  -26.356   8740.1    314.5
     1     1    11     6     6    11     0     1  -317.0  -40.202  -26.773   8837.7    307.2
     1     1    11     6     6    10     0     2  -318.0  -40.627  -27.222   8904.2    302.7
     1     1    11     6     6     9     0     3  -319.0  -40.997  -27.741   8935.8    301.3
     1     1    11     6     6     8     0     2  -320.0  -41.347  -28.303   8955.8    300.6
     1     1    11     6     6     7     0     1  -321.0  -41.715  -28.869   8967.8    299.1
     1     1    11     6     6     6     0     0  -322.0  -42.064  -29.450   8963.1    299.3
     1     1    11     6     6     5     0     1  -323.0  -42.435  -30.020   8961.5    299.7
     1     1    11     6     6     4     0     2  -324.0  -42.891  -30.576   8991.9    298.6
     1     1    11     6     6     3     0     3  -325.0  -43.404  -31.160   9054.8    295.0
     1     1    11     6     6     2     0     2  -326.0  -43.927  -31.778   9120.7    291.0
     1     1    11     6     6     1     0     1  -327.0  -44.448  -32.419   9172.7    288.2
     1     1    11     6     6     0     0     0  -328.0  -44.957  -33.114   9196.5    286.4
     1     1    11     6     5    23     0     1  -329.0  -45.434  -33.911   9203.0    286.8
     1     1    11     6     5    22     0     2  -330.0  -45.879  -34.844   9259.7    283.9
     1     1    11     6     5    21     0     3  -331.0  -46.278  -35.934   9295.7    281.8
     1     1    11     6     5    20     0     2  -332.0  -46.611  -37.182   9303.8    281.1
     1     1    11     6     5    19     0     1  -333.0  -46.896  -38.573   9317.5    281.0
     1     1    11     6     5    18     0     0  -334.0  -47.108  -40.100   9305.3    280.8
     1     1    11     6     5    17     0     1  -335.0  -47.235  -41.705   9243.0    283.9
     1     1    11     6     5    16     0     2  -336.0  -47.332  -43.395   9183.6    286.8
