     3     1
    GDAS    11     7     1     0     0
    GDAS    11     7     8     0     0
    GDAS    11     7    15     0     0
     1 BACKWARD OMEGA   
  2011     7    20    16   -8.870  -56.760  1524.0
     1 PRESSURE
     1     1    11     7    20    16     0     2     0.0   -8.870  -56.760   1524.0    830.5
     1     1    11     7    20    15     0     3    -1.0   -8.838  -56.584   1606.1    821.4
     1     1    11     7    20    14     0     2    -2.0   -8.797  -56.397   1683.2    810.3
     1     1    11     7    20    13     0     1    -3.0   -8.758  -56.199   1745.1    802.3
     1     1    11     7    20    12     0     0    -4.0   -8.726  -55.991   1796.5    795.5
     1     1    11     7    20    11     0     1    -5.0   -8.699  -55.780   1830.7    788.4
     1     1    11     7    20    10     0     2    -6.0   -8.669  -55.571   1845.8    784.7
     1     1    11     7    20     9     0     3    -7.0   -8.633  -55.367   1854.2    781.9
     1     1    11     7    20     8     0     2    -8.0   -8.597  -55.159   1861.5    779.5
     1     1    11     7    20     7     0     1    -9.0   -8.572  -54.937   1861.1    778.0
     1     1    11     7    20     6     0     0   -10.0   -8.561  -54.698   1845.6    779.9
     1     1    11     7    20     5     0     1   -11.0   -8.562  -54.452   1818.3    783.7
     1     1    11     7    20     4     0     2   -12.0   -8.577  -54.205   1773.6    787.5
     1     1    11     7    20     3     0     3   -13.0   -8.608  -53.953   1688.2    795.1
     1     1    11     7    20     2     0     2   -14.0   -8.650  -53.706   1592.9    808.5
     1     1    11     7    20     1     0     1   -15.0   -8.699  -53.472   1527.0    814.2
     1     1    11     7    20     0     0     0   -16.0   -8.759  -53.246   1472.7    818.2
     1     1    11     7    19    23     0     1   -17.0   -8.822  -53.032   1411.6    822.2
     1     1    11     7    19    22     0     2   -18.0   -8.878  -52.838   1341.0    829.4
     1     1    11     7    19    21     0     3   -19.0   -8.927  -52.665   1258.8    837.6
     1     1    11     7    19    20     0     2   -20.0   -8.973  -52.503   1173.0    848.6
     1     1    11     7    19    19     0     1   -21.0   -9.017  -52.338   1100.4    857.7
     1     1    11     7    19    18     0     0   -22.0   -9.057  -52.175   1047.9    865.0
     1     1    11     7    19    17     0     1   -23.0   -9.094  -52.008   1015.6    870.4
     1     1    11     7    19    16     0     2   -24.0   -9.125  -51.832   1000.1    871.6
     1     1    11     7    19    15     0     3   -25.0   -9.151  -51.646   1002.3    870.6
     1     1    11     7    19    14     0     2   -26.0   -9.176  -51.439   1023.3    866.9
     1     1    11     7    19    13     0     1   -27.0   -9.203  -51.200   1064.1    860.8
     1     1    11     7    19    12     0     0   -28.0   -9.236  -50.931   1120.8    854.9
     1     1    11     7    19    11     0     1   -29.0   -9.278  -50.664   1173.9    853.0
     1     1    11     7    19    10     0     2   -30.0   -9.333  -50.427   1198.2    853.8
     1     1    11     7    19     9     0     3   -31.0   -9.406  -50.221   1177.4    858.6
     1     1    11     7    19     8     0     2   -32.0   -9.489  -50.040   1121.6    869.2
     1     1    11     7    19     7     0     1   -33.0   -9.571  -49.873   1061.5    876.1
     1     1    11     7    19     6     0     0   -34.0   -9.652  -49.721   1007.2    879.4
     1     1    11     7    19     5     0     1   -35.0   -9.734  -49.578    957.6    883.5
     1     1    11     7    19     4     0     2   -36.0   -9.819  -49.439    920.6    886.2
     1     1    11     7    19     3     0     3   -37.0   -9.912  -49.308    905.1    886.7
     1     1    11     7    19     2     0     2   -38.0  -10.009  -49.189    915.8    883.6
     1     1    11     7    19     1     0     1   -39.0  -10.105  -49.077    957.2    878.2
     1     1    11     7    19     0     0     0   -40.0  -10.195  -48.965   1028.8    869.3
     1     1    11     7    18    23     0     1   -41.0  -10.282  -48.853   1091.2    859.3
     1     1    11     7    18    22     0     2   -42.0  -10.363  -48.742   1113.8    857.0
     1     1    11     7    18    21     0     3   -43.0  -10.442  -48.638   1111.0    857.0
     1     1    11     7    18    20     0     2   -44.0  -10.518  -48.538   1091.1    858.4
     1     1    11     7    18    19     0     1   -45.0  -10.590  -48.441   1058.5    861.1
     1     1    11     7    18    18     0     0   -46.0  -10.658  -48.348   1020.1    864.4
     1     1    11     7    18    17     0     1   -47.0  -10.719  -48.254    981.5    867.8
     1     1    11     7    18    16     0     2   -48.0  -10.769  -48.155    945.5    870.9
     1     1    11     7    18    15     0     3   -49.0  -10.807  -48.046    914.2    873.5
     1     1    11     7    18    14     0     2   -50.0  -10.838  -47.917    886.6    874.8
     1     1    11     7    18    13     0     1   -51.0  -10.870  -47.758    867.2    875.7
     1     1    11     7    18    12     0     0   -52.0  -10.902  -47.569    866.6    874.2
     1     1    11     7    18    11     0     1   -53.0  -10.935  -47.368    886.6    868.9
     1     1    11     7    18    10     0     2   -54.0  -10.972  -47.168    924.1    861.9
     1     1    11     7    18     9     0     3   -55.0  -11.012  -46.969    979.7    852.7
     1     1    11     7    18     8     0     2   -56.0  -11.061  -46.776   1038.2    841.4
     1     1    11     7    18     7     0     1   -57.0  -11.118  -46.589   1083.5    832.6
     1     1    11     7    18     6     0     0   -58.0  -11.176  -46.398   1110.0    825.4
     1     1    11     7    18     5     0     1   -59.0  -11.233  -46.195   1124.7    820.1
     1     1    11     7    18     4     0     2   -60.0  -11.294  -45.974   1137.4    814.4
     1     1    11     7    18     3     0     3   -61.0  -11.357  -45.741   1135.0    817.6
     1     1    11     7    18     2     0     2   -62.0  -11.430  -45.518   1110.6    825.3
     1     1    11     7    18     1     0     1   -63.0  -11.525  -45.312   1085.0    832.3
     1     1    11     7    18     0     0     0   -64.0  -11.646  -45.123   1074.3    837.8
     1     1    11     7    17    23     0     1   -65.0  -11.781  -44.953   1082.3    838.5
     1     1    11     7    17    22     0     2   -66.0  -11.914  -44.804   1104.5    835.2
     1     1    11     7    17    21     0     3   -67.0  -12.046  -44.674   1143.9    829.5
     1     1    11     7    17    20     0     2   -68.0  -12.174  -44.553   1179.9    822.9
     1     1    11     7    17    19     0     1   -69.0  -12.298  -44.438   1192.8    821.3
     1     1    11     7    17    18     0     0   -70.0  -12.419  -44.327   1184.8    822.5
     1     1    11     7    17    17     0     1   -71.0  -12.545  -44.209   1167.0    826.1
     1     1    11     7    17    16     0     2   -72.0  -12.682  -44.069   1150.0    829.7
     1     1    11     7    17    15     0     3   -73.0  -12.828  -43.905   1134.2    832.5
     1     1    11     7    17    14     0     2   -74.0  -12.985  -43.738   1132.3    833.1
     1     1    11     7    17    13     0     1   -75.0  -13.165  -43.581   1152.4    831.0
     1     1    11     7    17    12     0     0   -76.0  -13.373  -43.437   1180.0    828.6
     1     1    11     7    17    11     0     1   -77.0  -13.588  -43.298   1199.9    827.5
     1     1    11     7    17    10     0     2   -78.0  -13.788  -43.155   1212.9    828.5
     1     1    11     7    17     9     0     3   -79.0  -13.976  -43.011   1226.1    829.8
     1     1    11     7    17     8     0     2   -80.0  -14.151  -42.872   1232.4    826.2
     1     1    11     7    17     7     0     1   -81.0  -14.310  -42.737   1230.9    823.6
     1     1    11     7    17     6     0     0   -82.0  -14.452  -42.607   1225.3    821.1
     1     1    11     7    17     5     0     1   -83.0  -14.581  -42.476   1230.7    819.3
     1     1    11     7    17     4     0     2   -84.0  -14.701  -42.351   1258.7    813.5
     1     1    11     7    17     3     0     3   -85.0  -14.813  -42.241   1307.2    805.9
     1     1    11     7    17     2     0     2   -86.0  -14.926  -42.141   1370.6    796.2
     1     1    11     7    17     1     0     1   -87.0  -15.047  -42.037   1442.7    786.7
     1     1    11     7    17     0     0     0   -88.0  -15.179  -41.936   1521.3    778.0
     1     1    11     7    16    23     0     1   -89.0  -15.322  -41.857   1600.2    769.4
     1     1    11     7    16    22     0     2   -90.0  -15.464  -41.807   1670.0    762.3
     1     1    11     7    16    21     0     3   -91.0  -15.598  -41.771   1724.0    757.2
     1     1    11     7    16    20     0     2   -92.0  -15.725  -41.749   1763.5    754.5
     1     1    11     7    16    19     0     1   -93.0  -15.851  -41.745   1789.9    752.4
     1     1    11     7    16    18     0     0   -94.0  -15.976  -41.755   1799.5    751.4
     1     1    11     7    16    17     0     1   -95.0  -16.098  -41.774   1803.5    754.0
     1     1    11     7    16    16     0     2   -96.0  -16.213  -41.801   1810.8    755.3
     1     1    11     7    16    15     0     3   -97.0  -16.323  -41.840   1818.4    756.3
     1     1    11     7    16    14     0     2   -98.0  -16.424  -41.890   1820.4    757.0
     1     1    11     7    16    13     0     1   -99.0  -16.514  -41.950   1813.0    758.8
     1     1    11     7    16    12     0     0  -100.0  -16.592  -42.022   1797.0    761.1
     1     1    11     7    16    11     0     1  -101.0  -16.651  -42.099   1783.2    762.9
     1     1    11     7    16    10     0     2  -102.0  -16.683  -42.177   1779.9    762.2
     1     1    11     7    16     9     0     3  -103.0  -16.693  -42.256   1785.9    760.1
     1     1    11     7    16     8     0     2  -104.0  -16.686  -42.341   1803.2    757.3
     1     1    11     7    16     7     0     1  -105.0  -16.669  -42.436   1834.3    752.7
     1     1    11     7    16     6     0     0  -106.0  -16.633  -42.539   1880.4    746.5
     1     1    11     7    16     5     0     1  -107.0  -16.578  -42.650   1925.6    739.0
     1     1    11     7    16     4     0     2  -108.0  -16.511  -42.764   1952.4    734.7
     1     1    11     7    16     3     0     3  -109.0  -16.435  -42.880   1959.2    732.3
     1     1    11     7    16     2     0     2  -110.0  -16.352  -42.995   1963.4    731.9
     1     1    11     7    16     1     0     1  -111.0  -16.261  -43.108   1985.7    730.4
     1     1    11     7    16     0     0     0  -112.0  -16.165  -43.214   2027.5    727.8
     1     1    11     7    15    23     0     1  -113.0  -16.063  -43.310   2085.9    723.0
     1     1    11     7    15    22     0     2  -114.0  -15.957  -43.391   2157.2    718.7
     1     1    11     7    15    21     0     3  -115.0  -15.850  -43.461   2241.8    713.7
     1     1    11     7    15    20     0     2  -116.0  -15.743  -43.528   2327.7    708.4
     1     1    11     7    15    19     0     1  -117.0  -15.639  -43.600   2405.6    704.6
     1     1    11     7    15    18     0     0  -118.0  -15.539  -43.674   2474.3    701.7
     1     1    11     7    15    17     0     1  -119.0  -15.440  -43.747   2533.4    699.9
     1     1    11     7    15    16     0     2  -120.0  -15.337  -43.813   2580.1    698.9
     1     1    11     7    15    15     0     3  -121.0  -15.236  -43.873   2609.2    699.4
     1     1    11     7    15    14     0     2  -122.0  -15.133  -43.935   2640.9    701.3
     1     1    11     7    15    13     0     1  -123.0  -15.015  -44.006   2701.5    699.5
     1     1    11     7    15    12     0     0  -124.0  -14.865  -44.088   2792.2    690.0
     1     1    11     7    15    11     0     1  -125.0  -14.678  -44.161   2908.6    676.6
     1     1    11     7    15    10     0     2  -126.0  -14.472  -44.200   3038.7    664.6
     1     1    11     7    15     9     0     3  -127.0  -14.254  -44.201   3186.7    652.0
     1     1    11     7    15     8     0     2  -128.0  -14.020  -44.182   3354.4    638.6
     1     1    11     7    15     7     0     1  -129.0  -13.754  -44.159   3511.5    623.1
     1     1    11     7    15     6     0     0  -130.0  -13.460  -44.134   3608.9    613.5
     1     1    11     7    15     5     0     1  -131.0  -13.156  -44.114   3651.8    610.7
     1     1    11     7    15     4     0     2  -132.0  -12.852  -44.102   3682.0    608.9
     1     1    11     7    15     3     0     3  -133.0  -12.545  -44.102   3728.2    605.2
     1     1    11     7    15     2     0     2  -134.0  -12.233  -44.112   3779.1    599.0
     1     1    11     7    15     1     0     1  -135.0  -11.924  -44.131   3810.1    596.4
     1     1    11     7    15     0     0     0  -136.0  -11.629  -44.162   3838.7    599.0
     1     1    11     7    14    23     0     1  -137.0  -11.352  -44.193   3877.2    598.5
     1     1    11     7    14    22     0     2  -138.0  -11.098  -44.214   3912.0    597.4
     1     1    11     7    14    21     0     3  -139.0  -10.873  -44.222   3925.1    596.8
     1     1    11     7    14    20     0     2  -140.0  -10.671  -44.223   3940.8    598.0
     1     1    11     7    14    19     0     1  -141.0  -10.482  -44.222   3988.4    594.4
     1     1    11     7    14    18     0     0  -142.0  -10.307  -44.226   4062.2    589.0
     1     1    11     7    14    17     0     1  -143.0  -10.152  -44.238   4150.9    582.2
     1     1    11     7    14    16     0     2  -144.0  -10.022  -44.261   4244.9    575.6
     1     1    11     7    14    15     0     3  -145.0   -9.919  -44.292   4339.9    569.4
     1     1    11     7    14    14     0     2  -146.0   -9.838  -44.326   4421.2    563.7
     1     1    11     7    14    13     0     1  -147.0   -9.776  -44.362   4480.8    560.0
     1     1    11     7    14    12     0     0  -148.0   -9.729  -44.398   4521.0    557.4
     1     1    11     7    14    11     0     1  -149.0   -9.693  -44.444   4552.8    555.5
     1     1    11     7    14    10     0     2  -150.0   -9.666  -44.507   4581.3    552.7
     1     1    11     7    14     9     0     3  -151.0   -9.650  -44.586   4600.1    550.3
     1     1    11     7    14     8     0     2  -152.0   -9.641  -44.672   4608.1    549.3
     1     1    11     7    14     7     0     1  -153.0   -9.641  -44.758   4613.7    548.7
     1     1    11     7    14     6     0     0  -154.0   -9.649  -44.841   4628.3    547.5
     1     1    11     7    14     5     0     1  -155.0   -9.663  -44.912   4657.8    545.3
     1     1    11     7    14     4     0     2  -156.0   -9.681  -44.965   4703.4    542.1
     1     1    11     7    14     3     0     3  -157.0   -9.705  -44.999   4768.2    537.9
     1     1    11     7    14     2     0     2  -158.0   -9.742  -45.012   4841.6    532.0
     1     1    11     7    14     1     0     1  -159.0   -9.799  -45.009   4911.1    527.2
     1     1    11     7    14     0     0     0  -160.0   -9.874  -44.992   4977.7    522.7
     1     1    11     7    13    23     0     1  -161.0   -9.968  -44.952   5045.7    518.3
     1     1    11     7    13    22     0     2  -162.0  -10.083  -44.878   5116.9    513.3
     1     1    11     7    13    21     0     3  -163.0  -10.220  -44.773   5185.6    508.5
     1     1    11     7    13    20     0     2  -164.0  -10.381  -44.650   5244.7    504.5
     1     1    11     7    13    19     0     1  -165.0  -10.570  -44.515   5288.9    501.8
     1     1    11     7    13    18     0     0  -166.0  -10.780  -44.365   5316.8    500.3
     1     1    11     7    13    17     0     1  -167.0  -11.014  -44.204   5325.6    500.2
     1     1    11     7    13    16     0     2  -168.0  -11.275  -44.043   5302.4    499.9
     1     1    11     7    13    15     0     3  -169.0  -11.559  -43.890   5240.8    501.2
     1     1    11     7    13    14     0     2  -170.0  -11.851  -43.752   5155.0    506.2
     1     1    11     7    13    13     0     1  -171.0  -12.151  -43.628   5094.4    510.7
     1     1    11     7    13    12     0     0  -172.0  -12.462  -43.510   5085.2    511.7
     1     1    11     7    13    11     0     1  -173.0  -12.782  -43.397   5098.5    507.5
     1     1    11     7    13    10     0     2  -174.0  -13.099  -43.298   5105.9    506.0
     1     1    11     7    13     9     0     3  -175.0  -13.415  -43.215   5112.0    507.6
     1     1    11     7    13     8     0     2  -176.0  -13.721  -43.135   5128.2    510.7
     1     1    11     7    13     7     0     1  -177.0  -14.015  -43.047   5175.3    510.3
     1     1    11     7    13     6     0     0  -178.0  -14.304  -42.958   5235.0    503.3
     1     1    11     7    13     5     0     1  -179.0  -14.589  -42.866   5302.5    494.5
     1     1    11     7    13     4     0     2  -180.0  -14.857  -42.764   5355.3    487.7
     1     1    11     7    13     3     0     3  -181.0  -15.096  -42.649   5391.5    482.2
     1     1    11     7    13     2     0     2  -182.0  -15.319  -42.528   5416.0    478.6
     1     1    11     7    13     1     0     1  -183.0  -15.547  -42.408   5435.5    475.3
     1     1    11     7    13     0     0     0  -184.0  -15.774  -42.285   5449.3    472.7
     1     1    11     7    12    23     0     1  -185.0  -16.006  -42.167   5467.5    471.0
     1     1    11     7    12    22     0     2  -186.0  -16.256  -42.065   5515.3    471.7
     1     1    11     7    12    21     0     3  -187.0  -16.523  -41.977   5577.7    472.7
     1     1    11     7    12    20     0     2  -188.0  -16.784  -41.900   5658.6    472.6
     1     1    11     7    12    19     0     1  -189.0  -17.019  -41.834   5760.8    470.0
     1     1    11     7    12    18     0     0  -190.0  -17.233  -41.777   5881.7    463.6
     1     1    11     7    12    17     0     1  -191.0  -17.437  -41.720   6021.6    455.1
     1     1    11     7    12    16     0     2  -192.0  -17.631  -41.649   6166.0    447.9
     1     1    11     7    12    15     0     3  -193.0  -17.815  -41.558   6316.9    440.7
     1     1    11     7    12    14     0     2  -194.0  -18.000  -41.463   6450.2    433.5
     1     1    11     7    12    13     0     1  -195.0  -18.188  -41.383   6534.7    429.8
     1     1    11     7    12    12     0     0  -196.0  -18.368  -41.319   6560.5    429.3
     1     1    11     7    12    11     0     1  -197.0  -18.540  -41.278   6572.3    431.0
     1     1    11     7    12    10     0     2  -198.0  -18.723  -41.265   6618.8    428.0
     1     1    11     7    12     9     0     3  -199.0  -18.924  -41.277   6705.5    422.9
     1     1    11     7    12     8     0     2  -200.0  -19.131  -41.316   6773.2    414.1
     1     1    11     7    12     7     0     1  -201.0  -19.329  -41.387   6780.0    410.7
     1     1    11     7    12     6     0     0  -202.0  -19.521  -41.481   6745.5    409.6
     1     1    11     7    12     5     0     1  -203.0  -19.694  -41.592   6708.9    410.0
     1     1    11     7    12     4     0     2  -204.0  -19.845  -41.725   6709.5    407.1
     1     1    11     7    12     3     0     3  -205.0  -19.998  -41.882   6763.2    400.7
     1     1    11     7    12     2     0     2  -206.0  -20.164  -42.056   6859.1    395.0
     1     1    11     7    12     1     0     1  -207.0  -20.324  -42.258   6900.7    395.5
     1     1    11     7    12     0     0     0  -208.0  -20.472  -42.492   6888.1    398.6
     1     1    11     7    11    23     0     1  -209.0  -20.607  -42.756   6859.2    402.5
     1     1    11     7    11    22     0     2  -210.0  -20.738  -43.056   6820.8    402.3
     1     1    11     7    11    21     0     3  -211.0  -20.888  -43.393   6723.5    399.9
     1     1    11     7    11    20     0     2  -212.0  -21.063  -43.745   6594.9    400.6
     1     1    11     7    11    19     0     1  -213.0  -21.223  -44.105   6488.1    401.8
     1     1    11     7    11    18     0     0  -214.0  -21.362  -44.489   6439.4    404.8
     1     1    11     7    11    17     0     1  -215.0  -21.517  -44.884   6378.8    405.0
     1     1    11     7    11    16     0     2  -216.0  -21.677  -45.267   6282.6    411.2
     1     1    11     7    11    15     0     3  -217.0  -21.816  -45.638   6221.5    417.6
     1     1    11     7    11    14     0     2  -218.0  -21.951  -46.008   6285.6    416.8
     1     1    11     7    11    13     0     1  -219.0  -22.122  -46.399   6448.3    408.8
     1     1    11     7    11    12     0     0  -220.0  -22.311  -46.816   6549.7    408.2
     1     1    11     7    11    11     0     1  -221.0  -22.508  -47.250   6549.9    411.9
     1     1    11     7    11    10     0     2  -222.0  -22.706  -47.700   6504.0    420.0
     1     1    11     7    11     9     0     3  -223.0  -22.901  -48.180   6460.9    426.5
     1     1    11     7    11     8     0     2  -224.0  -23.111  -48.676   6418.1    423.9
     1     1    11     7    11     7     0     1  -225.0  -23.320  -49.167   6411.5    420.7
     1     1    11     7    11     6     0     0  -226.0  -23.482  -49.655   6435.2    423.2
     1     1    11     7    11     5     0     1  -227.0  -23.609  -50.154   6461.0    424.1
     1     1    11     7    11     4     0     2  -228.0  -23.736  -50.657   6469.8    421.1
     1     1    11     7    11     3     0     3  -229.0  -23.851  -51.146   6454.5    421.3
     1     1    11     7    11     2     0     2  -230.0  -23.933  -51.627   6460.4    429.9
     1     1    11     7    11     1     0     1  -231.0  -23.984  -52.107   6502.5    434.7
     1     1    11     7    11     0     0     0  -232.0  -24.029  -52.575   6564.6    430.1
     1     1    11     7    10    23     0     1  -233.0  -24.085  -53.064   6605.2    423.4
     1     1    11     7    10    22     0     2  -234.0  -24.139  -53.593   6602.3    429.9
     1     1    11     7    10    21     0     3  -235.0  -24.193  -54.127   6595.3    434.5
     1     1    11     7    10    20     0     2  -236.0  -24.240  -54.650   6554.7    433.5
     1     1    11     7    10    19     0     1  -237.0  -24.269  -55.159   6495.4    439.8
     1     1    11     7    10    18     0     0  -238.0  -24.305  -55.655   6460.3    445.0
     1     1    11     7    10    17     0     1  -239.0  -24.323  -56.151   6447.1    449.3
     1     1    11     7    10    16     0     2  -240.0  -24.327  -56.668   6448.0    451.9
     1     1    11     7    10    15     0     3  -241.0  -24.383  -57.208   6442.3    455.1
     1     1    11     7    10    14     0     2  -242.0  -24.474  -57.742   6441.1    456.2
     1     1    11     7    10    13     0     1  -243.0  -24.560  -58.255   6480.1    454.5
     1     1    11     7    10    12     0     0  -244.0  -24.683  -58.742   6570.0    447.9
     1     1    11     7    10    11     0     1  -245.0  -24.882  -59.210   6681.8    439.5
     1     1    11     7    10    10     0     2  -246.0  -25.160  -59.657   6825.3    431.8
     1     1    11     7    10     9     0     3  -247.0  -25.546  -60.062   7030.7    418.7
     1     1    11     7    10     8     0     2  -248.0  -26.014  -60.433   7277.4    402.8
     1     1    11     7    10     7     0     1  -249.0  -26.501  -60.796   7510.8    387.9
     1     1    11     7    10     6     0     0  -250.0  -26.990  -61.123   7668.1    378.3
     1     1    11     7    10     5     0     1  -251.0  -27.484  -61.416   7807.8    374.9
     1     1    11     7    10     4     0     2  -252.0  -28.025  -61.729   8044.3    365.1
     1     1    11     7    10     3     0     3  -253.0  -28.624  -62.089   8340.8    346.9
     1     1    11     7    10     2     0     2  -254.0  -29.191  -62.463   8611.8    333.0
     1     1    11     7    10     1     0     1  -255.0  -29.683  -62.795   8874.1    321.2
     1     1    11     7    10     0     0     0  -256.0  -30.147  -63.102   9075.5    306.0
     1     1    11     7     9    23     0     1  -257.0  -30.572  -63.359   9188.5    298.1
     1     1    11     7     9    22     0     2  -258.0  -30.939  -63.533   9308.9    291.6
     1     1    11     7     9    21     0     3  -259.0  -31.259  -63.612   9459.0    285.7
     1     1    11     7     9    20     0     2  -260.0  -31.530  -63.609   9630.9    277.5
     1     1    11     7     9    19     0     1  -261.0  -31.732  -63.569   9770.1    271.8
     1     1    11     7     9    18     0     0  -262.0  -31.841  -63.505   9848.1    268.7
     1     1    11     7     9    17     0     1  -263.0  -31.842  -63.422   9914.9    269.4
     1     1    11     7     9    16     0     2  -264.0  -31.727  -63.326  10027.1    265.4
