     3     1
    GDAS    11     1     8     0     0
    GDAS    11     1    15     0     0
    GDAS    11     1    22     0     0
     1 BACKWARD OMEGA   
  2011     1    24    15   -8.890  -56.720  3505.2
     1 PRESSURE
     1     1    11     1    24    15     0     3     0.0   -8.890  -56.720   3505.2    652.7
     1     1    11     1    24    14     0     2    -1.0   -8.969  -56.506   3530.0    650.3
     1     1    11     1    24    13     0     1    -2.0   -9.031  -56.308   3556.4    647.2
     1     1    11     1    24    12     0     0    -3.0   -9.085  -56.124   3583.2    643.0
     1     1    11     1    24    11     0     3    -4.0   -9.128  -55.945   3595.8    639.2
     1     1    11     1    24    10     0     6    -5.0   -9.155  -55.762   3583.1    637.4
     1     1    11     1    24     9     0     9    -6.0   -9.166  -55.577   3541.9    637.6
     1     1    11     1    24     8     0     8    -7.0   -9.165  -55.394   3478.3    641.2
     1     1    11     1    24     7     0     7    -8.0   -9.156  -55.213   3398.3    645.0
     1     1    11     1    24     6     0     6    -9.0   -9.141  -55.037   3292.5    650.6
     1     1    11     1    24     5     0     5   -10.0   -9.118  -54.864   3182.4    661.4
     1     1    11     1    24     4     0     4   -11.0   -9.084  -54.693   3088.6    669.6
     1     1    11     1    24     3     0     3   -12.0   -9.039  -54.519   3005.5    676.7
     1     1    11     1    24     2     0     2   -13.0   -8.995  -54.346   2946.1    683.5
     1     1    11     1    24     1     0     1   -14.0   -8.962  -54.182   2924.1    685.9
     1     1    11     1    24     0     0     0   -15.0   -8.943  -54.028   2931.2    685.6
     1     1    11     1    23    23     0     1   -16.0   -8.929  -53.882   2932.3    682.4
     1     1    11     1    23    22     0     2   -17.0   -8.907  -53.741   2906.0    684.4
     1     1    11     1    23    21     0     3   -18.0   -8.882  -53.605   2864.1    687.7
     1     1    11     1    23    20     0     2   -19.0   -8.858  -53.473   2811.7    692.4
     1     1    11     1    23    19     0     1   -20.0   -8.840  -53.338   2738.0    698.0
     1     1    11     1    23    18     0     0   -21.0   -8.828  -53.200   2621.9    707.4
     1     1    11     1    23    17     0     1   -22.0   -8.823  -53.056   2499.7    722.0
     1     1    11     1    23    16     0     2   -23.0   -8.819  -52.907   2425.4    730.3
     1     1    11     1    23    15     0     3   -24.0   -8.814  -52.751   2406.9    733.4
     1     1    11     1    23    14     0     2   -25.0   -8.810  -52.586   2423.4    731.0
     1     1    11     1    23    13     0     1   -26.0   -8.812  -52.406   2455.7    729.0
     1     1    11     1    23    12     0     0   -27.0   -8.823  -52.212   2504.2    725.7
     1     1    11     1    23    11     0     1   -28.0   -8.842  -52.015   2560.4    721.0
     1     1    11     1    23    10     0     2   -29.0   -8.860  -51.825   2611.4    715.2
     1     1    11     1    23     9     0     3   -30.0   -8.872  -51.643   2663.1    709.6
     1     1    11     1    23     8     0     2   -31.0   -8.878  -51.463   2714.7    703.4
     1     1    11     1    23     7     0     1   -32.0   -8.879  -51.278   2750.3    698.1
     1     1    11     1    23     6     0     0   -33.0   -8.883  -51.092   2748.1    696.1
     1     1    11     1    23     5     0     1   -34.0   -8.884  -50.902   2708.1    701.4
     1     1    11     1    23     4     0     2   -35.0   -8.875  -50.702   2644.8    711.4
     1     1    11     1    23     3     0     3   -36.0   -8.858  -50.494   2570.9    722.1
     1     1    11     1    23     2     0     2   -37.0   -8.844  -50.284   2512.5    732.3
     1     1    11     1    23     1     0     1   -38.0   -8.842  -50.075   2479.7    737.7
     1     1    11     1    23     0     0     0   -39.0   -8.853  -49.865   2461.3    740.2
     1     1    11     1    22    23     0     1   -40.0   -8.872  -49.659   2466.1    738.9
     1     1    11     1    22    22     0     2   -41.0   -8.901  -49.464   2497.9    734.4
     1     1    11     1    22    21     0     3   -42.0   -8.944  -49.281   2549.5    728.0
     1     1    11     1    22    20     0     2   -43.0   -8.992  -49.104   2599.5    721.6
     1     1    11     1    22    19     0     1   -44.0   -9.041  -48.928   2630.9    718.7
     1     1    11     1    22    18     0     0   -45.0   -9.090  -48.755   2643.6    718.6
     1     1    11     1    22    17     0     1   -46.0   -9.144  -48.580   2642.9    719.9
     1     1    11     1    22    16     0     2   -47.0   -9.210  -48.397   2634.7    721.1
     1     1    11     1    22    15     0     3   -48.0   -9.287  -48.211   2622.6    722.7
     1     1    11     1    22    14     0     2   -49.0   -9.367  -48.026   2620.7    723.6
     1     1    11     1    22    13     0     1   -50.0   -9.440  -47.841   2639.5    719.1
     1     1    11     1    22    12     0     0   -51.0   -9.506  -47.658   2686.7    712.1
     1     1    11     1    22    11     0     1   -52.0   -9.553  -47.477   2736.3    702.7
     1     1    11     1    22    10     0     2   -53.0   -9.573  -47.300   2753.5    698.2
     1     1    11     1    22     9     0     3   -54.0   -9.568  -47.126   2727.3    697.5
     1     1    11     1    22     8     0     2   -55.0   -9.551  -46.953   2688.0    701.9
     1     1    11     1    22     7     0     1   -56.0   -9.533  -46.778   2665.9    702.8
     1     1    11     1    22     6     0     0   -57.0   -9.514  -46.599   2647.9    703.0
     1     1    11     1    22     5     0     1   -58.0   -9.496  -46.415   2627.4    705.0
     1     1    11     1    22     4     0     2   -59.0   -9.477  -46.224   2612.5    707.0
     1     1    11     1    22     3     0     3   -60.0   -9.460  -46.024   2616.1    707.8
     1     1    11     1    22     2     0     2   -61.0   -9.453  -45.814   2587.3    704.3
     1     1    11     1    22     1     0     1   -62.0   -9.460  -45.595   2479.3    712.6
     1     1    11     1    22     0     0     0   -63.0   -9.481  -45.365   2311.5    726.3
     1     1    11     1    21    23     0     1   -64.0   -9.511  -45.140   2121.5    743.3
     1     1    11     1    21    22     0     2   -65.0   -9.549  -44.933   1946.5    758.7
     1     1    11     1    21    21     0     3   -66.0   -9.600  -44.742   1806.4    773.9
     1     1    11     1    21    20     0     2   -67.0   -9.653  -44.559   1726.8    783.5
     1     1    11     1    21    19     0     1   -68.0   -9.694  -44.384   1707.0    785.5
     1     1    11     1    21    18     0     0   -69.0   -9.727  -44.217   1728.3    783.9
     1     1    11     1    21    17     0     1   -70.0   -9.763  -44.052   1747.2    779.9
     1     1    11     1    21    16     0     2   -71.0   -9.809  -43.885   1725.7    781.6
     1     1    11     1    21    15     0     3   -72.0   -9.864  -43.716   1667.7    786.7
     1     1    11     1    21    14     0     2   -73.0   -9.919  -43.555   1616.8    794.8
     1     1    11     1    21    13     0     1   -74.0   -9.969  -43.410   1607.9    795.4
     1     1    11     1    21    12     0     0   -75.0  -10.018  -43.284   1633.0    793.1
     1     1    11     1    21    11     0     1   -76.0  -10.064  -43.176   1663.4    787.8
     1     1    11     1    21    10     0     2   -77.0  -10.101  -43.082   1677.4    786.7
     1     1    11     1    21     9     0     3   -78.0  -10.126  -43.006   1682.2    786.4
     1     1    11     1    21     8     0     2   -79.0  -10.147  -42.940   1686.1    786.3
     1     1    11     1    21     7     0     1   -80.0  -10.167  -42.879   1691.6    785.4
     1     1    11     1    21     6     0     0   -81.0  -10.186  -42.823   1696.1    784.6
     1     1    11     1    21     5     0     1   -82.0  -10.205  -42.770   1641.7    784.5
     1     1    11     1    21     4     0     2   -83.0  -10.226  -42.706   1486.4    800.5
     1     1    11     1    21     3     0     3   -84.0  -10.262  -42.619   1264.0    823.4
     1     1    11     1    21     2     0     2   -85.0  -10.316  -42.508   1069.1    847.9
     1     1    11     1    21     1     0     1   -86.0  -10.377  -42.393    937.0    857.8
     1     1    11     1    21     0     0     0   -87.0  -10.449  -42.281    832.1    865.3
     1     1    11     1    20    23     0     1   -88.0  -10.528  -42.178    747.9    872.3
     1     1    11     1    20    22     0     2   -89.0  -10.609  -42.099    669.9    876.1
     1     1    11     1    20    21     0     3   -90.0  -10.690  -42.068    568.4    883.3
     1     1    11     1    20    20     0     2   -91.0  -10.763  -42.073    459.7    896.4
     1     1    11     1    20    19     0     1   -92.0  -10.816  -42.076    364.3    906.3
     1     1    11     1    20    18     0     0   -93.0  -10.843  -42.069    285.5    914.5
     1     1    11     1    20    17     0     1   -94.0  -10.856  -42.051    226.3    920.9
     1     1    11     1    20    16     0     2   -95.0  -10.866  -42.023    186.0    924.7
     1     1    11     1    20    15     0     3   -96.0  -10.877  -41.985    161.0    927.2
     1     1    11     1    20    14     0     2   -97.0  -10.898  -41.924    156.2    928.6
     1     1    11     1    20    13     0     1   -98.0  -10.942  -41.829    179.3    925.7
     1     1    11     1    20    12     0     0   -99.0  -11.007  -41.695    237.5    919.2
     1     1    11     1    20    11     0     1  -100.0  -11.088  -41.530    316.3    905.3
     1     1    11     1    20    10     0     2  -101.0  -11.174  -41.352    387.9    894.8
     1     1    11     1    20     9     0     3  -102.0  -11.255  -41.172    444.6    887.0
     1     1    11     1    20     8     0     2  -103.0  -11.323  -40.993    485.0    882.9
     1     1    11     1    20     7     0     1  -104.0  -11.383  -40.807    510.3    885.6
     1     1    11     1    20     6     0     0  -105.0  -11.444  -40.610    519.3    890.6
     1     1    11     1    20     5     0     1  -106.0  -11.513  -40.396    512.9    898.0
     1     1    11     1    20     4     0     2  -107.0  -11.593  -40.160    490.3    907.8
     1     1    11     1    20     3     0     3  -108.0  -11.688  -39.904    456.1    918.5
     1     1    11     1    20     2     0     2  -109.0  -11.800  -39.637    419.5    926.7
     1     1    11     1    20     1     0     1  -110.0  -11.930  -39.370    393.8    934.6
     1     1    11     1    20     0     0     0  -111.0  -12.065  -39.107    397.5    940.7
     1     1    11     1    19    23     0     1  -112.0  -12.206  -38.859    420.2    941.6
     1     1    11     1    19    22     0     2  -113.0  -12.351  -38.636    434.0    943.8
     1     1    11     1    19    21     0     3  -114.0  -12.494  -38.428    437.1    947.5
     1     1    11     1    19    20     0     2  -115.0  -12.618  -38.230    430.2    952.2
     1     1    11     1    19    19     0     1  -116.0  -12.713  -38.044    416.2    957.8
     1     1    11     1    19    18     0     0  -117.0  -12.786  -37.867    401.8    961.2
     1     1    11     1    19    17     0     1  -118.0  -12.845  -37.699    387.8    963.9
     1     1    11     1    19    16     0     2  -119.0  -12.894  -37.537    370.4    966.4
     1     1    11     1    19    15     0     3  -120.0  -12.939  -37.381    343.3    969.8
     1     1    11     1    19    14     0     2  -121.0  -12.984  -37.212    309.6    974.6
     1     1    11     1    19    13     0     1  -122.0  -13.034  -37.005    278.2    979.2
     1     1    11     1    19    12     0     0  -123.0  -13.090  -36.761    258.5    982.0
     1     1    11     1    19    11     0     1  -124.0  -13.158  -36.514    249.2    981.9
     1     1    11     1    19    10     0     2  -125.0  -13.236  -36.288    243.8    982.3
     1     1    11     1    19     9     0     3  -126.0  -13.325  -36.075    244.2    982.1
     1     1    11     1    19     8     0     2  -127.0  -13.413  -35.864    248.6    981.2
     1     1    11     1    19     7     0     1  -128.0  -13.492  -35.654    253.1    980.6
     1     1    11     1    19     6     0     0  -129.0  -13.568  -35.448    256.9    980.0
     1     1    11     1    19     5     0     1  -130.0  -13.641  -35.241    259.9    980.1
     1     1    11     1    19     4     0     2  -131.0  -13.712  -35.025    262.2    980.3
     1     1    11     1    19     3     0     3  -132.0  -13.779  -34.801    263.3    980.5
     1     1    11     1    19     2     0     2  -133.0  -13.841  -34.572    263.3    981.1
     1     1    11     1    19     1     0     1  -134.0  -13.897  -34.340    263.5    981.5
     1     1    11     1    19     0     0     0  -135.0  -13.947  -34.106    263.7    981.9
     1     1    11     1    18    23     0     1  -136.0  -13.998  -33.874    263.2    981.5
     1     1    11     1    18    22     0     2  -137.0  -14.052  -33.652    262.1    981.2
     1     1    11     1    18    21     0     3  -138.0  -14.111  -33.438    261.6    980.9
     1     1    11     1    18    20     0     2  -139.0  -14.170  -33.233    261.0    980.9
     1     1    11     1    18    19     0     1  -140.0  -14.229  -33.032    259.1    981.2
     1     1    11     1    18    18     0     0  -141.0  -14.289  -32.836    256.0    981.6
     1     1    11     1    18    17     0     1  -142.0  -14.345  -32.640    253.4    982.6
     1     1    11     1    18    16     0     2  -143.0  -14.392  -32.442    252.9    983.1
     1     1    11     1    18    15     0     3  -144.0  -14.432  -32.243    255.1    983.5
     1     1    11     1    18    14     0     2  -145.0  -14.470  -32.041    260.5    983.1
     1     1    11     1    18    13     0     1  -146.0  -14.512  -31.829    268.1    982.3
     1     1    11     1    18    12     0     0  -147.0  -14.558  -31.610    276.8    981.2
     1     1    11     1    18    11     0     1  -148.0  -14.606  -31.387    285.7    979.7
     1     1    11     1    18    10     0     2  -149.0  -14.653  -31.169    294.9    978.3
     1     1    11     1    18     9     0     3  -150.0  -14.702  -30.956    305.2    976.7
     1     1    11     1    18     8     0     2  -151.0  -14.749  -30.749    316.4    975.1
     1     1    11     1    18     7     0     1  -152.0  -14.793  -30.546    327.9    973.5
     1     1    11     1    18     6     0     0  -153.0  -14.833  -30.347    339.4    972.0
     1     1    11     1    18     5     0     1  -154.0  -14.874  -30.151    349.5    971.2
     1     1    11     1    18     4     0     2  -155.0  -14.918  -29.954    356.9    971.0
     1     1    11     1    18     3     0     3  -156.0  -14.966  -29.757    361.6    971.0
     1     1    11     1    18     2     0     2  -157.0  -15.015  -29.558    364.6    970.9
     1     1    11     1    18     1     0     1  -158.0  -15.067  -29.356    366.8    970.9
     1     1    11     1    18     0     0     0  -159.0  -15.123  -29.152    368.0    971.0
     1     1    11     1    17    23     0     1  -160.0  -15.178  -28.950    368.3    970.9
     1     1    11     1    17    22     0     2  -161.0  -15.225  -28.755    368.1    970.8
     1     1    11     1    17    21     0     3  -162.0  -15.266  -28.567    367.5    970.7
     1     1    11     1    17    20     0     2  -163.0  -15.301  -28.380    365.8    970.7
     1     1    11     1    17    19     0     1  -164.0  -15.329  -28.190    362.6    971.0
     1     1    11     1    17    18     0     0  -165.0  -15.350  -27.997    358.5    971.3
     1     1    11     1    17    17     0     1  -166.0  -15.369  -27.804    354.7    972.1
     1     1    11     1    17    16     0     2  -167.0  -15.390  -27.613    352.6    972.7
     1     1    11     1    17    15     0     3  -168.0  -15.413  -27.422    352.4    973.0
     1     1    11     1    17    14     0     2  -169.0  -15.434  -27.230    354.9    972.9
     1     1    11     1    17    13     0     1  -170.0  -15.447  -27.036    360.8    972.5
     1     1    11     1    17    12     0     0  -171.0  -15.451  -26.844    369.7    971.7
     1     1    11     1    17    11     0     1  -172.0  -15.454  -26.652    380.1    970.5
     1     1    11     1    17    10     0     2  -173.0  -15.465  -26.460    391.6    969.2
     1     1    11     1    17     9     0     3  -174.0  -15.483  -26.267    404.1    967.8
     1     1    11     1    17     8     0     2  -175.0  -15.505  -26.076    415.5    966.1
     1     1    11     1    17     7     0     1  -176.0  -15.526  -25.888    423.7    965.1
     1     1    11     1    17     6     0     0  -177.0  -15.546  -25.701    429.8    964.2
     1     1    11     1    17     5     0     1  -178.0  -15.566  -25.514    433.9    963.8
     1     1    11     1    17     4     0     2  -179.0  -15.587  -25.327    435.4    963.8
     1     1    11     1    17     3     0     3  -180.0  -15.610  -25.139    433.0    964.2
     1     1    11     1    17     2     0     2  -181.0  -15.630  -24.950    428.7    965.2
     1     1    11     1    17     1     0     1  -182.0  -15.642  -24.762    425.8    965.8
     1     1    11     1    17     0     0     0  -183.0  -15.646  -24.574    424.7    966.1
     1     1    11     1    16    23     0     1  -184.0  -15.643  -24.391    424.9    965.8
     1     1    11     1    16    22     0     2  -185.0  -15.637  -24.216    425.6    965.4
     1     1    11     1    16    21     0     3  -186.0  -15.624  -24.047    427.2    965.0
     1     1    11     1    16    20     0     2  -187.0  -15.603  -23.880    429.5    964.5
     1     1    11     1    16    19     0     1  -188.0  -15.571  -23.715    431.6    963.9
     1     1    11     1    16    18     0     0  -189.0  -15.529  -23.551    432.6    963.4
     1     1    11     1    16    17     0     1  -190.0  -15.481  -23.384    432.8    963.7
     1     1    11     1    16    16     0     2  -191.0  -15.430  -23.209    434.2    963.9
     1     1    11     1    16    15     0     3  -192.0  -15.374  -23.029    439.2    963.7
     1     1    11     1    16    14     0     2  -193.0  -15.313  -22.844    448.3    962.8
     1     1    11     1    16    13     0     1  -194.0  -15.249  -22.653    460.3    961.6
     1     1    11     1    16    12     0     0  -195.0  -15.185  -22.458    474.2    960.3
     1     1    11     1    16    11     0     1  -196.0  -15.123  -22.267    490.0    958.3
     1     1    11     1    16    10     0     2  -197.0  -15.067  -22.089    507.9    956.1
     1     1    11     1    16     9     0     3  -198.0  -15.016  -21.924    528.0    953.7
     1     1    11     1    16     8     0     2  -199.0  -14.971  -21.766    546.1    951.0
     1     1    11     1    16     7     0     1  -200.0  -14.932  -21.606    556.6    949.4
     1     1    11     1    16     6     0     0  -201.0  -14.900  -21.445    558.4    948.9
     1     1    11     1    16     5     0     1  -202.0  -14.871  -21.281    552.1    949.6
     1     1    11     1    16     4     0     2  -203.0  -14.843  -21.111    539.2    951.0
     1     1    11     1    16     3     0     3  -204.0  -14.816  -20.934    521.0    953.1
     1     1    11     1    16     2     0     2  -205.0  -14.796  -20.748    502.9    955.7
     1     1    11     1    16     1     0     1  -206.0  -14.784  -20.550    488.4    957.5
     1     1    11     1    16     0     0     0  -207.0  -14.780  -20.342    476.7    959.0
     1     1    11     1    15    23     0     1  -208.0  -14.779  -20.133    470.2    959.7
     1     1    11     1    15    22     0     2  -209.0  -14.777  -19.932    471.4    959.2
     1     1    11     1    15    21     0     3  -210.0  -14.775  -19.742    480.2    957.8
     1     1    11     1    15    20     0     2  -211.0  -14.766  -19.562    491.5    955.8
     1     1    11     1    15    19     0     1  -212.0  -14.747  -19.391    500.3    954.6
     1     1    11     1    15    18     0     0  -213.0  -14.719  -19.226    507.0    953.6
     1     1    11     1    15    17     0     1  -214.0  -14.685  -19.059    515.0    953.1
     1     1    11     1    15    16     0     2  -215.0  -14.650  -18.883    527.2    951.8
     1     1    11     1    15    15     0     3  -216.0  -14.614  -18.699    542.8    950.0
     1     1    11     1    15    14     0     2  -217.0  -14.579  -18.510    559.6    948.4
     1     1    11     1    15    13     0     1  -218.0  -14.545  -18.316    576.2    947.0
     1     1    11     1    15    12     0     0  -219.0  -14.512  -18.120    592.9    945.6
     1     1    11     1    15    11     0     1  -220.0  -14.482  -17.917    609.3    943.7
     1     1    11     1    15    10     0     2  -221.0  -14.457  -17.701    624.4    942.0
     1     1    11     1    15     9     0     3  -222.0  -14.437  -17.474    639.4    940.4
     1     1    11     1    15     8     0     2  -223.0  -14.421  -17.243    655.6    938.3
     1     1    11     1    15     7     0     1  -224.0  -14.408  -17.016    672.3    936.0
     1     1    11     1    15     6     0     0  -225.0  -14.397  -16.797    689.3    933.9
     1     1    11     1    15     5     0     1  -226.0  -14.395  -16.581    705.3    931.9
     1     1    11     1    15     4     0     2  -227.0  -14.407  -16.364    718.3    930.3
     1     1    11     1    15     3     0     3  -228.0  -14.433  -16.144    727.3    929.1
     1     1    11     1    15     2     0     2  -229.0  -14.467  -15.920    732.9    928.9
     1     1    11     1    15     1     0     1  -230.0  -14.506  -15.689    736.1    928.9
     1     1    11     1    15     0     0     0  -231.0  -14.550  -15.452    737.2    929.1
     1     1    11     1    14    23     0     1  -232.0  -14.596  -15.208    737.6    929.0
     1     1    11     1    14    22     0     2  -233.0  -14.642  -14.953    738.6    928.8
     1     1    11     1    14    21     0     3  -234.0  -14.687  -14.687    742.1    928.3
     1     1    11     1    14    20     0     2  -235.0  -14.736  -14.415    749.1    927.2
     1     1    11     1    14    19     0     1  -236.0  -14.791  -14.143    759.9    925.7
     1     1    11     1    14    18     0     0  -237.0  -14.852  -13.872    774.8    923.8
     1     1    11     1    14    17     0     1  -238.0  -14.915  -13.601    796.0    921.9
     1     1    11     1    14    16     0     2  -239.0  -14.976  -13.332    825.3    919.0
     1     1    11     1    14    15     0     3  -240.0  -15.032  -13.067    860.1    915.3
     1     1    11     1    14    14     0     2  -241.0  -15.086  -12.807    894.7    912.0
     1     1    11     1    14    13     0     1  -242.0  -15.141  -12.550    927.7    909.2
     1     1    11     1    14    12     0     0  -243.0  -15.196  -12.295    963.2    906.1
     1     1    11     1    14    11     0     1  -244.0  -15.252  -12.038   1002.0    902.0
     1     1    11     1    14    10     0     2  -245.0  -15.309  -11.775   1041.8    897.8
     1     1    11     1    14     9     0     3  -246.0  -15.369  -11.504   1080.7    894.0
     1     1    11     1    14     8     0     2  -247.0  -15.436  -11.229   1114.9    889.8
     1     1    11     1    14     7     0     1  -248.0  -15.514  -10.957   1139.4    886.9
     1     1    11     1    14     6     0     0  -249.0  -15.606  -10.683   1153.8    885.3
     1     1    11     1    14     5     0     1  -250.0  -15.710  -10.407   1163.5    884.5
     1     1    11     1    14     4     0     2  -251.0  -15.818  -10.128   1173.0    883.3
     1     1    11     1    14     3     0     3  -252.0  -15.928   -9.848   1182.4    882.0
     1     1    11     1    14     2     0     2  -253.0  -16.036   -9.571   1191.8    881.6
     1     1    11     1    14     1     0     1  -254.0  -16.139   -9.296   1201.7    881.0
     1     1    11     1    14     0     0     0  -255.0  -16.239   -9.022   1210.2    880.5
     1     1    11     1    13    23     0     1  -256.0  -16.339   -8.749   1219.4    879.8
     1     1    11     1    13    22     0     2  -257.0  -16.443   -8.478   1230.8    878.3
     1     1    11     1    13    21     0     3  -258.0  -16.549   -8.210   1241.4    877.0
     1     1    11     1    13    20     0     2  -259.0  -16.662   -7.942   1250.1    875.9
     1     1    11     1    13    19     0     1  -260.0  -16.784   -7.674   1258.9    874.9
     1     1    11     1    13    18     0     0  -261.0  -16.914   -7.404   1266.7    873.7
     1     1    11     1    13    17     0     1  -262.0  -17.054   -7.138   1271.5    873.2
     1     1    11     1    13    16     0     2  -263.0  -17.203   -6.881   1276.6    873.1
     1     1    11     1    13    15     0     3  -264.0  -17.362   -6.635   1285.7    872.2
     1     1    11     1    13    14     0     2  -265.0  -17.527   -6.393   1302.0    871.1
     1     1    11     1    13    13     0     1  -266.0  -17.692   -6.150   1327.3    868.8
     1     1    11     1    13    12     0     0  -267.0  -17.857   -5.905   1361.4    865.7
     1     1    11     1    13    11     0     1  -268.0  -18.015   -5.649   1394.5    861.4
     1     1    11     1    13    10     0     2  -269.0  -18.159   -5.373   1417.3    859.4
     1     1    11     1    13     9     0     3  -270.0  -18.291   -5.074   1435.0    858.2
     1     1    11     1    13     8     0     2  -271.0  -18.418   -4.764   1454.4    856.4
     1     1    11     1    13     7     0     1  -272.0  -18.545   -4.451   1475.8    853.9
     1     1    11     1    13     6     0     0  -273.0  -18.672   -4.135   1493.4    851.7
     1     1    11     1    13     5     0     1  -274.0  -18.805   -3.812   1502.6    850.5
     1     1    11     1    13     4     0     2  -275.0  -18.950   -3.482   1504.3    850.4
     1     1    11     1    13     3     0     3  -276.0  -19.104   -3.148   1505.2    850.7
     1     1    11     1    13     2     0     2  -277.0  -19.261   -2.817   1512.2    850.6
     1     1    11     1    13     1     0     1  -278.0  -19.419   -2.491   1522.5    849.4
     1     1    11     1    13     0     0     0  -279.0  -19.579   -2.169   1527.7    848.8
     1     1    11     1    12    23     0     1  -280.0  -19.744   -1.853   1526.4    849.2
     1     1    11     1    12    22     0     2  -281.0  -19.915   -1.544   1523.7    849.7
     1     1    11     1    12    21     0     3  -282.0  -20.094   -1.242   1523.7    849.8
     1     1    11     1    12    20     0     2  -283.0  -20.278   -0.950   1525.7    849.2
     1     1    11     1    12    19     0     1  -284.0  -20.464   -0.666   1526.6    848.7
     1     1    11     1    12    18     0     0  -285.0  -20.653   -0.388   1523.8    848.7
     1     1    11     1    12    17     0     1  -286.0  -20.842   -0.111   1518.4    849.7
     1     1    11     1    12    16     0     2  -287.0  -21.020    0.160   1520.2    849.9
     1     1    11     1    12    15     0     3  -288.0  -21.189    0.420   1529.8    848.4
     1     1    11     1    12    14     0     2  -289.0  -21.358    0.681   1543.3    847.8
     1     1    11     1    12    13     0     1  -290.0  -21.526    0.942   1563.4    846.2
     1     1    11     1    12    12     0     0  -291.0  -21.687    1.205   1590.1    843.9
     1     1    11     1    12    11     0     1  -292.0  -21.845    1.473   1617.4    840.8
     1     1    11     1    12    10     0     2  -293.0  -22.008    1.749   1640.7    838.7
     1     1    11     1    12     9     0     3  -294.0  -22.178    2.032   1661.2    836.9
     1     1    11     1    12     8     0     2  -295.0  -22.354    2.311   1680.3    835.1
     1     1    11     1    12     7     0     1  -296.0  -22.532    2.578   1699.0    833.1
     1     1    11     1    12     6     0     0  -297.0  -22.712    2.834   1715.5    831.3
     1     1    11     1    12     5     0     1  -298.0  -22.901    3.084   1729.8    829.9
     1     1    11     1    12     4     0     2  -299.0  -23.106    3.328   1746.2    828.4
     1     1    11     1    12     3     0     3  -300.0  -23.327    3.561   1767.4    826.2
     1     1    11     1    12     2     0     2  -301.0  -23.557    3.777   1787.2    824.1
     1     1    11     1    12     1     0     1  -302.0  -23.787    3.979   1799.2    823.4
     1     1    11     1    12     0     0     0  -303.0  -24.017    4.173   1803.2    823.4
     1     1    11     1    11    23     0     1  -304.0  -24.247    4.356   1806.1    824.0
     1     1    11     1    11    22     0     2  -305.0  -24.475    4.520   1816.0    823.4
     1     1    11     1    11    21     0     3  -306.0  -24.698    4.665   1835.0    821.9
     1     1    11     1    11    20     0     2  -307.0  -24.912    4.795   1857.5    818.9
     1     1    11     1    11    19     0     1  -308.0  -25.115    4.914   1876.1    816.7
     1     1    11     1    11    18     0     0  -309.0  -25.308    5.022   1890.0    815.2
     1     1    11     1    11    17     0     1  -310.0  -25.491    5.124   1903.7    814.1
     1     1    11     1    11    16     0     2  -311.0  -25.661    5.224   1921.2    812.3
     1     1    11     1    11    15     0     3  -312.0  -25.815    5.324   1942.1    810.2
     1     1    11     1    11    14     0     2  -313.0  -25.960    5.430   1966.7    808.1
     1     1    11     1    11    13     0     1  -314.0  -26.098    5.549   1995.3    805.6
     1     1    11     1    11    12     0     0  -315.0  -26.231    5.679   2028.4    802.7
     1     1    11     1    11    11     0     1  -316.0  -26.362    5.813   2067.7    798.9
     1     1    11     1    11    10     0     2  -317.0  -26.495    5.944   2113.3    794.5
     1     1    11     1    11     9     0     3  -318.0  -26.630    6.072   2163.6    789.7
     1     1    11     1    11     8     0     2  -319.0  -26.770    6.195   2211.2    784.6
     1     1    11     1    11     7     0     1  -320.0  -26.917    6.314   2250.5    780.9
     1     1    11     1    11     6     0     0  -321.0  -27.072    6.428   2283.5    777.8
     1     1    11     1    11     5     0     1  -322.0  -27.233    6.536   2312.5    774.9
     1     1    11     1    11     4     0     2  -323.0  -27.400    6.635   2339.4    772.1
     1     1    11     1    11     3     0     3  -324.0  -27.573    6.723   2363.9    769.6
     1     1    11     1    11     2     0     2  -325.0  -27.747    6.799   2388.9    767.7
     1     1    11     1    11     1     0     1  -326.0  -27.916    6.861   2417.6    765.3
     1     1    11     1    11     0     0     0  -327.0  -28.082    6.912   2449.7    762.4
     1     1    11     1    10    23     0     1  -328.0  -28.243    6.956   2483.5    759.5
     1     1    11     1    10    22     0     2  -329.0  -28.402    6.997   2519.5    756.5
     1     1    11     1    10    21     0     3  -330.0  -28.558    7.035   2559.4    753.2
     1     1    11     1    10    20     0     2  -331.0  -28.710    7.063   2598.2    748.9
     1     1    11     1    10    19     0     1  -332.0  -28.855    7.077   2630.2    745.7
     1     1    11     1    10    18     0     0  -333.0  -28.994    7.077   2654.7    743.2
     1     1    11     1    10    17     0     1  -334.0  -29.126    7.059   2678.0    741.7
     1     1    11     1    10    16     0     2  -335.0  -29.249    7.020   2706.1    739.3
     1     1    11     1    10    15     0     3  -336.0  -29.363    6.959   2738.4    736.3
