     3     1
    GDAS    11     7     1     0     0
    GDAS    11     7     8     0     0
    GDAS    11     7    15     0     0
     1 BACKWARD OMEGA   
  2011     7    20    16   -8.850  -56.750  2590.8
     1 PRESSURE
     1     1    11     7    20    16     0     2     0.0   -8.850  -56.750   2590.8    731.4
     1     1    11     7    20    15     0     3    -1.0   -8.847  -56.552   2642.0    725.5
     1     1    11     7    20    14     0     2    -2.0   -8.859  -56.346   2692.1    719.8
     1     1    11     7    20    13     0     1    -3.0   -8.879  -56.141   2740.5    714.0
     1     1    11     7    20    12     0     0    -4.0   -8.906  -55.938   2782.1    708.4
     1     1    11     7    20    11     0     1    -5.0   -8.925  -55.746   2809.9    702.7
     1     1    11     7    20    10     0     2    -6.0   -8.916  -55.576   2828.5    698.7
     1     1    11     7    20     9     0     3    -7.0   -8.879  -55.430   2847.4    694.9
     1     1    11     7    20     8     0     2    -8.0   -8.830  -55.291   2868.5    691.2
     1     1    11     7    20     7     0     1    -9.0   -8.782  -55.142   2889.2    687.8
     1     1    11     7    20     6     0     0   -10.0   -8.734  -54.983   2909.3    684.9
     1     1    11     7    20     5     0     1   -11.0   -8.685  -54.817   2925.2    684.2
     1     1    11     7    20     4     0     2   -12.0   -8.637  -54.643   2930.0    684.9
     1     1    11     7    20     3     0     3   -13.0   -8.595  -54.461   2927.2    686.2
     1     1    11     7    20     2     0     2   -14.0   -8.561  -54.277   2926.6    687.4
     1     1    11     7    20     1     0     1   -15.0   -8.535  -54.095   2932.4    687.0
     1     1    11     7    20     0     0     0   -16.0   -8.514  -53.915   2937.2    686.8
     1     1    11     7    19    23     0     1   -17.0   -8.496  -53.743   2936.9    687.1
     1     1    11     7    19    22     0     2   -18.0   -8.479  -53.579   2930.6    687.9
     1     1    11     7    19    21     0     3   -19.0   -8.464  -53.421   2917.9    689.4
     1     1    11     7    19    20     0     2   -20.0   -8.457  -53.266   2900.1    691.6
     1     1    11     7    19    19     0     1   -21.0   -8.463  -53.110   2879.5    693.9
     1     1    11     7    19    18     0     0   -22.0   -8.480  -52.952   2858.1    696.1
     1     1    11     7    19    17     0     1   -23.0   -8.509  -52.793   2839.0    698.4
     1     1    11     7    19    16     0     2   -24.0   -8.550  -52.631   2822.9    700.4
     1     1    11     7    19    15     0     3   -25.0   -8.601  -52.468   2808.5    702.2
     1     1    11     7    19    14     0     2   -26.0   -8.657  -52.308   2798.7    703.6
     1     1    11     7    19    13     0     1   -27.0   -8.712  -52.154   2797.6    704.2
     1     1    11     7    19    12     0     0   -28.0   -8.769  -52.006   2806.6    704.0
     1     1    11     7    19    11     0     1   -29.0   -8.828  -51.868   2825.5    701.2
     1     1    11     7    19    10     0     2   -30.0   -8.884  -51.741   2856.1    697.0
     1     1    11     7    19     9     0     3   -31.0   -8.940  -51.627   2895.6    692.2
     1     1    11     7    19     8     0     2   -32.0   -8.993  -51.521   2935.1    687.3
     1     1    11     7    19     7     0     1   -33.0   -9.042  -51.419   2967.4    684.3
     1     1    11     7    19     6     0     0   -34.0   -9.086  -51.316   2991.4    682.0
     1     1    11     7    19     5     0     1   -35.0   -9.126  -51.214   3011.0    680.6
     1     1    11     7    19     4     0     2   -36.0   -9.162  -51.114   3031.1    679.0
     1     1    11     7    19     3     0     3   -37.0   -9.192  -51.016   3053.5    677.2
     1     1    11     7    19     2     0     2   -38.0   -9.221  -50.919   3082.3    676.4
     1     1    11     7    19     1     0     1   -39.0   -9.252  -50.826   3116.2    675.4
     1     1    11     7    19     0     0     0   -40.0   -9.283  -50.738   3155.9    673.9
     1     1    11     7    18    23     0     1   -41.0   -9.318  -50.657   3199.0    671.4
     1     1    11     7    18    22     0     2   -42.0   -9.360  -50.585   3242.9    668.9
     1     1    11     7    18    21     0     3   -43.0   -9.411  -50.524   3287.4    666.2
     1     1    11     7    18    20     0     2   -44.0   -9.465  -50.470   3322.1    663.6
     1     1    11     7    18    19     0     1   -45.0   -9.520  -50.422   3336.8    663.3
     1     1    11     7    18    18     0     0   -46.0   -9.574  -50.380   3331.6    664.6
     1     1    11     7    18    17     0     1   -47.0   -9.625  -50.343   3321.4    667.5
     1     1    11     7    18    16     0     2   -48.0   -9.668  -50.312   3321.4    668.3
     1     1    11     7    18    15     0     3   -49.0   -9.701  -50.285   3331.9    668.0
     1     1    11     7    18    14     0     2   -50.0   -9.724  -50.259   3347.4    666.6
     1     1    11     7    18    13     0     1   -51.0   -9.737  -50.225   3362.0    665.7
     1     1    11     7    18    12     0     0   -52.0   -9.740  -50.184   3375.4    665.0
     1     1    11     7    18    11     0     1   -53.0   -9.736  -50.139   3390.9    664.0
     1     1    11     7    18    10     0     2   -54.0   -9.728  -50.094   3412.1    662.3
     1     1    11     7    18     9     0     3   -55.0   -9.717  -50.048   3440.0    660.0
     1     1    11     7    18     8     0     2   -56.0   -9.708  -50.002   3471.1    657.9
     1     1    11     7    18     7     0     1   -57.0   -9.709  -49.960   3500.0    655.4
     1     1    11     7    18     6     0     0   -58.0   -9.718  -49.921   3528.3    653.0
     1     1    11     7    18     5     0     1   -59.0   -9.729  -49.885   3549.9    650.8
     1     1    11     7    18     4     0     2   -60.0   -9.734  -49.849   3558.3    650.1
     1     1    11     7    18     3     0     3   -61.0   -9.734  -49.812   3553.0    650.5
     1     1    11     7    18     2     0     2   -62.0   -9.731  -49.773   3547.0    651.7
     1     1    11     7    18     1     0     1   -63.0   -9.729  -49.733   3554.1    650.8
     1     1    11     7    18     0     0     0   -64.0   -9.726  -49.694   3574.4    648.8
     1     1    11     7    17    23     0     1   -65.0   -9.723  -49.655   3604.1    645.6
     1     1    11     7    17    22     0     2   -66.0   -9.719  -49.615   3639.3    642.1
     1     1    11     7    17    21     0     3   -67.0   -9.713  -49.573   3678.7    638.3
     1     1    11     7    17    20     0     2   -68.0   -9.702  -49.532   3717.2    634.9
     1     1    11     7    17    19     0     1   -69.0   -9.681  -49.494   3750.3    632.3
     1     1    11     7    17    18     0     0   -70.0   -9.651  -49.458   3778.0    630.2
     1     1    11     7    17    17     0     1   -71.0   -9.616  -49.428   3802.4    628.5
     1     1    11     7    17    16     0     2   -72.0   -9.578  -49.407   3826.4    626.9
     1     1    11     7    17    15     0     3   -73.0   -9.538  -49.397   3850.9    625.4
     1     1    11     7    17    14     0     2   -74.0   -9.493  -49.397   3876.5    623.4
     1     1    11     7    17    13     0     1   -75.0   -9.440  -49.404   3902.8    621.4
     1     1    11     7    17    12     0     0   -76.0   -9.381  -49.419   3927.6    619.6
     1     1    11     7    17    11     0     1   -77.0   -9.311  -49.436   3949.9    617.9
     1     1    11     7    17    10     0     2   -78.0   -9.228  -49.449   3970.2    616.5
     1     1    11     7    17     9     0     3   -79.0   -9.134  -49.459   3989.9    615.1
     1     1    11     7    17     8     0     2   -80.0   -9.035  -49.464   4008.9    613.8
     1     1    11     7    17     7     0     1   -81.0   -8.936  -49.464   4025.8    612.6
     1     1    11     7    17     6     0     0   -82.0   -8.839  -49.459   4039.9    611.3
     1     1    11     7    17     5     0     1   -83.0   -8.743  -49.448   4047.2    610.8
     1     1    11     7    17     4     0     2   -84.0   -8.653  -49.431   4044.9    611.4
     1     1    11     7    17     3     0     3   -85.0   -8.567  -49.408   4034.1    612.6
     1     1    11     7    17     2     0     2   -86.0   -8.484  -49.385   4024.7    614.0
     1     1    11     7    17     1     0     1   -87.0   -8.403  -49.368   4025.2    613.9
     1     1    11     7    17     0     0     0   -88.0   -8.323  -49.358   4035.1    613.2
     1     1    11     7    16    23     0     1   -89.0   -8.245  -49.350   4048.2    611.6
     1     1    11     7    16    22     0     2   -90.0   -8.171  -49.340   4059.6    610.7
     1     1    11     7    16    21     0     3   -91.0   -8.103  -49.328   4071.7    609.7
     1     1    11     7    16    20     0     2   -92.0   -8.037  -49.319   4093.6    608.8
     1     1    11     7    16    19     0     1   -93.0   -7.972  -49.320   4130.9    605.9
     1     1    11     7    16    18     0     0   -94.0   -7.904  -49.331   4179.6    602.0
     1     1    11     7    16    17     0     1   -95.0   -7.828  -49.346   4228.1    597.7
     1     1    11     7    16    16     0     2   -96.0   -7.740  -49.359   4268.7    594.8
     1     1    11     7    16    15     0     3   -97.0   -7.638  -49.368   4306.0    592.3
     1     1    11     7    16    14     0     2   -98.0   -7.526  -49.377   4343.7    589.1
     1     1    11     7    16    13     0     1   -99.0   -7.405  -49.386   4381.9    585.8
     1     1    11     7    16    12     0     0  -100.0   -7.276  -49.396   4418.8    582.6
     1     1    11     7    16    11     0     1  -101.0   -7.139  -49.402   4457.8    579.4
     1     1    11     7    16    10     0     2  -102.0   -6.995  -49.400   4503.7    575.6
     1     1    11     7    16     9     0     3  -103.0   -6.843  -49.391   4559.2    571.8
     1     1    11     7    16     8     0     2  -104.0   -6.683  -49.379   4613.9    567.8
     1     1    11     7    16     7     0     1  -105.0   -6.516  -49.363   4658.5    565.3
     1     1    11     7    16     6     0     0  -106.0   -6.347  -49.344   4691.2    563.7
     1     1    11     7    16     5     0     1  -107.0   -6.178  -49.321   4733.9    563.5
     1     1    11     7    16     4     0     2  -108.0   -6.008  -49.297   4814.4    559.3
     1     1    11     7    16     3     0     3  -109.0   -5.830  -49.270   4934.5    551.7
     1     1    11     7    16     2     0     2  -110.0   -5.645  -49.244   5056.9    540.9
     1     1    11     7    16     1     0     1  -111.0   -5.459  -49.220   5142.5    535.2
     1     1    11     7    16     0     0     0  -112.0   -5.274  -49.202   5191.5    532.0
     1     1    11     7    15    23     0     1  -113.0   -5.089  -49.185   5223.8    530.9
     1     1    11     7    15    22     0     2  -114.0   -4.898  -49.168   5259.1    528.6
     1     1    11     7    15    21     0     3  -115.0   -4.702  -49.147   5286.5    526.8
     1     1    11     7    15    20     0     2  -116.0   -4.504  -49.119   5291.9    527.2
     1     1    11     7    15    19     0     1  -117.0   -4.306  -49.081   5276.5    529.7
     1     1    11     7    15    18     0     0  -118.0   -4.113  -49.033   5252.7    532.7
     1     1    11     7    15    17     0     1  -119.0   -3.924  -48.978   5232.8    535.2
     1     1    11     7    15    16     0     2  -120.0   -3.734  -48.918   5225.2    535.8
     1     1    11     7    15    15     0     3  -121.0   -3.541  -48.853   5234.3    535.5
     1     1    11     7    15    14     0     2  -122.0   -3.350  -48.786   5251.9    533.6
     1     1    11     7    15    13     0     1  -123.0   -3.163  -48.719   5267.5    532.5
     1     1    11     7    15    12     0     0  -124.0   -2.979  -48.655   5276.6    532.0
     1     1    11     7    15    11     0     1  -125.0   -2.804  -48.591   5281.8    532.4
     1     1    11     7    15    10     0     2  -126.0   -2.639  -48.523   5295.2    532.3
     1     1    11     7    15     9     0     3  -127.0   -2.484  -48.449   5330.9    530.6
     1     1    11     7    15     8     0     2  -128.0   -2.333  -48.373   5372.8    526.7
     1     1    11     7    15     7     0     1  -129.0   -2.185  -48.296   5398.3    525.3
     1     1    11     7    15     6     0     0  -130.0   -2.044  -48.217   5407.1    525.1
     1     1    11     7    15     5     0     1  -131.0   -1.913  -48.141   5412.3    526.4
     1     1    11     7    15     4     0     2  -132.0   -1.796  -48.071   5425.2    526.2
     1     1    11     7    15     3     0     3  -133.0   -1.691  -48.011   5442.4    525.5
     1     1    11     7    15     2     0     2  -134.0   -1.595  -47.951   5455.2    524.3
     1     1    11     7    15     1     0     1  -135.0   -1.500  -47.882   5460.3    524.2
     1     1    11     7    15     0     0     0  -136.0   -1.408  -47.803   5461.9    524.3
     1     1    11     7    14    23     0     1  -137.0   -1.317  -47.721   5461.0    524.1
     1     1    11     7    14    22     0     2  -138.0   -1.224  -47.638   5460.6    524.3
     1     1    11     7    14    21     0     3  -139.0   -1.129  -47.555   5468.7    524.0
     1     1    11     7    14    20     0     2  -140.0   -1.032  -47.475   5469.0    523.0
     1     1    11     7    14    19     0     1  -141.0   -0.933  -47.400   5434.2    525.3
     1     1    11     7    14    18     0     0  -142.0   -0.837  -47.331   5361.5    530.4
     1     1    11     7    14    17     0     1  -143.0   -0.739  -47.264   5279.3    538.0
     1     1    11     7    14    16     0     2  -144.0   -0.633  -47.196   5216.6    542.6
     1     1    11     7    14    15     0     3  -145.0   -0.515  -47.126   5172.2    545.9
     1     1    11     7    14    14     0     2  -146.0   -0.384  -47.057   5158.1    547.6
     1     1    11     7    14    13     0     1  -147.0   -0.242  -46.991   5191.2    545.4
     1     1    11     7    14    12     0     0  -148.0   -0.093  -46.928   5272.8    539.6
     1     1    11     7    14    11     0     1  -149.0    0.047  -46.872   5360.1    530.5
     1     1    11     7    14    10     0     2  -150.0    0.161  -46.821   5409.9    526.9
     1     1    11     7    14     9     0     3  -151.0    0.253  -46.775   5425.3    525.8
     1     1    11     7    14     8     0     2  -152.0    0.330  -46.734   5422.3    527.0
     1     1    11     7    14     7     0     1  -153.0    0.400  -46.698   5416.3    527.5
     1     1    11     7    14     6     0     0  -154.0    0.462  -46.665   5410.5    528.1
     1     1    11     7    14     5     0     1  -155.0    0.521  -46.631   5410.1    528.8
     1     1    11     7    14     4     0     2  -156.0    0.579  -46.592   5417.5    528.6
     1     1    11     7    14     3     0     3  -157.0    0.637  -46.547   5429.2    528.1
     1     1    11     7    14     2     0     2  -158.0    0.697  -46.500   5447.7    527.1
     1     1    11     7    14     1     0     1  -159.0    0.758  -46.451   5476.3    525.1
     1     1    11     7    14     0     0     0  -160.0    0.822  -46.402   5512.7    522.5
     1     1    11     7    13    23     0     1  -161.0    0.884  -46.354   5541.0    519.4
     1     1    11     7    13    22     0     2  -162.0    0.940  -46.310   5546.7    518.8
     1     1    11     7    13    21     0     3  -163.0    0.989  -46.268   5529.0    519.7
     1     1    11     7    13    20     0     2  -164.0    1.039  -46.228   5495.6    522.4
     1     1    11     7    13    19     0     1  -165.0    1.092  -46.189   5455.5    525.1
     1     1    11     7    13    18     0     0  -166.0    1.148  -46.151   5411.2    528.1
     1     1    11     7    13    17     0     1  -167.0    1.197  -46.112   5376.5    531.7
     1     1    11     7    13    16     0     2  -168.0    1.229  -46.075   5361.7    533.0
     1     1    11     7    13    15     0     3  -169.0    1.241  -46.041   5364.1    533.1
     1     1    11     7    13    14     0     2  -170.0    1.246  -46.004   5371.3    531.8
     1     1    11     7    13    13     0     1  -171.0    1.257  -45.961   5372.3    531.8
     1     1    11     7    13    12     0     0  -172.0    1.276  -45.911   5368.0    532.0
     1     1    11     7    13    11     0     1  -173.0    1.298  -45.860   5370.4    532.5
     1     1    11     7    13    10     0     2  -174.0    1.320  -45.815   5389.4    530.9
     1     1    11     7    13     9     0     3  -175.0    1.343  -45.776   5423.2    528.4
     1     1    11     7    13     8     0     2  -176.0    1.370  -45.741   5458.1    525.2
     1     1    11     7    13     7     0     1  -177.0    1.402  -45.706   5481.9    523.6
     1     1    11     7    13     6     0     0  -178.0    1.440  -45.672   5495.4    522.7
     1     1    11     7    13     5     0     1  -179.0    1.482  -45.636   5509.6    522.8
     1     1    11     7    13     4     0     2  -180.0    1.525  -45.599   5535.3    521.5
     1     1    11     7    13     3     0     3  -181.0    1.565  -45.561   5573.4    519.3
     1     1    11     7    13     2     0     2  -182.0    1.600  -45.520   5607.6    516.0
     1     1    11     7    13     1     0     1  -183.0    1.634  -45.474   5620.2    515.2
     1     1    11     7    13     0     0     0  -184.0    1.669  -45.421   5610.0    515.8
     1     1    11     7    12    23     0     1  -185.0    1.707  -45.362   5594.4    517.7
     1     1    11     7    12    22     0     2  -186.0    1.741  -45.298   5590.7    517.7
     1     1    11     7    12    21     0     3  -187.0    1.770  -45.230   5598.7    517.0
     1     1    11     7    12    20     0     2  -188.0    1.790  -45.161   5610.5    515.7
     1     1    11     7    12    19     0     1  -189.0    1.799  -45.094   5618.2    515.3
     1     1    11     7    12    18     0     0  -190.0    1.800  -45.030   5621.5    515.1
     1     1    11     7    12    17     0     1  -191.0    1.794  -44.967   5620.8    515.5
     1     1    11     7    12    16     0     2  -192.0    1.783  -44.902   5616.8    516.0
     1     1    11     7    12    15     0     3  -193.0    1.769  -44.835   5609.8    516.8
     1     1    11     7    12    14     0     2  -194.0    1.758  -44.762   5616.7    517.3
     1     1    11     7    12    13     0     1  -195.0    1.752  -44.680   5654.0    514.7
     1     1    11     7    12    12     0     0  -196.0    1.747  -44.590   5721.2    510.2
     1     1    11     7    12    11     0     1  -197.0    1.737  -44.495   5807.3    503.7
     1     1    11     7    12    10     0     2  -198.0    1.720  -44.394   5903.2    497.4
     1     1    11     7    12     9     0     3  -199.0    1.696  -44.290   6011.3    490.4
     1     1    11     7    12     8     0     2  -200.0    1.666  -44.187   6111.3    482.8
     1     1    11     7    12     7     0     1  -201.0    1.638  -44.084   6178.8    478.5
     1     1    11     7    12     6     0     0  -202.0    1.615  -43.980   6209.2    476.5
     1     1    11     7    12     5     0     1  -203.0    1.598  -43.873   6220.4    477.4
     1     1    11     7    12     4     0     2  -204.0    1.584  -43.763   6233.9    477.1
     1     1    11     7    12     3     0     3  -205.0    1.574  -43.649   6253.4    476.4
     1     1    11     7    12     2     0     2  -206.0    1.565  -43.531   6277.1    474.8
     1     1    11     7    12     1     0     1  -207.0    1.551  -43.410   6300.8    473.3
     1     1    11     7    12     0     0     0  -208.0    1.535  -43.284   6323.6    471.9
     1     1    11     7    11    23     0     1  -209.0    1.516  -43.155   6336.2    470.5
     1     1    11     7    11    22     0     2  -210.0    1.498  -43.024   6330.7    470.7
     1     1    11     7    11    21     0     3  -211.0    1.482  -42.892   6307.5    472.0
     1     1    11     7    11    20     0     2  -212.0    1.467  -42.758   6285.5    474.5
     1     1    11     7    11    19     0     1  -213.0    1.451  -42.622   6284.2    474.7
     1     1    11     7    11    18     0     0  -214.0    1.433  -42.483   6303.3    473.6
     1     1    11     7    11    17     0     1  -215.0    1.416  -42.342   6331.2    471.4
     1     1    11     7    11    16     0     2  -216.0    1.407  -42.199   6357.7    469.9
     1     1    11     7    11    15     0     3  -217.0    1.405  -42.053   6385.2    468.5
     1     1    11     7    11    14     0     2  -218.0    1.409  -41.903   6420.7    466.6
     1     1    11     7    11    13     0     1  -219.0    1.415  -41.745   6466.8    463.6
     1     1    11     7    11    12     0     0  -220.0    1.425  -41.579   6517.4    460.4
     1     1    11     7    11    11     0     1  -221.0    1.441  -41.412   6570.3    457.0
     1     1    11     7    11    10     0     2  -222.0    1.468  -41.250   6628.1    453.4
     1     1    11     7    11     9     0     3  -223.0    1.508  -41.090   6693.5    449.4
     1     1    11     7    11     8     0     2  -224.0    1.556  -40.930   6741.7    444.9
     1     1    11     7    11     7     0     1  -225.0    1.611  -40.768   6749.8    444.5
     1     1    11     7    11     6     0     0  -226.0    1.674  -40.605   6722.8    446.1
     1     1    11     7    11     5     0     1  -227.0    1.742  -40.441   6689.6    449.9
     1     1    11     7    11     4     0     2  -228.0    1.809  -40.277   6675.4    451.0
     1     1    11     7    11     3     0     3  -229.0    1.872  -40.116   6678.7    451.1
     1     1    11     7    11     2     0     2  -230.0    1.928  -39.954   6688.5    450.0
     1     1    11     7    11     1     0     1  -231.0    1.977  -39.787   6695.0    449.9
     1     1    11     7    11     0     0     0  -232.0    2.019  -39.615   6701.9    449.8
     1     1    11     7    10    23     0     1  -233.0    2.057  -39.442   6717.2    449.0
     1     1    11     7    10    22     0     2  -234.0    2.092  -39.273   6743.8    447.1
     1     1    11     7    10    21     0     3  -235.0    2.122  -39.106   6777.1    444.8
     1     1    11     7    10    20     0     2  -236.0    2.148  -38.941   6803.3    442.7
     1     1    11     7    10    19     0     1  -237.0    2.173  -38.775   6811.6    442.3
     1     1    11     7    10    18     0     0  -238.0    2.200  -38.611   6803.5    442.9
     1     1    11     7    10    17     0     1  -239.0    2.229  -38.444   6790.8    444.4
     1     1    11     7    10    16     0     2  -240.0    2.260  -38.274   6785.5    444.9
     1     1    11     7    10    15     0     3  -241.0    2.293  -38.103   6791.1    444.8
     1     1    11     7    10    14     0     2  -242.0    2.326  -37.934   6810.2    443.7
     1     1    11     7    10    13     0     1  -243.0    2.359  -37.766   6842.3    441.8
     1     1    11     7    10    12     0     0  -244.0    2.391  -37.599   6886.2    439.2
     1     1    11     7    10    11     0     1  -245.0    2.418  -37.434   6937.4    435.8
     1     1    11     7    10    10     0     2  -246.0    2.434  -37.271   6989.5    432.4
     1     1    11     7    10     9     0     3  -247.0    2.438  -37.109   7038.6    429.3
     1     1    11     7    10     8     0     2  -248.0    2.432  -36.947   7087.7    426.8
     1     1    11     7    10     7     0     1  -249.0    2.416  -36.785   7143.4    423.7
     1     1    11     7    10     6     0     0  -250.0    2.390  -36.623   7209.4    420.1
     1     1    11     7    10     5     0     1  -251.0    2.358  -36.458   7274.6    416.0
     1     1    11     7    10     4     0     2  -252.0    2.324  -36.286   7323.7    413.4
     1     1    11     7    10     3     0     3  -253.0    2.289  -36.107   7352.1    411.9
     1     1    11     7    10     2     0     2  -254.0    2.256  -35.924   7370.6    411.7
     1     1    11     7    10     1     0     1  -255.0    2.224  -35.736   7392.7    410.6
     1     1    11     7    10     0     0     0  -256.0    2.195  -35.544   7418.9    409.3
     1     1    11     7     9    23     0     1  -257.0    2.166  -35.350   7438.5    407.5
     1     1    11     7     9    22     0     2  -258.0    2.139  -35.159   7440.0    407.2
     1     1    11     7     9    21     0     3  -259.0    2.110  -34.971   7420.6    408.0
     1     1    11     7     9    20     0     2  -260.0    2.079  -34.788   7406.7    410.2
     1     1    11     7     9    19     0     1  -261.0    2.041  -34.604   7425.6    409.1
     1     1    11     7     9    18     0     0  -262.0    1.995  -34.417   7477.8    406.2
     1     1    11     7     9    17     0     1  -263.0    1.938  -34.216   7529.2    401.7
     1     1    11     7     9    16     0     2  -264.0    1.874  -33.998   7543.2    401.0
     1     1    11     7     9    15     0     3  -265.0    1.805  -33.766   7519.2    402.4
     1     1    11     7     9    14     0     2  -266.0    1.737  -33.526   7492.4    405.8
     1     1    11     7     9    13     0     1  -267.0    1.669  -33.281   7499.9    405.5
     1     1    11     7     9    12     0     0  -268.0    1.601  -33.028   7545.1    403.2
     1     1    11     7     9    11     0     1  -269.0    1.527  -32.770   7602.0    398.4
     1     1    11     7     9    10     0     2  -270.0    1.442  -32.514   7641.3    396.0
     1     1    11     7     9     9     0     3  -271.0    1.347  -32.261   7659.4    394.7
     1     1    11     7     9     8     0     2  -272.0    1.241  -32.017   7673.1    394.9
     1     1    11     7     9     7     0     1  -273.0    1.124  -31.786   7706.0    393.2
     1     1    11     7     9     6     0     0  -274.0    0.994  -31.564   7762.6    390.2
     1     1    11     7     9     5     0     1  -275.0    0.862  -31.353   7829.2    386.2
     1     1    11     7     9     4     0     2  -276.0    0.738  -31.153   7894.2    383.2
     1     1    11     7     9     3     0     3  -277.0    0.622  -30.966   7959.0    380.0
     1     1    11     7     9     2     0     2  -278.0    0.515  -30.782   8014.6    376.9
     1     1    11     7     9     1     0     1  -279.0    0.416  -30.595   8049.6    375.1
     1     1    11     7     9     0     0     0  -280.0    0.326  -30.407   8058.1    374.7
     1     1    11     7     8    23     0     1  -281.0    0.242  -30.218   8058.3    375.7
     1     1    11     7     8    22     0     2  -282.0    0.161  -30.027   8076.4    375.0
     1     1    11     7     8    21     0     3  -283.0    0.082  -29.832   8118.9    372.8
     1     1    11     7     8    20     0     2  -284.0    0.008  -29.633   8162.2    369.3
     1     1    11     7     8    19     0     1  -285.0   -0.058  -29.433   8182.8    368.3
     1     1    11     7     8    18     0     0  -286.0   -0.116  -29.233   8185.1    368.2
     1     1    11     7     8    17     0     1  -287.0   -0.169  -29.032   8187.6    369.0
     1     1    11     7     8    16     0     2  -288.0   -0.224  -28.826   8207.1    368.2
     1     1    11     7     8    15     0     3  -289.0   -0.281  -28.611   8242.8    366.4
     1     1    11     7     8    14     0     2  -290.0   -0.343  -28.389   8291.3    364.0
     1     1    11     7     8    13     0     1  -291.0   -0.411  -28.165   8350.0    361.0
     1     1    11     7     8    12     0     0  -292.0   -0.486  -27.937   8417.1    357.7
     1     1    11     7     8    11     0     1  -293.0   -0.571  -27.713   8479.8    353.9
     1     1    11     7     8    10     0     2  -294.0   -0.669  -27.501   8522.8    351.5
     1     1    11     7     8     9     0     3  -295.0   -0.782  -27.301   8540.7    350.3
     1     1    11     7     8     8     0     2  -296.0   -0.907  -27.112   8543.7    350.7
     1     1    11     7     8     7     0     1  -297.0   -1.041  -26.928   8545.6    350.5
     1     1    11     7     8     6     0     0  -298.0   -1.184  -26.750   8549.8    350.4
     1     1    11     7     8     5     0     1  -299.0   -1.332  -26.574   8557.9    350.1
     1     1    11     7     8     4     0     2  -300.0   -1.478  -26.402   8567.7    349.7
     1     1    11     7     8     3     0     3  -301.0   -1.623  -26.238   8578.0    349.4
     1     1    11     7     8     2     0     2  -302.0   -1.762  -26.081   8593.7    349.1
     1     1    11     7     8     1     0     1  -303.0   -1.893  -25.926   8621.8    348.1
     1     1    11     7     8     0     0     0  -304.0   -2.018  -25.774   8666.8    346.3
     1     1    11     7     7    23     0     1  -305.0   -2.150  -25.625   8720.0    343.1
     1     1    11     7     7    22     0     2  -306.0   -2.295  -25.484   8767.7    340.7
     1     1    11     7     7    21     0     3  -307.0   -2.452  -25.351   8805.0    338.7
     1     1    11     7     7    20     0     2  -308.0   -2.617  -25.224   8829.0    337.6
     1     1    11     7     7    19     0     1  -309.0   -2.783  -25.098   8837.9    337.0
     1     1    11     7     7    18     0     0  -310.0   -2.949  -24.974   8827.4    337.3
     1     1    11     7     7    17     0     1  -311.0   -3.114  -24.854   8810.1    338.9
     1     1    11     7     7    16     0     2  -312.0   -3.283  -24.743   8803.3    339.4
     1     1    11     7     7    15     0     3  -313.0   -3.457  -24.639   8810.7    339.2
     1     1    11     7     7    14     0     2  -314.0   -3.638  -24.542   8834.6    338.2
     1     1    11     7     7    13     0     1  -315.0   -3.830  -24.454   8873.8    336.3
     1     1    11     7     7    12     0     0  -316.0   -4.038  -24.380   8923.3    334.0
     1     1    11     7     7    11     0     1  -317.0   -4.262  -24.318   8982.1    331.2
     1     1    11     7     7    10     0     2  -318.0   -4.506  -24.265   9040.4    328.0
     1     1    11     7     7     9     0     3  -319.0   -4.769  -24.221   9076.3    325.8
     1     1    11     7     7     8     0     2  -320.0   -5.041  -24.192   9085.9    325.7
     1     1    11     7     7     7     0     1  -321.0   -5.312  -24.183   9093.8    325.9
     1     1    11     7     7     6     0     0  -322.0   -5.590  -24.193   9120.1    324.9
     1     1    11     7     7     5     0     1  -323.0   -5.877  -24.217   9169.5    322.8
     1     1    11     7     7     4     0     2  -324.0   -6.153  -24.247   9238.5    319.7
     1     1    11     7     7     3     0     3  -325.0   -6.411  -24.276   9319.1    316.0
     1     1    11     7     7     2     0     2  -326.0   -6.667  -24.306   9397.3    312.3
     1     1    11     7     7     1     0     1  -327.0   -6.930  -24.344   9466.4    309.5
     1     1    11     7     7     0     0     0  -328.0   -7.199  -24.395   9526.4    306.9
     1     1    11     7     6    23     0     1  -329.0   -7.492  -24.461   9573.7    304.7
     1     1    11     7     6    22     0     2  -330.0   -7.813  -24.546   9613.4    303.1
     1     1    11     7     6    21     0     3  -331.0   -8.148  -24.652   9659.0    301.3
     1     1    11     7     6    20     0     2  -332.0   -8.501  -24.780   9700.5    298.8
     1     1    11     7     6    19     0     1  -333.0   -8.865  -24.926   9724.2    297.7
     1     1    11     7     6    18     0     0  -334.0   -9.228  -25.086   9727.5    297.3
     1     1    11     7     6    17     0     1  -335.0   -9.603  -25.262   9710.4    298.3
     1     1    11     7     6    16     0     2  -336.0   -9.994  -25.461   9677.9    299.9
