     3     1
    GDAS    11     1     8     0     0
    GDAS    11     1    15     0     0
    GDAS    11     1    22     0     0
     1 BACKWARD OMEGA   
  2011     1    24    15   -8.890  -56.760  3962.4
     1 PRESSURE
     1     1    11     1    24    15     0     3     0.0   -8.890  -56.760   3962.4    617.4
     1     1    11     1    24    14     0     2    -1.0   -8.981  -56.562   3990.5    615.6
     1     1    11     1    24    13     0     1    -2.0   -9.049  -56.377   4021.2    611.5
     1     1    11     1    24    12     0     0    -3.0   -9.103  -56.206   4049.7    607.5
     1     1    11     1    24    11     0     3    -4.0   -9.146  -56.041   4065.3    604.3
     1     1    11     1    24    10     0     6    -5.0   -9.174  -55.869   4061.0    602.5
     1     1    11     1    24     9     0     9    -6.0   -9.183  -55.695   4034.9    601.7
     1     1    11     1    24     8     0     8    -7.0   -9.181  -55.521   3990.8    603.6
     1     1    11     1    24     7     0     7    -8.0   -9.172  -55.350   3932.2    605.9
     1     1    11     1    24     6     0     6    -9.0   -9.157  -55.182   3852.6    609.6
     1     1    11     1    24     5     0     5   -10.0   -9.142  -55.017   3754.2    615.6
     1     1    11     1    24     4     0     4   -11.0   -9.124  -54.854   3662.3    624.1
     1     1    11     1    24     3     0     3   -12.0   -9.101  -54.691   3583.3    630.4
     1     1    11     1    24     2     0     2   -13.0   -9.078  -54.533   3526.7    636.2
     1     1    11     1    24     1     0     1   -14.0   -9.063  -54.390   3502.9    638.2
     1     1    11     1    24     0     0     0   -15.0   -9.057  -54.262   3505.6    638.2
     1     1    11     1    23    23     0     1   -16.0   -9.055  -54.149   3496.6    636.2
     1     1    11     1    23    22     0     2   -17.0   -9.048  -54.045   3448.1    640.4
     1     1    11     1    23    21     0     3   -18.0   -9.036  -53.948   3369.6    646.6
     1     1    11     1    23    20     0     2   -19.0   -9.021  -53.851   3295.9    655.0
     1     1    11     1    23    19     0     1   -20.0   -9.010  -53.753   3247.1    658.2
     1     1    11     1    23    18     0     0   -21.0   -9.003  -53.655   3203.1    661.0
     1     1    11     1    23    17     0     1   -22.0   -8.994  -53.552   3157.6    665.2
     1     1    11     1    23    16     0     2   -23.0   -8.974  -53.440   3118.8    669.1
     1     1    11     1    23    15     0     3   -24.0   -8.947  -53.320   3102.5    671.4
     1     1    11     1    23    14     0     2   -25.0   -8.920  -53.191   3103.7    669.8
     1     1    11     1    23    13     0     1   -26.0   -8.898  -53.052   3108.6    669.1
     1     1    11     1    23    12     0     0   -27.0   -8.879  -52.903   3120.5    668.7
     1     1    11     1    23    11     0     1   -28.0   -8.859  -52.749   3138.9    668.0
     1     1    11     1    23    10     0     2   -29.0   -8.833  -52.601   3162.0    667.0
     1     1    11     1    23     9     0     3   -30.0   -8.805  -52.460   3190.2    665.3
     1     1    11     1    23     8     0     2   -31.0   -8.774  -52.319   3219.8    663.5
     1     1    11     1    23     7     0     1   -32.0   -8.742  -52.170   3257.0    662.1
     1     1    11     1    23     6     0     0   -33.0   -8.707  -52.012   3319.3    658.6
     1     1    11     1    23     5     0     1   -34.0   -8.671  -51.851   3316.9    650.8
     1     1    11     1    23     4     0     2   -35.0   -8.639  -51.688   3189.2    663.1
     1     1    11     1    23     3     0     3   -36.0   -8.608  -51.525   2997.8    680.9
     1     1    11     1    23     2     0     2   -37.0   -8.579  -51.360   2837.0    698.8
     1     1    11     1    23     1     0     1   -38.0   -8.560  -51.191   2762.7    703.9
     1     1    11     1    23     0     0     0   -39.0   -8.549  -51.019   2770.2    702.4
     1     1    11     1    22    23     0     1   -40.0   -8.550  -50.849   2816.6    695.5
     1     1    11     1    22    22     0     2   -41.0   -8.563  -50.689   2858.2    693.5
     1     1    11     1    22    21     0     3   -42.0   -8.589  -50.539   2906.4    691.2
     1     1    11     1    22    20     0     2   -43.0   -8.620  -50.398   2956.1    688.1
     1     1    11     1    22    19     0     1   -44.0   -8.648  -50.262   2993.2    687.1
     1     1    11     1    22    18     0     0   -45.0   -8.674  -50.132   3016.2    687.4
     1     1    11     1    22    17     0     1   -46.0   -8.703  -49.999   3030.1    688.9
     1     1    11     1    22    16     0     2   -47.0   -8.739  -49.854   3035.8    688.6
     1     1    11     1    22    15     0     3   -48.0   -8.784  -49.698   3033.3    688.9
     1     1    11     1    22    14     0     2   -49.0   -8.835  -49.533   3025.7    689.4
     1     1    11     1    22    13     0     1   -50.0   -8.887  -49.364   3021.1    689.4
     1     1    11     1    22    12     0     0   -51.0   -8.940  -49.191   3026.7    688.3
     1     1    11     1    22    11     0     1   -52.0   -8.989  -49.021   3039.9    685.2
     1     1    11     1    22    10     0     2   -53.0   -9.028  -48.858   3054.4    683.8
     1     1    11     1    22     9     0     3   -54.0   -9.050  -48.703   3065.8    683.1
     1     1    11     1    22     8     0     2   -55.0   -9.062  -48.550   3084.9    683.1
     1     1    11     1    22     7     0     1   -56.0   -9.069  -48.394   3122.1    680.7
     1     1    11     1    22     6     0     0   -57.0   -9.075  -48.232   3175.9    676.9
     1     1    11     1    22     5     0     1   -58.0   -9.085  -48.059   3219.2    672.3
     1     1    11     1    22     4     0     2   -59.0   -9.100  -47.876   3220.5    669.9
     1     1    11     1    22     3     0     3   -60.0   -9.118  -47.688   3185.3    668.8
     1     1    11     1    22     2     0     2   -61.0   -9.139  -47.504   3145.8    670.0
     1     1    11     1    22     1     0     1   -62.0   -9.166  -47.331   3135.9    667.5
     1     1    11     1    22     0     0     0   -63.0   -9.204  -47.161   3164.3    662.1
     1     1    11     1    21    23     0     1   -64.0   -9.252  -46.985   3200.5    653.4
     1     1    11     1    21    22     0     2   -65.0   -9.307  -46.804   3206.2    653.0
     1     1    11     1    21    21     0     3   -66.0   -9.368  -46.629   3185.9    657.0
     1     1    11     1    21    20     0     2   -67.0   -9.434  -46.458   3169.5    659.7
     1     1    11     1    21    19     0     1   -68.0   -9.500  -46.290   3164.7    660.2
     1     1    11     1    21    18     0     0   -69.0   -9.563  -46.123   3171.8    659.0
     1     1    11     1    21    17     0     1   -70.0   -9.624  -45.957   3192.8    656.5
     1     1    11     1    21    16     0     2   -71.0   -9.683  -45.789   3221.0    652.5
     1     1    11     1    21    15     0     3   -72.0   -9.741  -45.621   3244.3    649.7
     1     1    11     1    21    14     0     2   -73.0   -9.795  -45.459   3267.6    647.7
     1     1    11     1    21    13     0     1   -74.0   -9.839  -45.306   3305.4    644.7
     1     1    11     1    21    12     0     0   -75.0   -9.878  -45.162   3369.8    639.6
     1     1    11     1    21    11     0     1   -76.0   -9.922  -45.013   3451.4    631.3
     1     1    11     1    21    10     0     2   -77.0   -9.982  -44.850   3525.2    624.4
     1     1    11     1    21     9     0     3   -78.0  -10.061  -44.675   3573.3    620.1
     1     1    11     1    21     8     0     2   -79.0  -10.151  -44.497   3580.6    619.1
     1     1    11     1    21     7     0     1   -80.0  -10.240  -44.329   3544.6    622.9
     1     1    11     1    21     6     0     0   -81.0  -10.321  -44.174   3481.5    628.9
     1     1    11     1    21     5     0     1   -82.0  -10.394  -44.024   3412.7    636.2
     1     1    11     1    21     4     0     2   -83.0  -10.453  -43.868   3350.5    642.0
     1     1    11     1    21     3     0     3   -84.0  -10.499  -43.704   3290.9    647.6
     1     1    11     1    21     2     0     2   -85.0  -10.539  -43.532   3247.8    653.0
     1     1    11     1    21     1     0     1   -86.0  -10.584  -43.349   3232.2    654.6
     1     1    11     1    21     0     0     0   -87.0  -10.635  -43.154   3230.4    654.9
     1     1    11     1    20    23     0     1   -88.0  -10.703  -42.955   3239.9    654.9
     1     1    11     1    20    22     0     2   -89.0  -10.798  -42.763   3274.8    650.7
     1     1    11     1    20    21     0     3   -90.0  -10.918  -42.576   3346.2    642.5
     1     1    11     1    20    20     0     2   -91.0  -11.050  -42.398   3424.5    631.0
     1     1    11     1    20    19     0     1   -92.0  -11.176  -42.237   3471.5    621.6
     1     1    11     1    20    18     0     0   -93.0  -11.298  -42.095   3468.0    615.5
     1     1    11     1    20    17     0     1   -94.0  -11.412  -41.970   3437.9    615.6
     1     1    11     1    20    16     0     2   -95.0  -11.508  -41.851   3430.4    615.2
     1     1    11     1    20    15     0     3   -96.0  -11.583  -41.729   3454.1    613.0
     1     1    11     1    20    14     0     2   -97.0  -11.636  -41.607   3500.0    608.9
     1     1    11     1    20    13     0     1   -98.0  -11.667  -41.490   3558.2    605.5
     1     1    11     1    20    12     0     0   -99.0  -11.677  -41.381   3630.6    601.4
     1     1    11     1    20    11     0     1  -100.0  -11.678  -41.274   3705.5    595.6
     1     1    11     1    20    10     0     2  -101.0  -11.676  -41.169   3769.2    591.7
     1     1    11     1    20     9     0     3  -102.0  -11.669  -41.071   3821.7    588.6
     1     1    11     1    20     8     0     2  -103.0  -11.651  -40.976   3868.6    587.0
     1     1    11     1    20     7     0     1  -104.0  -11.620  -40.882   3912.3    585.8
     1     1    11     1    20     6     0     0  -105.0  -11.575  -40.789   3944.4    585.6
     1     1    11     1    20     5     0     1  -106.0  -11.520  -40.694   3962.1    586.9
     1     1    11     1    20     4     0     2  -107.0  -11.458  -40.594   3965.8    589.4
     1     1    11     1    20     3     0     3  -108.0  -11.393  -40.490   3955.9    593.0
     1     1    11     1    20     2     0     2  -109.0  -11.326  -40.391   3950.7    597.2
     1     1    11     1    20     1     0     1  -110.0  -11.258  -40.299   3970.1    598.2
     1     1    11     1    20     0     0     0  -111.0  -11.190  -40.216   4015.0    597.0
     1     1    11     1    19    23     0     1  -112.0  -11.128  -40.138   4084.5    593.3
     1     1    11     1    19    22     0     2  -113.0  -11.072  -40.060   4184.9    588.0
     1     1    11     1    19    21     0     3  -114.0  -11.020  -39.984   4330.7    579.0
     1     1    11     1    19    20     0     2  -115.0  -10.967  -39.903   4469.4    565.2
     1     1    11     1    19    19     0     1  -116.0  -10.907  -39.813   4548.7    559.7
     1     1    11     1    19    18     0     0  -117.0  -10.836  -39.718   4578.0    558.0
     1     1    11     1    19    17     0     1  -118.0  -10.758  -39.619   4592.2    559.0
     1     1    11     1    19    16     0     2  -119.0  -10.677  -39.516   4617.6    557.0
     1     1    11     1    19    15     0     3  -120.0  -10.594  -39.407   4650.2    554.6
     1     1    11     1    19    14     0     2  -121.0  -10.516  -39.293   4679.0    551.8
     1     1    11     1    19    13     0     1  -122.0  -10.451  -39.173   4695.8    550.7
     1     1    11     1    19    12     0     0  -123.0  -10.394  -39.044   4703.2    550.4
     1     1    11     1    19    11     0     1  -124.0  -10.354  -38.918   4714.3    550.6
     1     1    11     1    19    10     0     2  -125.0  -10.339  -38.806   4739.6    549.2
     1     1    11     1    19     9     0     3  -126.0  -10.348  -38.705   4777.6    547.1
     1     1    11     1    19     8     0     2  -127.0  -10.375  -38.620   4824.8    544.4
     1     1    11     1    19     7     0     1  -128.0  -10.410  -38.558   4877.3    541.2
     1     1    11     1    19     6     0     0  -129.0  -10.450  -38.521   4934.3    537.6
     1     1    11     1    19     5     0     1  -130.0  -10.490  -38.502   4997.8    534.1
     1     1    11     1    19     4     0     2  -131.0  -10.528  -38.494   5069.8    529.8
     1     1    11     1    19     3     0     3  -132.0  -10.564  -38.496   5151.6    524.8
     1     1    11     1    19     2     0     2  -133.0  -10.595  -38.507   5223.4    519.0
     1     1    11     1    19     1     0     1  -134.0  -10.615  -38.526   5264.1    516.5
     1     1    11     1    19     0     0     0  -135.0  -10.627  -38.553   5273.4    516.1
     1     1    11     1    18    23     0     1  -136.0  -10.633  -38.580   5269.9    517.1
     1     1    11     1    18    22     0     2  -137.0  -10.634  -38.603   5271.1    516.7
     1     1    11     1    18    21     0     3  -138.0  -10.630  -38.622   5276.4    515.9
     1     1    11     1    18    20     0     2  -139.0  -10.625  -38.637   5283.5    515.4
     1     1    11     1    18    19     0     1  -140.0  -10.620  -38.646   5290.1    515.0
     1     1    11     1    18    18     0     0  -141.0  -10.617  -38.650   5296.2    514.7
     1     1    11     1    18    17     0     1  -142.0  -10.616  -38.637   5311.2    514.6
     1     1    11     1    18    16     0     2  -143.0  -10.616  -38.600   5344.5    512.8
     1     1    11     1    18    15     0     3  -144.0  -10.618  -38.540   5398.1    509.9
     1     1    11     1    18    14     0     2  -145.0  -10.621  -38.463   5463.1    505.4
     1     1    11     1    18    13     0     1  -146.0  -10.627  -38.373   5526.7    501.6
     1     1    11     1    18    12     0     0  -147.0  -10.638  -38.268   5583.9    498.2
     1     1    11     1    18    11     0     1  -148.0  -10.667  -38.158   5633.6    495.2
     1     1    11     1    18    10     0     2  -149.0  -10.723  -38.048   5677.5    492.3
     1     1    11     1    18     9     0     3  -150.0  -10.804  -37.939   5721.2    490.3
     1     1    11     1    18     8     0     2  -151.0  -10.897  -37.828   5771.7    489.1
     1     1    11     1    18     7     0     1  -152.0  -10.995  -37.716   5829.9    487.4
     1     1    11     1    18     6     0     0  -153.0  -11.098  -37.602   5896.7    486.0
     1     1    11     1    18     5     0     1  -154.0  -11.204  -37.477   5954.5    484.5
     1     1    11     1    18     4     0     2  -155.0  -11.313  -37.336   5988.0    485.3
     1     1    11     1    18     3     0     3  -156.0  -11.428  -37.178   5995.0    487.7
     1     1    11     1    18     2     0     2  -157.0  -11.544  -37.011   5987.7    491.3
     1     1    11     1    18     1     0     1  -158.0  -11.656  -36.840   5972.9    492.5
     1     1    11     1    18     0     0     0  -159.0  -11.765  -36.663   5957.1    493.6
     1     1    11     1    17    23     0     1  -160.0  -11.870  -36.476   5944.4    494.5
     1     1    11     1    17    22     0     2  -161.0  -11.970  -36.274   5936.7    494.7
     1     1    11     1    17    21     0     3  -162.0  -12.067  -36.057   5931.5    494.8
     1     1    11     1    17    20     0     2  -163.0  -12.163  -35.824   5924.1    495.0
     1     1    11     1    17    19     0     1  -164.0  -12.262  -35.582   5913.1    495.9
     1     1    11     1    17    18     0     0  -165.0  -12.370  -35.333   5898.8    496.8
     1     1    11     1    17    17     0     1  -166.0  -12.487  -35.083   5878.9    498.3
     1     1    11     1    17    16     0     2  -167.0  -12.609  -34.839   5850.5    500.2
     1     1    11     1    17    15     0     3  -168.0  -12.732  -34.607   5812.8    503.0
     1     1    11     1    17    14     0     2  -169.0  -12.857  -34.382   5786.8    505.9
     1     1    11     1    17    13     0     1  -170.0  -12.984  -34.160   5791.7    505.5
     1     1    11     1    17    12     0     0  -171.0  -13.113  -33.937   5826.6    503.2
     1     1    11     1    17    11     0     1  -172.0  -13.237  -33.720   5862.6    498.9
     1     1    11     1    17    10     0     2  -173.0  -13.348  -33.514   5873.2    498.1
     1     1    11     1    17     9     0     3  -174.0  -13.445  -33.316   5861.8    498.7
     1     1    11     1    17     8     0     2  -175.0  -13.524  -33.120   5855.6    500.6
     1     1    11     1    17     7     0     1  -176.0  -13.584  -32.923   5880.4    498.8
     1     1    11     1    17     6     0     0  -177.0  -13.628  -32.724   5934.7    495.2
     1     1    11     1    17     5     0     1  -178.0  -13.663  -32.520   5991.8    490.1
     1     1    11     1    17     4     0     2  -179.0  -13.702  -32.304   6025.6    488.1
     1     1    11     1    17     3     0     3  -180.0  -13.746  -32.077   6036.2    487.6
     1     1    11     1    17     2     0     2  -181.0  -13.801  -31.840   6028.9    488.7
     1     1    11     1    17     1     0     1  -182.0  -13.869  -31.592   6007.1    490.2
     1     1    11     1    17     0     0     0  -183.0  -13.952  -31.337   5968.2    492.8
     1     1    11     1    16    23     0     1  -184.0  -14.048  -31.082   5931.8    496.3
     1     1    11     1    16    22     0     2  -185.0  -14.148  -30.834   5923.1    497.0
     1     1    11     1    16    21     0     3  -186.0  -14.255  -30.595   5945.6    495.4
     1     1    11     1    16    20     0     2  -187.0  -14.362  -30.367   5979.9    492.0
     1     1    11     1    16    19     0     1  -188.0  -14.467  -30.154   6006.9    490.2
     1     1    11     1    16    18     0     0  -189.0  -14.571  -29.956   6024.8    489.0
     1     1    11     1    16    17     0     1  -190.0  -14.665  -29.774   6035.6    488.6
     1     1    11     1    16    16     0     2  -191.0  -14.741  -29.609   6044.0    488.3
     1     1    11     1    16    15     0     3  -192.0  -14.798  -29.459   6053.5    487.9
     1     1    11     1    16    14     0     2  -193.0  -14.844  -29.317   6060.3    487.3
     1     1    11     1    16    13     0     1  -194.0  -14.889  -29.176   6056.8    487.4
     1     1    11     1    16    12     0     0  -195.0  -14.934  -29.038   6036.9    488.5
     1     1    11     1    16    11     0     1  -196.0  -14.981  -28.894   6011.5    490.7
     1     1    11     1    16    10     0     2  -197.0  -15.029  -28.737   5995.1    491.5
     1     1    11     1    16     9     0     3  -198.0  -15.078  -28.566   5987.8    491.7
     1     1    11     1    16     8     0     2  -199.0  -15.126  -28.382   5987.1    491.4
     1     1    11     1    16     7     0     1  -200.0  -15.173  -28.190   5990.9    490.8
     1     1    11     1    16     6     0     0  -201.0  -15.218  -27.991   5998.0    490.1
     1     1    11     1    16     5     0     1  -202.0  -15.267  -27.785   6004.8    489.7
     1     1    11     1    16     4     0     2  -203.0  -15.321  -27.574   6011.0    489.7
     1     1    11     1    16     3     0     3  -204.0  -15.379  -27.363   6022.5    489.4
     1     1    11     1    16     2     0     2  -205.0  -15.439  -27.154   6045.1    488.4
     1     1    11     1    16     1     0     1  -206.0  -15.499  -26.947   6079.1    486.4
     1     1    11     1    16     0     0     0  -207.0  -15.558  -26.739   6118.9    484.0
     1     1    11     1    15    23     0     1  -208.0  -15.617  -26.532   6161.5    481.1
     1     1    11     1    15    22     0     2  -209.0  -15.677  -26.329   6205.0    478.0
     1     1    11     1    15    21     0     3  -210.0  -15.743  -26.129   6245.5    475.2
     1     1    11     1    15    20     0     2  -211.0  -15.821  -25.932   6272.8    473.1
     1     1    11     1    15    19     0     1  -212.0  -15.913  -25.742   6282.3    472.6
     1     1    11     1    15    18     0     0  -213.0  -16.018  -25.560   6280.2    472.9
     1     1    11     1    15    17     0     1  -214.0  -16.132  -25.386   6272.0    473.6
     1     1    11     1    15    16     0     2  -215.0  -16.253  -25.218   6259.5    474.5
     1     1    11     1    15    15     0     3  -216.0  -16.382  -25.056   6242.0    475.6
     1     1    11     1    15    14     0     2  -217.0  -16.517  -24.899   6229.5    477.1
     1     1    11     1    15    13     0     1  -218.0  -16.654  -24.744   6232.1    477.1
     1     1    11     1    15    12     0     0  -219.0  -16.793  -24.591   6249.7    476.2
     1     1    11     1    15    11     0     1  -220.0  -16.932  -24.441   6274.4    474.0
     1     1    11     1    15    10     0     2  -221.0  -17.065  -24.291   6297.6    472.4
     1     1    11     1    15     9     0     3  -222.0  -17.193  -24.143   6317.6    470.9
     1     1    11     1    15     8     0     2  -223.0  -17.314  -23.996   6337.8    469.9
     1     1    11     1    15     7     0     1  -224.0  -17.424  -23.851   6361.6    468.2
     1     1    11     1    15     6     0     0  -225.0  -17.524  -23.711   6386.1    466.6
     1     1    11     1    15     5     0     1  -226.0  -17.618  -23.571   6408.0    465.3
     1     1    11     1    15     4     0     2  -227.0  -17.709  -23.430   6425.7    464.5
     1     1    11     1    15     3     0     3  -228.0  -17.795  -23.290   6442.0    463.8
     1     1    11     1    15     2     0     2  -229.0  -17.879  -23.153   6456.5    463.2
     1     1    11     1    15     1     0     1  -230.0  -17.965  -23.021   6466.0    462.9
     1     1    11     1    15     0     0     0  -231.0  -18.053  -22.890   6467.6    463.1
     1     1    11     1    14    23     0     1  -232.0  -18.141  -22.756   6475.3    463.5
     1     1    11     1    14    22     0     2  -233.0  -18.227  -22.611   6505.9    461.7
     1     1    11     1    14    21     0     3  -234.0  -18.315  -22.457   6562.8    458.4
     1     1    11     1    14    20     0     2  -235.0  -18.405  -22.295   6623.3    453.3
     1     1    11     1    14    19     0     1  -236.0  -18.502  -22.129   6661.5    451.0
     1     1    11     1    14    18     0     0  -237.0  -18.607  -21.962   6675.5    450.0
     1     1    11     1    14    17     0     1  -238.0  -18.723  -21.796   6680.2    450.7
     1     1    11     1    14    16     0     2  -239.0  -18.854  -21.630   6690.8    450.1
     1     1    11     1    14    15     0     3  -240.0  -19.000  -21.468   6707.0    449.1
     1     1    11     1    14    14     0     2  -241.0  -19.159  -21.309   6734.8    448.1
     1     1    11     1    14    13     0     1  -242.0  -19.328  -21.156   6777.0    445.6
     1     1    11     1    14    12     0     0  -243.0  -19.509  -21.012   6826.9    442.7
     1     1    11     1    14    11     0     1  -244.0  -19.705  -20.878   6876.0    439.5
     1     1    11     1    14    10     0     2  -245.0  -19.915  -20.757   6918.3    437.0
     1     1    11     1    14     9     0     3  -246.0  -20.139  -20.652   6953.1    435.0
     1     1    11     1    14     8     0     2  -247.0  -20.365  -20.564   6993.3    433.3
     1     1    11     1    14     7     0     1  -248.0  -20.579  -20.492   7052.7    430.1
     1     1    11     1    14     6     0     0  -249.0  -20.784  -20.443   7135.7    425.5
     1     1    11     1    14     5     0     1  -250.0  -20.968  -20.418   7225.0    419.6
     1     1    11     1    14     4     0     2  -251.0  -21.116  -20.408   7297.0    415.5
     1     1    11     1    14     3     0     3  -252.0  -21.226  -20.411   7349.5    412.8
     1     1    11     1    14     2     0     2  -253.0  -21.312  -20.420   7384.3    411.3
     1     1    11     1    14     1     0     1  -254.0  -21.387  -20.430   7403.8    410.7
     1     1    11     1    14     0     0     0  -255.0  -21.451  -20.440   7409.1    410.8
     1     1    11     1    13    23     0     1  -256.0  -21.506  -20.446   7412.4    411.2
     1     1    11     1    13    22     0     2  -257.0  -21.552  -20.449   7424.9    410.4
     1     1    11     1    13    21     0     3  -258.0  -21.589  -20.448   7446.3    409.1
     1     1    11     1    13    20     0     2  -259.0  -21.618  -20.447   7483.7    407.4
     1     1    11     1    13    19     0     1  -260.0  -21.642  -20.450   7544.8    404.1
     1     1    11     1    13    18     0     0  -261.0  -21.661  -20.458   7631.5    399.5
     1     1    11     1    13    17     0     1  -262.0  -21.676  -20.473   7723.0    393.5
     1     1    11     1    13    16     0     2  -263.0  -21.686  -20.492   7795.2    389.7
     1     1    11     1    13    15     0     3  -264.0  -21.693  -20.512   7845.3    387.1
     1     1    11     1    13    14     0     2  -265.0  -21.685  -20.533   7885.2    385.7
     1     1    11     1    13    13     0     1  -266.0  -21.654  -20.551   7927.2    383.5
     1     1    11     1    13    12     0     0  -267.0  -21.600  -20.566   7969.9    381.3
     1     1    11     1    13    11     0     1  -268.0  -21.520  -20.572   8008.7    378.8
     1     1    11     1    13    10     0     2  -269.0  -21.414  -20.561   8039.0    376.9
     1     1    11     1    13     9     0     3  -270.0  -21.280  -20.533   8059.4    375.5
     1     1    11     1    13     8     0     2  -271.0  -21.127  -20.488   8076.4    374.9
     1     1    11     1    13     7     0     1  -272.0  -20.971  -20.432   8100.3    373.7
     1     1    11     1    13     6     0     0  -273.0  -20.816  -20.365   8136.0    371.9
     1     1    11     1    13     5     0     1  -274.0  -20.671  -20.296   8185.9    369.6
     1     1    11     1    13     4     0     2  -275.0  -20.540  -20.237   8250.0    366.4
     1     1    11     1    13     3     0     3  -276.0  -20.422  -20.187   8325.9    362.7
     1     1    11     1    13     2     0     2  -277.0  -20.307  -20.144   8396.3    358.7
     1     1    11     1    13     1     0     1  -278.0  -20.189  -20.101   8442.6    356.5
     1     1    11     1    13     0     0     0  -279.0  -20.069  -20.056   8461.9    355.8
     1     1    11     1    12    23     0     1  -280.0  -19.955  -20.011   8464.6    356.0
     1     1    11     1    12    22     0     2  -281.0  -19.853  -19.973   8465.1    356.0
     1     1    11     1    12    21     0     3  -282.0  -19.764  -19.942   8466.0    355.7
     1     1    11     1    12    20     0     2  -283.0  -19.681  -19.923   8474.5    355.5
     1     1    11     1    12    19     0     1  -284.0  -19.598  -19.920   8496.6    354.3
     1     1    11     1    12    18     0     0  -285.0  -19.512  -19.935   8531.5    352.4
     1     1    11     1    12    17     0     1  -286.0  -19.413  -19.976   8565.6    350.2
     1     1    11     1    12    16     0     2  -287.0  -19.294  -20.042   8584.4    349.3
     1     1    11     1    12    15     0     3  -288.0  -19.156  -20.132   8586.9    349.2
     1     1    11     1    12    14     0     2  -289.0  -19.003  -20.234   8582.9    349.8
     1     1    11     1    12    13     0     1  -290.0  -18.834  -20.339   8584.5    349.8
     1     1    11     1    12    12     0     0  -291.0  -18.646  -20.448   8596.2    349.4
     1     1    11     1    12    11     0     1  -292.0  -18.444  -20.553   8616.4    348.0
     1     1    11     1    12    10     0     2  -293.0  -18.233  -20.648   8640.7    346.6
     1     1    11     1    12     9     0     3  -294.0  -18.013  -20.733   8669.1    345.1
     1     1    11     1    12     8     0     2  -295.0  -17.779  -20.814   8694.8    343.3
     1     1    11     1    12     7     0     1  -296.0  -17.530  -20.894   8710.7    342.3
     1     1    11     1    12     6     0     0  -297.0  -17.266  -20.974   8717.1    341.8
     1     1    11     1    12     5     0     1  -298.0  -16.995  -21.051   8725.1    342.0
     1     1    11     1    12     4     0     2  -299.0  -16.718  -21.122   8745.1    341.0
     1     1    11     1    12     3     0     3  -300.0  -16.429  -21.191   8774.3    339.5
     1     1    11     1    12     2     0     2  -301.0  -16.131  -21.254   8799.4    338.0
     1     1    11     1    12     1     0     1  -302.0  -15.825  -21.305   8809.7    337.7
     1     1    11     1    12     0     0     0  -303.0  -15.513  -21.346   8802.5    338.0
     1     1    11     1    11    23     0     1  -304.0  -15.201  -21.397   8782.1    339.3
     1     1    11     1    11    22     0     2  -305.0  -14.893  -21.475   8759.5    340.4
     1     1    11     1    11    21     0     3  -306.0  -14.593  -21.578   8739.9    341.4
     1     1    11     1    11    20     0     2  -307.0  -14.300  -21.697   8724.7    341.9
     1     1    11     1    11    19     0     1  -308.0  -14.004  -21.827   8713.4    342.3
     1     1    11     1    11    18     0     0  -309.0  -13.706  -21.971   8709.0    342.5
     1     1    11     1    11    17     0     1  -310.0  -13.410  -22.121   8705.4    342.2
     1     1    11     1    11    16     0     2  -311.0  -13.119  -22.271   8692.1    342.8
     1     1    11     1    11    15     0     3  -312.0  -12.833  -22.418   8670.0    343.9
     1     1    11     1    11    14     0     2  -313.0  -12.553  -22.560   8649.6    345.3
     1     1    11     1    11    13     0     1  -314.0  -12.278  -22.693   8635.9    345.8
     1     1    11     1    11    12     0     0  -315.0  -12.007  -22.818   8621.7    346.3
     1     1    11     1    11    11     0     1  -316.0  -11.744  -22.953   8603.9    346.9
     1     1    11     1    11    10     0     2  -317.0  -11.496  -23.112   8584.5    347.7
     1     1    11     1    11     9     0     3  -318.0  -11.268  -23.298   8569.2    348.4
     1     1    11     1    11     8     0     2  -319.0  -11.058  -23.511   8544.3    348.6
     1     1    11     1    11     7     0     1  -320.0  -10.863  -23.748   8496.5    351.0
     1     1    11     1    11     6     0     0  -321.0  -10.686  -24.012   8432.2    354.1
     1     1    11     1    11     5     0     1  -322.0  -10.522  -24.286   8383.4    358.2
     1     1    11     1    11     4     0     2  -323.0  -10.364  -24.559   8375.3    358.5
     1     1    11     1    11     3     0     3  -324.0  -10.208  -24.839   8400.4    357.4
     1     1    11     1    11     2     0     2  -325.0  -10.066  -25.130   8438.8    354.7
     1     1    11     1    11     1     0     1  -326.0   -9.950  -25.431   8472.2    353.2
     1     1    11     1    11     0     0     0  -327.0   -9.855  -25.747   8500.7    351.9
     1     1    11     1    10    23     0     1  -328.0   -9.784  -26.080   8520.0    350.6
     1     1    11     1    10    22     0     2  -329.0   -9.737  -26.427   8523.3    350.3
     1     1    11     1    10    21     0     3  -330.0   -9.710  -26.779   8509.9    350.8
     1     1    11     1    10    20     0     2  -331.0   -9.696  -27.141   8493.8    352.1
     1     1    11     1    10    19     0     1  -332.0   -9.697  -27.521   8486.6    352.2
     1     1    11     1    10    18     0     0  -333.0   -9.710  -27.916   8482.2    352.1
     1     1    11     1    10    17     0     1  -334.0   -9.736  -28.328   8489.4    352.5
     1     1    11     1    10    16     0     2  -335.0   -9.781  -28.759   8529.7    351.0
     1     1    11     1    10    15     0     3  -336.0   -9.840  -29.203   8616.1    347.2
