     3     1
    GDAS    11     4     1     0     0
    GDAS    11     4     8     0     0
    GDAS    11     4    15     0     0
     1 BACKWARD OMEGA   
  2011     4    16    16   -8.930  -56.740  2590.8
     1 PRESSURE
     1     1    11     4    16    16     0     2     0.0   -8.930  -56.740   2590.8    730.2
     1     1    11     4    16    15     0     3    -1.0   -8.889  -56.422   2640.1    722.5
     1     1    11     4    16    14     0     2    -2.0   -8.861  -56.078   2689.2    716.6
     1     1    11     4    16    13     0     1    -3.0   -8.842  -55.725   2746.5    706.6
     1     1    11     4    16    12     0     0    -4.0   -8.827  -55.372   2804.0    696.9
     1     1    11     4    16    11     0     1    -5.0   -8.816  -55.026   2841.5    687.5
     1     1    11     4    16    10     0     2    -6.0   -8.814  -54.689   2870.3    687.3
     1     1    11     4    16     9     0     3    -7.0   -8.823  -54.362   2913.9    684.8
     1     1    11     4    16     8     0     2    -8.0   -8.839  -54.048   2974.0    680.9
     1     1    11     4    16     7     0     1    -9.0   -8.863  -53.745   3030.8    675.1
     1     1    11     4    16     6     0     0   -10.0   -8.889  -53.449   3067.9    671.4
     1     1    11     4    16     5     0     1   -11.0   -8.916  -53.157   3086.6    670.1
     1     1    11     4    16     4     0     2   -12.0   -8.938  -52.867   3095.0    670.4
     1     1    11     4    16     3     0     3   -13.0   -8.960  -52.573   3099.8    672.7
     1     1    11     4    16     2     0     2   -14.0   -8.985  -52.274   3111.3    674.5
     1     1    11     4    16     1     0     1   -15.0   -9.016  -51.966   3138.5    674.2
     1     1    11     4    16     0     0     0   -16.0   -9.051  -51.655   3167.7    669.0
     1     1    11     4    15    23     0     1   -17.0   -9.089  -51.355   3194.9    664.3
     1     1    11     4    15    22     0     2   -18.0   -9.128  -51.068   3217.3    660.5
     1     1    11     4    15    21     0     3   -19.0   -9.170  -50.786   3244.9    661.7
     1     1    11     4    15    20     0     2   -20.0   -9.220  -50.507   3278.5    664.4
     1     1    11     4    15    19     0     1   -21.0   -9.278  -50.233   3318.3    665.8
     1     1    11     4    15    18     0     0   -22.0   -9.340  -49.965   3361.4    665.9
     1     1    11     4    15    17     0     1   -23.0   -9.400  -49.699   3398.2    661.1
     1     1    11     4    15    16     0     2   -24.0   -9.455  -49.431   3438.2    656.4
     1     1    11     4    15    15     0     3   -25.0   -9.506  -49.160   3489.0    650.8
     1     1    11     4    15    14     0     2   -26.0   -9.551  -48.883   3537.7    644.2
     1     1    11     4    15    13     0     1   -27.0   -9.590  -48.595   3562.1    642.4
     1     1    11     4    15    12     0     0   -28.0   -9.627  -48.293   3561.0    643.2
     1     1    11     4    15    11     0     1   -29.0   -9.662  -47.982   3551.3    644.5
     1     1    11     4    15    10     0     2   -30.0   -9.692  -47.674   3540.7    642.2
     1     1    11     4    15     9     0     3   -31.0   -9.722  -47.376   3539.4    639.9
     1     1    11     4    15     8     0     2   -32.0   -9.752  -47.082   3557.1    637.5
     1     1    11     4    15     7     0     1   -33.0   -9.780  -46.786   3598.9    632.3
     1     1    11     4    15     6     0     0   -34.0   -9.800  -46.489   3659.0    624.8
     1     1    11     4    15     5     0     1   -35.0   -9.813  -46.194   3707.0    616.7
     1     1    11     4    15     4     0     2   -36.0   -9.820  -45.897   3723.3    614.0
     1     1    11     4    15     3     0     3   -37.0   -9.825  -45.585   3730.4    614.4
     1     1    11     4    15     2     0     2   -38.0   -9.833  -45.255   3745.1    612.9
     1     1    11     4    15     1     0     1   -39.0   -9.849  -44.908   3762.4    610.8
     1     1    11     4    15     0     0     0   -40.0   -9.867  -44.548   3758.0    611.2
     1     1    11     4    14    23     0     1   -41.0   -9.886  -44.177   3732.6    615.6
     1     1    11     4    14    22     0     2   -42.0   -9.914  -43.798   3720.4    617.8
     1     1    11     4    14    21     0     3   -43.0   -9.957  -43.417   3739.7    616.3
     1     1    11     4    14    20     0     2   -44.0  -10.014  -43.049   3765.9    613.1
     1     1    11     4    14    19     0     1   -45.0  -10.081  -42.698   3759.2    612.5
     1     1    11     4    14    18     0     0   -46.0  -10.154  -42.366   3720.5    614.6
     1     1    11     4    14    17     0     1   -47.0  -10.224  -42.053   3680.9    618.2
     1     1    11     4    14    16     0     2   -48.0  -10.284  -41.754   3662.3    615.6
     1     1    11     4    14    15     0     3   -49.0  -10.335  -41.464   3666.3    610.8
     1     1    11     4    14    14     0     2   -50.0  -10.380  -41.182   3653.4    605.4
     1     1    11     4    14    13     0     1   -51.0  -10.425  -40.908   3594.1    609.7
     1     1    11     4    14    12     0     0   -52.0  -10.477  -40.626   3504.5    623.5
     1     1    11     4    14    11     0     1   -53.0  -10.532  -40.323   3421.1    639.2
     1     1    11     4    14    10     0     2   -54.0  -10.583  -39.989   3381.5    649.2
     1     1    11     4    14     9     0     3   -55.0  -10.629  -39.641   3373.0    651.4
     1     1    11     4    14     8     0     2   -56.0  -10.670  -39.296   3389.3    651.4
     1     1    11     4    14     7     0     1   -57.0  -10.712  -38.955   3417.0    651.2
     1     1    11     4    14     6     0     0   -58.0  -10.751  -38.614   3453.4    649.8
     1     1    11     4    14     5     0     1   -59.0  -10.788  -38.272   3492.3    647.7
     1     1    11     4    14     4     0     2   -60.0  -10.823  -37.928   3529.1    647.1
     1     1    11     4    14     3     0     3   -61.0  -10.858  -37.585   3571.3    651.4
     1     1    11     4    14     2     0     2   -62.0  -10.899  -37.244   3617.1    655.8
     1     1    11     4    14     1     0     1   -63.0  -10.950  -36.901   3669.4    657.8
     1     1    11     4    14     0     0     0   -64.0  -11.005  -36.550   3709.7    654.4
     1     1    11     4    13    23     0     1   -65.0  -11.067  -36.195   3735.9    652.1
     1     1    11     4    13    22     0     2   -66.0  -11.138  -35.843   3760.0    650.5
     1     1    11     4    13    21     0     3   -67.0  -11.218  -35.496   3795.1    647.8
     1     1    11     4    13    20     0     2   -68.0  -11.301  -35.160   3842.3    643.9
     1     1    11     4    13    19     0     1   -69.0  -11.384  -34.840   3893.3    639.7
     1     1    11     4    13    18     0     0   -70.0  -11.464  -34.531   3941.4    635.8
     1     1    11     4    13    17     0     1   -71.0  -11.541  -34.229   3979.7    632.7
     1     1    11     4    13    16     0     2   -72.0  -11.613  -33.936   4006.0    630.9
     1     1    11     4    13    15     0     3   -73.0  -11.679  -33.649   4019.4    629.8
     1     1    11     4    13    14     0     2   -74.0  -11.743  -33.362   4024.9    630.1
     1     1    11     4    13    13     0     1   -75.0  -11.806  -33.068   4029.8    629.9
     1     1    11     4    13    12     0     0   -76.0  -11.866  -32.764   4041.0    629.8
     1     1    11     4    13    11     0     1   -77.0  -11.920  -32.453   4065.6    627.3
     1     1    11     4    13    10     0     2   -78.0  -11.969  -32.136   4104.8    623.9
     1     1    11     4    13     9     0     3   -79.0  -12.015  -31.814   4151.1    619.2
     1     1    11     4    13     8     0     2   -80.0  -12.057  -31.490   4183.2    615.7
     1     1    11     4    13     7     0     1   -81.0  -12.097  -31.166   4191.6    615.2
     1     1    11     4    13     6     0     0   -82.0  -12.139  -30.840   4185.0    616.0
     1     1    11     4    13     5     0     1   -83.0  -12.185  -30.514   4179.2    617.4
     1     1    11     4    13     4     0     2   -84.0  -12.239  -30.193   4184.9    617.3
     1     1    11     4    13     3     0     3   -85.0  -12.296  -29.879   4203.9    616.2
     1     1    11     4    13     2     0     2   -86.0  -12.357  -29.573   4228.9    613.9
     1     1    11     4    13     1     0     1   -87.0  -12.422  -29.273   4250.9    612.4
     1     1    11     4    13     0     0     0   -88.0  -12.489  -28.981   4268.2    611.2
     1     1    11     4    12    23     0     1   -89.0  -12.550  -28.695   4280.7    610.1
     1     1    11     4    12    22     0     2   -90.0  -12.599  -28.413   4292.6    609.3
     1     1    11     4    12    21     0     3   -91.0  -12.634  -28.131   4310.2    607.9
     1     1    11     4    12    20     0     2   -92.0  -12.659  -27.848   4321.7    606.0
     1     1    11     4    12    19     0     1   -93.0  -12.681  -27.565   4311.9    606.6
     1     1    11     4    12    18     0     0   -94.0  -12.704  -27.284   4283.4    609.0
     1     1    11     4    12    17     0     1   -95.0  -12.727  -27.000   4260.0    612.3
     1     1    11     4    12    16     0     2   -96.0  -12.752  -26.708   4264.8    612.2
     1     1    11     4    12    15     0     3   -97.0  -12.777  -26.408   4294.4    609.4
     1     1    11     4    12    14     0     2   -98.0  -12.809  -26.098   4325.3    606.2
     1     1    11     4    12    13     0     1   -99.0  -12.852  -25.774   4332.8    605.2
     1     1    11     4    12    12     0     0  -100.0  -12.907  -25.437   4308.4    607.3
     1     1    11     4    12    11     0     1  -101.0  -12.972  -25.093   4274.4    611.2
     1     1    11     4    12    10     0     2  -102.0  -13.042  -24.752   4272.4    612.5
     1     1    11     4    12     9     0     3  -103.0  -13.114  -24.422   4320.9    608.7
     1     1    11     4    12     8     0     2  -104.0  -13.184  -24.105   4398.9    601.2
     1     1    11     4    12     7     0     1  -105.0  -13.252  -23.795   4475.2    594.7
     1     1    11     4    12     6     0     0  -106.0  -13.322  -23.486   4535.6    589.8
     1     1    11     4    12     5     0     1  -107.0  -13.395  -23.173   4570.2    587.1
     1     1    11     4    12     4     0     2  -108.0  -13.472  -22.854   4578.8    587.1
     1     1    11     4    12     3     0     3  -109.0  -13.550  -22.532   4569.1    588.2
     1     1    11     4    12     2     0     2  -110.0  -13.630  -22.207   4562.8    590.2
     1     1    11     4    12     1     0     1  -111.0  -13.714  -21.881   4579.7    589.2
     1     1    11     4    12     0     0     0  -112.0  -13.802  -21.551   4617.7    586.4
     1     1    11     4    11    23     0     1  -113.0  -13.897  -21.221   4663.5    582.3
     1     1    11     4    11    22     0     2  -114.0  -14.000  -20.894   4705.5    579.1
     1     1    11     4    11    21     0     3  -115.0  -14.110  -20.575   4744.0    576.5
     1     1    11     4    11    20     0     2  -116.0  -14.227  -20.264   4775.7    573.7
     1     1    11     4    11    19     0     1  -117.0  -14.350  -19.961   4798.4    572.0
     1     1    11     4    11    18     0     0  -118.0  -14.476  -19.665   4815.2    570.6
     1     1    11     4    11    17     0     1  -119.0  -14.600  -19.370   4818.4    569.9
     1     1    11     4    11    16     0     2  -120.0  -14.716  -19.067   4800.9    571.2
     1     1    11     4    11    15     0     3  -121.0  -14.823  -18.754   4767.1    573.8
     1     1    11     4    11    14     0     2  -122.0  -14.941  -18.432   4745.8    577.4
     1     1    11     4    11    13     0     1  -123.0  -15.084  -18.108   4756.0    576.5
     1     1    11     4    11    12     0     0  -124.0  -15.253  -17.791   4786.2    574.3
     1     1    11     4    11    11     0     1  -125.0  -15.445  -17.491   4829.2    571.0
     1     1    11     4    11    10     0     2  -126.0  -15.663  -17.213   4888.2    567.1
     1     1    11     4    11     9     0     3  -127.0  -15.909  -16.954   4973.7    561.4
     1     1    11     4    11     8     0     2  -128.0  -16.170  -16.719   5054.2    553.0
     1     1    11     4    11     7     0     1  -129.0  -16.434  -16.513   5090.4    550.3
     1     1    11     4    11     6     0     0  -130.0  -16.702  -16.333   5084.8    550.7
     1     1    11     4    11     5     0     1  -131.0  -16.969  -16.170   5047.7    554.1
     1     1    11     4    11     4     0     2  -132.0  -17.228  -16.019   4994.7    558.6
     1     1    11     4    11     3     0     3  -133.0  -17.483  -15.878   4936.8    563.1
     1     1    11     4    11     2     0     2  -134.0  -17.733  -15.742   4899.6    567.4
     1     1    11     4    11     1     0     1  -135.0  -17.976  -15.607   4901.5    567.1
     1     1    11     4    11     0     0     0  -136.0  -18.208  -15.473   4933.4    564.6
     1     1    11     4    10    23     0     1  -137.0  -18.435  -15.347   4979.1    560.8
     1     1    11     4    10    22     0     2  -138.0  -18.663  -15.229   5029.5    557.5
     1     1    11     4    10    21     0     3  -139.0  -18.895  -15.118   5089.3    553.7
     1     1    11     4    10    20     0     2  -140.0  -19.133  -15.016   5151.5    548.5
     1     1    11     4    10    19     0     1  -141.0  -19.374  -14.930   5207.5    544.5
     1     1    11     4    10    18     0     0  -142.0  -19.618  -14.862   5261.1    540.8
     1     1    11     4    10    17     0     1  -143.0  -19.867  -14.808   5318.3    537.3
     1     1    11     4    10    16     0     2  -144.0  -20.124  -14.763   5377.4    533.0
     1     1    11     4    10    15     0     3  -145.0  -20.386  -14.727   5427.5    529.3
     1     1    11     4    10    14     0     2  -146.0  -20.649  -14.704   5480.9    527.2
     1     1    11     4    10    13     0     1  -147.0  -20.910  -14.700   5561.8    522.3
     1     1    11     4    10    12     0     0  -148.0  -21.168  -14.713   5683.9    515.0
     1     1    11     4    10    11     0     1  -149.0  -21.428  -14.745   5825.3    503.9
     1     1    11     4    10    10     0     2  -150.0  -21.697  -14.798   5949.3    495.6
     1     1    11     4    10     9     0     3  -151.0  -21.978  -14.870   6045.9    489.1
     1     1    11     4    10     8     0     2  -152.0  -22.262  -14.964   6119.0    484.9
     1     1    11     4    10     7     0     1  -153.0  -22.538  -15.087   6172.8    481.2
     1     1    11     4    10     6     0     0  -154.0  -22.804  -15.235   6200.1    479.2
     1     1    11     4    10     5     0     1  -155.0  -23.046  -15.401   6219.0    479.6
     1     1    11     4    10     4     0     2  -156.0  -23.252  -15.578   6248.5    478.1
     1     1    11     4    10     3     0     3  -157.0  -23.421  -15.769   6283.3    476.1
     1     1    11     4    10     2     0     2  -158.0  -23.561  -15.973   6322.7    473.9
     1     1    11     4    10     1     0     1  -159.0  -23.678  -16.184   6370.8    471.1
     1     1    11     4    10     0     0     0  -160.0  -23.773  -16.405   6428.9    467.7
     1     1    11     4     9    23     0     1  -161.0  -23.849  -16.631   6485.0    463.6
     1     1    11     4     9    22     0     2  -162.0  -23.903  -16.856   6531.7    461.0
     1     1    11     4     9    21     0     3  -163.0  -23.937  -17.077   6575.1    458.5
     1     1    11     4     9    20     0     2  -164.0  -23.952  -17.301   6622.0    455.6
     1     1    11     4     9    19     0     1  -165.0  -23.951  -17.535   6669.2    452.1
     1     1    11     4     9    18     0     0  -166.0  -23.933  -17.778   6703.0    449.4
     1     1    11     4     9    17     0     1  -167.0  -23.895  -18.021   6725.3    448.7
     1     1    11     4     9    16     0     2  -168.0  -23.836  -18.255   6751.4    447.6
     1     1    11     4     9    15     0     3  -169.0  -23.757  -18.481   6791.8    445.7
     1     1    11     4     9    14     0     2  -170.0  -23.663  -18.697   6828.0    442.3
     1     1    11     4     9    13     0     1  -171.0  -23.563  -18.895   6838.0    442.0
     1     1    11     4     9    12     0     0  -172.0  -23.457  -19.071   6827.7    442.9
     1     1    11     4     9    11     0     1  -173.0  -23.350  -19.224   6814.3    444.3
     1     1    11     4     9    10     0     2  -174.0  -23.244  -19.353   6810.7    444.2
     1     1    11     4     9     9     0     3  -175.0  -23.138  -19.460   6815.2    443.7
     1     1    11     4     9     8     0     2  -176.0  -23.033  -19.552   6819.9    442.9
     1     1    11     4     9     7     0     1  -177.0  -22.933  -19.632   6816.7    443.0
     1     1    11     4     9     6     0     0  -178.0  -22.837  -19.700   6805.5    443.6
     1     1    11     4     9     5     0     1  -179.0  -22.740  -19.754   6792.9    444.9
     1     1    11     4     9     4     0     2  -180.0  -22.636  -19.794   6784.6    445.5
     1     1    11     4     9     3     0     3  -181.0  -22.526  -19.822   6779.4    446.0
     1     1    11     4     9     2     0     2  -182.0  -22.420  -19.836   6782.6    446.3
     1     1    11     4     9     1     0     1  -183.0  -22.326  -19.840   6799.7    445.5
     1     1    11     4     9     0     0     0  -184.0  -22.244  -19.831   6830.9    443.8
     1     1    11     4     8    23     0     1  -185.0  -22.166  -19.819   6861.9    441.1
     1     1    11     4     8    22     0     2  -186.0  -22.087  -19.809   6880.7    440.1
     1     1    11     4     8    21     0     3  -187.0  -22.007  -19.801   6889.4    439.6
     1     1    11     4     8    20     0     2  -188.0  -21.930  -19.797   6900.1    439.5
     1     1    11     4     8    19     0     1  -189.0  -21.860  -19.801   6922.3    437.9
     1     1    11     4     8    18     0     0  -190.0  -21.793  -19.813   6953.5    436.0
     1     1    11     4     8    17     0     1  -191.0  -21.727  -19.828   6975.1    433.8
     1     1    11     4     8    16     0     2  -192.0  -21.661  -19.843   6969.6    434.1
     1     1    11     4     8    15     0     3  -193.0  -21.596  -19.854   6936.9    436.0
     1     1    11     4     8    14     0     2  -194.0  -21.535  -19.857   6900.3    439.5
     1     1    11     4     8    13     0     1  -195.0  -21.476  -19.849   6882.4    440.7
     1     1    11     4     8    12     0     0  -196.0  -21.420  -19.832   6882.5    440.8
     1     1    11     4     8    11     0     1  -197.0  -21.366  -19.810   6898.0    439.5
     1     1    11     4     8    10     0     2  -198.0  -21.314  -19.785   6926.4    437.6
     1     1    11     4     8     9     0     3  -199.0  -21.264  -19.757   6968.2    434.9
     1     1    11     4     8     8     0     2  -200.0  -21.213  -19.725   7019.5    431.7
     1     1    11     4     8     7     0     1  -201.0  -21.162  -19.688   7075.5    428.5
     1     1    11     4     8     6     0     0  -202.0  -21.111  -19.644   7134.9    425.1
     1     1    11     4     8     5     0     1  -203.0  -21.056  -19.580   7193.6    421.8
     1     1    11     4     8     4     0     2  -204.0  -20.998  -19.482   7248.4    419.0
     1     1    11     4     8     3     0     3  -205.0  -20.939  -19.349   7300.2    416.4
     1     1    11     4     8     2     0     2  -206.0  -20.891  -19.189   7350.7    413.8
     1     1    11     4     8     1     0     1  -207.0  -20.862  -19.013   7402.8    411.2
     1     1    11     4     8     0     0     0  -208.0  -20.853  -18.823   7459.0    408.4
     1     1    11     4     7    23     0     1  -209.0  -20.865  -18.630   7512.3    405.1
     1     1    11     4     7    22     0     2  -210.0  -20.894  -18.443   7554.6    402.9
     1     1    11     4     7    21     0     3  -211.0  -20.944  -18.261   7584.6    401.3
     1     1    11     4     7    20     0     2  -212.0  -21.011  -18.084   7608.7    400.3
     1     1    11     4     7    19     0     1  -213.0  -21.091  -17.910   7633.2    398.8
     1     1    11     4     7    18     0     0  -214.0  -21.182  -17.743   7659.2    397.4
     1     1    11     4     7    17     0     1  -215.0  -21.283  -17.580   7679.6    395.8
     1     1    11     4     7    16     0     2  -216.0  -21.394  -17.417   7687.9    395.4
     1     1    11     4     7    15     0     3  -217.0  -21.514  -17.256   7689.2    395.4
     1     1    11     4     7    14     0     2  -218.0  -21.644  -17.095   7681.5    395.7
     1     1    11     4     7    13     0     1  -219.0  -21.783  -16.937   7657.7    396.9
     1     1    11     4     7    12     0     0  -220.0  -21.926  -16.783   7613.9    399.3
     1     1    11     4     7    11     0     1  -221.0  -22.079  -16.632   7584.7    402.6
     1     1    11     4     7    10     0     2  -222.0  -22.247  -16.480   7602.8    401.3
     1     1    11     4     7     9     0     3  -223.0  -22.431  -16.328   7664.1    397.7
     1     1    11     4     7     8     0     2  -224.0  -22.631  -16.183   7743.6    392.2
     1     1    11     4     7     7     0     1  -225.0  -22.849  -16.052   7818.8    388.2
     1     1    11     4     7     6     0     0  -226.0  -23.083  -15.936   7891.3    384.4
     1     1    11     4     7     5     0     1  -227.0  -23.332  -15.837   7959.1    381.1
     1     1    11     4     7     4     0     2  -228.0  -23.593  -15.756   8016.8    378.2
     1     1    11     4     7     3     0     3  -229.0  -23.865  -15.695   8058.9    376.3
     1     1    11     4     7     2     0     2  -230.0  -24.149  -15.661   8092.3    375.2
     1     1    11     4     7     1     0     1  -231.0  -24.444  -15.661   8128.3    373.7
     1     1    11     4     7     0     0     0  -232.0  -24.749  -15.696   8170.2    371.8
     1     1    11     4     6    23     0     1  -233.0  -25.066  -15.766   8219.1    369.4
     1     1    11     4     6    22     0     2  -234.0  -25.397  -15.871   8274.4    366.6
     1     1    11     4     6    21     0     3  -235.0  -25.746  -16.015   8333.1    363.6
     1     1    11     4     6    20     0     2  -236.0  -26.098  -16.200   8387.5    360.4
     1     1    11     4     6    19     0     1  -237.0  -26.436  -16.428   8437.4    357.8
     1     1    11     4     6    18     0     0  -238.0  -26.763  -16.708   8485.4    355.1
     1     1    11     4     6    17     0     1  -239.0  -27.069  -17.041   8524.8    353.0
     1     1    11     4     6    16     0     2  -240.0  -27.325  -17.411   8552.4    351.8
     1     1    11     4     6    15     0     3  -241.0  -27.525  -17.811   8570.4    351.0
     1     1    11     4     6    14     0     2  -242.0  -27.682  -18.242   8583.4    350.7
     1     1    11     4     6    13     0     1  -243.0  -27.804  -18.695   8595.5    350.1
     1     1    11     4     6    12     0     0  -244.0  -27.894  -19.163   8598.1    349.8
     1     1    11     4     6    11     0     1  -245.0  -27.947  -19.648   8602.2    350.2
     1     1    11     4     6    10     0     2  -246.0  -27.962  -20.152   8632.6    348.7
     1     1    11     4     6     9     0     3  -247.0  -27.948  -20.669   8696.6    345.4
     1     1    11     4     6     8     0     2  -248.0  -27.905  -21.193   8771.5    340.7
     1     1    11     4     6     7     0     1  -249.0  -27.831  -21.718   8833.8    337.7
     1     1    11     4     6     6     0     0  -250.0  -27.731  -22.252   8880.7    335.1
     1     1    11     4     6     5     0     1  -251.0  -27.599  -22.785   8909.3    333.9
     1     1    11     4     6     4     0     2  -252.0  -27.429  -23.306   8930.4    333.3
     1     1    11     4     6     3     0     3  -253.0  -27.226  -23.820   8952.8    332.3
     1     1    11     4     6     2     0     2  -254.0  -27.004  -24.325   8977.2    331.2
     1     1    11     4     6     1     0     1  -255.0  -26.774  -24.810   8989.5    330.1
     1     1    11     4     6     0     0     0  -256.0  -26.534  -25.275   8987.7    330.8
     1     1    11     4     5    23     0     1  -257.0  -26.284  -25.726   8989.2    331.0
     1     1    11     4     5    22     0     2  -258.0  -26.024  -26.160   8980.9    330.4
     1     1    11     4     5    21     0     3  -259.0  -25.751  -26.560   8927.2    332.0
     1     1    11     4     5    20     0     2  -260.0  -25.471  -26.923   8854.3    337.2
     1     1    11     4     5    19     0     1  -261.0  -25.189  -27.269   8799.2    339.6
     1     1    11     4     5    18     0     0  -262.0  -24.910  -27.604   8756.8    341.4
     1     1    11     4     5    17     0     1  -263.0  -24.651  -27.921   8715.9    343.0
     1     1    11     4     5    16     0     2  -264.0  -24.417  -28.215   8669.7    345.4
     1     1    11     4     5    15     0     3  -265.0  -24.201  -28.490   8618.4    347.9
     1     1    11     4     5    14     0     2  -266.0  -23.995  -28.764   8547.8    350.7
     1     1    11     4     5    13     0     1  -267.0  -23.801  -29.048   8452.7    355.8
     1     1    11     4     5    12     0     0  -268.0  -23.630  -29.334   8341.2    361.3
     1     1    11     4     5    11     0     1  -269.0  -23.470  -29.632   8251.2    367.4
     1     1    11     4     5    10     0     2  -270.0  -23.311  -29.954   8221.6    368.6
     1     1    11     4     5     9     0     3  -271.0  -23.161  -30.304   8249.9    366.6
     1     1    11     4     5     8     0     2  -272.0  -23.023  -30.679   8288.4    362.6
     1     1    11     4     5     7     0     1  -273.0  -22.884  -31.067   8300.8    362.1
     1     1    11     4     5     6     0     0  -274.0  -22.736  -31.472   8303.5    362.4
     1     1    11     4     5     5     0     1  -275.0  -22.596  -31.885   8309.5    362.4
     1     1    11     4     5     4     0     2  -276.0  -22.469  -32.296   8330.2    362.0
     1     1    11     4     5     3     0     3  -277.0  -22.355  -32.709   8390.5    359.9
     1     1    11     4     5     2     0     2  -278.0  -22.259  -33.132   8492.4    354.1
     1     1    11     4     5     1     0     1  -279.0  -22.171  -33.561   8604.6    347.9
     1     1    11     4     5     0     0     0  -280.0  -22.082  -33.986   8707.9    342.9
     1     1    11     4     4    23     0     1  -281.0  -21.993  -34.399   8799.0    338.5
     1     1    11     4     4    22     0     2  -282.0  -21.900  -34.798   8875.1    334.8
     1     1    11     4     4    21     0     3  -283.0  -21.801  -35.179   8895.6    331.9
     1     1    11     4     4    20     0     2  -284.0  -21.707  -35.541   8817.7    335.2
     1     1    11     4     4    19     0     1  -285.0  -21.629  -35.889   8649.4    343.8
     1     1    11     4     4    18     0     0  -286.0  -21.560  -36.229   8446.5    355.1
     1     1    11     4     4    17     0     1  -287.0  -21.498  -36.585   8246.3    364.8
     1     1    11     4     4    16     0     2  -288.0  -21.443  -36.964   8025.5    374.9
     1     1    11     4     4    15     0     3  -289.0  -21.395  -37.359   7781.6    388.2
     1     1    11     4     4    14     0     2  -290.0  -21.350  -37.765   7567.4    401.4
     1     1    11     4     4    13     0     1  -291.0  -21.306  -38.175   7387.2    409.9
     1     1    11     4     4    12     0     0  -292.0  -21.260  -38.587   7224.5    419.4
     1     1    11     4     4    11     0     1  -293.0  -21.207  -38.997   7079.1    426.7
     1     1    11     4     4    10     0     2  -294.0  -21.138  -39.393   6963.0    433.8
     1     1    11     4     4     9     0     3  -295.0  -21.055  -39.773   6885.3    437.4
     1     1    11     4     4     8     0     2  -296.0  -20.966  -40.143   6820.2    439.3
     1     1    11     4     4     7     0     1  -297.0  -20.863  -40.522   6752.1    439.2
     1     1    11     4     4     6     0     0  -298.0  -20.742  -40.935   6705.4    434.3
     1     1    11     4     4     5     0     1  -299.0  -20.619  -41.375   6679.6    424.0
     1     1    11     4     4     4     0     2  -300.0  -20.499  -41.834   6669.1    416.0
     1     1    11     4     4     3     0     3  -301.0  -20.373  -42.326   6689.9    411.8
     1     1    11     4     4     2     0     2  -302.0  -20.249  -42.829   6686.3    409.8
     1     1    11     4     4     1     0     1  -303.0  -20.131  -43.315   6568.7    411.4
     1     1    11     4     4     0     0     0  -304.0  -20.005  -43.764   6448.2    415.3
     1     1    11     4     3    23     0     1  -305.0  -19.883  -44.184   6434.0    413.3
     1     1    11     4     3    22     0     2  -306.0  -19.773  -44.595   6464.8    413.1
     1     1    11     4     3    21     0     3  -307.0  -19.656  -45.004   6470.4    417.3
     1     1    11     4     3    20     0     2  -308.0  -19.539  -45.410   6407.9    418.3
     1     1    11     4     3    19     0     1  -309.0  -19.428  -45.807   6306.4    422.3
     1     1    11     4     3    18     0     0  -310.0  -19.311  -46.189   6217.5    425.3
     1     1    11     4     3    17     0     1  -311.0  -19.197  -46.560   6167.0    426.8
     1     1    11     4     3    16     0     2  -312.0  -19.098  -46.926   6143.8    427.0
     1     1    11     4     3    15     0     3  -313.0  -19.014  -47.284   6139.9    428.8
     1     1    11     4     3    14     0     2  -314.0  -18.937  -47.624   6149.5    431.2
     1     1    11     4     3    13     0     1  -315.0  -18.856  -47.940   6179.0    431.3
     1     1    11     4     3    12     0     0  -316.0  -18.767  -48.241   6225.9    431.3
     1     1    11     4     3    11     0     1  -317.0  -18.695  -48.548   6261.4    430.9
     1     1    11     4     3    10     0     2  -318.0  -18.662  -48.864   6277.7    433.3
     1     1    11     4     3     9     0     3  -319.0  -18.662  -49.175   6284.3    434.6
     1     1    11     4     3     8     0     2  -320.0  -18.670  -49.494   6275.5    436.1
     1     1    11     4     3     7     0     1  -321.0  -18.675  -49.824   6263.9    439.3
     1     1    11     4     3     6     0     0  -322.0  -18.684  -50.149   6275.3    440.4
     1     1    11     4     3     5     0     1  -323.0  -18.677  -50.478   6241.7    439.2
     1     1    11     4     3     4     0     2  -324.0  -18.652  -50.817   6152.8    449.4
     1     1    11     4     3     3     0     3  -325.0  -18.623  -51.149   6088.1    453.8
     1     1    11     4     3     2     0     2  -326.0  -18.580  -51.478   5958.6    453.4
     1     1    11     4     3     1     0     1  -327.0  -18.520  -51.791   5751.3    469.3
     1     1    11     4     3     0     0     0  -328.0  -18.459  -52.068   5592.2    480.2
     1     1    11     4     2    23     0     1  -329.0  -18.396  -52.317   5419.1    481.6
     1     1    11     4     2    22     0     2  -330.0  -18.321  -52.554   5173.2    498.3
     1     1    11     4     2    21     0     3  -331.0  -18.241  -52.770   4955.0    512.6
     1     1    11     4     2    20     0     2  -332.0  -18.154  -52.957   4841.3    520.5
     1     1    11     4     2    19     0     1  -333.0  -18.060  -53.113   4858.9    519.6
     1     1    11     4     2    18     0     0  -334.0  -17.961  -53.242   4964.3    515.0
     1     1    11     4     2    17     0     1  -335.0  -17.868  -53.346   5033.6    507.5
     1     1    11     4     2    16     0     2  -336.0  -17.774  -53.423   4983.7    513.9
