     3     1
    GDAS    11     6     1     0     0
    GDAS    11     6     8     0     0
    GDAS    11     6    15     0     0
     1 BACKWARD OMEGA   
  2011     6    19    16   -8.890  -56.860   914.4
     1 PRESSURE
     1     1    11     6    19    16     0     2     0.0   -8.890  -56.860    914.4    892.0
     1     1    11     6    19    15     0     3    -1.0   -8.832  -56.770    889.7    893.7
     1     1    11     6    19    14     0     2    -2.0   -8.755  -56.659    874.3    893.0
     1     1    11     6    19    13     0     1    -3.0   -8.657  -56.525    874.3    890.1
     1     1    11     6    19    12     0     0    -4.0   -8.537  -56.367    893.6    884.6
     1     1    11     6    19    11     0     1    -5.0   -8.415  -56.199    915.1    876.3
     1     1    11     6    19    10     0     2    -6.0   -8.315  -56.034    920.6    872.3
     1     1    11     6    19     9     0     3    -7.0   -8.239  -55.873    910.5    871.3
     1     1    11     6    19     8     0     2    -8.0   -8.178  -55.712    889.7    873.6
     1     1    11     6    19     7     0     1    -9.0   -8.120  -55.548    863.1    876.4
     1     1    11     6    19     6     0     0   -10.0   -8.065  -55.382    830.7    880.0
     1     1    11     6    19     5     0     1   -11.0   -8.016  -55.210    796.4    885.1
     1     1    11     6    19     4     0     2   -12.0   -7.977  -55.031    765.4    890.3
     1     1    11     6    19     3     0     3   -13.0   -7.947  -54.845    741.1    893.5
     1     1    11     6    19     2     0     2   -14.0   -7.929  -54.659    724.2    894.7
     1     1    11     6    19     1     0     1   -15.0   -7.924  -54.481    712.3    895.3
     1     1    11     6    19     0     0     0   -16.0   -7.931  -54.310    704.2    895.4
     1     1    11     6    18    23     0     1   -17.0   -7.945  -54.148    694.6    895.2
     1     1    11     6    18    22     0     2   -18.0   -7.963  -53.995    676.4    896.1
     1     1    11     6    18    21     0     3   -19.0   -7.983  -53.851    647.6    900.1
     1     1    11     6    18    20     0     2   -20.0   -8.003  -53.718    616.9    905.5
     1     1    11     6    18    19     0     1   -21.0   -8.020  -53.595    592.9    909.2
     1     1    11     6    18    18     0     0   -22.0   -8.032  -53.481    574.7    912.2
     1     1    11     6    18    17     0     1   -23.0   -8.045  -53.367    557.9    915.2
     1     1    11     6    18    16     0     2   -24.0   -8.064  -53.244    539.0    918.8
     1     1    11     6    18    15     0     3   -25.0   -8.088  -53.111    518.3    922.6
     1     1    11     6    18    14     0     2   -26.0   -8.118  -52.962    497.9    925.5
     1     1    11     6    18    13     0     1   -27.0   -8.159  -52.788    482.0    926.6
     1     1    11     6    18    12     0     0   -28.0   -8.213  -52.589    473.5    926.9
     1     1    11     6    18    11     0     1   -29.0   -8.270  -52.372    476.2    926.1
     1     1    11     6    18    10     0     2   -30.0   -8.320  -52.147    493.8    923.6
     1     1    11     6    18     9     0     3   -31.0   -8.361  -51.915    527.4    919.4
     1     1    11     6    18     8     0     2   -32.0   -8.397  -51.671    574.0    913.2
     1     1    11     6    18     7     0     1   -33.0   -8.431  -51.414    630.1    906.5
     1     1    11     6    18     6     0     0   -34.0   -8.463  -51.143    694.5    897.9
     1     1    11     6    18     5     0     1   -35.0   -8.499  -50.868    760.2    891.4
     1     1    11     6    18     4     0     2   -36.0   -8.550  -50.599    815.4    889.2
     1     1    11     6    18     3     0     3   -37.0   -8.617  -50.343    854.7    889.7
     1     1    11     6    18     2     0     2   -38.0   -8.691  -50.111    879.1    891.2
     1     1    11     6    18     1     0     1   -39.0   -8.765  -49.906    896.5    892.3
     1     1    11     6    18     0     0     0   -40.0   -8.835  -49.720    920.1    890.4
     1     1    11     6    17    23     0     1   -41.0   -8.897  -49.545    955.6    885.4
     1     1    11     6    17    22     0     2   -42.0   -8.950  -49.381    998.0    879.8
     1     1    11     6    17    21     0     3   -43.0   -8.997  -49.230   1045.3    873.6
     1     1    11     6    17    20     0     2   -44.0   -9.042  -49.081   1098.2    867.5
     1     1    11     6    17    19     0     1   -45.0   -9.088  -48.922   1155.6    861.4
     1     1    11     6    17    18     0     0   -46.0   -9.132  -48.757   1211.5    856.2
     1     1    11     6    17    17     0     1   -47.0   -9.172  -48.577   1259.5    851.9
     1     1    11     6    17    16     0     2   -48.0   -9.206  -48.373   1295.3    849.5
     1     1    11     6    17    15     0     3   -49.0   -9.237  -48.143   1320.5    848.3
     1     1    11     6    17    14     0     2   -50.0   -9.263  -47.891   1342.3    844.6
     1     1    11     6    17    13     0     1   -51.0   -9.281  -47.623   1376.8    835.6
     1     1    11     6    17    12     0     0   -52.0   -9.291  -47.343   1438.0    823.8
     1     1    11     6    17    11     0     1   -53.0   -9.300  -47.066   1517.2    808.6
     1     1    11     6    17    10     0     2   -54.0   -9.316  -46.797   1588.8    799.3
     1     1    11     6    17     9     0     3   -55.0   -9.340  -46.525   1633.4    795.7
     1     1    11     6    17     8     0     2   -56.0   -9.370  -46.244   1652.0    795.4
     1     1    11     6    17     7     0     1   -57.0   -9.403  -45.953   1653.3    795.6
     1     1    11     6    17     6     0     0   -58.0   -9.448  -45.660   1660.4    794.1
     1     1    11     6    17     5     0     1   -59.0   -9.505  -45.369   1692.0    788.8
     1     1    11     6    17     4     0     2   -60.0   -9.568  -45.077   1744.4    782.2
     1     1    11     6    17     3     0     3   -61.0   -9.634  -44.791   1799.2    777.0
     1     1    11     6    17     2     0     2   -62.0   -9.705  -44.517   1830.2    775.3
     1     1    11     6    17     1     0     1   -63.0   -9.791  -44.254   1835.3    776.0
     1     1    11     6    17     0     0     0   -64.0   -9.898  -44.009   1823.1    777.3
     1     1    11     6    16    23     0     1   -65.0  -10.019  -43.768   1809.5    778.0
     1     1    11     6    16    22     0     2   -66.0  -10.138  -43.521   1804.8    778.9
     1     1    11     6    16    21     0     3   -67.0  -10.254  -43.278   1808.6    779.6
     1     1    11     6    16    20     0     2   -68.0  -10.373  -43.047   1823.8    779.7
     1     1    11     6    16    19     0     1   -69.0  -10.496  -42.827   1842.2    776.7
     1     1    11     6    16    18     0     0   -70.0  -10.623  -42.620   1862.1    773.4
     1     1    11     6    16    17     0     1   -71.0  -10.751  -42.428   1894.7    768.8
     1     1    11     6    16    16     0     2   -72.0  -10.880  -42.256   1952.5    761.5
     1     1    11     6    16    15     0     3   -73.0  -11.007  -42.111   2042.6    750.6
     1     1    11     6    16    14     0     2   -74.0  -11.131  -42.002   2150.1    734.4
     1     1    11     6    16    13     0     1   -75.0  -11.247  -41.929   2262.3    720.1
     1     1    11     6    16    12     0     0   -76.0  -11.353  -41.879   2373.2    707.5
     1     1    11     6    16    11     0     1   -77.0  -11.444  -41.850   2473.2    695.0
     1     1    11     6    16    10     0     2   -78.0  -11.521  -41.836   2553.5    685.8
     1     1    11     6    16     9     0     3   -79.0  -11.585  -41.835   2616.0    678.4
     1     1    11     6    16     8     0     2   -80.0  -11.642  -41.847   2664.2    673.0
     1     1    11     6    16     7     0     1   -81.0  -11.695  -41.875   2702.6    668.3
     1     1    11     6    16     6     0     0   -82.0  -11.745  -41.919   2736.0    663.8
     1     1    11     6    16     5     0     1   -83.0  -11.789  -41.970   2758.6    659.4
     1     1    11     6    16     4     0     2   -84.0  -11.827  -42.015   2761.1    658.1
     1     1    11     6    16     3     0     3   -85.0  -11.862  -42.051   2740.8    659.8
     1     1    11     6    16     2     0     2   -86.0  -11.896  -42.082   2714.9    663.7
     1     1    11     6    16     1     0     1   -87.0  -11.929  -42.115   2704.6    664.8
     1     1    11     6    16     0     0     0   -88.0  -11.958  -42.152   2711.0    664.8
     1     1    11     6    15    23     0     1   -89.0  -11.984  -42.192   2723.0    663.3
     1     1    11     6    15    22     0     2   -90.0  -12.012  -42.232   2730.8    663.4
     1     1    11     6    15    21     0     3   -91.0  -12.042  -42.271   2737.5    663.8
     1     1    11     6    15    20     0     2   -92.0  -12.068  -42.307   2742.1    664.4
     1     1    11     6    15    19     0     1   -93.0  -12.083  -42.335   2741.6    665.4
     1     1    11     6    15    18     0     0   -94.0  -12.089  -42.356   2735.5    666.6
     1     1    11     6    15    17     0     1   -95.0  -12.086  -42.367   2719.9    668.3
     1     1    11     6    15    16     0     2   -96.0  -12.076  -42.366   2691.0    671.0
     1     1    11     6    15    15     0     3   -97.0  -12.059  -42.354   2647.9    674.5
     1     1    11     6    15    14     0     2   -98.0  -12.040  -42.334   2607.2    678.9
     1     1    11     6    15    13     0     1   -99.0  -12.018  -42.317   2585.7    680.3
     1     1    11     6    15    12     0     0  -100.0  -11.993  -42.303   2583.5    680.4
     1     1    11     6    15    11     0     1  -101.0  -11.963  -42.289   2587.5    678.7
     1     1    11     6    15    10     0     2  -102.0  -11.927  -42.272   2583.5    678.8
     1     1    11     6    15     9     0     3  -103.0  -11.888  -42.253   2571.3    679.7
     1     1    11     6    15     8     0     2  -104.0  -11.847  -42.231   2554.4    681.8
     1     1    11     6    15     7     0     1  -105.0  -11.804  -42.204   2537.5    683.7
     1     1    11     6    15     6     0     0  -106.0  -11.760  -42.172   2522.0    685.3
     1     1    11     6    15     5     0     1  -107.0  -11.722  -42.131   2515.0    686.6
     1     1    11     6    15     4     0     2  -108.0  -11.693  -42.078   2520.7    685.7
     1     1    11     6    15     3     0     3  -109.0  -11.672  -42.016   2537.3    683.5
     1     1    11     6    15     2     0     2  -110.0  -11.662  -41.946   2563.0    681.7
     1     1    11     6    15     1     0     1  -111.0  -11.668  -41.863   2591.1    680.2
     1     1    11     6    15     0     0     0  -112.0  -11.693  -41.768   2617.3    678.6
     1     1    11     6    14    23     0     1  -113.0  -11.735  -41.662   2632.4    676.9
     1     1    11     6    14    22     0     2  -114.0  -11.796  -41.542   2623.7    677.5
     1     1    11     6    14    21     0     3  -115.0  -11.877  -41.406   2577.5    681.3
     1     1    11     6    14    20     0     2  -116.0  -11.975  -41.250   2472.3    690.6
     1     1    11     6    14    19     0     1  -117.0  -12.092  -41.063   2308.9    710.7
     1     1    11     6    14    18     0     0  -118.0  -12.231  -40.837   2136.8    736.7
     1     1    11     6    14    17     0     1  -119.0  -12.368  -40.598   2027.2    755.3
     1     1    11     6    14    16     0     2  -120.0  -12.477  -40.367   1987.8    761.1
     1     1    11     6    14    15     0     3  -121.0  -12.560  -40.143   1989.8    762.0
     1     1    11     6    14    14     0     2  -122.0  -12.635  -39.924   2025.8    761.8
     1     1    11     6    14    13     0     1  -123.0  -12.719  -39.707   2092.4    761.2
     1     1    11     6    14    12     0     0  -124.0  -12.811  -39.485   2173.4    761.0
     1     1    11     6    14    11     0     1  -125.0  -12.914  -39.254   2252.3    761.1
     1     1    11     6    14    10     0     2  -126.0  -13.030  -39.019   2316.9    764.9
     1     1    11     6    14     9     0     3  -127.0  -13.154  -38.791   2356.5    763.8
     1     1    11     6    14     8     0     2  -128.0  -13.277  -38.570   2367.7    764.3
     1     1    11     6    14     7     0     1  -129.0  -13.404  -38.353   2349.9    768.4
     1     1    11     6    14     6     0     0  -130.0  -13.534  -38.139   2315.3    773.6
     1     1    11     6    14     5     0     1  -131.0  -13.670  -37.927   2254.0    779.2
     1     1    11     6    14     4     0     2  -132.0  -13.810  -37.713   2160.9    789.0
     1     1    11     6    14     3     0     3  -133.0  -13.952  -37.495   2060.1    800.1
     1     1    11     6    14     2     0     2  -134.0  -14.102  -37.269   1990.4    809.3
     1     1    11     6    14     1     0     1  -135.0  -14.267  -37.041   1975.7    810.7
     1     1    11     6    14     0     0     0  -136.0  -14.444  -36.816   1993.8    807.1
     1     1    11     6    13    23     0     1  -137.0  -14.627  -36.599   2011.2    804.1
     1     1    11     6    13    22     0     2  -138.0  -14.813  -36.391   2017.8    803.7
     1     1    11     6    13    21     0     3  -139.0  -15.005  -36.189   2027.0    803.7
     1     1    11     6    13    20     0     2  -140.0  -15.206  -36.001   2053.0    801.4
     1     1    11     6    13    19     0     1  -141.0  -15.410  -35.833   2078.6    796.9
     1     1    11     6    13    18     0     0  -142.0  -15.612  -35.675   2082.1    796.4
     1     1    11     6    13    17     0     1  -143.0  -15.808  -35.523   2070.3    798.5
     1     1    11     6    13    16     0     2  -144.0  -15.996  -35.373   2058.4    800.6
     1     1    11     6    13    15     0     3  -145.0  -16.179  -35.233   2058.1    801.4
     1     1    11     6    13    14     0     2  -146.0  -16.357  -35.100   2066.8    800.1
     1     1    11     6    13    13     0     1  -147.0  -16.532  -34.968   2075.6    799.3
     1     1    11     6    13    12     0     0  -148.0  -16.704  -34.834   2082.0    799.0
     1     1    11     6    13    11     0     1  -149.0  -16.869  -34.699   2085.9    798.4
     1     1    11     6    13    10     0     2  -150.0  -17.025  -34.566   2085.8    797.9
     1     1    11     6    13     9     0     3  -151.0  -17.171  -34.432   2079.5    798.2
     1     1    11     6    13     8     0     2  -152.0  -17.310  -34.296   2067.3    799.4
     1     1    11     6    13     7     0     1  -153.0  -17.447  -34.160   2046.1    801.0
     1     1    11     6    13     6     0     0  -154.0  -17.584  -34.020   2006.4    804.3
     1     1    11     6    13     5     0     1  -155.0  -17.713  -33.871   1957.5    810.8
     1     1    11     6    13     4     0     2  -156.0  -17.830  -33.709   1919.7    815.0
     1     1    11     6    13     3     0     3  -157.0  -17.941  -33.539   1895.7    817.7
     1     1    11     6    13     2     0     2  -158.0  -18.051  -33.368   1881.9    818.9
     1     1    11     6    13     1     0     1  -159.0  -18.163  -33.200   1874.7    819.7
     1     1    11     6    13     0     0     0  -160.0  -18.276  -33.035   1876.0    819.8
     1     1    11     6    12    23     0     1  -161.0  -18.387  -32.873   1882.3    818.3
     1     1    11     6    12    22     0     2  -162.0  -18.493  -32.714   1890.8    817.2
     1     1    11     6    12    21     0     3  -163.0  -18.597  -32.561   1904.3    815.6
     1     1    11     6    12    20     0     2  -164.0  -18.704  -32.416   1910.5    813.4
     1     1    11     6    12    19     0     1  -165.0  -18.821  -32.278   1888.8    814.8
     1     1    11     6    12    18     0     0  -166.0  -18.951  -32.143   1822.7    820.1
     1     1    11     6    12    17     0     1  -167.0  -19.080  -32.011   1726.6    832.1
     1     1    11     6    12    16     0     2  -168.0  -19.194  -31.882   1642.0    841.8
     1     1    11     6    12    15     0     3  -169.0  -19.295  -31.760   1574.5    848.1
     1     1    11     6    12    14     0     2  -170.0  -19.393  -31.642   1520.7    854.4
     1     1    11     6    12    13     0     1  -171.0  -19.496  -31.528   1484.6    858.3
     1     1    11     6    12    12     0     0  -172.0  -19.605  -31.421   1467.6    860.4
     1     1    11     6    12    11     0     1  -173.0  -19.720  -31.321   1462.2    859.6
     1     1    11     6    12    10     0     2  -174.0  -19.838  -31.226   1459.6    859.7
     1     1    11     6    12     9     0     3  -175.0  -19.959  -31.136   1463.4    859.1
     1     1    11     6    12     8     0     2  -176.0  -20.081  -31.066   1428.2    857.8
     1     1    11     6    12     7     0     1  -177.0  -20.201  -31.025   1309.9    870.2
     1     1    11     6    12     6     0     0  -178.0  -20.322  -31.003   1130.4    890.4
     1     1    11     6    12     5     0     1  -179.0  -20.448  -30.989    951.5    914.2
     1     1    11     6    12     4     0     2  -180.0  -20.588  -30.978    806.3    928.8
     1     1    11     6    12     3     0     3  -181.0  -20.755  -30.971    674.9    942.5
     1     1    11     6    12     2     0     2  -182.0  -20.937  -30.979    550.3    956.3
     1     1    11     6    12     1     0     1  -183.0  -21.101  -31.022    442.5    969.9
     1     1    11     6    12     0     0     0  -184.0  -21.241  -31.099    360.1    979.0
     1     1    11     6    11    23     0     1  -185.0  -21.369  -31.195    302.7    985.0
     1     1    11     6    11    22     0     2  -186.0  -21.486  -31.307    259.8    988.6
     1     1    11     6    11    21     0     3  -187.0  -21.596  -31.441    222.2    991.7
     1     1    11     6    11    20     0     2  -188.0  -21.690  -31.593    189.7    995.4
     1     1    11     6    11    19     0     1  -189.0  -21.755  -31.769    162.5    998.3
     1     1    11     6    11    18     0     0  -190.0  -21.802  -31.983    139.1   1001.0
     1     1    11     6    11    17     0     1  -191.0  -21.830  -32.215    118.8   1003.1
     1     1    11     6    11    16     0     2  -192.0  -21.821  -32.441    100.3   1005.2
     1     1    11     6    11    15     0     3  -193.0  -21.784  -32.665     83.2   1007.3
     1     1    11     6    11    14     0     2  -194.0  -21.723  -32.881     69.9   1009.5
     1     1    11     6    11    13     0     1  -195.0  -21.626  -33.082     61.1   1010.8
     1     1    11     6    11    12     0     0  -196.0  -21.491  -33.267     54.9   1011.8
     1     1    11     6    11    11     0     1  -197.0  -21.334  -33.435     49.6   1012.1
     1     1    11     6    11    10     0     2  -198.0  -21.163  -33.592     44.0   1012.7
     1     1    11     6    11     9     0     3  -199.0  -20.966  -33.735     38.3   1013.5
     1     1    11     6    11     8     0     2  -200.0  -20.748  -33.856     35.2   1013.5
     1     1    11     6    11     7     0     1  -201.0  -20.518  -33.952     35.8   1013.2
     1     1    11     6    11     6     0     0  -202.0  -20.282  -34.033     38.9   1013.0
     1     1    11     6    11     5     0     1  -203.0  -20.054  -34.101     42.3   1012.7
     1     1    11     6    11     4     0     2  -204.0  -19.846  -34.156     44.5   1012.3
     1     1    11     6    11     3     0     3  -205.0  -19.655  -34.197     45.8   1011.9
     1     1    11     6    11     2     0     2  -206.0  -19.478  -34.225     46.9   1012.2
     1     1    11     6    11     1     0     1  -207.0  -19.310  -34.240     48.4   1012.3
     1     1    11     6    11     0     0     0  -208.0  -19.155  -34.244     50.2   1012.4
     1     1    11     6    10    23     0     1  -209.0  -19.005  -34.232     52.1   1012.1
     1     1    11     6    10    22     0     2  -210.0  -18.852  -34.200     53.5   1011.8
     1     1    11     6    10    21     0     3  -211.0  -18.694  -34.147     54.6   1011.6
     1     1    11     6    10    20     0     2  -212.0  -18.535  -34.082     55.4   1010.8
     1     1    11     6    10    19     0     1  -213.0  -18.379  -34.014     55.7   1010.1
     1     1    11     6    10    18     0     0  -214.0  -18.227  -33.942     55.7   1009.5
     1     1    11     6    10    17     0     1  -215.0  -18.078  -33.863     55.7   1010.2
     1     1    11     6    10    16     0     2  -216.0  -17.926  -33.772     56.2   1010.8
     1     1    11     6    10    15     0     3  -217.0  -17.772  -33.671     57.0   1011.4
     1     1    11     6    10    14     0     2  -218.0  -17.622  -33.558     57.4   1011.4
     1     1    11     6    10    13     0     1  -219.0  -17.482  -33.431     56.9   1011.7
     1     1    11     6    10    12     0     0  -220.0  -17.351  -33.291     56.2   1012.0
     1     1    11     6    10    11     0     1  -221.0  -17.225  -33.138     56.8   1011.8
     1     1    11     6    10    10     0     2  -222.0  -17.104  -32.969     60.7   1011.1
     1     1    11     6    10     9     0     3  -223.0  -16.990  -32.785     68.3   1009.7
     1     1    11     6    10     8     0     2  -224.0  -16.890  -32.594     76.2   1008.2
     1     1    11     6    10     7     0     1  -225.0  -16.807  -32.401     80.3   1007.7
     1     1    11     6    10     6     0     0  -226.0  -16.739  -32.207     81.4   1007.6
     1     1    11     6    10     5     0     1  -227.0  -16.683  -32.009     81.7   1008.3
     1     1    11     6    10     4     0     2  -228.0  -16.638  -31.801     82.7   1008.8
     1     1    11     6    10     3     0     3  -229.0  -16.604  -31.583     84.5   1009.1
     1     1    11     6    10     2     0     2  -230.0  -16.575  -31.361     87.0   1008.8
     1     1    11     6    10     1     0     1  -231.0  -16.551  -31.140     89.8   1008.5
     1     1    11     6    10     0     0     0  -232.0  -16.532  -30.922     92.8   1008.1
     1     1    11     6     9    23     0     1  -233.0  -16.514  -30.706     95.1   1007.3
     1     1    11     6     9    22     0     2  -234.0  -16.491  -30.491     96.1   1006.8
     1     1    11     6     9    21     0     3  -235.0  -16.462  -30.276     96.4   1006.3
     1     1    11     6     9    20     0     2  -236.0  -16.432  -30.055     97.3   1006.1
     1     1    11     6     9    19     0     1  -237.0  -16.404  -29.823    100.2   1005.5
     1     1    11     6     9    18     0     0  -238.0  -16.382  -29.577    105.3   1004.7
     1     1    11     6     9    17     0     1  -239.0  -16.363  -29.322    110.5   1004.2
     1     1    11     6     9    16     0     2  -240.0  -16.345  -29.067    113.7   1004.2
     1     1    11     6     9    15     0     3  -241.0  -16.328  -28.812    114.3   1004.3
     1     1    11     6     9    14     0     2  -242.0  -16.311  -28.557    114.0   1005.1
     1     1    11     6     9    13     0     1  -243.0  -16.294  -28.297    115.8   1005.6
     1     1    11     6     9    12     0     0  -244.0  -16.277  -28.031    121.1   1005.7
     1     1    11     6     9    11     0     1  -245.0  -16.265  -27.765    127.9   1004.5
     1     1    11     6     9    10     0     2  -246.0  -16.262  -27.502    133.5   1003.6
     1     1    11     6     9     9     0     3  -247.0  -16.269  -27.236    137.8   1002.9
     1     1    11     6     9     8     0     2  -248.0  -16.281  -26.969    140.8   1002.3
     1     1    11     6     9     7     0     1  -249.0  -16.294  -26.704    142.4   1001.9
     1     1    11     6     9     6     0     0  -250.0  -16.311  -26.441    142.8   1001.7
     1     1    11     6     9     5     0     1  -251.0  -16.327  -26.179    141.9   1002.0
     1     1    11     6     9     4     0     2  -252.0  -16.336  -25.922    139.4   1002.5
     1     1    11     6     9     3     0     3  -253.0  -16.341  -25.673    135.8   1003.1
     1     1    11     6     9     2     0     2  -254.0  -16.346  -25.427    133.4   1003.6
     1     1    11     6     9     1     0     1  -255.0  -16.357  -25.180    134.4   1003.6
     1     1    11     6     9     0     0     0  -256.0  -16.372  -24.929    139.0   1003.3
     1     1    11     6     8    23     0     1  -257.0  -16.394  -24.672    145.8   1002.0
     1     1    11     6     8    22     0     2  -258.0  -16.426  -24.406    153.7   1000.6
     1     1    11     6     8    21     0     3  -259.0  -16.470  -24.130    163.4    999.1
     1     1    11     6     8    20     0     2  -260.0  -16.523  -23.852    172.8    997.5
     1     1    11     6     8    19     0     1  -261.0  -16.584  -23.581    179.2    996.6
     1     1    11     6     8    18     0     0  -262.0  -16.653  -23.319    183.0    996.0
     1     1    11     6     8    17     0     1  -263.0  -16.731  -23.061    184.9    996.1
     1     1    11     6     8    16     0     2  -264.0  -16.820  -22.805    185.6    996.2
     1     1    11     6     8    15     0     3  -265.0  -16.923  -22.549    185.3    996.5
     1     1    11     6     8    14     0     2  -266.0  -17.035  -22.291    186.2    996.9
     1     1    11     6     8    13     0     1  -267.0  -17.147  -22.031    189.8    996.7
     1     1    11     6     8    12     0     0  -268.0  -17.256  -21.770    195.6    996.2
     1     1    11     6     8    11     0     1  -269.0  -17.372  -21.508    202.3    995.1
     1     1    11     6     8    10     0     2  -270.0  -17.504  -21.246    209.9    994.0
     1     1    11     6     8     9     0     3  -271.0  -17.651  -20.984    219.6    992.8
     1     1    11     6     8     8     0     2  -272.0  -17.819  -20.734    231.0    991.5
     1     1    11     6     8     7     0     1  -273.0  -18.016  -20.507    243.9    990.1
     1     1    11     6     8     6     0     0  -274.0  -18.244  -20.298    256.7    988.6
     1     1    11     6     8     5     0     1  -275.0  -18.485  -20.103    266.4    987.4
     1     1    11     6     8     4     0     2  -276.0  -18.717  -19.922    272.0    986.7
     1     1    11     6     8     3     0     3  -277.0  -18.939  -19.759    274.1    986.5
     1     1    11     6     8     2     0     2  -278.0  -19.165  -19.610    274.9    986.8
     1     1    11     6     8     1     0     1  -279.0  -19.409  -19.470    276.1    986.8
     1     1    11     6     8     0     0     0  -280.0  -19.667  -19.341    277.4    986.7
     1     1    11     6     7    23     0     1  -281.0  -19.940  -19.225    278.4    986.3
     1     1    11     6     7    22     0     2  -282.0  -20.230  -19.116    280.4    986.0
     1     1    11     6     7    21     0     3  -283.0  -20.540  -19.014    285.3    985.2
     1     1    11     6     7    20     0     2  -284.0  -20.859  -18.923    293.6    984.0
     1     1    11     6     7    19     0     1  -285.0  -21.179  -18.850    304.1    982.2
     1     1    11     6     7    18     0     0  -286.0  -21.505  -18.794    312.8    980.7
     1     1    11     6     7    17     0     1  -287.0  -21.829  -18.748    319.3    980.2
     1     1    11     6     7    16     0     2  -288.0  -22.137  -18.705    326.8    979.5
     1     1    11     6     7    15     0     3  -289.0  -22.426  -18.668    335.1    978.4
     1     1    11     6     7    14     0     2  -290.0  -22.709  -18.640    342.1    977.9
     1     1    11     6     7    13     0     1  -291.0  -22.999  -18.624    349.5    977.7
     1     1    11     6     7    12     0     0  -292.0  -23.298  -18.619    359.7    976.9
     1     1    11     6     7    11     0     1  -293.0  -23.597  -18.619    370.9    975.0
     1     1    11     6     7    10     0     2  -294.0  -23.886  -18.628    382.4    973.5
     1     1    11     6     7     9     0     3  -295.0  -24.161  -18.646    395.0    971.7
     1     1    11     6     7     8     0     2  -296.0  -24.433  -18.678    405.3    970.3
     1     1    11     6     7     7     0     1  -297.0  -24.714  -18.727    412.3    969.7
     1     1    11     6     7     6     0     0  -298.0  -25.001  -18.793    419.4    969.1
     1     1    11     6     7     5     0     1  -299.0  -25.288  -18.876    425.6    968.2
     1     1    11     6     7     4     0     2  -300.0  -25.571  -18.973    428.6    967.9
     1     1    11     6     7     3     0     3  -301.0  -25.857  -19.078    429.7    967.9
     1     1    11     6     7     2     0     2  -302.0  -26.144  -19.187    430.6    967.9
     1     1    11     6     7     1     0     1  -303.0  -26.430  -19.305    434.9    967.8
     1     1    11     6     7     0     0     0  -304.0  -26.720  -19.431    445.1    966.6
     1     1    11     6     6    23     0     1  -305.0  -27.001  -19.560    455.2    964.2
     1     1    11     6     6    22     0     2  -306.0  -27.263  -19.692    456.0    963.3
     1     1    11     6     6    21     0     3  -307.0  -27.516  -19.833    440.1    964.3
     1     1    11     6     6    20     0     2  -308.0  -27.766  -19.992    414.7    968.0
     1     1    11     6     6    19     0     1  -309.0  -28.012  -20.178    397.1    970.1
     1     1    11     6     6    18     0     0  -310.0  -28.246  -20.396    392.2    969.8
     1     1    11     6     6    17     0     1  -311.0  -28.455  -20.641    393.0    969.1
     1     1    11     6     6    16     0     2  -312.0  -28.635  -20.904    396.9    968.7
     1     1    11     6     6    15     0     3  -313.0  -28.785  -21.183    401.8    967.7
     1     1    11     6     6    14     0     2  -314.0  -28.918  -21.473    401.3    967.6
     1     1    11     6     6    13     0     1  -315.0  -29.049  -21.775    395.7    968.7
     1     1    11     6     6    12     0     0  -316.0  -29.180  -22.089    393.1    969.7
     1     1    11     6     6    11     0     1  -317.0  -29.303  -22.416    400.1    968.7
     1     1    11     6     6    10     0     2  -318.0  -29.414  -22.754    415.3    966.2
     1     1    11     6     6     9     0     3  -319.0  -29.508  -23.111    431.9    963.5
     1     1    11     6     6     8     0     2  -320.0  -29.590  -23.491    443.6    961.3
     1     1    11     6     6     7     0     1  -321.0  -29.667  -23.897    449.3    960.2
     1     1    11     6     6     6     0     0  -322.0  -29.738  -24.332    449.7    959.6
     1     1    11     6     6     5     0     1  -323.0  -29.808  -24.788    444.2    960.0
     1     1    11     6     6     4     0     2  -324.0  -29.880  -25.245    438.7    961.0
     1     1    11     6     6     3     0     3  -325.0  -29.962  -25.704    436.3    960.8
     1     1    11     6     6     2     0     2  -326.0  -30.052  -26.170    435.8    960.3
     1     1    11     6     6     1     0     1  -327.0  -30.146  -26.647    440.4    959.6
     1     1    11     6     6     0     0     0  -328.0  -30.244  -27.137    455.6    957.4
     1     1    11     6     5    23     0     1  -329.0  -30.362  -27.641    476.5    953.9
     1     1    11     6     5    22     0     2  -330.0  -30.517  -28.150    500.1    951.4
     1     1    11     6     5    21     0     3  -331.0  -30.706  -28.660    532.8    947.5
     1     1    11     6     5    20     0     2  -332.0  -30.916  -29.177    571.6    941.9
     1     1    11     6     5    19     0     1  -333.0  -31.130  -29.708    608.7    937.2
     1     1    11     6     5    18     0     0  -334.0  -31.350  -30.256    641.4    933.0
     1     1    11     6     5    17     0     1  -335.0  -31.601  -30.804    670.3    929.7
     1     1    11     6     5    16     0     2  -336.0  -31.890  -31.333    700.6    926.5
