     3     1
    GDAS    11     5     1     0     0
    GDAS    11     5     8     0     0
    GDAS    11     5    15     0     0
     1 BACKWARD OMEGA   
  2011     5    17    17   -8.940  -56.610   457.2
     1 PRESSURE
     1     1    11     5    17    17     0     1     0.0   -8.940  -56.610    457.2    936.0
     1     1    11     5    17    16     0     2    -1.0   -9.022  -56.473    471.0    935.2
     1     1    11     5    17    15     0     3    -2.0   -9.107  -56.347    492.4    931.9
     1     1    11     5    17    14     0     2    -3.0   -9.201  -56.215    520.4    926.8
     1     1    11     5    17    13     0     1    -4.0   -9.309  -56.062    552.3    921.6
     1     1    11     5    17    12     0     0    -5.0   -9.427  -55.887    583.4    915.7
     1     1    11     5    17    11     0     1    -6.0   -9.549  -55.708    605.8    910.9
     1     1    11     5    17    10     0     2    -7.0   -9.669  -55.545    614.2    908.5
     1     1    11     5    17     9     0     3    -8.0   -9.784  -55.400    602.8    908.8
     1     1    11     5    17     8     0     2    -9.0   -9.896  -55.276    570.2    912.8
     1     1    11     5    17     7     0     1   -10.0  -10.002  -55.173    518.3    919.3
     1     1    11     5    17     6     0     0   -11.0  -10.099  -55.090    452.2    926.3
     1     1    11     5    17     5     0     1   -12.0  -10.190  -55.021    384.0    934.0
     1     1    11     5    17     4     0     2   -13.0  -10.283  -54.958    322.1    940.2
     1     1    11     5    17     3     0     3   -14.0  -10.379  -54.900    267.6    945.9
     1     1    11     5    17     2     0     2   -15.0  -10.479  -54.850    220.9    949.6
     1     1    11     5    17     1     0     1   -16.0  -10.588  -54.810    183.2    953.0
     1     1    11     5    17     0     0     0   -17.0  -10.703  -54.776    155.3    955.6
     1     1    11     5    16    23     0     1   -18.0  -10.810  -54.744    135.5    956.9
     1     1    11     5    16    22     0     2   -19.0  -10.895  -54.715    120.8    957.7
     1     1    11     5    16    21     0     3   -20.0  -10.959  -54.687    109.1    958.5
     1     1    11     5    16    20     0     2   -21.0  -11.010  -54.660     98.9    959.7
     1     1    11     5    16    19     0     1   -22.0  -11.055  -54.634     89.2    960.8
     1     1    11     5    16    18     0     0   -23.0  -11.095  -54.608     79.9    962.1
     1     1    11     5    16    17     0     1   -24.0  -11.134  -54.577     70.1    964.3
     1     1    11     5    16    16     0     2   -25.0  -11.177  -54.534     59.1    967.0
     1     1    11     5    16    15     0     3   -26.0  -11.222  -54.482     47.0    969.8
     1     1    11     5    16    14     0     2   -27.0  -11.277  -54.434     36.3    971.4
     1     1    11     5    16    13     0     1   -28.0  -11.345  -54.404     29.3    972.4
     1     1    11     5    16    12     0     0   -29.0  -11.425  -54.389     25.5    973.0
     1     1    11     5    16    11     0     1   -30.0  -11.506  -54.383     24.1    972.4
     1     1    11     5    16    10     0     2   -31.0  -11.579  -54.378     24.2    971.6
     1     1    11     5    16     9     0     3   -32.0  -11.646  -54.374     25.6    970.5
     1     1    11     5    16     8     0     2   -33.0  -11.714  -54.368     27.5    970.3
     1     1    11     5    16     7     0     1   -34.0  -11.789  -54.360     29.2    970.3
     1     1    11     5    16     6     0     0   -35.0  -11.872  -54.352     31.3    970.3
     1     1    11     5    16     5     0     1   -36.0  -11.958  -54.343     32.9    970.1
     1     1    11     5    16     4     0     2   -37.0  -12.042  -54.333     32.2    970.4
     1     1    11     5    16     3     0     3   -38.0  -12.121  -54.323     28.9    970.9
     1     1    11     5    16     2     0     2   -39.0  -12.198  -54.311     25.8    971.7
     1     1    11     5    16     1     0     1   -40.0  -12.278  -54.295     24.5    972.2
     1     1    11     5    16     0     0     0   -41.0  -12.363  -54.275     24.7    972.5
     1     1    11     5    15    23     0     1   -42.0  -12.445  -54.252     25.9    972.0
     1     1    11     5    15    22     0     2   -43.0  -12.514  -54.226     27.8    971.5
     1     1    11     5    15    21     0     3   -44.0  -12.570  -54.195     30.6    971.0
     1     1    11     5    15    20     0     2   -45.0  -12.617  -54.158     33.0    970.7
     1     1    11     5    15    19     0     1   -46.0  -12.659  -54.117     33.7    970.7
     1     1    11     5    15    18     0     0   -47.0  -12.696  -54.074     32.8    970.8
     1     1    11     5    15    17     0     1   -48.0  -12.728  -54.026     30.0    972.7
     1     1    11     5    15    16     0     2   -49.0  -12.754  -53.969     25.1    974.6
     1     1    11     5    15    15     0     3   -50.0  -12.775  -53.905     19.4    976.3
     1     1    11     5    15    14     0     2   -51.0  -12.791  -53.844     15.0    977.1
     1     1    11     5    15    13     0     1   -52.0  -12.807  -53.797     12.4    977.4
     1     1    11     5    15    12     0     0   -53.0  -12.821  -53.761     11.0    977.6
     1     1    11     5    15    11     0     1   -54.0  -12.841  -53.731     10.8    977.3
     1     1    11     5    15    10     0     2   -55.0  -12.872  -53.697     12.0    976.6
     1     1    11     5    15     9     0     3   -56.0  -12.915  -53.660     15.0    975.7
     1     1    11     5    15     8     0     2   -57.0  -12.966  -53.617     19.3    975.1
     1     1    11     5    15     7     0     1   -58.0  -13.016  -53.566     23.8    974.2
     1     1    11     5    15     6     0     0   -59.0  -13.066  -53.508     28.2    972.8
     1     1    11     5    15     5     0     1   -60.0  -13.116  -53.442     33.7    971.5
     1     1    11     5    15     4     0     2   -61.0  -13.170  -53.369     42.0    969.9
     1     1    11     5    15     3     0     3   -62.0  -13.226  -53.286     54.6    968.2
     1     1    11     5    15     2     0     2   -63.0  -13.283  -53.192     72.2    964.9
     1     1    11     5    15     1     0     1   -64.0  -13.341  -53.087     94.4    961.5
     1     1    11     5    15     0     0     0   -65.0  -13.398  -52.972    120.2    957.8
     1     1    11     5    14    23     0     1   -66.0  -13.452  -52.851    142.2    953.2
     1     1    11     5    14    22     0     2   -67.0  -13.500  -52.729    153.3    950.2
     1     1    11     5    14    21     0     3   -68.0  -13.536  -52.610    152.3    949.2
     1     1    11     5    14    20     0     2   -69.0  -13.563  -52.501    142.5    950.5
     1     1    11     5    14    19     0     1   -70.0  -13.583  -52.403    127.7    952.0
     1     1    11     5    14    18     0     0   -71.0  -13.596  -52.317    110.7    953.7
     1     1    11     5    14    17     0     1   -72.0  -13.607  -52.233     93.8    956.2
     1     1    11     5    14    16     0     2   -73.0  -13.621  -52.144     78.0    958.6
     1     1    11     5    14    15     0     3   -74.0  -13.640  -52.052     63.7    961.0
     1     1    11     5    14    14     0     2   -75.0  -13.667  -51.966     52.6    962.7
     1     1    11     5    14    13     0     1   -76.0  -13.706  -51.896     44.7    963.9
     1     1    11     5    14    12     0     0   -77.0  -13.756  -51.840     39.0    964.8
     1     1    11     5    14    11     0     1   -78.0  -13.812  -51.794     33.9    964.6
     1     1    11     5    14    10     0     2   -79.0  -13.871  -51.758     28.3    964.3
     1     1    11     5    14     9     0     3   -80.0  -13.934  -51.732     22.5    963.8
     1     1    11     5    14     8     0     2   -81.0  -13.996  -51.711     16.8    964.2
     1     1    11     5    14     7     0     1   -82.0  -14.052  -51.692     12.1    965.7
     1     1    11     5    14     6     0     0   -83.0  -14.105  -51.675      8.3    966.6
     1     1    11     5    14     5     0     1   -84.0  -14.150  -51.656      4.9    967.8
     1     1    11     5    14     4     0     2   -85.0  -14.186  -51.632      1.5    968.9
     1     1    11     5    14     3     0     3   -86.0  -14.213  -51.604      0.0    969.9
     1     1    11     5    14     2     0     2   -87.0  -14.235  -51.572      0.0    969.8
     1     1    11     5    14     1     0     1   -88.0  -14.257  -51.535      0.0    969.8
     1     1    11     5    14     0     0     0   -89.0  -14.282  -51.494      0.0    970.0
     1     1    11     5    13    23     0     1   -90.0  -14.305  -51.452      0.0    970.2
     1     1    11     5    13    22     0     2   -91.0  -14.325  -51.413      0.0    970.3
     1     1    11     5    13    21     0     3   -92.0  -14.342  -51.377      0.0    970.3
     1     1    11     5    13    20     0     2   -93.0  -14.354  -51.342      0.0    971.0
     1     1    11     5    13    19     0     1   -94.0  -14.360  -51.304      0.0    971.7
     1     1    11     5    13    18     0     0   -95.0  -14.362  -51.263      0.0    972.5
     1     1    11     5    13    17     0     1   -96.0  -14.359  -51.215      0.0    973.3
     1     1    11     5    13    16     0     2   -97.0  -14.353  -51.159      0.0    974.3
     1     1    11     5    13    15     0     3   -98.0  -14.345  -51.095      0.0    975.3
     1     1    11     5    13    14     0     2   -99.0  -14.340  -51.029      0.0    976.3
     1     1    11     5    13    13     0     1  -100.0  -14.345  -50.967      0.0    976.2
     1     1    11     5    13    12     0     0  -101.0  -14.361  -50.908      0.0    975.3
     1     1    11     5    13    11     0     1  -102.0  -14.384  -50.850      0.0    974.0
     1     1    11     5    13    10     0     2  -103.0  -14.411  -50.790      0.0    972.6
     1     1    11     5    13     9     0     3  -104.0  -14.442  -50.729      0.0    970.9
     1     1    11     5    13     8     0     2  -105.0  -14.477  -50.666      0.0    968.6
     1     1    11     5    13     7     0     1  -106.0  -14.517  -50.603      0.0    966.2
     1     1    11     5    13     6     0     0  -107.0  -14.561  -50.538      0.0    963.7
     1     1    11     5    13     5     0     1  -108.0  -14.608  -50.477      0.0    961.8
     1     1    11     5    13     4     0     2  -109.0  -14.658  -50.420      0.0    959.7
     1     1    11     5    13     3     0     3  -110.0  -14.711  -50.370      0.2    957.5
     1     1    11     5    13     2     0     2  -111.0  -14.767  -50.326      1.1    954.4
     1     1    11     5    13     1     0     1  -112.0  -14.823  -50.289      3.1    951.3
     1     1    11     5    13     0     0     0  -113.0  -14.881  -50.262      5.9    948.3
     1     1    11     5    12    23     0     1  -114.0  -14.937  -50.237      9.4    945.9
     1     1    11     5    12    22     0     2  -115.0  -14.988  -50.207     14.5    942.8
     1     1    11     5    12    21     0     3  -116.0  -15.034  -50.170     23.1    939.3
     1     1    11     5    12    20     0     2  -117.0  -15.077  -50.127     34.9    935.8
     1     1    11     5    12    19     0     1  -118.0  -15.119  -50.078     47.8    932.3
     1     1    11     5    12    18     0     0  -119.0  -15.158  -50.025     60.8    928.5
     1     1    11     5    12    17     0     1  -120.0  -15.186  -49.960     73.4    926.5
     1     1    11     5    12    16     0     2  -121.0  -15.193  -49.876     85.0    925.6
     1     1    11     5    12    15     0     3  -122.0  -15.178  -49.774     93.1    925.3
     1     1    11     5    12    14     0     2  -123.0  -15.162  -49.658    104.1    925.2
     1     1    11     5    12    13     0     1  -124.0  -15.164  -49.527    128.8    922.7
     1     1    11     5    12    12     0     0  -125.0  -15.184  -49.372    170.3    917.8
     1     1    11     5    12    11     0     1  -126.0  -15.216  -49.189    224.5    910.1
     1     1    11     5    12    10     0     2  -127.0  -15.253  -48.987    283.6    901.7
     1     1    11     5    12     9     0     3  -128.0  -15.288  -48.766    348.1    888.5
     1     1    11     5    12     8     0     2  -129.0  -15.317  -48.520    420.2    874.7
     1     1    11     5    12     7     0     1  -130.0  -15.339  -48.250    501.0    859.6
     1     1    11     5    12     6     0     0  -131.0  -15.358  -47.948    597.3    845.8
     1     1    11     5    12     5     0     1  -132.0  -15.389  -47.641    701.0    842.5
     1     1    11     5    12     4     0     2  -133.0  -15.440  -47.350    798.8    840.8
     1     1    11     5    12     3     0     3  -134.0  -15.505  -47.059    898.5    838.2
     1     1    11     5    12     2     0     2  -135.0  -15.580  -46.782    982.8    830.0
     1     1    11     5    12     1     0     1  -136.0  -15.665  -46.530   1035.3    827.7
     1     1    11     5    12     0     0     0  -137.0  -15.760  -46.292   1060.3    830.0
     1     1    11     5    11    23     0     1  -138.0  -15.862  -46.069   1069.1    835.9
     1     1    11     5    11    22     0     2  -139.0  -15.965  -45.874   1072.7    839.6
     1     1    11     5    11    21     0     3  -140.0  -16.069  -45.707   1079.3    839.7
     1     1    11     5    11    20     0     2  -141.0  -16.157  -45.559   1095.1    837.9
     1     1    11     5    11    19     0     1  -142.0  -16.216  -45.428   1118.6    835.4
     1     1    11     5    11    18     0     0  -143.0  -16.249  -45.313   1148.4    832.5
     1     1    11     5    11    17     0     1  -144.0  -16.256  -45.193   1175.6    829.4
     1     1    11     5    11    16     0     2  -145.0  -16.243  -45.049   1190.4    828.4
     1     1    11     5    11    15     0     3  -146.0  -16.210  -44.883   1192.2    826.7
     1     1    11     5    11    14     0     2  -147.0  -16.161  -44.701   1174.2    824.9
     1     1    11     5    11    13     0     1  -148.0  -16.100  -44.507   1130.4    826.8
     1     1    11     5    11    12     0     0  -149.0  -16.030  -44.293   1062.7    830.7
     1     1    11     5    11    11     0     1  -150.0  -15.964  -44.051    982.8    836.2
     1     1    11     5    11    10     0     2  -151.0  -15.914  -43.784    926.9    840.5
     1     1    11     5    11     9     0     3  -152.0  -15.886  -43.500    935.5    836.2
     1     1    11     5    11     8     0     2  -153.0  -15.874  -43.216   1009.1    823.6
     1     1    11     5    11     7     0     1  -154.0  -15.871  -42.954   1121.8    808.5
     1     1    11     5    11     6     0     0  -155.0  -15.876  -42.721   1241.1    795.1
     1     1    11     5    11     5     0     1  -156.0  -15.896  -42.513   1348.9    785.6
     1     1    11     5    11     4     0     2  -157.0  -15.930  -42.335   1449.7    776.9
     1     1    11     5    11     3     0     3  -158.0  -15.975  -42.188   1545.8    768.0
     1     1    11     5    11     2     0     2  -159.0  -16.026  -42.064   1641.5    760.3
     1     1    11     5    11     1     0     1  -160.0  -16.073  -41.952   1737.4    753.7
     1     1    11     5    11     0     0     0  -161.0  -16.110  -41.857   1831.8    748.0
     1     1    11     5    10    23     0     1  -162.0  -16.138  -41.777   1915.1    741.4
     1     1    11     5    10    22     0     2  -163.0  -16.159  -41.708   1977.8    737.4
     1     1    11     5    10    21     0     3  -164.0  -16.172  -41.647   2021.6    734.7
     1     1    11     5    10    20     0     2  -165.0  -16.171  -41.590   2056.9    733.3
     1     1    11     5    10    19     0     1  -166.0  -16.152  -41.533   2093.5    730.6
     1     1    11     5    10    18     0     0  -167.0  -16.114  -41.474   2130.6    727.7
     1     1    11     5    10    17     0     1  -168.0  -16.066  -41.410   2172.6    725.0
     1     1    11     5    10    16     0     2  -169.0  -16.020  -41.336   2223.9    721.4
     1     1    11     5    10    15     0     3  -170.0  -15.978  -41.253   2283.1    717.2
     1     1    11     5    10    14     0     2  -171.0  -15.946  -41.167   2349.5    712.9
     1     1    11     5    10    13     0     1  -172.0  -15.928  -41.082   2422.2    707.9
     1     1    11     5    10    12     0     0  -173.0  -15.925  -40.999   2498.6    702.9
     1     1    11     5    10    11     0     1  -174.0  -15.938  -40.919   2572.5    697.9
     1     1    11     5    10    10     0     2  -175.0  -15.962  -40.844   2638.1    694.2
     1     1    11     5    10     9     0     3  -176.0  -15.995  -40.775   2695.3    690.9
     1     1    11     5    10     8     0     2  -177.0  -16.025  -40.711   2746.7    688.7
     1     1    11     5    10     7     0     1  -178.0  -16.038  -40.649   2796.2    686.0
     1     1    11     5    10     6     0     0  -179.0  -16.034  -40.592   2842.8    683.3
     1     1    11     5    10     5     0     1  -180.0  -16.020  -40.530   2882.7    681.3
     1     1    11     5    10     4     0     2  -181.0  -16.003  -40.454   2914.0    680.7
     1     1    11     5    10     3     0     3  -182.0  -15.981  -40.366   2939.5    680.8
     1     1    11     5    10     2     0     2  -183.0  -15.962  -40.281   2962.9    681.2
     1     1    11     5    10     1     0     1  -184.0  -15.958  -40.211   2984.7    681.1
     1     1    11     5    10     0     0     0  -185.0  -15.971  -40.154   3001.6    681.2
     1     1    11     5     9    23     0     1  -186.0  -15.990  -40.110   3014.1    681.1
     1     1    11     5     9    22     0     2  -187.0  -16.004  -40.081   3025.4    680.7
     1     1    11     5     9    21     0     3  -188.0  -16.012  -40.067   3037.4    679.8
     1     1    11     5     9    20     0     2  -189.0  -16.016  -40.052   3054.5    679.0
     1     1    11     5     9    19     0     1  -190.0  -16.015  -40.022   3082.4    677.4
     1     1    11     5     9    18     0     0  -191.0  -16.007  -39.977   3121.9    675.2
     1     1    11     5     9    17     0     1  -192.0  -15.998  -39.919   3164.4    672.7
     1     1    11     5     9    16     0     2  -193.0  -15.991  -39.850   3201.4    671.4
     1     1    11     5     9    15     0     3  -194.0  -15.983  -39.773   3232.4    670.9
     1     1    11     5     9    14     0     2  -195.0  -15.982  -39.689   3261.4    671.0
     1     1    11     5     9    13     0     1  -196.0  -15.996  -39.599   3293.3    670.8
     1     1    11     5     9    12     0     0  -197.0  -16.020  -39.501   3329.3    670.4
     1     1    11     5     9    11     0     1  -198.0  -16.050  -39.400   3371.6    669.3
     1     1    11     5     9    10     0     2  -199.0  -16.084  -39.297   3421.2    667.3
     1     1    11     5     9     9     0     3  -200.0  -16.121  -39.191   3476.6    665.1
     1     1    11     5     9     8     0     2  -201.0  -16.164  -39.091   3523.8    662.6
     1     1    11     5     9     7     0     1  -202.0  -16.218  -39.011   3551.3    662.4
     1     1    11     5     9     6     0     0  -203.0  -16.286  -38.949   3557.0    662.4
     1     1    11     5     9     5     0     1  -204.0  -16.364  -38.896   3547.5    664.1
     1     1    11     5     9     4     0     2  -205.0  -16.441  -38.847   3529.3    666.3
     1     1    11     5     9     3     0     3  -206.0  -16.518  -38.803   3505.6    668.9
     1     1    11     5     9     2     0     2  -207.0  -16.589  -38.762   3480.8    671.5
     1     1    11     5     9     1     0     1  -208.0  -16.652  -38.721   3456.9    673.6
     1     1    11     5     9     0     0     0  -209.0  -16.704  -38.681   3432.1    675.7
     1     1    11     5     8    23     0     1  -210.0  -16.748  -38.649   3423.6    677.8
     1     1    11     5     8    22     0     2  -211.0  -16.787  -38.628   3449.9    675.7
     1     1    11     5     8    21     0     3  -212.0  -16.821  -38.614   3512.0    670.5
     1     1    11     5     8    20     0     2  -213.0  -16.857  -38.600   3585.8    662.7
     1     1    11     5     8    19     0     1  -214.0  -16.900  -38.580   3647.8    657.9
     1     1    11     5     8    18     0     0  -215.0  -16.950  -38.553   3699.5    654.0
     1     1    11     5     8    17     0     1  -216.0  -17.014  -38.524   3738.3    650.9
     1     1    11     5     8    16     0     2  -217.0  -17.095  -38.501   3759.6    649.3
     1     1    11     5     8    15     0     3  -218.0  -17.195  -38.483   3763.5    649.3
     1     1    11     5     8    14     0     2  -219.0  -17.310  -38.474   3757.7    650.5
     1     1    11     5     8    13     0     1  -220.0  -17.436  -38.473   3749.1    651.4
     1     1    11     5     8    12     0     0  -221.0  -17.577  -38.477   3737.7    652.5
     1     1    11     5     8    11     0     1  -222.0  -17.720  -38.487   3731.8    653.3
     1     1    11     5     8    10     0     2  -223.0  -17.851  -38.512   3740.7    652.3
     1     1    11     5     8     9     0     3  -224.0  -17.967  -38.556   3766.2    650.0
     1     1    11     5     8     8     0     2  -225.0  -18.075  -38.611   3798.9    646.5
     1     1    11     5     8     7     0     1  -226.0  -18.183  -38.668   3826.5    644.1
     1     1    11     5     8     6     0     0  -227.0  -18.290  -38.728   3845.8    642.5
     1     1    11     5     8     5     0     1  -228.0  -18.397  -38.787   3860.9    642.0
     1     1    11     5     8     4     0     2  -229.0  -18.503  -38.846   3877.7    641.0
     1     1    11     5     8     3     0     3  -230.0  -18.610  -38.902   3897.1    639.8
     1     1    11     5     8     2     0     2  -231.0  -18.719  -38.958   3916.4    638.1
     1     1    11     5     8     1     0     1  -232.0  -18.830  -39.016   3932.6    636.9
     1     1    11     5     8     0     0     0  -233.0  -18.944  -39.077   3946.2    635.6
     1     1    11     5     7    23     0     1  -234.0  -19.056  -39.140   3958.8    634.2
     1     1    11     5     7    22     0     2  -235.0  -19.163  -39.207   3971.8    632.7
     1     1    11     5     7    21     0     3  -236.0  -19.266  -39.275   3984.5    631.3
     1     1    11     5     7    20     0     2  -237.0  -19.367  -39.341   3999.0    630.3
     1     1    11     5     7    19     0     1  -238.0  -19.470  -39.402   4017.8    628.8
     1     1    11     5     7    18     0     0  -239.0  -19.577  -39.459   4040.3    627.1
     1     1    11     5     7    17     0     1  -240.0  -19.695  -39.506   4066.0    625.4
     1     1    11     5     7    16     0     2  -241.0  -19.828  -39.535   4096.3    623.6
     1     1    11     5     7    15     0     3  -242.0  -19.972  -39.549   4136.0    621.3
     1     1    11     5     7    14     0     2  -243.0  -20.134  -39.554   4189.5    617.6
     1     1    11     5     7    13     0     1  -244.0  -20.318  -39.556   4251.2    612.5
     1     1    11     5     7    12     0     0  -245.0  -20.527  -39.549   4301.1    608.1
     1     1    11     5     7    11     0     1  -246.0  -20.747  -39.570   4319.9    605.6
     1     1    11     5     7    10     0     2  -247.0  -20.963  -39.654   4308.3    606.6
     1     1    11     5     7     9     0     3  -248.0  -21.180  -39.803   4287.4    608.9
     1     1    11     5     7     8     0     2  -249.0  -21.397  -39.989   4278.6    610.0
     1     1    11     5     7     7     0     1  -250.0  -21.605  -40.184   4288.0    608.9
     1     1    11     5     7     6     0     0  -251.0  -21.804  -40.392   4320.4    606.3
     1     1    11     5     7     5     0     1  -252.0  -21.999  -40.604   4360.9    603.0
     1     1    11     5     7     4     0     2  -253.0  -22.197  -40.815   4389.0    600.9
     1     1    11     5     7     3     0     3  -254.0  -22.400  -41.025   4399.7    599.7
     1     1    11     5     7     2     0     2  -255.0  -22.613  -41.249   4409.4    598.2
     1     1    11     5     7     1     0     1  -256.0  -22.846  -41.501   4448.7    595.6
     1     1    11     5     7     0     0     0  -257.0  -23.099  -41.777   4519.3    593.3
     1     1    11     5     6    23     0     1  -258.0  -23.346  -42.089   4602.3    585.6
     1     1    11     5     6    22     0     2  -259.0  -23.571  -42.457   4671.2    579.6
     1     1    11     5     6    21     0     3  -260.0  -23.788  -42.883   4694.8    576.4
     1     1    11     5     6    20     0     2  -261.0  -23.993  -43.339   4695.9    579.5
     1     1    11     5     6    19     0     1  -262.0  -24.175  -43.802   4734.5    578.8
     1     1    11     5     6    18     0     0  -263.0  -24.336  -44.273   4833.2    571.8
     1     1    11     5     6    17     0     1  -264.0  -24.493  -44.759   4955.1    559.2
     1     1    11     5     6    16     0     2  -265.0  -24.673  -45.259   5043.6    552.4
     1     1    11     5     6    15     0     3  -266.0  -24.884  -45.758   5096.5    549.6
     1     1    11     5     6    14     0     2  -267.0  -25.104  -46.262   5154.5    547.4
     1     1    11     5     6    13     0     1  -268.0  -25.315  -46.790   5235.5    540.9
     1     1    11     5     6    12     0     0  -269.0  -25.526  -47.336   5309.3    532.9
     1     1    11     5     6    11     0     1  -270.0  -25.735  -47.900   5349.7    527.0
     1     1    11     5     6    10     0     2  -271.0  -25.949  -48.495   5316.7    513.3
     1     1    11     5     6     9     0     3  -272.0  -26.201  -49.118   5318.4    495.3
     1     1    11     5     6     8     0     2  -273.0  -26.470  -49.759   5327.4    485.8
     1     1    11     5     6     7     0     1  -274.0  -26.726  -50.402   5289.3    485.7
     1     1    11     5     6     6     0     0  -275.0  -26.981  -51.054   5285.3    477.2
     1     1    11     5     6     5     0     1  -276.0  -27.217  -51.708   5365.0    475.7
     1     1    11     5     6     4     0     2  -277.0  -27.426  -52.340   5472.0    481.9
     1     1    11     5     6     3     0     3  -278.0  -27.629  -52.936   5605.0    484.1
     1     1    11     5     6     2     0     2  -279.0  -27.815  -53.499   5710.8    479.2
     1     1    11     5     6     1     0     1  -280.0  -27.978  -54.030   5780.7    479.2
     1     1    11     5     6     0     0     0  -281.0  -28.135  -54.526   5830.0    482.3
     1     1    11     5     5    23     0     1  -282.0  -28.277  -54.998   5871.3    484.3
     1     1    11     5     5    22     0     2  -283.0  -28.398  -55.449   5900.3    484.8
     1     1    11     5     5    21     0     3  -284.0  -28.511  -55.875   5927.7    486.1
     1     1    11     5     5    20     0     2  -285.0  -28.617  -56.277   5939.9    486.5
     1     1    11     5     5    19     0     1  -286.0  -28.710  -56.654   5930.3    487.2
     1     1    11     5     5    18     0     0  -287.0  -28.799  -57.004   5894.1    489.5
     1     1    11     5     5    17     0     1  -288.0  -28.876  -57.332   5843.0    494.0
     1     1    11     5     5    16     0     2  -289.0  -28.927  -57.644   5796.1    497.4
     1     1    11     5     5    15     0     3  -290.0  -28.955  -57.941   5757.5    500.2
     1     1    11     5     5    14     0     2  -291.0  -28.966  -58.226   5731.1    502.4
     1     1    11     5     5    13     0     1  -292.0  -28.966  -58.504   5717.0    504.0
     1     1    11     5     5    12     0     0  -293.0  -28.953  -58.771   5716.5    504.7
     1     1    11     5     5    11     0     3  -294.0  -28.938  -59.014   5731.9    504.2
     1     1    11     5     5    10     0     6  -295.0  -28.923  -59.221   5761.4    502.0
     1     1    11     5     5     9     0     9  -296.0  -28.903  -59.394   5802.6    499.1
     1     1    11     5     5     8     0     8  -297.0  -28.884  -59.541   5843.5    495.9
     1     1    11     5     5     7     0     7  -298.0  -28.877  -59.670   5873.9    494.0
     1     1    11     5     5     6     0     6  -299.0  -28.881  -59.781   5893.6    492.9
     1     1    11     5     5     5     0     5  -300.0  -28.900  -59.874   5905.0    492.4
     1     1    11     5     5     4     0     4  -301.0  -28.935  -59.951   5910.0    492.2
     1     1    11     5     5     3     0     3  -302.0  -28.986  -60.011   5908.2    492.4
     1     1    11     5     5     2     0     2  -303.0  -29.055  -60.069   5913.1    492.9
     1     1    11     5     5     1     0     1  -304.0  -29.145  -60.138   5940.5    491.0
     1     1    11     5     5     0     0     0  -305.0  -29.255  -60.214   5993.9    487.5
     1     1    11     5     4    23     0     1  -306.0  -29.384  -60.304   6073.8    481.8
     1     1    11     5     4    22     0     2  -307.0  -29.535  -60.416   6179.6    474.7
     1     1    11     5     4    21     0     3  -308.0  -29.711  -60.538   6314.1    466.0
     1     1    11     5     4    20     0     2  -309.0  -29.908  -60.670   6459.3    455.7
     1     1    11     5     4    19     0     1  -310.0  -30.127  -60.818   6593.4    447.2
     1     1    11     5     4    18     0     0  -311.0  -30.378  -60.977   6709.9    440.1
     1     1    11     5     4    17     0     1  -312.0  -30.658  -61.139   6799.3    434.5
     1     1    11     5     4    16     0     2  -313.0  -30.961  -61.313   6855.8    431.0
     1     1    11     5     4    15     0     3  -314.0  -31.287  -61.509   6889.6    429.2
     1     1    11     5     4    14     0     2  -315.0  -31.640  -61.713   6927.4    426.9
     1     1    11     5     4    13     0     1  -316.0  -32.027  -61.920   6972.5    422.6
     1     1    11     5     4    12     0     0  -317.0  -32.451  -62.138   7016.9    418.9
     1     1    11     5     4    11     0     3  -318.0  -32.898  -62.363   7089.4    415.3
     1     1    11     5     4    10     0     6  -319.0  -33.370  -62.591   7215.0    407.5
     1     1    11     5     4     9     0     9  -320.0  -33.896  -62.827   7377.8    396.7
     1     1    11     5     4     8     0     8  -321.0  -34.490  -63.075   7523.2    386.5
     1     1    11     5     4     7     0     7  -322.0  -35.121  -63.358   7632.3    382.1
     1     1    11     5     4     6     0     6  -323.0  -35.813  -63.676   7690.5    376.1
     1     1    11     5     4     5     0     5  -324.0  -36.565  -64.069   7699.1    376.4
     1     1    11     5     4     4     0     4  -325.0  -37.349  -64.550   7682.1    371.8
     1     1    11     5     4     3     0     3  -326.0  -38.195  -65.042   7632.1    373.6
     1     1    11     5     4     2     0     2  -327.0  -39.080  -65.680   7502.7    383.8
     1     1    11     5     4     1     0     1  -328.0  -39.997  -66.474   7616.0    377.6
     1     1    11     5     4     0     0     0  -329.0  -41.145  -67.414   7675.5    342.2
     1     1    11     5     3    23     0     1  -330.0  -42.296  -68.641   7252.4    342.4
     1     1    11     5     3    22     0     2  -331.0  -43.336  -70.012   7144.3    361.2
     1     1    11     5     3    21     0     3  -332.0  -44.455  -71.551   7352.2    344.1
     1     1    11     5     3    20     0     2  -333.0  -45.570  -73.288   7383.3    363.2
     1     1    11     5     3    19     0     1  -334.0  -46.652  -75.326   7627.4    377.8
     1     1    11     5     3    18     0     0  -335.0  -47.740  -77.564   7812.4    368.3
     1     1    11     5     3    17     0     1  -336.0  -48.779  -80.051   7910.8    362.7
