     3     1
    GDAS    11     6     1     0     0
    GDAS    11     6     8     0     0
    GDAS    11     6    15     0     0
     1 BACKWARD OMEGA   
  2011     6    19    16   -8.900  -56.860  1524.0
     1 PRESSURE
     1     1    11     6    19    16     0     2     0.0   -8.900  -56.860   1524.0    831.2
     1     1    11     6    19    15     0     3    -1.0   -8.775  -56.758   1506.0    830.5
     1     1    11     6    19    14     0     2    -2.0   -8.630  -56.635   1492.4    828.4
     1     1    11     6    19    13     0     1    -3.0   -8.465  -56.492   1490.5    824.8
     1     1    11     6    19    12     0     0    -4.0   -8.280  -56.326   1506.9    819.0
     1     1    11     6    19    11     0     1    -5.0   -8.099  -56.149   1524.2    810.7
     1     1    11     6    19    10     0     2    -6.0   -7.948  -55.975   1523.5    808.8
     1     1    11     6    19     9     0     3    -7.0   -7.827  -55.811   1504.9    813.1
     1     1    11     6    19     8     0     2    -8.0   -7.725  -55.648   1472.6    819.7
     1     1    11     6    19     7     0     1    -9.0   -7.630  -55.480   1434.3    825.5
     1     1    11     6    19     6     0     0   -10.0   -7.543  -55.307   1389.5    831.6
     1     1    11     6    19     5     0     1   -11.0   -7.468  -55.128   1342.2    838.5
     1     1    11     6    19     4     0     2   -12.0   -7.409  -54.944   1296.4    844.4
     1     1    11     6    19     3     0     3   -13.0   -7.363  -54.754   1256.2    850.0
     1     1    11     6    19     2     0     2   -14.0   -7.330  -54.564   1229.8    853.6
     1     1    11     6    19     1     0     1   -15.0   -7.313  -54.379   1222.6    855.0
     1     1    11     6    19     0     0     0   -16.0   -7.310  -54.200   1238.0    853.8
     1     1    11     6    18    23     0     1   -17.0   -7.312  -54.029   1266.2    849.9
     1     1    11     6    18    22     0     2   -18.0   -7.310  -53.869   1286.0    846.0
     1     1    11     6    18    21     0     3   -19.0   -7.302  -53.720   1288.1    844.6
     1     1    11     6    18    20     0     2   -20.0   -7.294  -53.578   1276.5    845.3
     1     1    11     6    18    19     0     1   -21.0   -7.288  -53.440   1256.5    846.5
     1     1    11     6    18    18     0     0   -22.0   -7.285  -53.304   1229.7    848.3
     1     1    11     6    18    17     0     1   -23.0   -7.283  -53.162   1200.4    850.8
     1     1    11     6    18    16     0     2   -24.0   -7.282  -53.004   1171.9    852.9
     1     1    11     6    18    15     0     3   -25.0   -7.284  -52.832   1150.1    856.6
     1     1    11     6    18    14     0     2   -26.0   -7.283  -52.640   1136.9    858.3
     1     1    11     6    18    13     0     1   -27.0   -7.266  -52.417   1130.4    859.5
     1     1    11     6    18    12     0     0   -28.0   -7.230  -52.160   1128.7    860.4
     1     1    11     6    18    11     0     1   -29.0   -7.186  -51.884   1133.8    860.6
     1     1    11     6    18    10     0     2   -30.0   -7.143  -51.607   1149.0    858.7
     1     1    11     6    18     9     0     3   -31.0   -7.098  -51.329   1174.8    855.8
     1     1    11     6    18     8     0     2   -32.0   -7.050  -51.048   1209.0    852.2
     1     1    11     6    18     7     0     1   -33.0   -7.008  -50.764   1253.9    848.4
     1     1    11     6    18     6     0     0   -34.0   -6.974  -50.473   1315.3    842.4
     1     1    11     6    18     5     0     1   -35.0   -6.941  -50.177   1385.3    835.0
     1     1    11     6    18     4     0     2   -36.0   -6.908  -49.879   1450.9    829.4
     1     1    11     6    18     3     0     3   -37.0   -6.876  -49.578   1502.9    826.5
     1     1    11     6    18     2     0     2   -38.0   -6.851  -49.281   1545.7    825.4
     1     1    11     6    18     1     0     1   -39.0   -6.827  -48.994   1590.9    823.6
     1     1    11     6    18     0     0     0   -40.0   -6.796  -48.709   1642.3    818.4
     1     1    11     6    17    23     0     1   -41.0   -6.764  -48.422   1700.9    811.8
     1     1    11     6    17    22     0     2   -42.0   -6.736  -48.134   1769.4    805.2
     1     1    11     6    17    21     0     3   -43.0   -6.704  -47.842   1845.2    795.6
     1     1    11     6    17    20     0     2   -44.0   -6.670  -47.551   1903.5    786.7
     1     1    11     6    17    19     0     1   -45.0   -6.637  -47.258   1930.5    782.5
     1     1    11     6    17    18     0     0   -46.0   -6.602  -46.958   1927.9    781.4
     1     1    11     6    17    17     0     1   -47.0   -6.562  -46.643   1917.3    784.6
     1     1    11     6    17    16     0     2   -48.0   -6.509  -46.307   1920.0    785.1
     1     1    11     6    17    15     0     3   -49.0   -6.442  -45.951   1938.2    784.5
     1     1    11     6    17    14     0     2   -50.0   -6.373  -45.586   1970.9    782.1
     1     1    11     6    17    13     0     1   -51.0   -6.308  -45.220   2008.8    778.4
     1     1    11     6    17    12     0     0   -52.0   -6.238  -44.846   2037.3    775.5
     1     1    11     6    17    11     0     1   -53.0   -6.170  -44.473   2053.9    775.3
     1     1    11     6    17    10     0     2   -54.0   -6.116  -44.113   2068.6    775.0
     1     1    11     6    17     9     0     3   -55.0   -6.074  -43.766   2092.0    774.7
     1     1    11     6    17     8     0     2   -56.0   -6.044  -43.426   2119.3    773.4
     1     1    11     6    17     7     0     1   -57.0   -6.024  -43.092   2141.2    773.8
     1     1    11     6    17     6     0     0   -58.0   -6.005  -42.763   2157.6    771.6
     1     1    11     6    17     5     0     1   -59.0   -5.982  -42.432   2173.5    768.9
     1     1    11     6    17     4     0     2   -60.0   -5.958  -42.095   2203.3    765.5
     1     1    11     6    17     3     0     3   -61.0   -5.941  -41.752   2254.6    752.8
     1     1    11     6    17     2     0     2   -62.0   -5.940  -41.412   2323.7    734.4
     1     1    11     6    17     1     0     1   -63.0   -5.959  -41.088   2396.4    716.8
     1     1    11     6    17     0     0     0   -64.0   -5.995  -40.771   2477.0    707.0
     1     1    11     6    16    23     0     1   -65.0   -6.035  -40.444   2552.0    700.6
     1     1    11     6    16    22     0     2   -66.0   -6.076  -40.104   2603.4    696.3
     1     1    11     6    16    21     0     3   -67.0   -6.119  -39.764   2630.0    699.1
     1     1    11     6    16    20     0     2   -68.0   -6.161  -39.435   2651.0    707.4
     1     1    11     6    16    19     0     1   -69.0   -6.198  -39.111   2690.7    711.5
     1     1    11     6    16    18     0     0   -70.0   -6.236  -38.793   2748.6    710.1
     1     1    11     6    16    17     0     1   -71.0   -6.273  -38.479   2813.5    703.8
     1     1    11     6    16    16     0     2   -72.0   -6.305  -38.157   2865.9    700.1
     1     1    11     6    16    15     0     3   -73.0   -6.333  -37.822   2881.5    697.6
     1     1    11     6    16    14     0     2   -74.0   -6.354  -37.480   2830.4    701.1
     1     1    11     6    16    13     0     1   -75.0   -6.367  -37.145   2711.7    711.3
     1     1    11     6    16    12     0     0   -76.0   -6.375  -36.813   2549.4    726.1
     1     1    11     6    16    11     0     1   -77.0   -6.389  -36.483   2411.2    739.5
     1     1    11     6    16    10     0     2   -78.0   -6.417  -36.153   2341.2    743.0
     1     1    11     6    16     9     0     3   -79.0   -6.468  -35.822   2328.2    745.7
     1     1    11     6    16     8     0     2   -80.0   -6.548  -35.496   2335.3    752.4
     1     1    11     6    16     7     0     1   -81.0   -6.666  -35.174   2344.8    761.9
     1     1    11     6    16     6     0     0   -82.0   -6.816  -34.864   2332.8    767.2
     1     1    11     6    16     5     0     1   -83.0   -6.987  -34.577   2255.1    773.3
     1     1    11     6    16     4     0     2   -84.0   -7.181  -34.320   2127.7    788.7
     1     1    11     6    16     3     0     3   -85.0   -7.390  -34.095   1997.7    803.8
     1     1    11     6    16     2     0     2   -86.0   -7.607  -33.897   1901.0    815.6
     1     1    11     6    16     1     0     1   -87.0   -7.829  -33.715   1846.0    820.4
     1     1    11     6    16     0     0     0   -88.0   -8.061  -33.546   1825.0    822.5
     1     1    11     6    15    23     0     1   -89.0   -8.288  -33.392   1816.4    821.0
     1     1    11     6    15    22     0     2   -90.0   -8.498  -33.253   1800.9    822.2
     1     1    11     6    15    21     0     3   -91.0   -8.690  -33.126   1783.0    823.8
     1     1    11     6    15    20     0     2   -92.0   -8.865  -33.016   1769.8    825.4
     1     1    11     6    15    19     0     1   -93.0   -9.028  -32.930   1761.4    825.6
     1     1    11     6    15    18     0     0   -94.0   -9.186  -32.862   1751.6    826.4
     1     1    11     6    15    17     0     1   -95.0   -9.343  -32.798   1745.7    827.8
     1     1    11     6    15    16     0     2   -96.0   -9.497  -32.726   1749.2    827.6
     1     1    11     6    15    15     0     3   -97.0   -9.647  -32.651   1760.8    826.7
     1     1    11     6    15    14     0     2   -98.0   -9.786  -32.577   1771.4    825.1
     1     1    11     6    15    13     0     1   -99.0   -9.915  -32.512   1772.4    825.2
     1     1    11     6    15    12     0     0  -100.0  -10.040  -32.454   1764.4    826.2
     1     1    11     6    15    11     0     1  -101.0  -10.158  -32.397   1760.7    827.5
     1     1    11     6    15    10     0     2  -102.0  -10.260  -32.337   1772.4    826.0
     1     1    11     6    15     9     0     3  -103.0  -10.342  -32.281   1798.1    823.2
     1     1    11     6    15     8     0     2  -104.0  -10.409  -32.230   1830.8    819.4
     1     1    11     6    15     7     0     1  -105.0  -10.468  -32.186   1864.0    816.2
     1     1    11     6    15     6     0     0  -106.0  -10.521  -32.148   1898.2    812.8
     1     1    11     6    15     5     0     1  -107.0  -10.568  -32.115   1933.7    809.7
     1     1    11     6    15     4     0     2  -108.0  -10.608  -32.087   1970.4    806.5
     1     1    11     6    15     3     0     3  -109.0  -10.640  -32.061   2007.9    803.2
     1     1    11     6    15     2     0     2  -110.0  -10.664  -32.041   2040.6    799.7
     1     1    11     6    15     1     0     1  -111.0  -10.681  -32.028   2063.1    797.8
     1     1    11     6    15     0     0     0  -112.0  -10.693  -32.021   2075.4    796.8
     1     1    11     6    14    23     0     1  -113.0  -10.702  -32.014   2087.8    796.2
     1     1    11     6    14    22     0     2  -114.0  -10.713  -32.002   2110.8    793.7
     1     1    11     6    14    21     0     3  -115.0  -10.724  -31.985   2144.4    790.3
     1     1    11     6    14    20     0     2  -116.0  -10.734  -31.967   2177.1    786.2
     1     1    11     6    14    19     0     1  -117.0  -10.744  -31.950   2197.8    784.3
     1     1    11     6    14    18     0     0  -118.0  -10.753  -31.935   2206.5    783.5
     1     1    11     6    14    17     0     1  -119.0  -10.758  -31.924   2207.7    784.0
     1     1    11     6    14    16     0     2  -120.0  -10.755  -31.925   2205.8    784.3
     1     1    11     6    14    15     0     3  -121.0  -10.744  -31.936   2200.7    785.0
     1     1    11     6    14    14     0     2  -122.0  -10.731  -31.952   2195.3    786.0
     1     1    11     6    14    13     0     1  -123.0  -10.721  -31.970   2193.0    786.4
     1     1    11     6    14    12     0     0  -124.0  -10.712  -31.990   2194.0    786.5
     1     1    11     6    14    11     0     1  -125.0  -10.702  -32.008   2207.5    785.7
     1     1    11     6    14    10     0     2  -126.0  -10.684  -32.023   2243.1    782.0
     1     1    11     6    14     9     0     3  -127.0  -10.660  -32.037   2301.2    776.2
     1     1    11     6    14     8     0     2  -128.0  -10.632  -32.047   2367.8    768.7
     1     1    11     6    14     7     0     1  -129.0  -10.601  -32.051   2428.9    763.1
     1     1    11     6    14     6     0     0  -130.0  -10.565  -32.052   2484.1    758.1
     1     1    11     6    14     5     0     1  -131.0  -10.521  -32.052   2529.1    753.9
     1     1    11     6    14     4     0     2  -132.0  -10.467  -32.054   2560.1    751.5
     1     1    11     6    14     3     0     3  -133.0  -10.401  -32.059   2578.3    750.2
     1     1    11     6    14     2     0     2  -134.0  -10.328  -32.065   2593.3    749.9
     1     1    11     6    14     1     0     1  -135.0  -10.254  -32.072   2615.2    748.2
     1     1    11     6    14     0     0     0  -136.0  -10.179  -32.083   2644.6    745.8
     1     1    11     6    13    23     0     1  -137.0  -10.107  -32.097   2682.5    742.4
     1     1    11     6    13    22     0     2  -138.0  -10.044  -32.110   2729.0    738.0
     1     1    11     6    13    21     0     3  -139.0   -9.991  -32.119   2783.0    732.9
     1     1    11     6    13    20     0     2  -140.0   -9.939  -32.124   2829.3    727.4
     1     1    11     6    13    19     0     1  -141.0   -9.877  -32.130   2853.1    725.2
     1     1    11     6    13    18     0     0  -142.0   -9.807  -32.137   2854.8    725.0
     1     1    11     6    13    17     0     1  -143.0   -9.731  -32.138   2849.2    726.9
     1     1    11     6    13    16     0     2  -144.0   -9.655  -32.125   2851.3    726.9
     1     1    11     6    13    15     0     3  -145.0   -9.576  -32.101   2860.3    726.2
     1     1    11     6    13    14     0     2  -146.0   -9.501  -32.068   2878.4    725.1
     1     1    11     6    13    13     0     1  -147.0   -9.437  -32.024   2909.3    722.8
     1     1    11     6    13    12     0     0  -148.0   -9.386  -31.971   2954.4    719.2
     1     1    11     6    13    11     0     1  -149.0   -9.357  -31.914   3004.5    713.7
     1     1    11     6    13    10     0     2  -150.0   -9.357  -31.858   3049.7    709.4
     1     1    11     6    13     9     0     3  -151.0   -9.391  -31.802   3090.4    705.6
     1     1    11     6    13     8     0     2  -152.0   -9.446  -31.743   3124.9    702.5
     1     1    11     6    13     7     0     1  -153.0   -9.510  -31.681   3151.5    700.2
     1     1    11     6    13     6     0     0  -154.0   -9.584  -31.615   3169.3    698.6
     1     1    11     6    13     5     0     1  -155.0   -9.669  -31.547   3179.7    698.0
     1     1    11     6    13     4     0     2  -156.0   -9.768  -31.477   3184.6    697.8
     1     1    11     6    13     3     0     3  -157.0   -9.879  -31.404   3184.8    698.0
     1     1    11     6    13     2     0     2  -158.0  -10.001  -31.323   3187.2    698.5
     1     1    11     6    13     1     0     1  -159.0  -10.129  -31.237   3197.6    697.7
     1     1    11     6    13     0     0     0  -160.0  -10.263  -31.146   3215.1    696.4
     1     1    11     6    12    23     0     1  -161.0  -10.404  -31.051   3230.6    694.0
     1     1    11     6    12    22     0     2  -162.0  -10.555  -30.950   3236.1    693.2
     1     1    11     6    12    21     0     3  -163.0  -10.716  -30.843   3232.8    693.2
     1     1    11     6    12    20     0     2  -164.0  -10.893  -30.729   3241.0    694.0
     1     1    11     6    12    19     0     1  -165.0  -11.090  -30.607   3278.7    690.5
     1     1    11     6    12    18     0     0  -166.0  -11.302  -30.483   3339.6    684.9
     1     1    11     6    12    17     0     1  -167.0  -11.518  -30.360   3400.0    678.4
     1     1    11     6    12    16     0     2  -168.0  -11.728  -30.240   3442.2    675.2
     1     1    11     6    12    15     0     3  -169.0  -11.932  -30.120   3469.7    673.3
     1     1    11     6    12    14     0     2  -170.0  -12.135  -29.998   3487.5    672.4
     1     1    11     6    12    13     0     1  -171.0  -12.342  -29.870   3500.3    671.7
     1     1    11     6    12    12     0     0  -172.0  -12.551  -29.736   3509.0    671.2
     1     1    11     6    12    11     0     1  -173.0  -12.763  -29.596   3517.4    670.4
     1     1    11     6    12    10     0     2  -174.0  -12.974  -29.452   3529.5    668.8
     1     1    11     6    12     9     0     3  -175.0  -13.184  -29.307   3545.0    667.0
     1     1    11     6    12     8     0     2  -176.0  -13.391  -29.164   3562.1    665.6
     1     1    11     6    12     7     0     1  -177.0  -13.596  -29.025   3579.2    664.4
     1     1    11     6    12     6     0     0  -178.0  -13.793  -28.889   3597.0    663.1
     1     1    11     6    12     5     0     1  -179.0  -13.981  -28.752   3616.7    661.7
     1     1    11     6    12     4     0     2  -180.0  -14.164  -28.610   3639.3    660.0
     1     1    11     6    12     3     0     3  -181.0  -14.341  -28.466   3663.5    658.1
     1     1    11     6    12     2     0     2  -182.0  -14.517  -28.325   3684.8    656.3
     1     1    11     6    12     1     0     1  -183.0  -14.695  -28.191   3699.4    655.3
     1     1    11     6    12     0     0     0  -184.0  -14.873  -28.062   3706.3    654.9
     1     1    11     6    11    23     0     1  -185.0  -15.044  -27.944   3711.7    654.9
     1     1    11     6    11    22     0     2  -186.0  -15.200  -27.844   3722.3    653.8
     1     1    11     6    11    21     0     3  -187.0  -15.344  -27.763   3738.0    652.5
     1     1    11     6    11    20     0     2  -188.0  -15.478  -27.701   3762.4    650.7
     1     1    11     6    11    19     0     1  -189.0  -15.603  -27.658   3800.8    647.7
     1     1    11     6    11    18     0     0  -190.0  -15.722  -27.635   3856.4    643.4
     1     1    11     6    11    17     0     1  -191.0  -15.823  -27.623   3910.3    637.6
     1     1    11     6    11    16     0     2  -192.0  -15.897  -27.612   3941.0    635.2
     1     1    11     6    11    15     0     3  -193.0  -15.945  -27.600   3946.8    634.8
     1     1    11     6    11    14     0     2  -194.0  -15.973  -27.580   3942.0    636.5
     1     1    11     6    11    13     0     1  -195.0  -15.988  -27.547   3941.2    636.7
     1     1    11     6    11    12     0     0  -196.0  -15.990  -27.500   3944.8    636.6
     1     1    11     6    11    11     0     1  -197.0  -15.979  -27.450   3955.1    635.8
     1     1    11     6    11    10     0     2  -198.0  -15.957  -27.410   3974.0    634.2
     1     1    11     6    11     9     0     3  -199.0  -15.925  -27.379   4001.2    631.9
     1     1    11     6    11     8     0     2  -200.0  -15.884  -27.352   4030.5    629.3
     1     1    11     6    11     7     0     1  -201.0  -15.838  -27.322   4055.8    627.4
     1     1    11     6    11     6     0     0  -202.0  -15.785  -27.289   4077.4    625.8
     1     1    11     6    11     5     0     1  -203.0  -15.728  -27.247   4097.0    624.6
     1     1    11     6    11     4     0     2  -204.0  -15.672  -27.190   4117.1    623.1
     1     1    11     6    11     3     0     3  -205.0  -15.617  -27.115   4138.2    621.6
     1     1    11     6    11     2     0     2  -206.0  -15.562  -27.032   4159.8    620.1
     1     1    11     6    11     1     0     1  -207.0  -15.511  -26.950   4180.1    618.7
     1     1    11     6    11     0     0     0  -208.0  -15.463  -26.870   4197.6    617.5
     1     1    11     6    10    23     0     1  -209.0  -15.419  -26.791   4212.4    616.3
     1     1    11     6    10    22     0     2  -210.0  -15.376  -26.711   4226.0    615.3
     1     1    11     6    10    21     0     3  -211.0  -15.336  -26.630   4240.3    614.2
     1     1    11     6    10    20     0     2  -212.0  -15.295  -26.549   4256.0    612.9
     1     1    11     6    10    19     0     1  -213.0  -15.250  -26.469   4272.6    611.5
     1     1    11     6    10    18     0     0  -214.0  -15.203  -26.391   4288.9    610.1
     1     1    11     6    10    17     0     1  -215.0  -15.157  -26.310   4307.4    609.0
     1     1    11     6    10    16     0     2  -216.0  -15.117  -26.219   4332.0    607.2
     1     1    11     6    10    15     0     3  -217.0  -15.083  -26.119   4363.3    604.9
     1     1    11     6    10    14     0     2  -218.0  -15.061  -26.015   4398.3    602.2
     1     1    11     6    10    13     0     1  -219.0  -15.053  -25.910   4432.8    599.9
     1     1    11     6    10    12     0     0  -220.0  -15.058  -25.805   4466.8    597.6
     1     1    11     6    10    11     0     1  -221.0  -15.076  -25.703   4504.2    594.8
     1     1    11     6    10    10     0     2  -222.0  -15.108  -25.607   4549.1    591.3
     1     1    11     6    10     9     0     3  -223.0  -15.154  -25.518   4601.9    587.2
     1     1    11     6    10     8     0     2  -224.0  -15.207  -25.435   4653.3    582.7
     1     1    11     6    10     7     0     1  -225.0  -15.260  -25.354   4693.6    579.7
     1     1    11     6    10     6     0     0  -226.0  -15.314  -25.277   4722.8    577.5
     1     1    11     6    10     5     0     1  -227.0  -15.366  -25.204   4740.5    576.4
     1     1    11     6    10     4     0     2  -228.0  -15.415  -25.143   4747.1    576.2
     1     1    11     6    10     3     0     3  -229.0  -15.458  -25.091   4742.9    576.7
     1     1    11     6    10     2     0     2  -230.0  -15.497  -25.044   4730.0    578.0
     1     1    11     6    10     1     0     1  -231.0  -15.535  -24.995   4709.9    579.6
     1     1    11     6    10     0     0     0  -232.0  -15.572  -24.941   4682.4    581.8
     1     1    11     6     9    23     0     1  -233.0  -15.608  -24.887   4661.2    584.2
     1     1    11     6     9    22     0     2  -234.0  -15.643  -24.835   4659.8    584.1
     1     1    11     6     9    21     0     3  -235.0  -15.677  -24.785   4677.9    582.6
     1     1    11     6     9    20     0     2  -236.0  -15.707  -24.744   4705.8    579.7
     1     1    11     6     9    19     0     1  -237.0  -15.731  -24.715   4733.5    577.6
     1     1    11     6     9    18     0     0  -238.0  -15.748  -24.696   4760.9    575.4
     1     1    11     6     9    17     0     1  -239.0  -15.759  -24.683   4786.4    573.5
     1     1    11     6     9    16     0     2  -240.0  -15.764  -24.669   4808.0    571.9
     1     1    11     6     9    15     0     3  -241.0  -15.764  -24.654   4825.2    570.6
     1     1    11     6     9    14     0     2  -242.0  -15.757  -24.641   4840.8    569.8
     1     1    11     6     9    13     0     1  -243.0  -15.742  -24.632   4857.9    568.8
     1     1    11     6     9    12     0     0  -244.0  -15.717  -24.627   4877.0    567.6
     1     1    11     6     9    11     0     1  -245.0  -15.690  -24.634   4893.5    565.8
     1     1    11     6     9    10     0     2  -246.0  -15.663  -24.660   4902.6    564.9
     1     1    11     6     9     9     0     3  -247.0  -15.637  -24.704   4903.9    564.5
     1     1    11     6     9     8     0     2  -248.0  -15.610  -24.757   4903.1    565.0
     1     1    11     6     9     7     0     1  -249.0  -15.582  -24.814   4906.5    564.7
     1     1    11     6     9     6     0     0  -250.0  -15.554  -24.875   4914.0    564.1
     1     1    11     6     9     5     0     1  -251.0  -15.523  -24.937   4929.2    563.5
     1     1    11     6     9     4     0     2  -252.0  -15.489  -24.995   4956.5    561.9
     1     1    11     6     9     3     0     3  -253.0  -15.452  -25.054   4996.2    559.3
     1     1    11     6     9     2     0     2  -254.0  -15.414  -25.120   5033.6    555.8
     1     1    11     6     9     1     0     1  -255.0  -15.376  -25.196   5054.8    554.3
     1     1    11     6     9     0     0     0  -256.0  -15.336  -25.278   5059.7    554.0
     1     1    11     6     8    23     0     1  -257.0  -15.299  -25.369   5049.4    554.6
     1     1    11     6     8    22     0     2  -258.0  -15.266  -25.471   5024.7    556.1
     1     1    11     6     8    21     0     3  -259.0  -15.239  -25.580   4985.0    558.6
     1     1    11     6     8    20     0     2  -260.0  -15.214  -25.693   4947.9    562.4
     1     1    11     6     8    19     0     1  -261.0  -15.190  -25.813   4931.6    563.5
     1     1    11     6     8    18     0     0  -262.0  -15.168  -25.941   4936.1    563.1
     1     1    11     6     8    17     0     1  -263.0  -15.149  -26.074   4958.8    561.4
     1     1    11     6     8    16     0     2  -264.0  -15.139  -26.205   4997.6    558.8
     1     1    11     6     8    15     0     3  -265.0  -15.137  -26.334   5052.4    555.1
     1     1    11     6     8    14     0     2  -266.0  -15.143  -26.467   5105.5    550.3
     1     1    11     6     8    13     0     1  -267.0  -15.156  -26.603   5140.5    548.1
     1     1    11     6     8    12     0     0  -268.0  -15.175  -26.738   5158.4    547.0
     1     1    11     6     8    11     0     1  -269.0  -15.198  -26.881   5165.6    546.5
     1     1    11     6     8    10     0     2  -270.0  -15.222  -27.038   5167.2    546.0
     1     1    11     6     8     9     0     3  -271.0  -15.246  -27.209   5163.0    545.9
     1     1    11     6     8     8     0     2  -272.0  -15.270  -27.391   5164.9    546.5
     1     1    11     6     8     7     0     1  -273.0  -15.294  -27.589   5182.7    545.1
     1     1    11     6     8     6     0     0  -274.0  -15.318  -27.807   5213.2    542.7
     1     1    11     6     8     5     0     1  -275.0  -15.340  -28.042   5239.7    540.0
     1     1    11     6     8     4     0     2  -276.0  -15.359  -28.287   5249.1    539.6
     1     1    11     6     8     3     0     3  -277.0  -15.375  -28.537   5244.8    540.1
     1     1    11     6     8     2     0     2  -278.0  -15.389  -28.791   5247.4    541.3
     1     1    11     6     8     1     0     1  -279.0  -15.400  -29.051   5275.9    539.5
     1     1    11     6     8     0     0     0  -280.0  -15.406  -29.321   5329.7    535.9
     1     1    11     6     7    23     0     1  -281.0  -15.405  -29.602   5393.3    530.4
     1     1    11     6     7    22     0     2  -282.0  -15.401  -29.894   5451.4    526.4
     1     1    11     6     7    21     0     3  -283.0  -15.393  -30.194   5502.7    522.6
     1     1    11     6     7    20     0     2  -284.0  -15.383  -30.505   5550.3    519.8
     1     1    11     6     7    19     0     1  -285.0  -15.372  -30.831   5600.2    516.5
     1     1    11     6     7    18     0     0  -286.0  -15.363  -31.171   5655.0    513.0
     1     1    11     6     7    17     0     1  -287.0  -15.359  -31.520   5707.0    509.1
     1     1    11     6     7    16     0     2  -288.0  -15.362  -31.873   5748.1    506.6
     1     1    11     6     7    15     0     3  -289.0  -15.371  -32.226   5779.2    504.7
     1     1    11     6     7    14     0     2  -290.0  -15.391  -32.573   5807.8    503.5
     1     1    11     6     7    13     0     1  -291.0  -15.420  -32.910   5843.0    501.4
     1     1    11     6     7    12     0     0  -292.0  -15.462  -33.248   5887.2    498.8
     1     1    11     6     7    11     0     1  -293.0  -15.520  -33.599   5933.5    494.8
     1     1    11     6     7    10     0     2  -294.0  -15.597  -33.971   5965.8    491.9
     1     1    11     6     7     9     0     3  -295.0  -15.688  -34.360   5975.2    490.9
     1     1    11     6     7     8     0     2  -296.0  -15.787  -34.761   5973.0    491.9
     1     1    11     6     7     7     0     1  -297.0  -15.889  -35.168   5977.7    492.0
     1     1    11     6     7     6     0     0  -298.0  -15.993  -35.590   6001.3    491.0
     1     1    11     6     7     5     0     1  -299.0  -16.097  -36.026   6036.7    488.0
     1     1    11     6     7     4     0     2  -300.0  -16.199  -36.462   6066.2    485.9
     1     1    11     6     7     3     0     3  -301.0  -16.293  -36.892   6082.4    484.8
     1     1    11     6     7     2     0     2  -302.0  -16.380  -37.320   6095.6    484.9
     1     1    11     6     7     1     0     1  -303.0  -16.462  -37.753   6119.4    483.5
     1     1    11     6     7     0     0     0  -304.0  -16.539  -38.190   6153.5    481.3
     1     1    11     6     6    23     0     1  -305.0  -16.615  -38.636   6206.2    478.0
     1     1    11     6     6    22     0     2  -306.0  -16.694  -39.092   6275.6    471.4
     1     1    11     6     6    21     0     3  -307.0  -16.781  -39.567   6326.5    458.8
     1     1    11     6     6    20     0     2  -308.0  -16.877  -40.056   6362.9    447.0
     1     1    11     6     6    19     0     1  -309.0  -16.977  -40.555   6393.9    441.0
     1     1    11     6     6    18     0     0  -310.0  -17.080  -41.063   6421.1    435.8
     1     1    11     6     6    17     0     1  -311.0  -17.191  -41.575   6432.8    431.5
     1     1    11     6     6    16     0     2  -312.0  -17.314  -42.084   6409.5    429.4
     1     1    11     6     6    15     0     3  -313.0  -17.453  -42.590   6369.2    425.2
     1     1    11     6     6    14     0     2  -314.0  -17.605  -43.108   6359.2    418.9
     1     1    11     6     6    13     0     1  -315.0  -17.767  -43.651   6378.8    413.5
     1     1    11     6     6    12     0     0  -316.0  -17.931  -44.216   6397.9    414.1
     1     1    11     6     6    11     0     1  -317.0  -18.087  -44.781   6440.7    421.8
     1     1    11     6     6    10     0     2  -318.0  -18.232  -45.338   6438.4    422.6
     1     1    11     6     6     9     0     3  -319.0  -18.372  -45.895   6417.7    417.2
     1     1    11     6     6     8     0     2  -320.0  -18.517  -46.464   6419.7    414.5
     1     1    11     6     6     7     0     1  -321.0  -18.675  -47.055   6399.5    414.4
     1     1    11     6     6     6     0     0  -322.0  -18.846  -47.662   6395.1    417.4
     1     1    11     6     6     5     0     1  -323.0  -19.021  -48.279   6421.5    418.7
     1     1    11     6     6     4     0     2  -324.0  -19.194  -48.892   6451.2    424.5
     1     1    11     6     6     3     0     3  -325.0  -19.372  -49.503   6481.7    429.0
     1     1    11     6     6     2     0     2  -326.0  -19.550  -50.115   6540.4    429.3
     1     1    11     6     6     1     0     1  -327.0  -19.723  -50.721   6594.0    429.8
     1     1    11     6     6     0     0     0  -328.0  -19.895  -51.333   6621.2    429.8
     1     1    11     6     5    23     0     1  -329.0  -20.070  -51.957   6634.4    428.9
     1     1    11     6     5    22     0     2  -330.0  -20.253  -52.586   6668.5    428.8
     1     1    11     6     5    21     0     3  -331.0  -20.449  -53.223   6731.8    423.3
     1     1    11     6     5    20     0     2  -332.0  -20.645  -53.890   6804.4    414.3
     1     1    11     6     5    19     0     1  -333.0  -20.831  -54.588   6882.0    411.8
     1     1    11     6     5    18     0     0  -334.0  -21.010  -55.298   6939.3    412.4
     1     1    11     6     5    17     0     1  -335.0  -21.180  -55.996   6986.2    416.2
     1     1    11     6     5    16     0     2  -336.0  -21.340  -56.682   6991.5    412.9
