     3     1
    GDAS    11    10     8     0     0
    GDAS    11    10    15     0     0
    GDAS    11    10    22     0     0
     1 BACKWARD OMEGA   
  2011    10    24    16   -8.860  -56.740  2133.6
     1 PRESSURE
     1     1    11    10    24    16     0     2     0.0   -8.860  -56.740   2133.6    770.8
     1     1    11    10    24    15     0     3    -1.0   -8.627  -56.549   2078.9    770.5
     1     1    11    10    24    14     0     2    -2.0   -8.398  -56.330   2053.1    771.0
     1     1    11    10    24    13     0     1    -3.0   -8.168  -56.089   2087.0    762.6
     1     1    11    10    24    12     0     0    -4.0   -7.936  -55.829   2170.6    753.3
     1     1    11    10    24    11     0     1    -5.0   -7.708  -55.561   2250.2    746.4
     1     1    11    10    24    10     0     2    -6.0   -7.483  -55.289   2283.7    747.4
     1     1    11    10    24     9     0     3    -7.0   -7.259  -55.010   2278.1    750.7
     1     1    11    10    24     8     0     2    -8.0   -7.041  -54.724   2241.6    758.0
     1     1    11    10    24     7     0     1    -9.0   -6.834  -54.440   2195.8    764.7
     1     1    11    10    24     6     0     0   -10.0   -6.642  -54.160   2164.5    768.9
     1     1    11    10    24     5     0     1   -11.0   -6.464  -53.881   2149.2    769.7
     1     1    11    10    24     4     0     2   -12.0   -6.301  -53.597   2138.9    767.5
     1     1    11    10    24     3     0     3   -13.0   -6.151  -53.313   2123.5    766.5
     1     1    11    10    24     2     0     2   -14.0   -6.023  -53.038   2092.7    766.8
     1     1    11    10    24     1     0     1   -15.0   -5.921  -52.775   2054.2    771.2
     1     1    11    10    24     0     0     0   -16.0   -5.845  -52.522   2025.3    774.7
     1     1    11    10    23    23     0     1   -17.0   -5.779  -52.272   2023.6    774.5
     1     1    11    10    23    22     0     2   -18.0   -5.708  -52.020   2044.9    770.5
     1     1    11    10    23    21     0     3   -19.0   -5.625  -51.766   2046.0    767.9
     1     1    11    10    23    20     0     2   -20.0   -5.542  -51.527   2000.3    773.7
     1     1    11    10    23    19     0     1   -21.0   -5.475  -51.317   1935.9    782.1
     1     1    11    10    23    18     0     0   -22.0   -5.427  -51.134   1882.8    788.8
     1     1    11    10    23    17     0     1   -23.0   -5.386  -50.962   1833.4    792.3
     1     1    11    10    23    16     0     2   -24.0   -5.341  -50.783   1773.4    798.9
     1     1    11    10    23    15     0     3   -25.0   -5.293  -50.596   1705.4    806.5
     1     1    11    10    23    14     0     2   -26.0   -5.239  -50.393   1649.2    815.0
     1     1    11    10    23    13     0     1   -27.0   -5.176  -50.165   1620.4    819.4
     1     1    11    10    23    12     0     0   -28.0   -5.113  -49.912   1611.2    822.2
     1     1    11    10    23    11     0     1   -29.0   -5.047  -49.648   1613.8    822.9
     1     1    11    10    23    10     0     2   -30.0   -4.976  -49.386   1622.7    822.7
     1     1    11    10    23     9     0     3   -31.0   -4.896  -49.132   1636.5    822.3
     1     1    11    10    23     8     0     2   -32.0   -4.806  -48.885   1657.8    820.5
     1     1    11    10    23     7     0     1   -33.0   -4.705  -48.642   1692.0    816.4
     1     1    11    10    23     6     0     0   -34.0   -4.592  -48.403   1741.6    810.7
     1     1    11    10    23     5     0     1   -35.0   -4.469  -48.175   1781.4    804.5
     1     1    11    10    23     4     0     2   -36.0   -4.342  -47.956   1781.4    803.9
     1     1    11    10    23     3     0     3   -37.0   -4.218  -47.739   1750.0    809.3
     1     1    11    10    23     2     0     2   -38.0   -4.104  -47.512   1718.6    814.5
     1     1    11    10    23     1     0     1   -39.0   -4.004  -47.275   1705.9    816.4
     1     1    11    10    23     0     0     0   -40.0   -3.922  -47.028   1712.1    816.2
     1     1    11    10    22    23     0     1   -41.0   -3.850  -46.785   1760.1    815.7
     1     1    11    10    22    22     0     2   -42.0   -3.776  -46.559   1853.1    806.6
     1     1    11    10    22    21     0     3   -43.0   -3.696  -46.344   1955.6    795.9
     1     1    11    10    22    20     0     2   -44.0   -3.618  -46.134   2029.0    787.6
     1     1    11    10    22    19     0     1   -45.0   -3.545  -45.922   2058.6    786.1
     1     1    11    10    22    18     0     0   -46.0   -3.472  -45.714   2063.5    787.7
     1     1    11    10    22    17     0     1   -47.0   -3.398  -45.515   2049.3    789.9
     1     1    11    10    22    16     0     2   -48.0   -3.322  -45.321   2004.7    795.0
     1     1    11    10    22    15     0     3   -49.0   -3.249  -45.123   1918.6    804.5
     1     1    11    10    22    14     0     2   -50.0   -3.187  -44.910   1826.8    818.2
     1     1    11    10    22    13     0     1   -51.0   -3.139  -44.687   1775.6    823.3
     1     1    11    10    22    12     0     0   -52.0   -3.105  -44.457   1762.2    823.8
     1     1    11    10    22    11     0     1   -53.0   -3.070  -44.216   1760.5    821.5
     1     1    11    10    22    10     0     2   -54.0   -3.014  -43.962   1745.6    821.8
     1     1    11    10    22     9     0     3   -55.0   -2.937  -43.694   1715.3    823.9
     1     1    11    10    22     8     0     2   -56.0   -2.856  -43.420   1693.7    827.3
     1     1    11    10    22     7     0     1   -57.0   -2.783  -43.152   1703.5    826.3
     1     1    11    10    22     6     0     0   -58.0   -2.716  -42.893   1747.1    822.3
     1     1    11    10    22     5     0     1   -59.0   -2.655  -42.636   1800.6    816.8
     1     1    11    10    22     4     0     2   -60.0   -2.605  -42.371   1836.2    814.5
     1     1    11    10    22     3     0     3   -61.0   -2.568  -42.095   1847.7    814.5
     1     1    11    10    22     2     0     2   -62.0   -2.540  -41.810   1844.1    815.8
     1     1    11    10    22     1     0     1   -63.0   -2.512  -41.526   1848.7    815.7
     1     1    11    10    22     0     0     0   -64.0   -2.480  -41.248   1876.2    813.0
     1     1    11    10    21    23     0     1   -65.0   -2.441  -40.992   1924.5    806.8
     1     1    11    10    21    22     0     2   -66.0   -2.399  -40.765   1976.1    801.1
     1     1    11    10    21    21     0     3   -67.0   -2.351  -40.561   2016.9    797.3
     1     1    11    10    21    20     0     2   -68.0   -2.296  -40.370   2054.3    795.1
     1     1    11    10    21    19     0     1   -69.0   -2.227  -40.180   2094.8    791.5
     1     1    11    10    21    18     0     0   -70.0   -2.142  -39.991   2133.9    787.9
     1     1    11    10    21    17     0     1   -71.0   -2.043  -39.791   2169.5    785.0
     1     1    11    10    21    16     0     2   -72.0   -1.937  -39.574   2200.1    782.3
     1     1    11    10    21    15     0     3   -73.0   -1.827  -39.340   2223.1    780.5
     1     1    11    10    21    14     0     2   -74.0   -1.718  -39.095   2238.0    779.4
     1     1    11    10    21    13     0     1   -75.0   -1.617  -38.842   2251.1    778.9
     1     1    11    10    21    12     0     0   -76.0   -1.522  -38.586   2270.5    777.7
     1     1    11    10    21    11     0     1   -77.0   -1.437  -38.350   2299.9    774.5
     1     1    11    10    21    10     0     2   -78.0   -1.369  -38.153   2339.2    770.3
     1     1    11    10    21     9     0     3   -79.0   -1.318  -37.994   2386.1    765.4
     1     1    11    10    21     8     0     2   -80.0   -1.278  -37.861   2432.5    760.4
     1     1    11    10    21     7     0     1   -81.0   -1.241  -37.744   2471.7    756.8
     1     1    11    10    21     6     0     0   -82.0   -1.205  -37.638   2504.9    753.8
     1     1    11    10    21     5     0     1   -83.0   -1.171  -37.540   2535.9    751.6
     1     1    11    10    21     4     0     2   -84.0   -1.143  -37.444   2566.1    749.1
     1     1    11    10    21     3     0     3   -85.0   -1.119  -37.350   2593.1    747.0
     1     1    11    10    21     2     0     2   -86.0   -1.097  -37.247   2613.5    745.2
     1     1    11    10    21     1     0     1   -87.0   -1.072  -37.125   2624.7    744.3
     1     1    11    10    21     0     0     0   -88.0   -1.045  -36.984   2626.5    744.4
     1     1    11    10    20    23     0     1   -89.0   -1.017  -36.838   2625.0    744.4
     1     1    11    10    20    22     0     2   -90.0   -0.990  -36.697   2627.0    743.8
     1     1    11    10    20    21     0     3   -91.0   -0.966  -36.564   2633.8    742.7
     1     1    11    10    20    20     0     2   -92.0   -0.950  -36.437   2642.5    741.6
     1     1    11    10    20    19     0     1   -93.0   -0.950  -36.315   2649.5    741.0
     1     1    11    10    20    18     0     0   -94.0   -0.967  -36.197   2654.6    740.6
     1     1    11    10    20    17     0     1   -95.0   -0.995  -36.091   2666.4    740.8
     1     1    11    10    20    16     0     2   -96.0   -1.033  -36.002   2694.6    738.9
     1     1    11    10    20    15     0     3   -97.0   -1.081  -35.929   2737.6    735.3
     1     1    11    10    20    14     0     2   -98.0   -1.136  -35.859   2778.1    730.6
     1     1    11    10    20    13     0     1   -99.0   -1.199  -35.779   2802.3    728.7
     1     1    11    10    20    12     0     0  -100.0   -1.268  -35.689   2812.5    728.1
     1     1    11    10    20    11     0     1  -101.0   -1.343  -35.597   2824.3    728.0
     1     1    11    10    20    10     0     2  -102.0   -1.423  -35.510   2851.1    725.3
     1     1    11    10    20     9     0     3  -103.0   -1.506  -35.426   2890.7    721.5
     1     1    11    10    20     8     0     2  -104.0   -1.591  -35.344   2925.4    716.9
     1     1    11    10    20     7     0     1  -105.0   -1.676  -35.261   2939.4    715.7
     1     1    11    10    20     6     0     0  -106.0   -1.761  -35.176   2932.8    716.1
     1     1    11    10    20     5     0     1  -107.0   -1.843  -35.087   2909.7    718.8
     1     1    11    10    20     4     0     2  -108.0   -1.922  -34.992   2874.8    722.2
     1     1    11    10    20     3     0     3  -109.0   -2.000  -34.890   2829.4    726.6
     1     1    11    10    20     2     0     2  -110.0   -2.086  -34.782   2802.1    731.4
     1     1    11    10    20     1     0     1  -111.0   -2.182  -34.665   2821.7    729.8
     1     1    11    10    20     0     0     0  -112.0   -2.283  -34.537   2893.1    723.9
     1     1    11    10    19    23     0     1  -113.0   -2.389  -34.405   2983.3    712.5
     1     1    11    10    19    22     0     2  -114.0   -2.508  -34.279   3054.6    705.9
     1     1    11    10    19    21     0     3  -115.0   -2.643  -34.157   3104.1    701.2
     1     1    11    10    19    20     0     2  -116.0   -2.789  -34.047   3143.2    699.1
     1     1    11    10    19    19     0     1  -117.0   -2.937  -33.951   3184.2    695.8
     1     1    11    10    19    18     0     0  -118.0   -3.090  -33.870   3225.7    692.3
     1     1    11    10    19    17     0     1  -119.0   -3.247  -33.804   3266.8    689.1
     1     1    11    10    19    16     0     2  -120.0   -3.409  -33.751   3305.7    686.0
     1     1    11    10    19    15     0     3  -121.0   -3.578  -33.710   3340.3    683.3
     1     1    11    10    19    14     0     2  -122.0   -3.745  -33.677   3380.6    681.1
     1     1    11    10    19    13     0     1  -123.0   -3.902  -33.649   3438.8    676.6
     1     1    11    10    19    12     0     0  -124.0   -4.050  -33.625   3514.6    670.5
     1     1    11    10    19    11     0     1  -125.0   -4.181  -33.600   3590.2    662.6
     1     1    11    10    19    10     0     2  -126.0   -4.284  -33.571   3650.8    657.5
     1     1    11    10    19     9     0     3  -127.0   -4.355  -33.541   3699.3    653.3
     1     1    11    10    19     8     0     2  -128.0   -4.405  -33.513   3726.8    650.2
     1     1    11    10    19     7     0     1  -129.0   -4.445  -33.490   3722.4    650.3
     1     1    11    10    19     6     0     0  -130.0   -4.477  -33.473   3685.9    653.1
     1     1    11    10    19     5     0     1  -131.0   -4.505  -33.458   3649.1    658.7
     1     1    11    10    19     4     0     2  -132.0   -4.528  -33.439   3644.0    659.3
     1     1    11    10    19     3     0     3  -133.0   -4.546  -33.415   3670.5    657.5
     1     1    11    10    19     2     0     2  -134.0   -4.555  -33.387   3714.7    653.0
     1     1    11    10    19     1     0     1  -135.0   -4.554  -33.359   3761.8    649.4
     1     1    11    10    19     0     0     0  -136.0   -4.544  -33.328   3811.0    645.7
     1     1    11    10    18    23     0     1  -137.0   -4.525  -33.297   3858.4    641.2
     1     1    11    10    18    22     0     2  -138.0   -4.500  -33.270   3901.6    637.5
     1     1    11    10    18    21     0     3  -139.0   -4.470  -33.251   3942.8    634.0
     1     1    11    10    18    20     0     2  -140.0   -4.437  -33.240   3985.1    630.9
     1     1    11    10    18    19     0     1  -141.0   -4.406  -33.235   4030.4    627.4
     1     1    11    10    18    18     0     0  -142.0   -4.374  -33.237   4078.4    623.7
     1     1    11    10    18    17     0     1  -143.0   -4.337  -33.238   4128.3    619.9
     1     1    11    10    18    16     0     2  -144.0   -4.288  -33.235   4179.3    616.1
     1     1    11    10    18    15     0     3  -145.0   -4.226  -33.225   4230.2    612.2
     1     1    11    10    18    14     0     2  -146.0   -4.157  -33.209   4278.0    608.6
     1     1    11    10    18    13     0     1  -147.0   -4.089  -33.186   4318.6    605.5
     1     1    11    10    18    12     0     0  -148.0   -4.024  -33.156   4348.7    603.3
     1     1    11    10    18    11     0     1  -149.0   -3.957  -33.130   4369.6    601.6
     1     1    11    10    18    10     0     2  -150.0   -3.882  -33.119   4385.5    600.2
     1     1    11    10    18     9     0     3  -151.0   -3.800  -33.126   4398.5    599.0
     1     1    11    10    18     8     0     2  -152.0   -3.716  -33.141   4415.1    598.1
     1     1    11    10    18     7     0     1  -153.0   -3.639  -33.154   4441.0    596.0
     1     1    11    10    18     6     0     0  -154.0   -3.569  -33.163   4475.8    593.4
     1     1    11    10    18     5     0     1  -155.0   -3.507  -33.170   4508.2    590.4
     1     1    11    10    18     4     0     2  -156.0   -3.456  -33.182   4527.7    589.2
     1     1    11    10    18     3     0     3  -157.0   -3.415  -33.198   4535.0    588.9
     1     1    11    10    18     2     0     2  -158.0   -3.385  -33.218   4539.3    589.5
     1     1    11    10    18     1     0     1  -159.0   -3.371  -33.235   4549.5    589.0
     1     1    11    10    18     0     0     0  -160.0   -3.372  -33.247   4565.8    588.0
     1     1    11    10    17    23     0     1  -161.0   -3.382  -33.268   4587.9    586.2
     1     1    11    10    17    22     0     2  -162.0   -3.394  -33.309   4616.2    584.0
     1     1    11    10    17    21     0     3  -163.0   -3.409  -33.370   4652.5    581.2
     1     1    11    10    17    20     0     2  -164.0   -3.426  -33.446   4695.5    577.9
     1     1    11    10    17    19     0     1  -165.0   -3.446  -33.531   4740.0    574.5
     1     1    11    10    17    18     0     0  -166.0   -3.467  -33.627   4780.9    571.4
     1     1    11    10    17    17     0     1  -167.0   -3.485  -33.726   4817.0    569.1
     1     1    11    10    17    16     0     2  -168.0   -3.498  -33.818   4851.4    566.9
     1     1    11    10    17    15     0     3  -169.0   -3.504  -33.901   4886.7    564.7
     1     1    11    10    17    14     0     2  -170.0   -3.509  -33.975   4940.8    562.2
     1     1    11    10    17    13     0     1  -171.0   -3.514  -34.033   5031.5    556.1
     1     1    11    10    17    12     0     0  -172.0   -3.518  -34.066   5160.1    547.3
     1     1    11    10    17    11     0     1  -173.0   -3.513  -34.074   5290.7    535.7
     1     1    11    10    17    10     0     2  -174.0   -3.497  -34.077   5386.1    528.9
     1     1    11    10    17     9     0     3  -175.0   -3.470  -34.083   5446.0    524.6
     1     1    11    10    17     8     0     2  -176.0   -3.443  -34.093   5480.2    522.9
     1     1    11    10    17     7     0     1  -177.0   -3.427  -34.103   5498.9    521.5
     1     1    11    10    17     6     0     0  -178.0   -3.420  -34.115   5501.9    521.2
     1     1    11    10    17     5     0     1  -179.0   -3.421  -34.130   5497.9    522.3
     1     1    11    10    17     4     0     2  -180.0   -3.428  -34.143   5496.0    522.6
     1     1    11    10    17     3     0     3  -181.0   -3.442  -34.156   5495.9    522.9
     1     1    11    10    17     2     0     2  -182.0   -3.456  -34.169   5505.0    523.0
     1     1    11    10    17     1     0     1  -183.0   -3.465  -34.182   5530.4    521.5
     1     1    11    10    17     0     0     0  -184.0   -3.470  -34.191   5571.3    518.9
     1     1    11    10    16    23     0     1  -185.0   -3.469  -34.198   5616.2    515.0
     1     1    11    10    16    22     0     2  -186.0   -3.459  -34.209   5655.1    512.2
     1     1    11    10    16    21     0     3  -187.0   -3.440  -34.226   5689.5    509.6
     1     1    11    10    16    20     0     2  -188.0   -3.415  -34.242   5716.3    507.8
     1     1    11    10    16    19     0     1  -189.0   -3.387  -34.254   5731.8    507.0
     1     1    11    10    16    18     0     0  -190.0   -3.354  -34.264   5736.0    506.8
     1     1    11    10    16    17     0     1  -191.0   -3.317  -34.271   5741.2    507.4
     1     1    11    10    16    16     0     2  -192.0   -3.276  -34.270   5760.3    506.2
     1     1    11    10    16    15     0     3  -193.0   -3.234  -34.259   5793.1    504.2
     1     1    11    10    16    14     0     2  -194.0   -3.190  -34.237   5828.7    501.4
     1     1    11    10    16    13     0     1  -195.0   -3.146  -34.210   5856.3    499.8
     1     1    11    10    16    12     0     0  -196.0   -3.100  -34.178   5877.1    498.7
     1     1    11    10    16    11     0     1  -197.0   -3.060  -34.149   5896.7    497.5
     1     1    11    10    16    10     0     2  -198.0   -3.032  -34.130   5919.9    495.8
     1     1    11    10    16     9     0     3  -199.0   -3.017  -34.122   5946.6    493.8
     1     1    11    10    16     8     0     2  -200.0   -3.016  -34.122   5976.7    491.7
     1     1    11    10    16     7     0     1  -201.0   -3.029  -34.129   6009.7    489.4
     1     1    11    10    16     6     0     0  -202.0   -3.057  -34.142   6045.7    486.9
     1     1    11    10    16     5     0     1  -203.0   -3.097  -34.152   6071.0    484.6
     1     1    11    10    16     4     0     2  -204.0   -3.141  -34.154   6071.2    484.8
     1     1    11    10    16     3     0     3  -205.0   -3.186  -34.150   6045.9    486.5
     1     1    11    10    16     2     0     2  -206.0   -3.220  -34.148   6037.7    489.9
     1     1    11    10    16     1     0     1  -207.0   -3.241  -34.141   6089.9    486.8
     1     1    11    10    16     0     0     0  -208.0   -3.256  -34.123   6204.4    479.9
     1     1    11    10    15    23     0     1  -209.0   -3.286  -34.091   6332.4    468.9
     1     1    11    10    15    22     0     2  -210.0   -3.342  -34.059   6422.0    463.3
     1     1    11    10    15    21     0     3  -211.0   -3.415  -34.034   6471.3    460.1
     1     1    11    10    15    20     0     2  -212.0   -3.495  -34.019   6494.7    459.6
     1     1    11    10    15    19     0     1  -213.0   -3.578  -34.014   6505.7    458.7
     1     1    11    10    15    18     0     0  -214.0   -3.660  -34.020   6501.3    458.8
     1     1    11    10    15    17     0     1  -215.0   -3.742  -34.030   6491.6    460.2
     1     1    11    10    15    16     0     2  -216.0   -3.828  -34.034   6489.0    460.5
     1     1    11    10    15    15     0     3  -217.0   -3.918  -34.033   6495.7    460.2
     1     1    11    10    15    14     0     2  -218.0   -4.013  -34.026   6524.3    459.4
     1     1    11    10    15    13     0     1  -219.0   -4.117  -34.015   6582.1    455.9
     1     1    11    10    15    12     0     0  -220.0   -4.239  -33.998   6661.5    451.2
     1     1    11    10    15    11     0     1  -221.0   -4.393  -33.985   6727.9    445.2
     1     1    11    10    15    10     0     2  -222.0   -4.578  -33.992   6754.5    443.6
     1     1    11    10    15     9     0     3  -223.0   -4.783  -34.021   6749.2    443.9
     1     1    11    10    15     8     0     2  -224.0   -4.997  -34.066   6729.1    445.6
     1     1    11    10    15     7     0     1  -225.0   -5.213  -34.122   6709.5    446.8
     1     1    11    10    15     6     0     0  -226.0   -5.435  -34.192   6685.3    447.6
     1     1    11    10    15     5     0     1  -227.0   -5.666  -34.269   6658.4    450.0
     1     1    11    10    15     4     0     2  -228.0   -5.910  -34.344   6635.9    451.4
     1     1    11    10    15     3     0     3  -229.0   -6.166  -34.417   6615.0    452.7
     1     1    11    10    15     2     0     2  -230.0   -6.423  -34.486   6602.8    453.8
     1     1    11    10    15     1     0     1  -231.0   -6.674  -34.552   6613.4    453.5
     1     1    11    10    15     0     0     0  -232.0   -6.918  -34.617   6660.8    451.0
     1     1    11    10    14    23     0     1  -233.0   -7.160  -34.686   6729.9    445.1
     1     1    11    10    14    22     0     2  -234.0   -7.403  -34.763   6793.8    440.9
     1     1    11    10    14    21     0     3  -235.0   -7.646  -34.850   6851.9    437.3
     1     1    11    10    14    20     0     2  -236.0   -7.886  -34.944   6901.9    434.1
     1     1    11    10    14    19     0     1  -237.0   -8.118  -35.040   6935.3    431.3
     1     1    11    10    14    18     0     0  -238.0   -8.342  -35.139   6946.5    428.6
     1     1    11    10    14    17     0     1  -239.0   -8.563  -35.243   6949.4    427.2
     1     1    11    10    14    16     0     2  -240.0   -8.788  -35.355   6953.5    424.9
     1     1    11    10    14    15     0     3  -241.0   -9.020  -35.479   6957.0    422.7
     1     1    11    10    14    14     0     2  -242.0   -9.253  -35.614   6974.5    422.0
     1     1    11    10    14    13     0     1  -243.0   -9.478  -35.762   7004.7    421.4
     1     1    11    10    14    12     0     0  -244.0   -9.699  -35.925   7050.5    421.3
     1     1    11    10    14    11     0     1  -245.0   -9.913  -36.103   7106.6    420.7
     1     1    11    10    14    10     0     2  -246.0  -10.114  -36.289   7152.3    418.8
     1     1    11    10    14     9     0     3  -247.0  -10.298  -36.478   7202.4    415.8
     1     1    11    10    14     8     0     2  -248.0  -10.462  -36.671   7263.2    412.1
     1     1    11    10    14     7     0     1  -249.0  -10.603  -36.868   7322.7    408.9
     1     1    11    10    14     6     0     0  -250.0  -10.718  -37.065   7366.9    406.0
     1     1    11    10    14     5     0     1  -251.0  -10.818  -37.258   7402.0    403.5
     1     1    11    10    14     4     0     2  -252.0  -10.912  -37.443   7454.5    399.0
     1     1    11    10    14     3     0     3  -253.0  -10.996  -37.619   7531.0    393.1
     1     1    11    10    14     2     0     2  -254.0  -11.075  -37.787   7623.2    385.8
     1     1    11    10    14     1     0     1  -255.0  -11.162  -37.947   7715.2    379.8
     1     1    11    10    14     0     0     0  -256.0  -11.261  -38.095   7812.8    375.3
     1     1    11    10    13    23     0     1  -257.0  -11.370  -38.240   7914.1    370.9
     1     1    11    10    13    22     0     2  -258.0  -11.485  -38.391   8017.3    366.0
     1     1    11    10    13    21     0     3  -259.0  -11.602  -38.548   8121.4    360.9
     1     1    11    10    13    20     0     2  -260.0  -11.715  -38.709   8224.9    355.9
     1     1    11    10    13    19     0     1  -261.0  -11.822  -38.870   8330.5    350.7
     1     1    11    10    13    18     0     0  -262.0  -11.924  -39.031   8445.3    344.8
     1     1    11    10    13    17     0     1  -263.0  -12.034  -39.176   8551.1    338.3
     1     1    11    10    13    16     0     2  -264.0  -12.155  -39.296   8621.7    334.3
     1     1    11    10    13    15     0     3  -265.0  -12.283  -39.394   8649.6    332.3
     1     1    11    10    13    14     0     2  -266.0  -12.414  -39.482   8651.0    332.0
     1     1    11    10    13    13     0     1  -267.0  -12.557  -39.566   8637.0    331.2
     1     1    11    10    13    12     0     0  -268.0  -12.712  -39.645   8596.6    331.2
     1     1    11    10    13    11     0     1  -269.0  -12.874  -39.715   8534.4    332.5
     1     1    11    10    13    10     0     2  -270.0  -13.045  -39.772   8474.2    334.0
     1     1    11    10    13     9     0     3  -271.0  -13.232  -39.826   8453.1    336.1
     1     1    11    10    13     8     0     2  -272.0  -13.445  -39.890   8463.3    335.6
     1     1    11    10    13     7     0     1  -273.0  -13.689  -39.968   8484.7    335.3
     1     1    11    10    13     6     0     0  -274.0  -13.972  -40.061   8512.2    335.9
     1     1    11    10    13     5     0     1  -275.0  -14.271  -40.179   8510.1    335.5
     1     1    11    10    13     4     0     2  -276.0  -14.561  -40.328   8502.3    333.3
     1     1    11    10    13     3     0     3  -277.0  -14.849  -40.517   8498.9    327.9
     1     1    11    10    13     2     0     2  -278.0  -15.138  -40.741   8475.4    321.2
     1     1    11    10    13     1     0     1  -279.0  -15.415  -40.977   8409.9    321.7
     1     1    11    10    13     0     0     0  -280.0  -15.669  -41.214   8306.5    327.6
     1     1    11    10    12    23     0     1  -281.0  -15.918  -41.459   8201.5    334.7
     1     1    11    10    12    22     0     2  -282.0  -16.187  -41.733   8150.6    335.8
     1     1    11    10    12    21     0     3  -283.0  -16.469  -42.036   8119.3    336.1
     1     1    11    10    12    20     0     2  -284.0  -16.756  -42.346   8060.1    339.4
     1     1    11    10    12    19     0     1  -285.0  -17.047  -42.656   7961.8    343.3
     1     1    11    10    12    18     0     0  -286.0  -17.330  -42.976   7875.7    345.2
     1     1    11    10    12    17     0     1  -287.0  -17.598  -43.297   7875.7    342.2
     1     1    11    10    12    16     0     2  -288.0  -17.847  -43.613   7917.4    337.4
     1     1    11    10    12    15     0     3  -289.0  -18.072  -43.919   7981.2    333.2
     1     1    11    10    12    14     0     2  -290.0  -18.291  -44.224   8073.1    332.6
     1     1    11    10    12    13     0     1  -291.0  -18.521  -44.541   8148.9    334.6
     1     1    11    10    12    12     0     0  -292.0  -18.755  -44.864   8206.9    336.2
     1     1    11    10    12    11     0     1  -293.0  -18.999  -45.198   8214.5    334.3
     1     1    11    10    12    10     0     2  -294.0  -19.269  -45.558   8168.6    330.5
     1     1    11    10    12     9     0     3  -295.0  -19.570  -45.957   8139.0    329.4
     1     1    11    10    12     8     0     2  -296.0  -19.880  -46.381   8136.4    327.1
     1     1    11    10    12     7     0     1  -297.0  -20.189  -46.815   8128.5    323.4
     1     1    11    10    12     6     0     0  -298.0  -20.485  -47.260   8189.4    326.6
     1     1    11    10    12     5     0     1  -299.0  -20.752  -47.719   8297.6    329.4
     1     1    11    10    12     4     0     2  -300.0  -20.987  -48.188   8329.5    331.5
     1     1    11    10    12     3     0     3  -301.0  -21.183  -48.640   8244.6    337.3
     1     1    11    10    12     2     0     2  -302.0  -21.354  -49.063   8142.0    347.3
     1     1    11    10    12     1     0     1  -303.0  -21.530  -49.482   8065.7    352.2
     1     1    11    10    12     0     0     0  -304.0  -21.722  -49.933   8045.3    354.7
     1     1    11    10    11    23     0     1  -305.0  -21.951  -50.443   8049.4    351.4
     1     1    11    10    11    22     0     2  -306.0  -22.212  -50.989   7996.8    354.4
     1     1    11    10    11    21     0     3  -307.0  -22.494  -51.553   7944.9    361.8
     1     1    11    10    11    20     0     2  -308.0  -22.771  -52.143   7944.2    362.1
     1     1    11    10    11    19     0     1  -309.0  -23.024  -52.759   7966.5    361.0
     1     1    11    10    11    18     0     0  -310.0  -23.252  -53.400   8008.3    361.0
     1     1    11    10    11    17     0     1  -311.0  -23.465  -54.084   8086.5    358.3
     1     1    11    10    11    16     0     2  -312.0  -23.678  -54.831   8097.7    353.0
     1     1    11    10    11    15     0     3  -313.0  -23.897  -55.603   8102.9    359.5
     1     1    11    10    11    14     0     2  -314.0  -24.102  -56.377   8138.8    362.1
     1     1    11    10    11    13     0     1  -315.0  -24.271  -57.200   8184.0    362.9
     1     1    11    10    11    12     0     0  -316.0  -24.409  -58.090   8236.9    360.6
     1     1    11    10    11    11     0     1  -317.0  -24.481  -59.053   8286.6    357.2
     1     1    11    10    11    10     0     2  -318.0  -24.466  -60.072   8332.0    352.7
     1     1    11    10    11     9     0     3  -319.0  -24.383  -61.114   8395.2    348.6
     1     1    11    10    11     8     0     2  -320.0  -24.243  -62.182   8418.5    345.6
     1     1    11    10    11     7     0     1  -321.0  -24.030  -63.256   8389.0    344.2
     1     1    11    10    11     6     0     0  -322.0  -23.731  -64.304   8107.9    335.6
     1     1    11    10    11     5     0     1  -323.0  -23.323  -65.432   7185.3    283.7
     1     1    11    10    11     4     0     2  -324.0  -22.791  -66.671   6591.6    249.7
     1     1    11    10    11     3     0     3  -325.0  -22.223  -67.917   6372.3    258.0
     1     1    11    10    11     2     0     2  -326.0  -21.646  -69.124   6772.5    304.1
     1     1    11    10    11     1     0     1  -327.0  -21.156  -70.126   7366.0    375.9
     1     1    11    10    11     0     0     0  -328.0  -20.761  -70.949   7633.6    393.6
     1     1    11    10    10    23     0     1  -329.0  -20.359  -71.703   7704.8    390.5
     1     1    11    10    10    22     0     2  -330.0  -19.917  -72.425   7684.9    392.4
     1     1    11    10    10    21     0     3  -331.0  -19.451  -73.110   7628.8    394.9
     1     1    11    10    10    20     0     2  -332.0  -18.967  -73.758   7576.6    399.6
     1     1    11    10    10    19     0     1  -333.0  -18.472  -74.378   7552.2    400.6
     1     1    11    10    10    18     0     0  -334.0  -17.976  -74.958   7545.8    401.1
     1     1    11    10    10    17     0     1  -335.0  -17.490  -75.500   7537.8    400.7
     1     1    11    10    10    16     0     2  -336.0  -17.028  -75.997   7520.0    402.4
