     3     1
    GDAS    11     5     1     0     0
    GDAS    11     5     8     0     0
    GDAS    11     5    15     0     0
     1 BACKWARD OMEGA   
  2011     5    17    16   -8.870  -56.710  2133.6
     1 PRESSURE
     1     1    11     5    17    16     0     2     0.0   -8.870  -56.710   2133.6    770.0
     1     1    11     5    17    15     0     3    -1.0   -8.767  -56.690   2110.3    771.8
     1     1    11     5    17    14     0     2    -2.0   -8.668  -56.658   2096.5    769.8
     1     1    11     5    17    13     0     1    -3.0   -8.569  -56.619   2077.0    769.4
     1     1    11     5    17    12     0     0    -4.0   -8.472  -56.573   2051.1    769.7
     1     1    11     5    17    11     0     1    -5.0   -8.377  -56.521   2021.8    770.4
     1     1    11     5    17    10     0     2    -6.0   -8.284  -56.462   1995.2    770.7
     1     1    11     5    17     9     0     3    -7.0   -8.191  -56.399   1976.8    770.4
     1     1    11     5    17     8     0     2    -8.0   -8.098  -56.334   1961.9    769.2
     1     1    11     5    17     7     0     1    -9.0   -8.006  -56.266   1943.2    769.1
     1     1    11     5    17     6     0     0   -10.0   -7.916  -56.194   1924.8    771.9
     1     1    11     5    17     5     0     1   -11.0   -7.832  -56.118   1906.4    775.2
     1     1    11     5    17     4     0     2   -12.0   -7.757  -56.039   1888.7    778.2
     1     1    11     5    17     3     0     3   -13.0   -7.692  -55.955   1870.9    781.4
     1     1    11     5    17     2     0     2   -14.0   -7.634  -55.868   1850.3    784.4
     1     1    11     5    17     1     0     1   -15.0   -7.577  -55.780   1825.3    787.7
     1     1    11     5    17     0     0     0   -16.0   -7.521  -55.693   1796.5    791.3
     1     1    11     5    16    23     0     1   -17.0   -7.471  -55.610   1773.0    794.9
     1     1    11     5    16    22     0     2   -18.0   -7.429  -55.532   1762.9    796.3
     1     1    11     5    16    21     0     3   -19.0   -7.390  -55.457   1765.7    796.4
     1     1    11     5    16    20     0     2   -20.0   -7.348  -55.383   1772.3    795.8
     1     1    11     5    16    19     0     1   -21.0   -7.305  -55.308   1773.4    796.6
     1     1    11     5    16    18     0     0   -22.0   -7.258  -55.233   1768.1    797.9
     1     1    11     5    16    17     0     1   -23.0   -7.209  -55.151   1744.0    800.6
     1     1    11     5    16    16     0     2   -24.0   -7.159  -55.058   1690.0    807.1
     1     1    11     5    16    15     0     3   -25.0   -7.105  -54.961   1610.3    816.6
     1     1    11     5    16    14     0     2   -26.0   -7.056  -54.864   1526.0    827.2
     1     1    11     5    16    13     0     1   -27.0   -7.021  -54.771   1452.8    834.9
     1     1    11     5    16    12     0     0   -28.0   -7.000  -54.679   1391.0    841.2
     1     1    11     5    16    11     0     1   -29.0   -6.992  -54.595   1340.3    846.0
     1     1    11     5    16    10     0     2   -30.0   -6.993  -54.523   1295.9    849.8
     1     1    11     5    16     9     0     3   -31.0   -7.004  -54.461   1249.0    853.9
     1     1    11     5    16     8     0     2   -32.0   -7.017  -54.398   1195.2    859.3
     1     1    11     5    16     7     0     1   -33.0   -7.028  -54.323   1136.3    865.5
     1     1    11     5    16     6     0     0   -34.0   -7.035  -54.234   1077.6    871.5
     1     1    11     5    16     5     0     1   -35.0   -7.037  -54.136   1013.4    877.6
     1     1    11     5    16     4     0     2   -36.0   -7.031  -54.034    932.3    886.6
     1     1    11     5    16     3     0     3   -37.0   -7.017  -53.927    832.2    896.6
     1     1    11     5    16     2     0     2   -38.0   -7.006  -53.821    724.3    906.8
     1     1    11     5    16     1     0     1   -39.0   -7.016  -53.715    622.6    916.0
     1     1    11     5    16     0     0     0   -40.0   -7.050  -53.604    535.2    922.7
     1     1    11     5    15    23     0     1   -41.0   -7.100  -53.493    473.3    927.8
     1     1    11     5    15    22     0     2   -42.0   -7.156  -53.387    437.0    929.0
     1     1    11     5    15    21     0     3   -43.0   -7.217  -53.283    415.7    928.8
     1     1    11     5    15    20     0     2   -44.0   -7.282  -53.176    397.6    928.6
     1     1    11     5    15    19     0     1   -45.0   -7.346  -53.066    376.3    929.8
     1     1    11     5    15    18     0     0   -46.0   -7.411  -52.958    353.7    932.0
     1     1    11     5    15    17     0     1   -47.0   -7.473  -52.850    329.4    935.9
     1     1    11     5    15    16     0     2   -48.0   -7.529  -52.743    302.8    940.2
     1     1    11     5    15    15     0     3   -49.0   -7.579  -52.636    274.8    944.6
     1     1    11     5    15    14     0     2   -50.0   -7.621  -52.531    250.4    948.2
     1     1    11     5    15    13     0     1   -51.0   -7.655  -52.427    233.5    950.3
     1     1    11     5    15    12     0     0   -52.0   -7.684  -52.325    223.3    951.6
     1     1    11     5    15    11     0     1   -53.0   -7.716  -52.218    217.6    951.2
     1     1    11     5    15    10     0     2   -54.0   -7.762  -52.096    214.8    950.6
     1     1    11     5    15     9     0     3   -55.0   -7.825  -51.958    215.4    949.5
     1     1    11     5    15     8     0     2   -56.0   -7.899  -51.810    220.4    948.7
     1     1    11     5    15     7     0     1   -57.0   -7.982  -51.657    230.9    947.4
     1     1    11     5    15     6     0     0   -58.0   -8.074  -51.502    248.6    945.3
     1     1    11     5    15     5     0     1   -59.0   -8.168  -51.340    274.8    942.4
     1     1    11     5    15     4     0     2   -60.0   -8.255  -51.167    308.3    937.9
     1     1    11     5    15     3     0     3   -61.0   -8.339  -50.984    345.6    933.0
     1     1    11     5    15     2     0     2   -62.0   -8.425  -50.797    380.2    930.3
     1     1    11     5    15     1     0     1   -63.0   -8.519  -50.615    406.7    929.5
     1     1    11     5    15     0     0     0   -64.0   -8.624  -50.440    424.6    930.1
     1     1    11     5    14    23     0     1   -65.0   -8.731  -50.279    432.8    931.8
     1     1    11     5    14    22     0     2   -66.0   -8.834  -50.136    432.3    935.1
     1     1    11     5    14    21     0     3   -67.0   -8.935  -50.008    426.6    939.3
     1     1    11     5    14    20     0     2   -68.0   -9.032  -49.895    418.9    940.5
     1     1    11     5    14    19     0     1   -69.0   -9.119  -49.799    412.5    940.5
     1     1    11     5    14    18     0     0   -70.0   -9.195  -49.717    406.7    940.2
     1     1    11     5    14    17     0     1   -71.0   -9.257  -49.640    402.2    940.7
     1     1    11     5    14    16     0     2   -72.0   -9.301  -49.558    399.9    940.5
     1     1    11     5    14    15     0     3   -73.0   -9.327  -49.473    396.4    940.4
     1     1    11     5    14    14     0     2   -74.0   -9.343  -49.377    393.4    940.3
     1     1    11     5    14    13     0     1   -75.0   -9.355  -49.263    394.7    939.3
     1     1    11     5    14    12     0     0   -76.0   -9.362  -49.128    401.6    937.5
     1     1    11     5    14    11     0     1   -77.0   -9.367  -48.980    414.3    934.5
     1     1    11     5    14    10     0     2   -78.0   -9.373  -48.834    429.3    932.6
     1     1    11     5    14     9     0     3   -79.0   -9.381  -48.690    441.6    930.9
     1     1    11     5    14     8     0     2   -80.0   -9.391  -48.550    444.7    930.3
     1     1    11     5    14     7     0     1   -81.0   -9.400  -48.419    434.9    931.8
     1     1    11     5    14     6     0     0   -82.0   -9.405  -48.301    413.8    934.4
     1     1    11     5    14     5     0     1   -83.0   -9.403  -48.190    385.2    938.2
     1     1    11     5    14     4     0     2   -84.0   -9.391  -48.078    352.1    942.6
     1     1    11     5    14     3     0     3   -85.0   -9.369  -47.963    319.3    946.7
     1     1    11     5    14     2     0     2   -86.0   -9.349  -47.850    294.6    947.6
     1     1    11     5    14     1     0     1   -87.0   -9.342  -47.745    278.7    946.9
     1     1    11     5    14     0     0     0   -88.0   -9.343  -47.645    270.8    945.5
     1     1    11     5    13    23     0     1   -89.0   -9.349  -47.549    275.8    942.7
     1     1    11     5    13    22     0     2   -90.0   -9.358  -47.454    295.2    937.4
     1     1    11     5    13    21     0     3   -91.0   -9.370  -47.363    323.8    931.4
     1     1    11     5    13    20     0     2   -92.0   -9.379  -47.267    358.2    925.8
     1     1    11     5    13    19     0     1   -93.0   -9.379  -47.160    397.3    919.5
     1     1    11     5    13    18     0     0   -94.0   -9.371  -47.041    437.7    912.6
     1     1    11     5    13    17     0     1   -95.0   -9.359  -46.910    479.9    908.0
     1     1    11     5    13    16     0     2   -96.0   -9.347  -46.766    522.3    904.1
     1     1    11     5    13    15     0     3   -97.0   -9.333  -46.609    559.9    901.3
     1     1    11     5    13    14     0     2   -98.0   -9.326  -46.433    588.4    899.2
     1     1    11     5    13    13     0     1   -99.0   -9.330  -46.230    601.3    898.7
     1     1    11     5    13    12     0     0  -100.0   -9.348  -46.002    592.7    900.3
     1     1    11     5    13    11     0     1  -101.0   -9.379  -45.768    578.0    900.7
     1     1    11     5    13    10     0     2  -102.0   -9.417  -45.535    573.7    898.1
     1     1    11     5    13     9     0     3  -103.0   -9.460  -45.291    573.8    895.2
     1     1    11     5    13     8     0     2  -104.0   -9.502  -45.035    573.2    892.8
     1     1    11     5    13     7     0     1  -105.0   -9.543  -44.769    570.2    895.1
     1     1    11     5    13     6     0     0  -106.0   -9.583  -44.487    564.7    898.2
     1     1    11     5    13     5     0     1  -107.0   -9.623  -44.188    560.8    901.7
     1     1    11     5    13     4     0     2  -108.0   -9.662  -43.879    558.1    902.2
     1     1    11     5    13     3     0     3  -109.0   -9.705  -43.573    549.4    900.7
     1     1    11     5    13     2     0     2  -110.0   -9.765  -43.278    535.0    901.2
     1     1    11     5    13     1     0     1  -111.0   -9.848  -42.991    522.3    902.8
     1     1    11     5    13     0     0     0  -112.0   -9.944  -42.717    514.5    904.1
     1     1    11     5    12    23     0     1  -113.0  -10.049  -42.474    513.2    903.2
     1     1    11     5    12    22     0     2  -114.0  -10.165  -42.262    528.1    900.2
     1     1    11     5    12    21     0     3  -115.0  -10.294  -42.067    570.2    893.6
     1     1    11     5    12    20     0     2  -116.0  -10.430  -41.877    626.5    882.5
     1     1    11     5    12    19     0     1  -117.0  -10.568  -41.688    680.1    873.0
     1     1    11     5    12    18     0     0  -118.0  -10.705  -41.498    738.4    865.0
     1     1    11     5    12    17     0     1  -119.0  -10.855  -41.299    821.8    856.9
     1     1    11     5    12    16     0     2  -120.0  -11.030  -41.086    947.2    843.7
     1     1    11     5    12    15     0     3  -121.0  -11.219  -40.874   1071.2    830.5
     1     1    11     5    12    14     0     2  -122.0  -11.411  -40.664   1161.3    827.4
     1     1    11     5    12    13     0     1  -123.0  -11.602  -40.450   1223.1    827.4
     1     1    11     5    12    12     0     0  -124.0  -11.788  -40.231   1264.1    830.0
     1     1    11     5    12    11     0     1  -125.0  -11.978  -40.013   1288.9    833.1
     1     1    11     5    12    10     0     2  -126.0  -12.180  -39.801   1302.6    833.9
     1     1    11     5    12     9     0     3  -127.0  -12.394  -39.589   1320.5    835.4
     1     1    11     5    12     8     0     2  -128.0  -12.608  -39.381   1323.1    839.4
     1     1    11     5    12     7     0     1  -129.0  -12.810  -39.184   1260.6    850.9
     1     1    11     5    12     6     0     0  -130.0  -12.999  -39.009   1077.2    876.5
     1     1    11     5    12     5     0     1  -131.0  -13.183  -38.865    858.0    914.1
     1     1    11     5    12     4     0     2  -132.0  -13.369  -38.728    694.3    933.3
     1     1    11     5    12     3     0     3  -133.0  -13.556  -38.581    574.3    947.6
     1     1    11     5    12     2     0     2  -134.0  -13.746  -38.423    490.2    958.5
     1     1    11     5    12     1     0     1  -135.0  -13.945  -38.260    433.8    965.5
     1     1    11     5    12     0     0     0  -136.0  -14.148  -38.090    395.9    969.8
     1     1    11     5    11    23     0     1  -137.0  -14.352  -37.920    371.6    972.2
     1     1    11     5    11    22     0     2  -138.0  -14.559  -37.756    356.4    973.2
     1     1    11     5    11    21     0     3  -139.0  -14.774  -37.599    347.6    973.9
     1     1    11     5    11    20     0     2  -140.0  -14.991  -37.452    343.8    974.2
     1     1    11     5    11    19     0     1  -141.0  -15.198  -37.320    340.0    974.3
     1     1    11     5    11    18     0     0  -142.0  -15.387  -37.201    334.0    975.2
     1     1    11     5    11    17     0     1  -143.0  -15.558  -37.085    326.9    976.3
     1     1    11     5    11    16     0     2  -144.0  -15.711  -36.963    320.3    977.7
     1     1    11     5    11    15     0     3  -145.0  -15.844  -36.836    316.5    978.4
     1     1    11     5    11    14     0     2  -146.0  -15.958  -36.702    317.2    979.0
     1     1    11     5    11    13     0     1  -147.0  -16.058  -36.560    323.2    978.7
     1     1    11     5    11    12     0     0  -148.0  -16.148  -36.412    334.8    978.0
     1     1    11     5    11    11     0     1  -149.0  -16.236  -36.256    348.9    975.4
     1     1    11     5    11    10     0     2  -150.0  -16.330  -36.089    362.0    973.4
     1     1    11     5    11     9     0     3  -151.0  -16.427  -35.910    374.9    971.4
     1     1    11     5    11     8     0     2  -152.0  -16.529  -35.733    385.6    970.2
     1     1    11     5    11     7     0     1  -153.0  -16.637  -35.567    392.3    969.6
     1     1    11     5    11     6     0     0  -154.0  -16.755  -35.411    395.9    969.4
     1     1    11     5    11     5     0     1  -155.0  -16.877  -35.260    397.3    969.5
     1     1    11     5    11     4     0     2  -156.0  -16.998  -35.109    397.0    969.8
     1     1    11     5    11     3     0     3  -157.0  -17.115  -34.962    396.4    970.2
     1     1    11     5    11     2     0     2  -158.0  -17.230  -34.825    398.0    970.2
     1     1    11     5    11     1     0     1  -159.0  -17.351  -34.704    402.9    969.5
     1     1    11     5    11     0     0     0  -160.0  -17.477  -34.594    409.9    968.7
     1     1    11     5    10    23     0     1  -161.0  -17.608  -34.494    416.6    967.6
     1     1    11     5    10    22     0     2  -162.0  -17.740  -34.404    420.7    967.0
     1     1    11     5    10    21     0     3  -163.0  -17.872  -34.324    422.0    966.7
     1     1    11     5    10    20     0     2  -164.0  -17.995  -34.253    422.6    966.5
     1     1    11     5    10    19     0     1  -165.0  -18.103  -34.194    424.8    966.0
     1     1    11     5    10    18     0     0  -166.0  -18.195  -34.145    428.5    965.2
     1     1    11     5    10    17     0     1  -167.0  -18.271  -34.104    431.2    964.9
     1     1    11     5    10    16     0     2  -168.0  -18.331  -34.071    430.5    965.3
     1     1    11     5    10    15     0     3  -169.0  -18.375  -34.042    426.9    966.0
     1     1    11     5    10    14     0     2  -170.0  -18.404  -34.017    421.3    966.9
     1     1    11     5    10    13     0     1  -171.0  -18.419  -33.994    414.6    967.8
     1     1    11     5    10    12     0     0  -172.0  -18.421  -33.973    406.7    969.0
     1     1    11     5    10    11     0     1  -173.0  -18.416  -33.950    394.5    969.4
     1     1    11     5    10    10     0     2  -174.0  -18.409  -33.922    375.8    970.9
     1     1    11     5    10     9     0     3  -175.0  -18.400  -33.888    352.8    973.0
     1     1    11     5    10     8     0     2  -176.0  -18.382  -33.852    326.7    975.8
     1     1    11     5    10     7     0     1  -177.0  -18.348  -33.817    297.8    979.1
     1     1    11     5    10     6     0     0  -178.0  -18.297  -33.781    268.1    982.8
     1     1    11     5    10     5     0     1  -179.0  -18.232  -33.736    241.5    986.1
     1     1    11     5    10     4     0     2  -180.0  -18.157  -33.670    220.6    988.5
     1     1    11     5    10     3     0     3  -181.0  -18.077  -33.584    204.6    990.5
     1     1    11     5    10     2     0     2  -182.0  -17.997  -33.481    195.6    991.9
     1     1    11     5    10     1     0     1  -183.0  -17.919  -33.365    195.5    991.9
     1     1    11     5    10     0     0     0  -184.0  -17.848  -33.238    204.0    991.0
     1     1    11     5     9    23     0     1  -185.0  -17.781  -33.107    218.3    988.7
     1     1    11     5     9    22     0     2  -186.0  -17.719  -32.975    233.7    986.6
     1     1    11     5     9    21     0     3  -187.0  -17.658  -32.845    247.6    984.6
     1     1    11     5     9    20     0     2  -188.0  -17.593  -32.714    257.9    983.3
     1     1    11     5     9    19     0     1  -189.0  -17.522  -32.577    264.7    982.5
     1     1    11     5     9    18     0     0  -190.0  -17.445  -32.436    269.6    981.8
     1     1    11     5     9    17     0     1  -191.0  -17.374  -32.285    273.7    981.5
     1     1    11     5     9    16     0     2  -192.0  -17.319  -32.121    277.2    981.3
     1     1    11     5     9    15     0     3  -193.0  -17.280  -31.943    278.5    981.2
     1     1    11     5     9    14     0     2  -194.0  -17.256  -31.752    277.4    981.8
     1     1    11     5     9    13     0     1  -195.0  -17.242  -31.550    275.4    982.6
     1     1    11     5     9    12     0     0  -196.0  -17.241  -31.339    274.8    983.3
     1     1    11     5     9    11     0     1  -197.0  -17.249  -31.118    277.9    982.8
     1     1    11     5     9    10     0     2  -198.0  -17.263  -30.888    285.2    981.5
     1     1    11     5     9     9     0     3  -199.0  -17.283  -30.653    295.8    979.9
     1     1    11     5     9     8     0     2  -200.0  -17.313  -30.417    306.6    978.2
     1     1    11     5     9     7     0     1  -201.0  -17.354  -30.185    316.8    977.1
     1     1    11     5     9     6     0     0  -202.0  -17.406  -29.955    329.2    975.6
     1     1    11     5     9     5     0     1  -203.0  -17.470  -29.729    343.7    974.1
     1     1    11     5     9     4     0     2  -204.0  -17.547  -29.508    358.9    972.8
     1     1    11     5     9     3     0     3  -205.0  -17.635  -29.293    375.2    971.4
     1     1    11     5     9     2     0     2  -206.0  -17.733  -29.087    390.6    969.7
     1     1    11     5     9     1     0     1  -207.0  -17.839  -28.889    402.4    968.6
     1     1    11     5     9     0     0     0  -208.0  -17.956  -28.697    410.3    968.0
     1     1    11     5     8    23     0     1  -209.0  -18.078  -28.516    415.6    967.3
     1     1    11     5     8    22     0     2  -210.0  -18.204  -28.350    419.6    966.7
     1     1    11     5     8    21     0     3  -211.0  -18.336  -28.199    422.2    966.1
     1     1    11     5     8    20     0     2  -212.0  -18.468  -28.052    426.0    965.8
     1     1    11     5     8    19     0     1  -213.0  -18.592  -27.895    434.3    964.8
     1     1    11     5     8    18     0     0  -214.0  -18.711  -27.728    448.2    962.9
     1     1    11     5     8    17     0     1  -215.0  -18.828  -27.564    461.9    961.0
     1     1    11     5     8    16     0     2  -216.0  -18.947  -27.409    468.9    960.6
     1     1    11     5     8    15     0     3  -217.0  -19.066  -27.265    469.4    961.1
     1     1    11     5     8    14     0     2  -218.0  -19.182  -27.131    471.3    962.1
     1     1    11     5     8    13     0     1  -219.0  -19.292  -27.006    482.0    961.1
     1     1    11     5     8    12     0     0  -220.0  -19.397  -26.890    499.1    959.3
     1     1    11     5     8    11     0     1  -221.0  -19.501  -26.783    518.0    956.6
     1     1    11     5     8    10     0     2  -222.0  -19.611  -26.684    536.3    954.4
     1     1    11     5     8     9     0     3  -223.0  -19.727  -26.594    555.3    952.2
     1     1    11     5     8     8     0     2  -224.0  -19.848  -26.515    571.9    949.9
     1     1    11     5     8     7     0     1  -225.0  -19.971  -26.447    580.7    948.8
     1     1    11     5     8     6     0     0  -226.0  -20.094  -26.393    580.2    948.7
     1     1    11     5     8     5     0     1  -227.0  -20.221  -26.351    577.0    950.0
     1     1    11     5     8     4     0     2  -228.0  -20.357  -26.320    578.4    950.1
     1     1    11     5     8     3     0     3  -229.0  -20.500  -26.302    585.6    949.6
     1     1    11     5     8     2     0     2  -230.0  -20.643  -26.293    598.8    948.3
     1     1    11     5     8     1     0     1  -231.0  -20.779  -26.289    616.9    946.6
     1     1    11     5     8     0     0     0  -232.0  -20.908  -26.291    638.7    944.5
     1     1    11     5     7    23     0     1  -233.0  -21.024  -26.306    659.5    941.5
     1     1    11     5     7    22     0     2  -234.0  -21.122  -26.341    674.8    939.7
     1     1    11     5     7    21     0     3  -235.0  -21.204  -26.396    684.3    938.6
     1     1    11     5     7    20     0     2  -236.0  -21.273  -26.464    689.4    937.6
     1     1    11     5     7    19     0     1  -237.0  -21.328  -26.538    691.4    936.8
     1     1    11     5     7    18     0     0  -238.0  -21.367  -26.618    690.2    936.4
     1     1    11     5     7    17     0     1  -239.0  -21.392  -26.706    687.3    937.1
     1     1    11     5     7    16     0     2  -240.0  -21.407  -26.802    685.0    937.6
     1     1    11     5     7    15     0     3  -241.0  -21.412  -26.906    684.5    937.9
     1     1    11     5     7    14     0     2  -242.0  -21.410  -27.007    687.7    938.3
     1     1    11     5     7    13     0     1  -243.0  -21.403  -27.098    695.9    938.0
     1     1    11     5     7    12     0     0  -244.0  -21.391  -27.177    708.6    937.2
     1     1    11     5     7    11     0     1  -245.0  -21.375  -27.246    723.3    934.8
     1     1    11     5     7    10     0     2  -246.0  -21.358  -27.307    737.5    932.8
     1     1    11     5     7     9     0     3  -247.0  -21.339  -27.359    751.5    930.8
     1     1    11     5     7     8     0     2  -248.0  -21.316  -27.403    762.5    929.2
     1     1    11     5     7     7     0     1  -249.0  -21.289  -27.441    767.7    928.6
     1     1    11     5     7     6     0     0  -250.0  -21.260  -27.473    767.3    928.6
     1     1    11     5     7     5     0     1  -251.0  -21.234  -27.498    762.4    929.6
     1     1    11     5     7     4     0     2  -252.0  -21.218  -27.517    753.6    931.0
     1     1    11     5     7     3     0     3  -253.0  -21.211  -27.528    740.3    932.8
     1     1    11     5     7     2     0     2  -254.0  -21.209  -27.534    726.0    934.8
     1     1    11     5     7     1     0     1  -255.0  -21.208  -27.535    714.2    936.2
     1     1    11     5     7     0     0     0  -256.0  -21.208  -27.532    704.8    937.4
     1     1    11     5     6    23     0     1  -257.0  -21.209  -27.530    697.4    937.7
     1     1    11     5     6    22     0     2  -258.0  -21.213  -27.532    691.8    938.0
     1     1    11     5     6    21     0     3  -259.0  -21.220  -27.538    688.1    938.0
     1     1    11     5     6    20     0     2  -260.0  -21.226  -27.548    684.1    937.9
     1     1    11     5     6    19     0     1  -261.0  -21.225  -27.562    676.7    938.5
     1     1    11     5     6    18     0     0  -262.0  -21.217  -27.579    665.6    939.6
     1     1    11     5     6    17     0     1  -263.0  -21.204  -27.602    654.1    941.5
     1     1    11     5     6    16     0     2  -264.0  -21.188  -27.634    645.9    942.6
     1     1    11     5     6    15     0     3  -265.0  -21.169  -27.676    641.2    943.3
     1     1    11     5     6    14     0     2  -266.0  -21.147  -27.726    634.3    943.9
     1     1    11     5     6    13     0     1  -267.0  -21.122  -27.781    619.4    946.0
     1     1    11     5     6    12     0     0  -268.0  -21.093  -27.845    598.0    948.8
     1     1    11     5     6    11     0     1  -269.0  -21.058  -27.915    566.3    951.0
     1     1    11     5     6    10     0     2  -270.0  -21.008  -27.991    518.0    955.4
     1     1    11     5     6     9     0     3  -271.0  -20.946  -28.067    457.9    962.3
     1     1    11     5     6     8     0     2  -272.0  -20.880  -28.132    407.0    969.4
     1     1    11     5     6     7     0     1  -273.0  -20.813  -28.186    373.4    972.4
     1     1    11     5     6     6     0     0  -274.0  -20.744  -28.233    350.8    974.4
     1     1    11     5     6     5     0     1  -275.0  -20.671  -28.267    334.2    976.2
     1     1    11     5     6     4     0     2  -276.0  -20.592  -28.285    321.4    977.8
     1     1    11     5     6     3     0     3  -277.0  -20.507  -28.285    312.6    979.1
     1     1    11     5     6     2     0     2  -278.0  -20.423  -28.268    309.9    979.9
     1     1    11     5     6     1     0     1  -279.0  -20.347  -28.239    314.6    979.6
     1     1    11     5     6     0     0     0  -280.0  -20.277  -28.196    326.3    978.4
     1     1    11     5     5    23     0     1  -281.0  -20.216  -28.150    344.0    976.0
     1     1    11     5     5    22     0     2  -282.0  -20.165  -28.116    366.0    973.2
     1     1    11     5     5    21     0     3  -283.0  -20.123  -28.095    391.2    970.2
     1     1    11     5     5    20     0     2  -284.0  -20.082  -28.078    413.5    967.1
     1     1    11     5     5    19     0     1  -285.0  -20.036  -28.056    427.3    965.5
     1     1    11     5     5    18     0     0  -286.0  -19.984  -28.028    431.9    964.7
     1     1    11     5     5    17     0     1  -287.0  -19.925  -27.990    434.6    965.7
     1     1    11     5     5    16     0     2  -288.0  -19.858  -27.940    442.2    965.0
     1     1    11     5     5    15     0     3  -289.0  -19.783  -27.880    452.6    964.0
     1     1    11     5     5    14     0     2  -290.0  -19.704  -27.806    463.9    963.0
     1     1    11     5     5    13     0     1  -291.0  -19.628  -27.718    475.2    962.2
     1     1    11     5     5    12     0     0  -292.0  -19.554  -27.614    487.4    961.2
     1     1    11     5     5    11     0     3  -293.0  -19.482  -27.493    501.3    959.3
     1     1    11     5     5    10     0     6  -294.0  -19.408  -27.355    519.1    957.1
     1     1    11     5     5     9     0     9  -295.0  -19.336  -27.203    543.9    954.2
     1     1    11     5     5     8     0     8  -296.0  -19.268  -27.041    572.4    950.6
     1     1    11     5     5     7     0     7  -297.0  -19.207  -26.872    599.4    947.7
     1     1    11     5     5     6     0     6  -298.0  -19.152  -26.698    624.3    945.0
     1     1    11     5     5     5     0     5  -299.0  -19.102  -26.514    647.8    942.6
     1     1    11     5     5     4     0     4  -300.0  -19.056  -26.317    672.0    940.1
     1     1    11     5     5     3     0     3  -301.0  -19.014  -26.107    698.9    937.3
     1     1    11     5     5     2     0     2  -302.0  -18.982  -25.890    724.0    934.0
     1     1    11     5     5     1     0     1  -303.0  -18.965  -25.671    740.9    932.3
     1     1    11     5     5     0     0     0  -304.0  -18.959  -25.451    750.2    931.6
     1     1    11     5     4    23     0     1  -305.0  -18.953  -25.222    756.5    931.0
     1     1    11     5     4    22     0     2  -306.0  -18.938  -24.979    764.2    930.0
     1     1    11     5     4    21     0     3  -307.0  -18.914  -24.722    775.0    928.7
     1     1    11     5     4    20     0     2  -308.0  -18.889  -24.456    788.7    926.9
     1     1    11     5     4    19     0     1  -309.0  -18.866  -24.181    805.2    925.1
     1     1    11     5     4    18     0     0  -310.0  -18.846  -23.898    826.4    922.8
     1     1    11     5     4    17     0     1  -311.0  -18.835  -23.613    847.5    920.4
     1     1    11     5     4    16     0     2  -312.0  -18.837  -23.336    864.4    919.1
     1     1    11     5     4    15     0     3  -313.0  -18.850  -23.066    878.8    918.2
     1     1    11     5     4    14     0     2  -314.0  -18.865  -22.803    891.9    917.0
     1     1    11     5     4    13     0     1  -315.0  -18.876  -22.542    903.8    915.9
     1     1    11     5     4    12     0     0  -316.0  -18.881  -22.286    915.4    915.0
     1     1    11     5     4    11     0     3  -317.0  -18.881  -22.033    931.4    913.6
     1     1    11     5     4    10     0     6  -318.0  -18.881  -21.780    955.1    910.9
     1     1    11     5     4     9     0     9  -319.0  -18.882  -21.531    986.3    907.4
     1     1    11     5     4     8     0     8  -320.0  -18.885  -21.287   1019.2    903.2
     1     1    11     5     4     7     0     7  -321.0  -18.888  -21.045   1047.6    900.1
     1     1    11     5     4     6     0     6  -322.0  -18.895  -20.804   1072.0    897.5
     1     1    11     5     4     5     0     5  -323.0  -18.903  -20.561   1092.1    895.8
     1     1    11     5     4     4     0     4  -324.0  -18.909  -20.314   1108.1    894.7
     1     1    11     5     4     3     0     3  -325.0  -18.910  -20.064   1121.5    893.8
     1     1    11     5     4     2     0     2  -326.0  -18.907  -19.809   1134.2    892.6
     1     1    11     5     4     1     0     1  -327.0  -18.904  -19.552   1147.2    891.4
     1     1    11     5     4     0     0     0  -328.0  -18.896  -19.294   1161.9    890.1
     1     1    11     5     3    23     0     1  -329.0  -18.885  -19.036   1176.4    888.2
     1     1    11     5     3    22     0     2  -330.0  -18.877  -18.775   1187.5    887.0
     1     1    11     5     3    21     0     3  -331.0  -18.875  -18.509   1195.6    886.1
     1     1    11     5     3    20     0     2  -332.0  -18.873  -18.239   1206.5    885.2
     1     1    11     5     3    19     0     1  -333.0  -18.867  -17.969   1227.1    882.6
     1     1    11     5     3    18     0     0  -334.0  -18.859  -17.704   1254.6    878.9
     1     1    11     5     3    17     0     1  -335.0  -18.849  -17.444   1281.7    875.7
     1     1    11     5     3    16     0     2  -336.0  -18.835  -17.186   1305.6    873.3
