     3     1
    GDAS    11     5     1     0     0
    GDAS    11     5     8     0     0
    GDAS    11     5    15     0     0
     1 BACKWARD OMEGA   
  2011     5    17    16   -8.880  -56.730  3962.4
     1 PRESSURE
     1     1    11     5    17    16     0     2     0.0   -8.880  -56.730   3962.4    617.8
     1     1    11     5    17    15     0     3    -1.0   -8.692  -56.804   3952.6    617.2
     1     1    11     5    17    14     0     2    -2.0   -8.506  -56.849   3939.2    614.9
     1     1    11     5    17    13     0     1    -3.0   -8.321  -56.874   3913.8    614.3
     1     1    11     5    17    12     0     0    -4.0   -8.129  -56.882   3882.3    614.1
     1     1    11     5    17    11     0     1    -5.0   -7.936  -56.901   3859.1    615.2
     1     1    11     5    17    10     0     2    -6.0   -7.752  -56.955   3850.8    618.2
     1     1    11     5    17     9     0     3    -7.0   -7.579  -57.043   3848.5    621.5
     1     1    11     5    17     8     0     2    -8.0   -7.411  -57.145   3850.4    624.4
     1     1    11     5    17     7     0     1    -9.0   -7.248  -57.241   3851.3    627.1
     1     1    11     5    17     6     0     0   -10.0   -7.090  -57.333   3852.6    629.0
     1     1    11     5    17     5     0     1   -11.0   -6.939  -57.421   3848.6    630.6
     1     1    11     5    17     4     0     2   -12.0   -6.798  -57.501   3833.6    632.9
     1     1    11     5    17     3     0     3   -13.0   -6.667  -57.574   3805.3    635.9
     1     1    11     5    17     2     0     2   -14.0   -6.542  -57.643   3768.8    639.8
     1     1    11     5    17     1     0     1   -15.0   -6.422  -57.716   3730.5    643.1
     1     1    11     5    17     0     0     0   -16.0   -6.308  -57.792   3690.2    646.6
     1     1    11     5    16    23     0     1   -17.0   -6.200  -57.865   3659.9    649.9
     1     1    11     5    16    22     0     2   -18.0   -6.101  -57.932   3650.2    650.5
     1     1    11     5    16    21     0     3   -19.0   -6.011  -57.995   3659.0    649.7
     1     1    11     5    16    20     0     2   -20.0   -5.926  -58.052   3674.3    647.8
     1     1    11     5    16    19     0     1   -21.0   -5.840  -58.098   3688.0    647.1
     1     1    11     5    16    18     0     0   -22.0   -5.754  -58.136   3703.6    646.2
     1     1    11     5    16    17     0     1   -23.0   -5.680  -58.158   3737.2    645.1
     1     1    11     5    16    16     0     2   -24.0   -5.628  -58.160   3799.8    640.4
     1     1    11     5    16    15     0     3   -25.0   -5.595  -58.149   3885.6    634.0
     1     1    11     5    16    14     0     2   -26.0   -5.574  -58.149   3954.6    625.6
     1     1    11     5    16    13     0     1   -27.0   -5.561  -58.168   3970.3    624.3
     1     1    11     5    16    12     0     0   -28.0   -5.557  -58.197   3934.9    626.9
     1     1    11     5    16    11     0     1   -29.0   -5.559  -58.221   3894.1    633.2
     1     1    11     5    16    10     0     2   -30.0   -5.567  -58.233   3890.0    633.1
     1     1    11     5    16     9     0     3   -31.0   -5.578  -58.239   3922.7    630.3
     1     1    11     5    16     8     0     2   -32.0   -5.590  -58.247   3961.2    624.9
     1     1    11     5    16     7     0     1   -33.0   -5.602  -58.256   3968.4    624.2
     1     1    11     5    16     6     0     0   -34.0   -5.615  -58.264   3941.1    626.2
     1     1    11     5    16     5     0     1   -35.0   -5.635  -58.267   3859.9    631.4
     1     1    11     5    16     4     0     2   -36.0   -5.672  -58.258   3705.1    643.7
     1     1    11     5    16     3     0     3   -37.0   -5.729  -58.231   3472.3    662.2
     1     1    11     5    16     2     0     2   -38.0   -5.807  -58.178   3228.2    687.9
     1     1    11     5    16     1     0     1   -39.0   -5.894  -58.105   3045.3    703.2
     1     1    11     5    16     0     0     0   -40.0   -5.989  -58.018   2938.5    713.1
     1     1    11     5    15    23     0     1   -41.0   -6.087  -57.929   2883.0    714.1
     1     1    11     5    15    22     0     2   -42.0   -6.188  -57.846   2844.1    717.1
     1     1    11     5    15    21     0     3   -43.0   -6.295  -57.766   2825.3    718.1
     1     1    11     5    15    20     0     2   -44.0   -6.406  -57.694   2809.7    717.4
     1     1    11     5    15    19     0     1   -45.0   -6.519  -57.628   2779.9    719.5
     1     1    11     5    15    18     0     0   -46.0   -6.633  -57.567   2736.3    722.7
     1     1    11     5    15    17     0     1   -47.0   -6.745  -57.500   2688.4    727.6
     1     1    11     5    15    16     0     2   -48.0   -6.848  -57.420   2642.3    731.1
     1     1    11     5    15    15     0     3   -49.0   -6.937  -57.325   2590.8    735.0
     1     1    11     5    15    14     0     2   -50.0   -7.021  -57.213   2546.0    739.3
     1     1    11     5    15    13     0     1   -51.0   -7.107  -57.086   2527.0    739.4
     1     1    11     5    15    12     0     0   -52.0   -7.196  -56.952   2539.1    736.2
     1     1    11     5    15    11     0     1   -53.0   -7.287  -56.827   2566.4    729.6
     1     1    11     5    15    10     0     2   -54.0   -7.383  -56.724   2588.5    725.0
     1     1    11     5    15     9     0     3   -55.0   -7.486  -56.639   2602.4    721.0
     1     1    11     5    15     8     0     2   -56.0   -7.595  -56.567   2609.8    718.5
     1     1    11     5    15     7     0     1   -57.0   -7.712  -56.499   2615.9    716.0
     1     1    11     5    15     6     0     0   -58.0   -7.836  -56.438   2625.2    713.2
     1     1    11     5    15     5     0     1   -59.0   -7.965  -56.392   2644.9    709.9
     1     1    11     5    15     4     0     2   -60.0   -8.091  -56.367   2679.8    707.7
     1     1    11     5    15     3     0     3   -61.0   -8.212  -56.359   2721.2    705.9
     1     1    11     5    15     2     0     2   -62.0   -8.330  -56.365   2764.6    703.8
     1     1    11     5    15     1     0     1   -63.0   -8.449  -56.382   2810.7    701.6
     1     1    11     5    15     0     0     0   -64.0   -8.568  -56.409   2861.8    699.2
     1     1    11     5    14    23     0     1   -65.0   -8.683  -56.445   2909.4    696.1
     1     1    11     5    14    22     0     2   -66.0   -8.787  -56.482   2944.3    694.7
     1     1    11     5    14    21     0     3   -67.0   -8.880  -56.515   2966.9    694.2
     1     1    11     5    14    20     0     2   -68.0   -8.963  -56.551   2984.1    695.0
     1     1    11     5    14    19     0     1   -69.0   -9.034  -56.597   3001.2    694.3
     1     1    11     5    14    18     0     0   -70.0   -9.094  -56.656   3016.1    693.1
     1     1    11     5    14    17     0     1   -71.0   -9.143  -56.725   3025.6    692.7
     1     1    11     5    14    16     0     2   -72.0   -9.183  -56.800   3028.0    693.4
     1     1    11     5    14    15     0     3   -73.0   -9.215  -56.880   3026.2    694.5
     1     1    11     5    14    14     0     2   -74.0   -9.244  -56.964   3024.5    695.1
     1     1    11     5    14    13     0     1   -75.0   -9.275  -57.049   3025.1    694.8
     1     1    11     5    14    12     0     0   -76.0   -9.308  -57.137   3027.1    693.8
     1     1    11     5    14    11     0     1   -77.0   -9.345  -57.218   3035.7    692.6
     1     1    11     5    14    10     0     2   -78.0   -9.388  -57.283   3057.5    689.8
     1     1    11     5    14     9     0     3   -79.0   -9.437  -57.336   3092.9    686.0
     1     1    11     5    14     8     0     2   -80.0   -9.491  -57.382   3116.4    681.5
     1     1    11     5    14     7     0     1   -81.0   -9.550  -57.421   3100.4    682.3
     1     1    11     5    14     6     0     0   -82.0   -9.615  -57.448   3042.3    686.5
     1     1    11     5    14     5     0     1   -83.0   -9.689  -57.465   2963.1    694.7
     1     1    11     5    14     4     0     2   -84.0   -9.774  -57.479   2883.7    701.0
     1     1    11     5    14     3     0     3   -85.0   -9.872  -57.493   2801.1    707.6
     1     1    11     5    14     2     0     2   -86.0   -9.975  -57.512   2722.0    714.4
     1     1    11     5    14     1     0     1   -87.0  -10.070  -57.541   2661.6    719.8
     1     1    11     5    14     0     0     0   -88.0  -10.157  -57.581   2623.5    722.7
     1     1    11     5    13    23     0     1   -89.0  -10.232  -57.625   2607.5    723.8
     1     1    11     5    13    22     0     2   -90.0  -10.290  -57.665   2614.2    723.0
     1     1    11     5    13    21     0     3   -91.0  -10.332  -57.705   2643.4    720.2
     1     1    11     5    13    20     0     2   -92.0  -10.366  -57.750   2677.3    716.3
     1     1    11     5    13    19     0     1   -93.0  -10.399  -57.804   2697.2    714.9
     1     1    11     5    13    18     0     0   -94.0  -10.431  -57.863   2700.4    715.1
     1     1    11     5    13    17     0     1   -95.0  -10.460  -57.921   2695.0    716.8
     1     1    11     5    13    16     0     2   -96.0  -10.486  -57.973   2691.2    717.7
     1     1    11     5    13    15     0     3   -97.0  -10.509  -58.020   2690.8    718.2
     1     1    11     5    13    14     0     2   -98.0  -10.532  -58.060   2686.0    718.1
     1     1    11     5    13    13     0     1   -99.0  -10.555  -58.092   2668.1    719.8
     1     1    11     5    13    12     0     0  -100.0  -10.576  -58.115   2637.0    722.6
     1     1    11     5    13    11     0     1  -101.0  -10.598  -58.132   2607.7    726.1
     1     1    11     5    13    10     0     2  -102.0  -10.625  -58.152   2595.7    726.9
     1     1    11     5    13     9     0     3  -103.0  -10.657  -58.179   2600.6    726.2
     1     1    11     5    13     8     0     2  -104.0  -10.694  -58.209   2605.0    724.6
     1     1    11     5    13     7     0     1  -105.0  -10.735  -58.239   2591.7    726.0
     1     1    11     5    13     6     0     0  -106.0  -10.778  -58.265   2562.4    728.9
     1     1    11     5    13     5     0     1  -107.0  -10.827  -58.284   2526.6    732.9
     1     1    11     5    13     4     0     2  -108.0  -10.884  -58.293   2492.6    736.2
     1     1    11     5    13     3     0     3  -109.0  -10.948  -58.292   2460.5    739.2
     1     1    11     5    13     2     0     2  -110.0  -11.024  -58.292   2443.7    741.9
     1     1    11     5    13     1     0     1  -111.0  -11.110  -58.306   2454.7    740.1
     1     1    11     5    13     0     0     0  -112.0  -11.206  -58.337   2491.5    735.9
     1     1    11     5    12    23     0     1  -113.0  -11.303  -58.385   2527.7    729.3
     1     1    11     5    12    22     0     2  -114.0  -11.397  -58.444   2539.3    727.2
     1     1    11     5    12    21     0     3  -115.0  -11.485  -58.514   2527.0    727.1
     1     1    11     5    12    20     0     2  -116.0  -11.568  -58.593   2502.3    729.5
     1     1    11     5    12    19     0     1  -117.0  -11.645  -58.684   2475.7    731.1
     1     1    11     5    12    18     0     0  -118.0  -11.715  -58.784   2445.3    733.0
     1     1    11     5    12    17     0     1  -119.0  -11.777  -58.891   2417.4    735.8
     1     1    11     5    12    16     0     2  -120.0  -11.828  -59.007   2401.2    737.0
     1     1    11     5    12    15     0     3  -121.0  -11.866  -59.132   2399.0    736.7
     1     1    11     5    12    14     0     2  -122.0  -11.894  -59.260   2399.6    734.5
     1     1    11     5    12    13     0     1  -123.0  -11.911  -59.385   2391.7    734.4
     1     1    11     5    12    12     0     0  -124.0  -11.919  -59.509   2379.6    734.8
     1     1    11     5    12    11     0     1  -125.0  -11.924  -59.618   2371.4    735.1
     1     1    11     5    12    10     0     2  -126.0  -11.931  -59.704   2372.2    734.1
     1     1    11     5    12     9     0     3  -127.0  -11.939  -59.768   2381.8    732.5
     1     1    11     5    12     8     0     2  -128.0  -11.948  -59.822   2393.9    730.6
     1     1    11     5    12     7     0     1  -129.0  -11.955  -59.872   2401.9    729.7
     1     1    11     5    12     6     0     0  -130.0  -11.959  -59.918   2405.4    729.2
     1     1    11     5    12     5     0     1  -131.0  -11.963  -59.963   2411.7    729.1
     1     1    11     5    12     4     0     2  -132.0  -11.970  -60.013   2429.1    727.6
     1     1    11     5    12     3     0     3  -133.0  -11.977  -60.069   2457.1    725.9
     1     1    11     5    12     2     0     2  -134.0  -11.976  -60.132   2481.9    723.4
     1     1    11     5    12     1     0     1  -135.0  -11.964  -60.202   2491.9    723.5
     1     1    11     5    12     0     0     0  -136.0  -11.942  -60.277   2487.3    725.0
     1     1    11     5    11    23     0     1  -137.0  -11.914  -60.348   2482.0    727.5
     1     1    11     5    11    22     0     2  -138.0  -11.876  -60.410   2488.9    727.6
     1     1    11     5    11    21     0     3  -139.0  -11.826  -60.467   2508.2    726.7
     1     1    11     5    11    20     0     2  -140.0  -11.762  -60.519   2541.2    725.2
     1     1    11     5    11    19     0     1  -141.0  -11.680  -60.569   2590.1    722.4
     1     1    11     5    11    18     0     0  -142.0  -11.579  -60.620   2656.3    718.1
     1     1    11     5    11    17     0     1  -143.0  -11.457  -60.668   2715.0    711.9
     1     1    11     5    11    16     0     2  -144.0  -11.319  -60.705   2741.7    710.5
     1     1    11     5    11    15     0     3  -145.0  -11.164  -60.726   2736.5    711.7
     1     1    11     5    11    14     0     2  -146.0  -11.003  -60.744   2719.6    715.4
     1     1    11     5    11    13     0     1  -147.0  -10.847  -60.769   2709.2    716.9
     1     1    11     5    11    12     0     0  -148.0  -10.696  -60.801   2706.9    718.2
     1     1    11     5    11    11     0     1  -149.0  -10.560  -60.834   2720.2    717.7
     1     1    11     5    11    10     0     2  -150.0  -10.441  -60.862   2750.7    715.1
     1     1    11     5    11     9     0     3  -151.0  -10.337  -60.890   2794.9    711.3
     1     1    11     5    11     8     0     2  -152.0  -10.238  -60.913   2840.3    707.1
     1     1    11     5    11     7     0     1  -153.0  -10.136  -60.926   2876.1    704.7
     1     1    11     5    11     6     0     0  -154.0  -10.034  -60.927   2902.8    703.2
     1     1    11     5    11     5     0     1  -155.0   -9.932  -60.915   2921.3    702.5
     1     1    11     5    11     4     0     2  -156.0   -9.829  -60.890   2925.5    702.3
     1     1    11     5    11     3     0     3  -157.0   -9.726  -60.849   2900.5    704.5
     1     1    11     5    11     2     0     2  -158.0   -9.626  -60.796   2855.5    710.1
     1     1    11     5    11     1     0     1  -159.0   -9.525  -60.731   2813.9    714.4
     1     1    11     5    11     0     0     0  -160.0   -9.422  -60.658   2787.2    717.4
     1     1    11     5    10    23     0     1  -161.0   -9.321  -60.574   2772.5    717.9
     1     1    11     5    10    22     0     2  -162.0   -9.225  -60.478   2762.0    718.8
     1     1    11     5    10    21     0     3  -163.0   -9.132  -60.374   2759.1    719.0
     1     1    11     5    10    20     0     2  -164.0   -9.041  -60.263   2755.8    718.7
     1     1    11     5    10    19     0     1  -165.0   -8.954  -60.148   2733.3    720.2
     1     1    11     5    10    18     0     0  -166.0   -8.870  -60.034   2685.3    724.9
     1     1    11     5    10    17     0     1  -167.0   -8.796  -59.903   2631.0    731.6
     1     1    11     5    10    16     0     2  -168.0   -8.732  -59.742   2590.6    735.8
     1     1    11     5    10    15     0     3  -169.0   -8.673  -59.552   2566.3    738.2
     1     1    11     5    10    14     0     2  -170.0   -8.616  -59.349   2556.8    738.9
     1     1    11     5    10    13     0     1  -171.0   -8.559  -59.142   2561.2    738.4
     1     1    11     5    10    12     0     0  -172.0   -8.500  -58.931   2581.9    736.7
     1     1    11     5    10    11     0     1  -173.0   -8.442  -58.722   2607.4    732.8
     1     1    11     5    10    10     0     2  -174.0   -8.388  -58.516   2631.4    731.3
     1     1    11     5    10     9     0     3  -175.0   -8.336  -58.312   2670.2    728.5
     1     1    11     5    10     8     0     2  -176.0   -8.289  -58.105   2713.3    723.7
     1     1    11     5    10     7     0     1  -177.0   -8.251  -57.891   2732.8    720.2
     1     1    11     5    10     6     0     0  -178.0   -8.224  -57.668   2718.3    718.0
     1     1    11     5    10     5     0     1  -179.0   -8.206  -57.441   2689.4    718.8
     1     1    11     5    10     4     0     2  -180.0   -8.197  -57.211   2667.7    717.2
     1     1    11     5    10     3     0     3  -181.0   -8.196  -56.977   2656.6    714.9
     1     1    11     5    10     2     0     2  -182.0   -8.201  -56.736   2662.2    713.2
     1     1    11     5    10     1     0     1  -183.0   -8.214  -56.488   2687.3    710.0
     1     1    11     5    10     0     0     0  -184.0   -8.233  -56.226   2739.1    704.4
     1     1    11     5     9    23     0     1  -185.0   -8.255  -55.960   2805.9    696.1
     1     1    11     5     9    22     0     2  -186.0   -8.282  -55.703   2857.6    690.2
     1     1    11     5     9    21     0     3  -187.0   -8.312  -55.457   2878.2    688.3
     1     1    11     5     9    20     0     2  -188.0   -8.347  -55.212   2876.6    688.8
     1     1    11     5     9    19     0     1  -189.0   -8.386  -54.962   2864.9    689.7
     1     1    11     5     9    18     0     0  -190.0   -8.426  -54.711   2855.6    691.1
     1     1    11     5     9    17     0     1  -191.0   -8.469  -54.461   2853.3    691.6
     1     1    11     5     9    16     0     2  -192.0   -8.514  -54.211   2862.2    691.7
     1     1    11     5     9    15     0     3  -193.0   -8.560  -53.958   2888.8    690.4
     1     1    11     5     9    14     0     2  -194.0   -8.609  -53.700   2925.6    687.0
     1     1    11     5     9    13     0     1  -195.0   -8.660  -53.436   2963.5    684.1
     1     1    11     5     9    12     0     0  -196.0   -8.710  -53.171   3003.6    680.8
     1     1    11     5     9    11     0     1  -197.0   -8.760  -52.910   3043.1    677.0
     1     1    11     5     9    10     0     2  -198.0   -8.812  -52.654   3083.0    674.8
     1     1    11     5     9     9     0     3  -199.0   -8.864  -52.399   3128.3    672.3
     1     1    11     5     9     8     0     2  -200.0   -8.919  -52.145   3176.1    669.5
     1     1    11     5     9     7     0     1  -201.0   -8.988  -51.898   3214.4    666.2
     1     1    11     5     9     6     0     0  -202.0   -9.072  -51.665   3234.0    663.0
     1     1    11     5     9     5     0     1  -203.0   -9.170  -51.451   3247.4    662.7
     1     1    11     5     9     4     0     2  -204.0   -9.279  -51.254   3271.2    661.1
     1     1    11     5     9     3     0     3  -205.0   -9.392  -51.070   3311.6    658.5
     1     1    11     5     9     2     0     2  -206.0   -9.509  -50.893   3363.0    655.7
     1     1    11     5     9     1     0     1  -207.0   -9.629  -50.718   3412.7    654.9
     1     1    11     5     9     0     0     0  -208.0   -9.755  -50.548   3460.4    654.0
     1     1    11     5     8    23     0     1  -209.0   -9.876  -50.384   3503.4    652.2
     1     1    11     5     8    22     0     2  -210.0   -9.981  -50.223   3534.4    651.0
     1     1    11     5     8    21     0     3  -211.0  -10.071  -50.061   3550.0    650.7
     1     1    11     5     8    20     0     2  -212.0  -10.147  -49.887   3560.0    650.4
     1     1    11     5     8    19     0     1  -213.0  -10.215  -49.697   3573.8    646.9
     1     1    11     5     8    18     0     0  -214.0  -10.274  -49.497   3582.0    643.9
     1     1    11     5     8    17     0     1  -215.0  -10.327  -49.302   3574.6    642.5
     1     1    11     5     8    16     0     2  -216.0  -10.378  -49.115   3548.4    643.0
     1     1    11     5     8    15     0     3  -217.0  -10.428  -48.937   3505.4    645.4
     1     1    11     5     8    14     0     2  -218.0  -10.470  -48.766   3465.0    649.4
     1     1    11     5     8    13     0     1  -219.0  -10.504  -48.602   3447.0    650.4
     1     1    11     5     8    12     0     0  -220.0  -10.530  -48.443   3456.7    649.1
     1     1    11     5     8    11     0     1  -221.0  -10.555  -48.291   3489.4    644.9
     1     1    11     5     8    10     0     2  -222.0  -10.584  -48.151   3535.7    640.1
     1     1    11     5     8     9     0     3  -223.0  -10.618  -48.019   3592.9    634.3
     1     1    11     5     8     8     0     2  -224.0  -10.658  -47.887   3652.8    628.3
     1     1    11     5     8     7     0     1  -225.0  -10.705  -47.745   3707.7    623.0
     1     1    11     5     8     6     0     0  -226.0  -10.756  -47.594   3758.8    617.9
     1     1    11     5     8     5     0     1  -227.0  -10.810  -47.438   3797.5    613.0
     1     1    11     5     8     4     0     2  -228.0  -10.862  -47.279   3813.9    610.5
     1     1    11     5     8     3     0     3  -229.0  -10.915  -47.118   3808.7    609.4
     1     1    11     5     8     2     0     2  -230.0  -10.973  -46.958   3802.1    609.2
     1     1    11     5     8     1     0     1  -231.0  -11.039  -46.795   3814.9    605.2
     1     1    11     5     8     0     0     0  -232.0  -11.116  -46.624   3849.0    599.6
     1     1    11     5     7    23     0     1  -233.0  -11.197  -46.446   3884.4    592.0
     1     1    11     5     7    22     0     2  -234.0  -11.276  -46.268   3900.9    586.8
     1     1    11     5     7    21     0     3  -235.0  -11.355  -46.101   3893.2    583.3
     1     1    11     5     7    20     0     2  -236.0  -11.432  -45.943   3876.0    584.1
     1     1    11     5     7    19     0     1  -237.0  -11.504  -45.786   3869.5    587.0
     1     1    11     5     7    18     0     0  -238.0  -11.569  -45.630   3867.6    589.3
     1     1    11     5     7    17     0     1  -239.0  -11.638  -45.474   3863.4    591.8
     1     1    11     5     7    16     0     2  -240.0  -11.721  -45.315   3850.4    595.2
     1     1    11     5     7    15     0     3  -241.0  -11.817  -45.155   3825.5    599.6
     1     1    11     5     7    14     0     2  -242.0  -11.924  -44.997   3812.3    605.1
     1     1    11     5     7    13     0     1  -243.0  -12.044  -44.848   3834.8    602.8
     1     1    11     5     7    12     0     0  -244.0  -12.182  -44.705   3904.5    596.0
     1     1    11     5     7    11     0     1  -245.0  -12.338  -44.574   3985.5    586.2
     1     1    11     5     7    10     0     2  -246.0  -12.508  -44.456   4039.4    581.3
     1     1    11     5     7     9     0     3  -247.0  -12.692  -44.349   4057.5    579.4
     1     1    11     5     7     8     0     2  -248.0  -12.883  -44.259   4046.6    581.8
     1     1    11     5     7     7     0     1  -249.0  -13.074  -44.187   4022.8    585.0
     1     1    11     5     7     6     0     0  -250.0  -13.266  -44.136   3992.3    589.0
     1     1    11     5     7     5     0     1  -251.0  -13.463  -44.103   3959.5    593.2
     1     1    11     5     7     4     0     2  -252.0  -13.665  -44.085   3919.4    597.3
     1     1    11     5     7     3     0     3  -253.0  -13.871  -44.078   3858.2    602.8
     1     1    11     5     7     2     0     2  -254.0  -14.074  -44.082   3773.9    610.2
     1     1    11     5     7     1     0     1  -255.0  -14.272  -44.100   3687.6    618.0
     1     1    11     5     7     0     0     0  -256.0  -14.468  -44.134   3612.8    623.3
     1     1    11     5     6    23     0     1  -257.0  -14.659  -44.177   3562.5    627.6
     1     1    11     5     6    22     0     2  -258.0  -14.839  -44.225   3552.3    627.6
     1     1    11     5     6    21     0     3  -259.0  -15.008  -44.277   3583.6    624.1
     1     1    11     5     6    20     0     2  -260.0  -15.166  -44.342   3626.5    616.5
     1     1    11     5     6    19     0     1  -261.0  -15.314  -44.424   3655.9    612.9
     1     1    11     5     6    18     0     0  -262.0  -15.454  -44.518   3676.4    610.6
     1     1    11     5     6    17     0     1  -263.0  -15.590  -44.612   3689.9    609.6
     1     1    11     5     6    16     0     2  -264.0  -15.724  -44.692   3696.1    610.0
     1     1    11     5     6    15     0     3  -265.0  -15.856  -44.757   3696.0    611.5
     1     1    11     5     6    14     0     2  -266.0  -15.989  -44.812   3694.8    613.5
     1     1    11     5     6    13     0     1  -267.0  -16.122  -44.864   3699.7    613.7
     1     1    11     5     6    12     0     0  -268.0  -16.251  -44.913   3720.2    612.5
     1     1    11     5     6    11     0     1  -269.0  -16.380  -44.967   3757.1    609.4
     1     1    11     5     6    10     0     2  -270.0  -16.510  -45.032   3803.1    605.2
     1     1    11     5     6     9     0     3  -271.0  -16.648  -45.111   3846.7    600.5
     1     1    11     5     6     8     0     2  -272.0  -16.796  -45.210   3870.9    597.2
     1     1    11     5     6     7     0     1  -273.0  -16.954  -45.330   3865.3    597.0
     1     1    11     5     6     6     0     0  -274.0  -17.118  -45.469   3835.1    598.1
     1     1    11     5     6     5     0     1  -275.0  -17.275  -45.620   3801.1    599.8
     1     1    11     5     6     4     0     2  -276.0  -17.418  -45.783   3774.8    599.0
     1     1    11     5     6     3     0     3  -277.0  -17.556  -45.958   3742.1    597.9
     1     1    11     5     6     2     0     2  -278.0  -17.690  -46.140   3709.4    599.3
     1     1    11     5     6     1     0     1  -279.0  -17.814  -46.328   3696.7    599.5
     1     1    11     5     6     0     0     0  -280.0  -17.923  -46.526   3710.9    598.5
     1     1    11     5     5    23     0     1  -281.0  -18.022  -46.725   3740.0    595.2
     1     1    11     5     5    22     0     2  -282.0  -18.119  -46.910   3765.9    592.5
     1     1    11     5     5    21     0     3  -283.0  -18.216  -47.083   3786.3    589.6
     1     1    11     5     5    20     0     2  -284.0  -18.319  -47.259   3806.5    587.4
     1     1    11     5     5    19     0     1  -285.0  -18.430  -47.453   3834.1    584.5
     1     1    11     5     5    18     0     0  -286.0  -18.548  -47.663   3871.8    581.4
     1     1    11     5     5    17     0     1  -287.0  -18.669  -47.886   3904.3    578.0
     1     1    11     5     5    16     0     2  -288.0  -18.793  -48.108   3913.8    578.6
     1     1    11     5     5    15     0     3  -289.0  -18.922  -48.323   3902.8    582.4
     1     1    11     5     5    14     0     2  -290.0  -19.058  -48.539   3899.2    587.9
     1     1    11     5     5    13     0     1  -291.0  -19.198  -48.768   3916.6    590.3
     1     1    11     5     5    12     0     0  -292.0  -19.342  -49.012   3935.0    592.2
     1     1    11     5     5    11     0     3  -293.0  -19.479  -49.264   3949.0    593.7
     1     1    11     5     5    10     0     6  -294.0  -19.596  -49.521   3961.9    595.1
     1     1    11     5     5     9     0     9  -295.0  -19.697  -49.782   3971.3    596.9
     1     1    11     5     5     8     0     8  -296.0  -19.781  -50.050   3980.1    599.7
     1     1    11     5     5     7     0     7  -297.0  -19.849  -50.328   3988.8    601.4
     1     1    11     5     5     6     0     6  -298.0  -19.900  -50.615   3998.4    603.0
     1     1    11     5     5     5     0     5  -299.0  -19.938  -50.903   4008.5    604.1
     1     1    11     5     5     4     0     4  -300.0  -19.965  -51.189   4014.7    604.0
     1     1    11     5     5     3     0     3  -301.0  -19.982  -51.475   4022.0    603.3
     1     1    11     5     5     2     0     2  -302.0  -19.992  -51.759   4043.7    601.7
     1     1    11     5     5     1     0     1  -303.0  -19.997  -52.037   4092.7    598.0
     1     1    11     5     5     0     0     0  -304.0  -19.997  -52.312   4173.7    592.5
     1     1    11     5     4    23     0     1  -305.0  -19.993  -52.590   4270.6    584.8
     1     1    11     5     4    22     0     2  -306.0  -19.991  -52.876   4368.9    577.8
     1     1    11     5     4    21     0     3  -307.0  -19.992  -53.175   4453.4    569.0
     1     1    11     5     4    20     0     2  -308.0  -19.994  -53.485   4508.6    560.2
     1     1    11     5     4    19     0     1  -309.0  -19.995  -53.801   4528.9    554.6
     1     1    11     5     4    18     0     0  -310.0  -19.991  -54.119   4523.6    554.2
     1     1    11     5     4    17     0     1  -311.0  -19.983  -54.431   4501.5    561.2
     1     1    11     5     4    16     0     2  -312.0  -19.973  -54.737   4453.5    569.9
     1     1    11     5     4    15     0     3  -313.0  -19.964  -55.041   4385.7    580.1
     1     1    11     5     4    14     0     2  -314.0  -19.953  -55.343   4309.7    590.5
     1     1    11     5     4    13     0     1  -315.0  -19.933  -55.645   4236.8    600.3
     1     1    11     5     4    12     0     0  -316.0  -19.907  -55.949   4167.8    609.9
     1     1    11     5     4    11     0     3  -317.0  -19.870  -56.252   4103.8    614.1
     1     1    11     5     4    10     0     6  -318.0  -19.818  -56.549   4070.7    614.2
     1     1    11     5     4     9     0     9  -319.0  -19.754  -56.841   4072.8    612.1
     1     1    11     5     4     8     0     8  -320.0  -19.676  -57.131   4096.0    609.6
     1     1    11     5     4     7     0     7  -321.0  -19.585  -57.425   4118.8    609.7
     1     1    11     5     4     6     0     6  -322.0  -19.481  -57.722   4132.5    609.7
     1     1    11     5     4     5     0     5  -323.0  -19.367  -58.021   4143.4    609.3
     1     1    11     5     4     4     0     4  -324.0  -19.246  -58.324   4159.0    606.7
     1     1    11     5     4     3     0     3  -325.0  -19.115  -58.633   4183.0    603.5
     1     1    11     5     4     2     0     2  -326.0  -18.977  -58.948   4205.4    599.1
     1     1    11     5     4     1     0     1  -327.0  -18.831  -59.259   4215.1    594.8
     1     1    11     5     4     0     0     0  -328.0  -18.678  -59.562   4226.6    591.1
     1     1    11     5     3    23     0     1  -329.0  -18.528  -59.863   4240.2    586.4
     1     1    11     5     3    22     0     2  -330.0  -18.384  -60.167   4248.4    584.3
     1     1    11     5     3    21     0     3  -331.0  -18.244  -60.486   4250.0    585.2
     1     1    11     5     3    20     0     2  -332.0  -18.102  -60.821   4251.2    588.5
     1     1    11     5     3    19     0     1  -333.0  -17.948  -61.171   4249.2    590.3
     1     1    11     5     3    18     0     0  -334.0  -17.782  -61.527   4236.5    591.3
     1     1    11     5     3    17     0     1  -335.0  -17.611  -61.877   4225.0    593.6
     1     1    11     5     3    16     0     2  -336.0  -17.448  -62.216   4217.0    594.6
