     3     1
    GDAS    11     5     1     0     0
    GDAS    11     5     8     0     0
    GDAS    11     5    15     0     0
     1 BACKWARD OMEGA   
  2011     5    17    16   -8.940  -56.580  1828.8
     1 PRESSURE
     1     1    11     5    17    16     0     2     0.0   -8.940  -56.580   1828.8    798.5
     1     1    11     5    17    15     0     3    -1.0   -8.885  -56.529   1810.5    800.2
     1     1    11     5    17    14     0     2    -2.0   -8.834  -56.472   1800.2    798.7
     1     1    11     5    17    13     0     1    -3.0   -8.784  -56.412   1786.3    798.5
     1     1    11     5    17    12     0     0    -4.0   -8.736  -56.348   1768.5    798.7
     1     1    11     5    17    11     0     1    -5.0   -8.691  -56.275   1754.4    799.0
     1     1    11     5    17    10     0     2    -6.0   -8.645  -56.193   1754.1    797.4
     1     1    11     5    17     9     0     3    -7.0   -8.596  -56.105   1773.2    794.1
     1     1    11     5    17     8     0     2    -8.0   -8.542  -56.016   1799.0    788.8
     1     1    11     5    17     7     0     1    -9.0   -8.487  -55.930   1812.7    785.9
     1     1    11     5    17     6     0     0   -10.0   -8.433  -55.846   1813.0    784.9
     1     1    11     5    17     5     0     1   -11.0   -8.385  -55.762   1805.7    785.7
     1     1    11     5    17     4     0     2   -12.0   -8.346  -55.679   1795.2    786.6
     1     1    11     5    17     3     0     3   -13.0   -8.318  -55.597   1781.2    787.9
     1     1    11     5    17     2     0     2   -14.0   -8.295  -55.517   1763.5    789.1
     1     1    11     5    17     1     0     1   -15.0   -8.272  -55.441   1741.9    790.8
     1     1    11     5    17     0     0     0   -16.0   -8.251  -55.370   1716.8    792.8
     1     1    11     5    16    23     0     1   -17.0   -8.237  -55.304   1695.5    795.1
     1     1    11     5    16    22     0     2   -18.0   -8.229  -55.243   1684.7    795.7
     1     1    11     5    16    21     0     3   -19.0   -8.225  -55.187   1683.8    795.5
     1     1    11     5    16    20     0     2   -20.0   -8.221  -55.134   1692.0    794.9
     1     1    11     5    16    19     0     1   -21.0   -8.214  -55.080   1710.3    793.5
     1     1    11     5    16    18     0     0   -22.0   -8.203  -55.027   1741.2    791.1
     1     1    11     5    16    17     0     1   -23.0   -8.192  -54.965   1762.1    787.8
     1     1    11     5    16    16     0     2   -24.0   -8.181  -54.887   1749.7    789.6
     1     1    11     5    16    15     0     3   -25.0   -8.172  -54.793   1705.1    794.4
     1     1    11     5    16    14     0     2   -26.0   -8.168  -54.688   1639.5    801.1
     1     1    11     5    16    13     0     1   -27.0   -8.172  -54.574   1565.2    808.0
     1     1    11     5    16    12     0     0   -28.0   -8.183  -54.449   1485.8    815.5
     1     1    11     5    16    11     0     1   -29.0   -8.199  -54.320   1410.8    822.8
     1     1    11     5    16    10     0     2   -30.0   -8.221  -54.195   1345.0    828.3
     1     1    11     5    16     9     0     3   -31.0   -8.254  -54.072   1283.0    833.6
     1     1    11     5    16     8     0     2   -32.0   -8.292  -53.946   1209.9    839.8
     1     1    11     5    16     7     0     1   -33.0   -8.333  -53.810   1112.9    850.3
     1     1    11     5    16     6     0     0   -34.0   -8.381  -53.665    999.9    862.2
     1     1    11     5    16     5     0     1   -35.0   -8.444  -53.515    896.8    875.5
     1     1    11     5    16     4     0     2   -36.0   -8.522  -53.367    817.6    883.0
     1     1    11     5    16     3     0     3   -37.0   -8.620  -53.225    751.6    888.8
     1     1    11     5    16     2     0     2   -38.0   -8.729  -53.090    705.2    893.6
     1     1    11     5    16     1     0     1   -39.0   -8.840  -52.958    688.8    894.2
     1     1    11     5    16     0     0     0   -40.0   -8.945  -52.830    693.4    892.5
     1     1    11     5    15    23     0     1   -41.0   -9.041  -52.702    693.5    891.5
     1     1    11     5    15    22     0     2   -42.0   -9.129  -52.578    673.7    895.5
     1     1    11     5    15    21     0     3   -43.0   -9.211  -52.464    637.7    901.2
     1     1    11     5    15    20     0     2   -44.0   -9.292  -52.358    598.4    907.7
     1     1    11     5    15    19     0     1   -45.0   -9.377  -52.258    564.3    912.3
     1     1    11     5    15    18     0     0   -46.0   -9.464  -52.166    534.0    916.4
     1     1    11     5    15    17     0     1   -47.0   -9.544  -52.077    505.6    921.3
     1     1    11     5    15    16     0     2   -48.0   -9.610  -51.984    477.7    925.9
     1     1    11     5    15    15     0     3   -49.0   -9.660  -51.886    452.1    929.6
     1     1    11     5    15    14     0     2   -50.0   -9.702  -51.774    431.1    931.9
     1     1    11     5    15    13     0     1   -51.0   -9.744  -51.643    414.5    933.3
     1     1    11     5    15    12     0     0   -52.0   -9.788  -51.499    401.2    934.4
     1     1    11     5    15    11     0     1   -53.0   -9.842  -51.348    392.3    934.7
     1     1    11     5    15    10     0     2   -54.0   -9.915  -51.195    389.2    934.5
     1     1    11     5    15     9     0     3   -55.0  -10.008  -51.044    391.7    934.2
     1     1    11     5    15     8     0     2   -56.0  -10.105  -50.894    395.5    935.0
     1     1    11     5    15     7     0     1   -57.0  -10.189  -50.745    396.2    936.9
     1     1    11     5    15     6     0     0   -58.0  -10.265  -50.598    395.0    938.8
     1     1    11     5    15     5     0     1   -59.0  -10.332  -50.448    395.0    940.9
     1     1    11     5    15     4     0     2   -60.0  -10.394  -50.294    399.4    942.3
     1     1    11     5    15     3     0     3   -61.0  -10.450  -50.135    409.5    943.0
     1     1    11     5    15     2     0     2   -62.0  -10.505  -49.978    428.2    942.0
     1     1    11     5    15     1     0     1   -63.0  -10.563  -49.830    453.6    936.6
     1     1    11     5    15     0     0     0   -64.0  -10.623  -49.693    480.9    931.4
     1     1    11     5    14    23     0     1   -65.0  -10.681  -49.571    506.8    926.4
     1     1    11     5    14    22     0     2   -66.0  -10.732  -49.463    529.1    922.2
     1     1    11     5    14    21     0     3   -67.0  -10.777  -49.371    546.1    918.8
     1     1    11     5    14    20     0     2   -68.0  -10.815  -49.289    554.0    916.6
     1     1    11     5    14    19     0     1   -69.0  -10.848  -49.214    549.3    916.2
     1     1    11     5    14    18     0     0   -70.0  -10.873  -49.144    533.5    917.1
     1     1    11     5    14    17     0     1   -71.0  -10.889  -49.070    508.7    919.4
     1     1    11     5    14    16     0     2   -72.0  -10.894  -48.985    478.2    922.3
     1     1    11     5    14    15     0     3   -73.0  -10.888  -48.887    447.8    925.7
     1     1    11     5    14    14     0     2   -74.0  -10.877  -48.771    424.8    927.9
     1     1    11     5    14    13     0     1   -75.0  -10.862  -48.630    413.0    927.9
     1     1    11     5    14    12     0     0   -76.0  -10.842  -48.462    411.5    926.8
     1     1    11     5    14    11     0     1   -77.0  -10.819  -48.279    415.0    923.9
     1     1    11     5    14    10     0     2   -78.0  -10.793  -48.093    417.3    921.7
     1     1    11     5    14     9     0     3   -79.0  -10.761  -47.905    420.8    920.0
     1     1    11     5    14     8     0     2   -80.0  -10.735  -47.717    433.2    917.8
     1     1    11     5    14     7     0     1   -81.0  -10.722  -47.535    455.3    913.7
     1     1    11     5    14     6     0     0   -82.0  -10.713  -47.355    482.8    909.2
     1     1    11     5    14     5     0     1   -83.0  -10.699  -47.171    513.2    905.1
     1     1    11     5    14     4     0     2   -84.0  -10.668  -46.977    547.1    900.9
     1     1    11     5    14     3     0     3   -85.0  -10.627  -46.776    577.6    894.0
     1     1    11     5    14     2     0     2   -86.0  -10.591  -46.579    595.6    888.4
     1     1    11     5    14     1     0     1   -87.0  -10.570  -46.388    604.3    884.4
     1     1    11     5    14     0     0     0   -88.0  -10.566  -46.199    615.9    879.8
     1     1    11     5    13    23     0     1   -89.0  -10.580  -46.009    639.3    872.9
     1     1    11     5    13    22     0     2   -90.0  -10.608  -45.827    667.5    869.3
     1     1    11     5    13    21     0     3   -91.0  -10.648  -45.664    693.6    868.0
     1     1    11     5    13    20     0     2   -92.0  -10.689  -45.516    715.2    866.3
     1     1    11     5    13    19     0     1   -93.0  -10.722  -45.375    724.1    867.1
     1     1    11     5    13    18     0     0   -94.0  -10.748  -45.241    724.3    868.9
     1     1    11     5    13    17     0     1   -95.0  -10.772  -45.108    724.9    871.8
     1     1    11     5    13    16     0     2   -96.0  -10.798  -44.969    732.2    873.1
     1     1    11     5    13    15     0     3   -97.0  -10.823  -44.822    738.3    873.0
     1     1    11     5    13    14     0     2   -98.0  -10.844  -44.665    737.2    874.3
     1     1    11     5    13    13     0     1   -99.0  -10.860  -44.499    731.5    876.4
     1     1    11     5    13    12     0     0  -100.0  -10.873  -44.325    726.5    878.6
     1     1    11     5    13    11     0     1  -101.0  -10.886  -44.137    716.8    879.4
     1     1    11     5    13    10     0     2  -102.0  -10.902  -43.923    697.2    882.6
     1     1    11     5    13     9     0     3  -103.0  -10.927  -43.670    684.9    886.2
     1     1    11     5    13     8     0     2  -104.0  -10.967  -43.388    697.8    887.1
     1     1    11     5    13     7     0     1  -105.0  -11.019  -43.087    749.2    884.4
     1     1    11     5    13     6     0     0  -106.0  -11.085  -42.779    840.8    870.2
     1     1    11     5    13     5     0     1  -107.0  -11.170  -42.480    947.9    850.4
     1     1    11     5    13     4     0     2  -108.0  -11.271  -42.195   1048.8    831.4
     1     1    11     5    13     3     0     3  -109.0  -11.383  -41.918   1134.5    815.1
     1     1    11     5    13     2     0     2  -110.0  -11.500  -41.661   1196.9    806.9
     1     1    11     5    13     1     0     1  -111.0  -11.626  -41.428   1220.3    803.7
     1     1    11     5    13     0     0     0  -112.0  -11.770  -41.217   1182.3    807.2
     1     1    11     5    12    23     0     1  -113.0  -11.930  -41.017   1063.8    820.4
     1     1    11     5    12    22     0     2  -114.0  -12.091  -40.825    906.5    846.8
     1     1    11     5    12    21     0     3  -115.0  -12.250  -40.643    777.7    867.8
     1     1    11     5    12    20     0     2  -116.0  -12.408  -40.474    702.3    880.1
     1     1    11     5    12    19     0     1  -117.0  -12.560  -40.322    669.5    883.9
     1     1    11     5    12    18     0     0  -118.0  -12.701  -40.189    645.7    884.7
     1     1    11     5    12    17     0     1  -119.0  -12.844  -40.072    641.9    887.3
     1     1    11     5    12    16     0     2  -120.0  -13.000  -39.964    692.1    882.3
     1     1    11     5    12    15     0     3  -121.0  -13.169  -39.866    786.7    879.0
     1     1    11     5    12    14     0     2  -122.0  -13.347  -39.762    874.8    875.5
     1     1    11     5    12    13     0     1  -123.0  -13.531  -39.645    928.7    878.2
     1     1    11     5    12    12     0     0  -124.0  -13.726  -39.520    957.2    883.8
     1     1    11     5    12    11     0     1  -125.0  -13.932  -39.395    972.7    889.4
     1     1    11     5    12    10     0     2  -126.0  -14.150  -39.271    977.1    892.9
     1     1    11     5    12     9     0     3  -127.0  -14.379  -39.151    970.0    897.2
     1     1    11     5    12     8     0     2  -128.0  -14.616  -39.041    953.2    902.5
     1     1    11     5    12     7     0     1  -129.0  -14.852  -38.945    929.6    907.1
     1     1    11     5    12     6     0     0  -130.0  -15.086  -38.859    900.5    910.4
     1     1    11     5    12     5     0     1  -131.0  -15.317  -38.767    853.7    915.1
     1     1    11     5    12     4     0     2  -132.0  -15.545  -38.656    792.2    923.4
     1     1    11     5    12     3     0     3  -133.0  -15.770  -38.527    739.0    931.0
     1     1    11     5    12     2     0     2  -134.0  -15.994  -38.387    703.8    935.4
     1     1    11     5    12     1     0     1  -135.0  -16.222  -38.242    679.8    938.3
     1     1    11     5    12     0     0     0  -136.0  -16.454  -38.097    663.6    940.9
     1     1    11     5    11    23     0     1  -137.0  -16.686  -37.955    656.7    941.7
     1     1    11     5    11    22     0     2  -138.0  -16.913  -37.820    659.2    941.2
     1     1    11     5    11    21     0     3  -139.0  -17.132  -37.692    667.9    939.7
     1     1    11     5    11    20     0     2  -140.0  -17.340  -37.564    672.6    938.4
     1     1    11     5    11    19     0     1  -141.0  -17.534  -37.437    671.1    939.3
     1     1    11     5    11    18     0     0  -142.0  -17.715  -37.319    671.5    939.7
     1     1    11     5    11    17     0     1  -143.0  -17.882  -37.205    673.6    939.4
     1     1    11     5    11    16     0     2  -144.0  -18.035  -37.088    673.6    939.5
     1     1    11     5    11    15     0     3  -145.0  -18.176  -36.963    669.4    940.0
     1     1    11     5    11    14     0     2  -146.0  -18.312  -36.821    662.1    941.5
     1     1    11     5    11    13     0     1  -147.0  -18.451  -36.661    650.2    942.9
     1     1    11     5    11    12     0     0  -148.0  -18.598  -36.485    630.5    945.5
     1     1    11     5    11    11     0     1  -149.0  -18.753  -36.302    608.6    947.7
     1     1    11     5    11    10     0     2  -150.0  -18.913  -36.126    585.9    949.0
     1     1    11     5    11     9     0     3  -151.0  -19.083  -35.962    556.9    951.4
     1     1    11     5    11     8     0     2  -152.0  -19.265  -35.802    533.4    955.4
     1     1    11     5    11     7     0     1  -153.0  -19.461  -35.639    520.1    956.2
     1     1    11     5    11     6     0     0  -154.0  -19.674  -35.482    504.0    957.3
     1     1    11     5    11     5     0     1  -155.0  -19.896  -35.336    478.4    960.3
     1     1    11     5    11     4     0     2  -156.0  -20.111  -35.205    449.4    964.6
     1     1    11     5    11     3     0     3  -157.0  -20.324  -35.085    423.6    968.0
     1     1    11     5    11     2     0     2  -158.0  -20.546  -34.964    403.1    970.2
     1     1    11     5    11     1     0     1  -159.0  -20.780  -34.847    385.5    971.7
     1     1    11     5    11     0     0     0  -160.0  -21.017  -34.749    365.3    973.5
     1     1    11     5    10    23     0     1  -161.0  -21.252  -34.664    348.0    976.2
     1     1    11     5    10    22     0     2  -162.0  -21.482  -34.581    336.6    976.9
     1     1    11     5    10    21     0     3  -163.0  -21.710  -34.502    324.5    977.7
     1     1    11     5    10    20     0     2  -164.0  -21.930  -34.434    311.9    979.2
     1     1    11     5    10    19     0     1  -165.0  -22.137  -34.386    303.9    980.1
     1     1    11     5    10    18     0     0  -166.0  -22.336  -34.350    301.2    979.9
     1     1    11     5    10    17     0     1  -167.0  -22.540  -34.311    299.7    979.9
     1     1    11     5    10    16     0     2  -168.0  -22.750  -34.266    297.5    980.3
     1     1    11     5    10    15     0     3  -169.0  -22.956  -34.229    296.0    980.5
     1     1    11     5    10    14     0     2  -170.0  -23.159  -34.208    293.3    980.8
     1     1    11     5    10    13     0     1  -171.0  -23.371  -34.200    287.3    981.8
     1     1    11     5    10    12     0     0  -172.0  -23.602  -34.193    278.9    983.1
     1     1    11     5    10    11     0     1  -173.0  -23.837  -34.198    262.5    983.9
     1     1    11     5    10    10     0     2  -174.0  -24.046  -34.245    232.6    986.5
     1     1    11     5    10     9     0     3  -175.0  -24.239  -34.336    197.2    990.8
     1     1    11     5    10     8     0     2  -176.0  -24.437  -34.433    170.8    994.7
     1     1    11     5    10     7     0     1  -177.0  -24.633  -34.540    154.0    995.8
     1     1    11     5    10     6     0     0  -178.0  -24.809  -34.692    139.6    997.1
     1     1    11     5    10     5     0     1  -179.0  -24.975  -34.873    128.3    998.5
     1     1    11     5    10     4     0     2  -180.0  -25.136  -35.049    121.4    999.3
     1     1    11     5    10     3     0     3  -181.0  -25.287  -35.226    116.9    999.6
     1     1    11     5    10     2     0     2  -182.0  -25.428  -35.410    113.6   1000.0
     1     1    11     5    10     1     0     1  -183.0  -25.555  -35.604    112.6   1000.1
     1     1    11     5    10     0     0     0  -184.0  -25.648  -35.824    114.0    999.8
     1     1    11     5     9    23     0     1  -185.0  -25.721  -36.061    119.4    999.6
     1     1    11     5     9    22     0     2  -186.0  -25.788  -36.299    129.4    998.7
     1     1    11     5     9    21     0     3  -187.0  -25.840  -36.554    142.0    997.2
     1     1    11     5     9    20     0     2  -188.0  -25.870  -36.834    151.0    995.0
     1     1    11     5     9    19     0     1  -189.0  -25.880  -37.127    154.7    994.5
     1     1    11     5     9    18     0     0  -190.0  -25.868  -37.423    157.8    994.1
     1     1    11     5     9    17     0     1  -191.0  -25.835  -37.715    161.4    993.8
     1     1    11     5     9    16     0     2  -192.0  -25.784  -37.995    165.2    993.6
     1     1    11     5     9    15     0     3  -193.0  -25.719  -38.264    169.3    993.3
     1     1    11     5     9    14     0     2  -194.0  -25.647  -38.512    172.9    993.3
     1     1    11     5     9    13     0     1  -195.0  -25.571  -38.730    175.9    993.4
     1     1    11     5     9    12     0     0  -196.0  -25.489  -38.918    178.5    993.6
     1     1    11     5     9    11     0     1  -197.0  -25.415  -39.072    182.4    993.2
     1     1    11     5     9    10     0     2  -198.0  -25.365  -39.190    189.0    992.4
     1     1    11     5     9     9     0     3  -199.0  -25.335  -39.271    198.6    991.2
     1     1    11     5     9     8     0     2  -200.0  -25.311  -39.335    208.9    989.7
     1     1    11     5     9     7     0     1  -201.0  -25.279  -39.403    217.7    988.8
     1     1    11     5     9     6     0     0  -202.0  -25.239  -39.472    225.2    987.9
     1     1    11     5     9     5     0     1  -203.0  -25.192  -39.530    231.0    987.8
     1     1    11     5     9     4     0     2  -204.0  -25.138  -39.565    234.9    987.9
     1     1    11     5     9     3     0     3  -205.0  -25.078  -39.578    236.4    988.2
     1     1    11     5     9     2     0     2  -206.0  -25.017  -39.576    236.6    988.5
     1     1    11     5     9     1     0     1  -207.0  -24.958  -39.567    236.6    988.6
     1     1    11     5     9     0     0     0  -208.0  -24.901  -39.551    236.6    988.7
     1     1    11     5     8    23     0     1  -209.0  -24.846  -39.525    236.3    988.6
     1     1    11     5     8    22     0     2  -210.0  -24.791  -39.486    235.6    988.5
     1     1    11     5     8    21     0     3  -211.0  -24.738  -39.434    234.3    988.5
     1     1    11     5     8    20     0     2  -212.0  -24.692  -39.373    232.4    988.8
     1     1    11     5     8    19     0     1  -213.0  -24.658  -39.307    229.8    989.2
     1     1    11     5     8    18     0     0  -214.0  -24.636  -39.237    226.2    989.7
     1     1    11     5     8    17     0     1  -215.0  -24.624  -39.159    221.5    990.6
     1     1    11     5     8    16     0     2  -216.0  -24.624  -39.069    215.7    991.7
     1     1    11     5     8    15     0     3  -217.0  -24.635  -38.968    208.9    993.0
     1     1    11     5     8    14     0     2  -218.0  -24.657  -38.854    203.4    994.3
     1     1    11     5     8    13     0     1  -219.0  -24.692  -38.728    200.7    995.0
     1     1    11     5     8    12     0     0  -220.0  -24.739  -38.592    200.4    995.5
     1     1    11     5     8    11     0     1  -221.0  -24.793  -38.453    202.0    994.8
     1     1    11     5     8    10     0     2  -222.0  -24.850  -38.321    205.4    993.9
     1     1    11     5     8     9     0     3  -223.0  -24.911  -38.198    210.5    992.8
     1     1    11     5     8     8     0     2  -224.0  -24.975  -38.076    215.9    992.0
     1     1    11     5     8     7     0     1  -225.0  -25.041  -37.943    219.4    991.5
     1     1    11     5     8     6     0     0  -226.0  -25.109  -37.800    221.4    991.3
     1     1    11     5     8     5     0     1  -227.0  -25.192  -37.656    225.2    991.6
     1     1    11     5     8     4     0     2  -228.0  -25.301  -37.527    233.4    991.2
     1     1    11     5     8     3     0     3  -229.0  -25.433  -37.413    245.8    990.3
     1     1    11     5     8     2     0     2  -230.0  -25.578  -37.313    260.1    988.7
     1     1    11     5     8     1     0     1  -231.0  -25.732  -37.221    274.2    987.1
     1     1    11     5     8     0     0     0  -232.0  -25.893  -37.140    288.2    985.5
     1     1    11     5     7    23     0     1  -233.0  -26.076  -37.072    300.9    983.2
     1     1    11     5     7    22     0     2  -234.0  -26.296  -37.016    310.8    981.5
     1     1    11     5     7    21     0     3  -235.0  -26.552  -36.969    319.9    980.2
     1     1    11     5     7    20     0     2  -236.0  -26.821  -36.945    331.8    979.0
     1     1    11     5     7    19     0     1  -237.0  -27.082  -36.959    346.7    977.0
     1     1    11     5     7    18     0     0  -238.0  -27.343  -37.012    360.6    975.0
     1     1    11     5     7    17     0     1  -239.0  -27.611  -37.094    369.3    973.8
     1     1    11     5     7    16     0     2  -240.0  -27.892  -37.205    373.6    973.3
     1     1    11     5     7    15     0     3  -241.0  -28.185  -37.350    377.0    972.9
     1     1    11     5     7    14     0     2  -242.0  -28.491  -37.529    381.5    972.5
     1     1    11     5     7    13     0     1  -243.0  -28.804  -37.746    387.7    972.0
     1     1    11     5     7    12     0     0  -244.0  -29.121  -38.009    397.0    971.2
     1     1    11     5     7    11     0     1  -245.0  -29.432  -38.302    414.4    969.3
     1     1    11     5     7    10     0     2  -246.0  -29.725  -38.605    439.4    965.5
     1     1    11     5     7     9     0     3  -247.0  -30.000  -38.910    463.8    961.6
     1     1    11     5     7     8     0     2  -248.0  -30.268  -39.234    484.2    958.8
     1     1    11     5     7     7     0     1  -249.0  -30.546  -39.590    500.8    956.5
     1     1    11     5     7     6     0     0  -250.0  -30.832  -39.972    512.3    954.6
     1     1    11     5     7     5     0     1  -251.0  -31.122  -40.375    520.8    954.1
     1     1    11     5     7     4     0     2  -252.0  -31.416  -40.796    530.8    952.9
     1     1    11     5     7     3     0     3  -253.0  -31.722  -41.227    543.7    951.6
     1     1    11     5     7     2     0     2  -254.0  -32.038  -41.671    560.9    949.2
     1     1    11     5     7     1     0     1  -255.0  -32.345  -42.148    584.4    946.3
     1     1    11     5     7     0     0     0  -256.0  -32.637  -42.657    616.1    942.4
     1     1    11     5     6    23     0     1  -257.0  -32.923  -43.189    654.4    937.7
     1     1    11     5     6    22     0     2  -258.0  -33.220  -43.742    703.6    932.3
     1     1    11     5     6    21     0     3  -259.0  -33.533  -44.303    771.3    924.4
     1     1    11     5     6    20     0     2  -260.0  -33.844  -44.878    840.9    914.6
     1     1    11     5     6    19     0     1  -261.0  -34.139  -45.481    900.0    908.6
     1     1    11     5     6    18     0     0  -262.0  -34.435  -46.114    963.1    901.9
     1     1    11     5     6    17     0     1  -263.0  -34.738  -46.760   1011.1    893.7
     1     1    11     5     6    16     0     2  -264.0  -35.052  -47.402   1028.3    892.9
     1     1    11     5     6    15     0     3  -265.0  -35.388  -48.035   1044.1    893.0
     1     1    11     5     6    14     0     2  -266.0  -35.735  -48.671   1082.9    889.2
     1     1    11     5     6    13     0     1  -267.0  -36.077  -49.319   1133.8    881.8
     1     1    11     5     6    12     0     0  -268.0  -36.415  -49.971   1191.8    876.6
     1     1    11     5     6    11     0     1  -269.0  -36.757  -50.629   1255.2    867.5
     1     1    11     5     6    10     0     2  -270.0  -37.115  -51.294   1313.8    860.9
     1     1    11     5     6     9     0     3  -271.0  -37.504  -51.961   1371.5    854.0
     1     1    11     5     6     8     0     2  -272.0  -37.906  -52.645   1448.7    847.9
     1     1    11     5     6     7     0     1  -273.0  -38.291  -53.350   1563.6    835.3
     1     1    11     5     6     6     0     0  -274.0  -38.669  -54.073   1725.9    819.5
     1     1    11     5     6     5     0     1  -275.0  -39.049  -54.806   1908.0    796.6
     1     1    11     5     6     4     0     2  -276.0  -39.434  -55.558   2050.5    780.7
     1     1    11     5     6     3     0     3  -277.0  -39.829  -56.351   2172.5    771.5
     1     1    11     5     6     2     0     2  -278.0  -40.255  -57.164   2255.2    761.4
     1     1    11     5     6     1     0     1  -279.0  -40.725  -57.982   2261.1    762.2
     1     1    11     5     6     0     0     0  -280.0  -41.225  -58.811   2285.9    758.4
     1     1    11     5     5    23     0     1  -281.0  -41.745  -59.636   2278.5    758.6
     1     1    11     5     5    22     0     2  -282.0  -42.282  -60.471   2214.4    766.9
     1     1    11     5     5    21     0     3  -283.0  -42.855  -61.349   2284.2    761.1
     1     1    11     5     5    20     0     2  -284.0  -43.442  -62.286   2498.2    736.5
     1     1    11     5     5    19     0     1  -285.0  -44.005  -63.248   2708.4    717.0
     1     1    11     5     5    18     0     0  -286.0  -44.587  -64.230   2876.4    699.5
     1     1    11     5     5    17     0     1  -287.0  -45.198  -65.205   2970.4    691.6
     1     1    11     5     5    16     0     2  -288.0  -45.828  -66.170   2995.6    688.2
     1     1    11     5     5    15     0     3  -289.0  -46.480  -67.139   3042.9    682.0
     1     1    11     5     5    14     0     2  -290.0  -47.198  -68.090   3051.8    658.4
     1     1    11     5     5    13     0     1  -291.0  -47.980  -69.071   3116.4    620.8
     1     1    11     5     5    12     0     0  -292.0  -48.813  -70.136   3216.0    620.4
     1     1    11     5     5    11     0     3  -293.0  -49.632  -71.252   3106.4    622.5
     1     1    11     5     5    10     0     6  -294.0  -50.416  -72.574   3088.1    630.8
     1     1    11     5     5     9     0     9  -295.0  -51.116  -73.998   3143.1    641.6
     1     1    11     5     5     8     0     8  -296.0  -51.666  -75.130   2897.1    695.2
     1     1    11     5     5     7     0     7  -297.0  -52.226  -76.204   2874.5    696.4
     1     1    11     5     5     6     0     6  -298.0  -52.809  -77.262   2861.1    699.2
     1     1    11     5     5     5     0     5  -299.0  -53.413  -78.329   2939.8    690.3
     1     1    11     5     5     4     0     4  -300.0  -54.043  -79.404   3060.6    678.5
     1     1    11     5     5     3     0     3  -301.0  -54.704  -80.495   3203.5    664.7
     1     1    11     5     5     2     0     2  -302.0  -55.371  -81.641   3321.3    652.6
     1     1    11     5     5     1     0     1  -303.0  -56.032  -82.824   3392.3    645.9
     1     1    11     5     5     0     0     0  -304.0  -56.695  -84.008   3441.3    640.9
     1     1    11     5     4    23     0     1  -305.0  -57.330  -85.220   3485.2    636.6
     1     1    11     5     4    22     0     2  -306.0  -57.915  -86.487   3544.2    630.6
     1     1    11     5     4    21     0     3  -307.0  -58.453  -87.784   3622.2    622.7
     1     1    11     5     4    20     0     2  -308.0  -58.958  -89.119   3696.4    615.4
     1     1    11     5     4    19     0     1  -309.0  -59.434  -90.468   3755.6    610.0
     1     1    11     5     4    18     0     0  -310.0  -59.875  -91.797   3808.6    605.0
     1     1    11     5     4    17     0     1  -311.0  -60.282  -93.104   3863.6    600.0
     1     1    11     5     4    16     0     2  -312.0  -60.663  -94.407   3928.1    594.5
     1     1    11     5     4    15     0     3  -313.0  -61.014  -95.653   4010.2    587.2
     1     1    11     5     4    14     0     2  -314.0  -61.342  -96.900   4090.4    579.8
     1     1    11     5     4    13     0     1  -315.0  -61.632  -98.186   4148.4    574.7
     1     1    11     5     4    12     0     0  -316.0  -61.874  -99.453   4192.2    570.8
     1     1    11     5     4    11     0     3  -317.0  -62.110 -100.703   4240.5    567.0
     1     1    11     5     4    10     0     6  -318.0  -62.344 -101.988   4305.0    561.9
     1     1    11     5     4     9     0     9  -319.0  -62.547 -103.317   4378.9    555.9
     1     1    11     5     4     8     0     8  -320.0  -62.719 -104.668   4445.4    550.1
     1     1    11     5     4     7     0     7  -321.0  -62.858 -106.013   4495.2    545.7
     1     1    11     5     4     6     0     6  -322.0  -62.952 -107.334   4536.9    542.3
     1     1    11     5     4     5     0     5  -323.0  -63.016 -108.652   4582.8    538.5
     1     1    11     5     4     4     0     4  -324.0  -63.041 -109.967   4626.9    534.5
     1     1    11     5     4     3     0     3  -325.0  -63.027 -111.255   4659.5    531.9
     1     1    11     5     4     2     0     2  -326.0  -62.982 -112.528   4679.8    530.2
     1     1    11     5     4     1     0     1  -327.0  -62.906 -113.793   4677.5    530.0
     1     1    11     5     4     0     0     0  -328.0  -62.796 -115.047   4636.5    533.0
     1     1    11     5     3    23     0     1  -329.0  -62.666 -116.273   4579.5    537.2
     1     1    11     5     3    22     0     2  -330.0  -62.530 -117.460   4520.7    541.2
     1     1    11     5     3    21     0     3  -331.0  -62.372 -118.613   4460.9    545.9
     1     1    11     5     3    20     0     2  -332.0  -62.178 -119.771   4436.7    547.3
     1     1    11     5     3    19     0     1  -333.0  -61.973 -120.952   4418.2    548.4
     1     1    11     5     3    18     0     0  -334.0  -61.757 -122.140   4376.1    551.4
     1     1    11     5     3    17     0     1  -335.0  -61.537 -123.308   4302.0    557.1
     1     1    11     5     3    16     0     2  -336.0  -61.324 -124.456   4183.8    566.9
