     3     1
    GDAS    11     9     1     0     0
    GDAS    11     9     8     0     0
    GDAS    11     9    15     0     0
     1 BACKWARD OMEGA   
  2011     9    17    16   -8.890  -56.860  3048.0
     1 PRESSURE
     1     1    11     9    17    16     0     2     0.0   -8.890  -56.860   3048.0    693.6
     1     1    11     9    17    15     0     3    -1.0   -8.847  -56.653   3066.9    691.0
     1     1    11     9    17    14     0     2    -2.0   -8.805  -56.441   3091.0    685.2
     1     1    11     9    17    13     0     1    -3.0   -8.767  -56.222   3105.9    681.9
     1     1    11     9    17    12     0     0    -4.0   -8.728  -56.002   3116.7    679.0
     1     1    11     9    17    11     0     1    -5.0   -8.693  -55.794   3121.9    675.6
     1     1    11     9    17    10     0     2    -6.0   -8.662  -55.610   3122.3    673.7
     1     1    11     9    17     9     0     3    -7.0   -8.634  -55.448   3124.8    672.0
     1     1    11     9    17     8     0     2    -8.0   -8.611  -55.300   3129.5    670.3
     1     1    11     9    17     7     0     1    -9.0   -8.594  -55.158   3129.5    669.1
     1     1    11     9    17     6     0     0   -10.0   -8.580  -55.022   3116.1    669.0
     1     1    11     9    17     5     0     1   -11.0   -8.569  -54.883   3096.2    671.8
     1     1    11     9    17     4     0     2   -12.0   -8.563  -54.729   3076.8    673.8
     1     1    11     9    17     3     0     3   -13.0   -8.558  -54.559   3049.5    676.2
     1     1    11     9    17     2     0     2   -14.0   -8.551  -54.385   3009.9    679.8
     1     1    11     9    17     1     0     1   -15.0   -8.543  -54.213   2954.0    684.3
     1     1    11     9    17     0     0     0   -16.0   -8.535  -54.033   2868.8    691.1
     1     1    11     9    16    23     0     1   -17.0   -8.528  -53.847   2771.5    701.7
     1     1    11     9    16    22     0     2   -18.0   -8.522  -53.665   2687.8    708.7
     1     1    11     9    16    21     0     3   -19.0   -8.515  -53.490   2603.4    715.1
     1     1    11     9    16    20     0     2   -20.0   -8.507  -53.318   2510.0    723.9
     1     1    11     9    16    19     0     1   -21.0   -8.499  -53.142   2407.5    733.5
     1     1    11     9    16    18     0     0   -22.0   -8.491  -52.958   2297.4    744.4
     1     1    11     9    16    17     0     1   -23.0   -8.475  -52.761   2205.1    755.7
     1     1    11     9    16    16     0     2   -24.0   -8.443  -52.550   2151.4    761.5
     1     1    11     9    16    15     0     3   -25.0   -8.393  -52.325   2134.6    764.0
     1     1    11     9    16    14     0     2   -26.0   -8.330  -52.091   2153.5    762.6
     1     1    11     9    16    13     0     1   -27.0   -8.264  -51.852   2207.2    757.5
     1     1    11     9    16    12     0     0   -28.0   -8.197  -51.622   2287.2    749.0
     1     1    11     9    16    11     0     1   -29.0   -8.136  -51.406   2366.2    739.7
     1     1    11     9    16    10     0     2   -30.0   -8.079  -51.197   2427.0    734.2
     1     1    11     9    16     9     0     3   -31.0   -8.013  -50.982   2470.4    730.4
     1     1    11     9    16     8     0     2   -32.0   -7.954  -50.762   2499.0    729.0
     1     1    11     9    16     7     0     1   -33.0   -7.918  -50.537   2521.8    728.1
     1     1    11     9    16     6     0     0   -34.0   -7.893  -50.296   2547.7    726.8
     1     1    11     9    16     5     0     1   -35.0   -7.875  -50.041   2577.3    725.2
     1     1    11     9    16     4     0     2   -36.0   -7.870  -49.785   2613.1    724.9
     1     1    11     9    16     3     0     3   -37.0   -7.876  -49.526   2652.0    723.8
     1     1    11     9    16     2     0     2   -38.0   -7.884  -49.268   2699.4    722.8
     1     1    11     9    16     1     0     1   -39.0   -7.894  -49.017   2767.0    718.9
     1     1    11     9    16     0     0     0   -40.0   -7.916  -48.773   2841.3    712.0
     1     1    11     9    15    23     0     1   -41.0   -7.948  -48.540   2914.1    706.2
     1     1    11     9    15    22     0     2   -42.0   -7.979  -48.313   2989.7    700.5
     1     1    11     9    15    21     0     3   -43.0   -8.010  -48.082   3072.7    694.0
     1     1    11     9    15    20     0     2   -44.0   -8.043  -47.856   3150.5    685.3
     1     1    11     9    15    19     0     1   -45.0   -8.079  -47.652   3214.4    677.4
     1     1    11     9    15    18     0     0   -46.0   -8.116  -47.471   3264.0    670.7
     1     1    11     9    15    17     0     1   -47.0   -8.154  -47.306   3298.3    665.8
     1     1    11     9    15    16     0     2   -48.0   -8.193  -47.150   3317.7    662.0
     1     1    11     9    15    15     0     3   -49.0   -8.228  -47.001   3321.6    659.3
     1     1    11     9    15    14     0     2   -50.0   -8.261  -46.859   3315.3    659.3
     1     1    11     9    15    13     0     1   -51.0   -8.296  -46.721   3298.8    660.0
     1     1    11     9    15    12     0     0   -52.0   -8.331  -46.577   3272.8    661.7
     1     1    11     9    15    11     0     1   -53.0   -8.361  -46.422   3255.7    663.8
     1     1    11     9    15    10     0     2   -54.0   -8.383  -46.255   3265.9    662.6
     1     1    11     9    15     9     0     3   -55.0   -8.398  -46.077   3305.2    659.0
     1     1    11     9    15     8     0     2   -56.0   -8.407  -45.897   3348.6    653.4
     1     1    11     9    15     7     0     1   -57.0   -8.416  -45.725   3373.7    650.7
     1     1    11     9    15     6     0     0   -58.0   -8.424  -45.565   3386.9    649.4
     1     1    11     9    15     5     0     1   -59.0   -8.436  -45.417   3395.2    648.7
     1     1    11     9    15     4     0     2   -60.0   -8.460  -45.275   3403.0    647.9
     1     1    11     9    15     3     0     3   -61.0   -8.494  -45.138   3413.7    646.7
     1     1    11     9    15     2     0     2   -62.0   -8.535  -45.004   3426.8    644.4
     1     1    11     9    15     1     0     1   -63.0   -8.582  -44.868   3439.8    644.0
     1     1    11     9    15     0     0     0   -64.0   -8.635  -44.727   3445.6    644.6
     1     1    11     9    14    23     0     1   -65.0   -8.694  -44.583   3453.4    645.7
     1     1    11     9    14    22     0     2   -66.0   -8.755  -44.442   3471.6    645.3
     1     1    11     9    14    21     0     3   -67.0   -8.817  -44.303   3498.9    644.4
     1     1    11     9    14    20     0     2   -68.0   -8.881  -44.166   3531.7    643.4
     1     1    11     9    14    19     0     1   -69.0   -8.946  -44.029   3569.0    642.7
     1     1    11     9    14    18     0     0   -70.0   -9.011  -43.894   3607.5    638.3
     1     1    11     9    14    17     0     1   -71.0   -9.074  -43.764   3644.1    631.8
     1     1    11     9    14    16     0     2   -72.0   -9.140  -43.639   3670.5    627.2
     1     1    11     9    14    15     0     3   -73.0   -9.209  -43.517   3683.1    624.0
     1     1    11     9    14    14     0     2   -74.0   -9.276  -43.396   3685.6    622.3
     1     1    11     9    14    13     0     1   -75.0   -9.332  -43.276   3686.0    620.9
     1     1    11     9    14    12     0     0   -76.0   -9.380  -43.158   3690.7    619.5
     1     1    11     9    14    11     0     1   -77.0   -9.418  -43.041   3696.4    617.0
     1     1    11     9    14    10     0     2   -78.0   -9.447  -42.918   3697.7    616.6
     1     1    11     9    14     9     0     3   -79.0   -9.470  -42.793   3689.7    617.6
     1     1    11     9    14     8     0     2   -80.0   -9.495  -42.665   3671.3    620.0
     1     1    11     9    14     7     0     1   -81.0   -9.524  -42.533   3643.7    623.0
     1     1    11     9    14     6     0     0   -82.0   -9.559  -42.396   3607.0    626.5
     1     1    11     9    14     5     0     1   -83.0   -9.600  -42.260   3567.3    630.8
     1     1    11     9    14     4     0     2   -84.0   -9.645  -42.134   3530.1    634.2
     1     1    11     9    14     3     0     3   -85.0   -9.693  -42.017   3492.9    637.3
     1     1    11     9    14     2     0     2   -86.0   -9.746  -41.905   3456.3    638.6
     1     1    11     9    14     1     0     1   -87.0   -9.800  -41.795   3430.5    638.4
     1     1    11     9    14     0     0     0   -88.0   -9.855  -41.690   3422.7    636.8
     1     1    11     9    13    23     0     1   -89.0   -9.915  -41.588   3426.6    632.6
     1     1    11     9    13    22     0     2   -90.0   -9.986  -41.488   3430.6    628.8
     1     1    11     9    13    21     0     3   -91.0  -10.067  -41.389   3436.9    626.0
     1     1    11     9    13    20     0     2   -92.0  -10.153  -41.291   3446.7    623.8
     1     1    11     9    13    19     0     1   -93.0  -10.242  -41.190   3460.7    621.5
     1     1    11     9    13    18     0     0   -94.0  -10.336  -41.086   3481.8    619.1
     1     1    11     9    13    17     0     1   -95.0  -10.430  -40.973   3515.5    616.9
     1     1    11     9    13    16     0     2   -96.0  -10.522  -40.847   3567.6    616.4
     1     1    11     9    13    15     0     3   -97.0  -10.612  -40.711   3631.0    615.4
     1     1    11     9    13    14     0     2   -98.0  -10.698  -40.575   3696.9    613.5
     1     1    11     9    13    13     0     1   -99.0  -10.782  -40.447   3753.6    612.4
     1     1    11     9    13    12     0     0  -100.0  -10.866  -40.324   3792.5    612.7
     1     1    11     9    13    11     0     1  -101.0  -10.951  -40.215   3816.6    614.1
     1     1    11     9    13    10     0     2  -102.0  -11.036  -40.131   3834.4    614.6
     1     1    11     9    13     9     0     3  -103.0  -11.118  -40.071   3848.9    614.3
     1     1    11     9    13     8     0     2  -104.0  -11.194  -40.025   3862.4    613.9
     1     1    11     9    13     7     0     1  -105.0  -11.259  -39.982   3873.4    613.7
     1     1    11     9    13     6     0     0  -106.0  -11.316  -39.940   3883.1    613.1
     1     1    11     9    13     5     0     1  -107.0  -11.363  -39.897   3889.7    613.0
     1     1    11     9    13     4     0     2  -108.0  -11.404  -39.846   3889.9    613.7
     1     1    11     9    13     3     0     3  -109.0  -11.439  -39.788   3883.6    615.0
     1     1    11     9    13     2     0     2  -110.0  -11.474  -39.725   3879.0    616.7
     1     1    11     9    13     1     0     1  -111.0  -11.517  -39.659   3884.0    617.0
     1     1    11     9    13     0     0     0  -112.0  -11.569  -39.592   3898.3    616.7
     1     1    11     9    12    23     0     1  -113.0  -11.626  -39.526   3917.6    615.2
     1     1    11     9    12    22     0     2  -114.0  -11.687  -39.466   3935.7    614.0
     1     1    11     9    12    21     0     3  -115.0  -11.751  -39.412   3949.6    613.1
     1     1    11     9    12    20     0     2  -116.0  -11.817  -39.362   3965.9    613.3
     1     1    11     9    12    19     0     1  -117.0  -11.882  -39.315   3994.6    612.0
     1     1    11     9    12    18     0     0  -118.0  -11.944  -39.274   4039.5    609.5
     1     1    11     9    12    17     0     1  -119.0  -12.000  -39.230   4091.5    605.7
     1     1    11     9    12    16     0     2  -120.0  -12.044  -39.175   4139.6    603.3
     1     1    11     9    12    15     0     3  -121.0  -12.078  -39.109   4184.8    601.4
     1     1    11     9    12    14     0     2  -122.0  -12.106  -39.027   4224.3    599.5
     1     1    11     9    12    13     0     1  -123.0  -12.134  -38.924   4252.7    598.7
     1     1    11     9    12    12     0     0  -124.0  -12.163  -38.798   4270.3    598.9
     1     1    11     9    12    11     0     1  -125.0  -12.198  -38.664   4288.2    599.4
     1     1    11     9    12    10     0     2  -126.0  -12.240  -38.532   4314.0    598.4
     1     1    11     9    12     9     0     3  -127.0  -12.289  -38.401   4345.1    597.2
     1     1    11     9    12     8     0     2  -128.0  -12.346  -38.275   4379.0    596.2
     1     1    11     9    12     7     0     1  -129.0  -12.409  -38.156   4413.6    595.1
     1     1    11     9    12     6     0     0  -130.0  -12.480  -38.046   4446.8    594.0
     1     1    11     9    12     5     0     1  -131.0  -12.554  -37.935   4468.2    593.5
     1     1    11     9    12     4     0     2  -132.0  -12.627  -37.815   4470.6    594.7
     1     1    11     9    12     3     0     3  -133.0  -12.700  -37.687   4457.1    597.1
     1     1    11     9    12     2     0     2  -134.0  -12.775  -37.559   4452.9    599.9
     1     1    11     9    12     1     0     1  -135.0  -12.852  -37.435   4481.7    598.4
     1     1    11     9    12     0     0     0  -136.0  -12.931  -37.313   4543.3    594.3
     1     1    11     9    11    23     0     1  -137.0  -13.010  -37.197   4607.6    587.2
     1     1    11     9    11    22     0     2  -138.0  -13.084  -37.095   4645.0    584.2
     1     1    11     9    11    21     0     3  -139.0  -13.152  -37.011   4656.5    583.1
     1     1    11     9    11    20     0     2  -140.0  -13.208  -36.938   4656.5    584.2
     1     1    11     9    11    19     0     1  -141.0  -13.246  -36.864   4660.2    584.0
     1     1    11     9    11    18     0     0  -142.0  -13.266  -36.788   4669.3    583.4
     1     1    11     9    11    17     0     1  -143.0  -13.272  -36.704   4683.8    582.4
     1     1    11     9    11    16     0     2  -144.0  -13.267  -36.602   4703.2    581.1
     1     1    11     9    11    15     0     3  -145.0  -13.252  -36.484   4727.2    579.4
     1     1    11     9    11    14     0     2  -146.0  -13.234  -36.348   4747.0    577.6
     1     1    11     9    11    13     0     1  -147.0  -13.216  -36.196   4753.8    577.2
     1     1    11     9    11    12     0     0  -148.0  -13.198  -36.029   4746.6    577.9
     1     1    11     9    11    11     0     1  -149.0  -13.181  -35.852   4744.2    579.1
     1     1    11     9    11    10     0     2  -150.0  -13.168  -35.670   4763.9    577.2
     1     1    11     9    11     9     0     3  -151.0  -13.159  -35.481   4802.4    573.9
     1     1    11     9    11     8     0     2  -152.0  -13.153  -35.287   4833.7    569.9
     1     1    11     9    11     7     0     1  -153.0  -13.150  -35.095   4833.5    569.9
     1     1    11     9    11     6     0     0  -154.0  -13.151  -34.907   4804.8    572.2
     1     1    11     9    11     5     0     1  -155.0  -13.156  -34.721   4761.5    576.4
     1     1    11     9    11     4     0     2  -156.0  -13.162  -34.533   4716.1    580.1
     1     1    11     9    11     3     0     3  -157.0  -13.170  -34.342   4670.9    583.7
     1     1    11     9    11     2     0     2  -158.0  -13.174  -34.142   4638.5    587.0
     1     1    11     9    11     1     0     1  -159.0  -13.173  -33.923   4627.0    587.7
     1     1    11     9    11     0     0     0  -160.0  -13.171  -33.684   4629.0    587.3
     1     1    11     9    10    23     0     1  -161.0  -13.174  -33.435   4640.2    586.2
     1     1    11     9    10    22     0     2  -162.0  -13.186  -33.191   4662.3    584.3
     1     1    11     9    10    21     0     3  -163.0  -13.206  -32.953   4699.9    581.5
     1     1    11     9    10    20     0     2  -164.0  -13.232  -32.728   4749.1    577.5
     1     1    11     9    10    19     0     1  -165.0  -13.258  -32.514   4801.8    573.6
     1     1    11     9    10    18     0     0  -166.0  -13.283  -32.309   4855.7    569.6
     1     1    11     9    10    17     0     1  -167.0  -13.306  -32.105   4898.6    565.8
     1     1    11     9    10    16     0     2  -168.0  -13.327  -31.894   4917.3    564.3
     1     1    11     9    10    15     0     3  -169.0  -13.342  -31.677   4910.6    564.8
     1     1    11     9    10    14     0     2  -170.0  -13.345  -31.457   4897.4    567.1
     1     1    11     9    10    13     0     1  -171.0  -13.329  -31.231   4895.4    567.4
     1     1    11     9    10    12     0     0  -172.0  -13.294  -30.999   4904.5    566.9
     1     1    11     9    10    11     0     1  -173.0  -13.246  -30.755   4917.6    565.0
     1     1    11     9    10    10     0     2  -174.0  -13.194  -30.491   4926.3    563.8
     1     1    11     9    10     9     0     3  -175.0  -13.139  -30.209   4927.5    563.1
     1     1    11     9    10     8     0     2  -176.0  -13.089  -29.911   4921.1    563.6
     1     1    11     9    10     7     0     1  -177.0  -13.048  -29.611   4910.5    564.3
     1     1    11     9    10     6     0     0  -178.0  -13.015  -29.314   4896.5    565.2
     1     1    11     9    10     5     0     1  -179.0  -12.988  -29.020   4881.7    566.7
     1     1    11     9    10     4     0     2  -180.0  -12.970  -28.723   4872.5    567.7
     1     1    11     9    10     3     0     3  -181.0  -12.962  -28.418   4873.4    567.9
     1     1    11     9    10     2     0     2  -182.0  -12.962  -28.110   4886.7    567.2
     1     1    11     9    10     1     0     1  -183.0  -12.966  -27.803   4908.0    565.6
     1     1    11     9    10     0     0     0  -184.0  -12.976  -27.497   4929.3    564.1
     1     1    11     9     9    23     0     1  -185.0  -12.994  -27.198   4945.7    562.5
     1     1    11     9     9    22     0     2  -186.0  -13.019  -26.908   4956.8    561.7
     1     1    11     9     9    21     0     3  -187.0  -13.047  -26.627   4969.9    560.9
     1     1    11     9     9    20     0     2  -188.0  -13.080  -26.355   4990.1    559.5
     1     1    11     9     9    19     0     1  -189.0  -13.118  -26.090   5017.7    557.6
     1     1    11     9     9    18     0     0  -190.0  -13.160  -25.831   5051.0    555.2
     1     1    11     9     9    17     0     1  -191.0  -13.203  -25.576   5089.6    552.6
     1     1    11     9     9    16     0     2  -192.0  -13.242  -25.321   5133.2    549.5
     1     1    11     9     9    15     0     3  -193.0  -13.276  -25.067   5177.9    546.4
     1     1    11     9     9    14     0     2  -194.0  -13.309  -24.816   5211.1    543.6
     1     1    11     9     9    13     0     1  -195.0  -13.343  -24.570   5223.0    543.1
     1     1    11     9     9    12     0     0  -196.0  -13.375  -24.330   5215.1    543.9
     1     1    11     9     9    11     0     1  -197.0  -13.403  -24.102   5205.5    545.4
     1     1    11     9     9    10     0     2  -198.0  -13.428  -23.892   5213.0    544.7
     1     1    11     9     9     9     0     3  -199.0  -13.453  -23.699   5239.8    542.6
     1     1    11     9     9     8     0     2  -200.0  -13.477  -23.517   5270.7    539.3
     1     1    11     9     9     7     0     1  -201.0  -13.496  -23.340   5288.1    537.8
     1     1    11     9     9     6     0     0  -202.0  -13.510  -23.168   5288.3    537.5
     1     1    11     9     9     5     0     1  -203.0  -13.519  -22.996   5279.7    539.0
     1     1    11     9     9     4     0     2  -204.0  -13.525  -22.820   5274.1    539.7
     1     1    11     9     9     3     0     3  -205.0  -13.527  -22.641   5274.0    540.1
     1     1    11     9     9     2     0     2  -206.0  -13.528  -22.461   5287.0    539.9
     1     1    11     9     9     1     0     1  -207.0  -13.529  -22.282   5317.9    538.0
     1     1    11     9     9     0     0     0  -208.0  -13.532  -22.106   5364.3    535.0
     1     1    11     9     8    23     0     1  -209.0  -13.540  -21.934   5410.0    530.8
     1     1    11     9     8    22     0     2  -210.0  -13.555  -21.770   5441.2    528.6
     1     1    11     9     8    21     0     3  -211.0  -13.576  -21.615   5460.7    527.3
     1     1    11     9     8    20     0     2  -212.0  -13.596  -21.468   5472.8    526.5
     1     1    11     9     8    19     0     1  -213.0  -13.610  -21.329   5478.9    525.9
     1     1    11     9     8    18     0     0  -214.0  -13.617  -21.197   5476.1    525.9
     1     1    11     9     8    17     0     1  -215.0  -13.617  -21.067   5474.7    526.7
     1     1    11     9     8    16     0     2  -216.0  -13.613  -20.936   5486.3    526.0
     1     1    11     9     8    15     0     3  -217.0  -13.607  -20.803   5513.1    524.3
     1     1    11     9     8    14     0     2  -218.0  -13.600  -20.670   5547.0    521.6
     1     1    11     9     8    13     0     1  -219.0  -13.593  -20.541   5578.0    519.8
     1     1    11     9     8    12     0     0  -220.0  -13.584  -20.415   5605.7    518.1
     1     1    11     9     8    11     0     1  -221.0  -13.572  -20.293   5628.1    516.3
     1     1    11     9     8    10     0     2  -222.0  -13.552  -20.178   5643.1    515.2
     1     1    11     9     8     9     0     3  -223.0  -13.526  -20.068   5650.3    514.5
     1     1    11     9     8     8     0     2  -224.0  -13.494  -19.963   5656.4    514.5
     1     1    11     9     8     7     0     1  -225.0  -13.456  -19.860   5667.8    513.6
     1     1    11     9     8     6     0     0  -226.0  -13.413  -19.759   5684.1    512.4
     1     1    11     9     8     5     0     1  -227.0  -13.371  -19.656   5704.4    511.2
     1     1    11     9     8     4     0     2  -228.0  -13.340  -19.549   5728.3    510.0
     1     1    11     9     8     3     0     3  -229.0  -13.318  -19.440   5755.7    508.4
     1     1    11     9     8     2     0     2  -230.0  -13.308  -19.332   5781.4    506.6
     1     1    11     9     8     1     0     1  -231.0  -13.310  -19.229   5800.2    505.5
     1     1    11     9     8     0     0     0  -232.0  -13.323  -19.131   5811.5    505.0
     1     1    11     9     7    23     0     1  -233.0  -13.346  -19.039   5823.3    504.6
     1     1    11     9     7    22     0     2  -234.0  -13.377  -18.953   5843.6    503.1
     1     1    11     9     7    21     0     3  -235.0  -13.416  -18.874   5871.7    501.2
     1     1    11     9     7    20     0     2  -236.0  -13.458  -18.802   5897.9    498.7
     1     1    11     9     7    19     0     1  -237.0  -13.496  -18.736   5913.1    497.5
     1     1    11     9     7    18     0     0  -238.0  -13.531  -18.676   5918.2    497.0
     1     1    11     9     7    17     0     1  -239.0  -13.560  -18.614   5918.8    497.3
     1     1    11     9     7    16     0     2  -240.0  -13.579  -18.542   5920.0    497.1
     1     1    11     9     7    15     0     3  -241.0  -13.589  -18.460   5921.7    497.0
     1     1    11     9     7    14     0     2  -242.0  -13.593  -18.372   5923.6    497.1
     1     1    11     9     7    13     0     1  -243.0  -13.593  -18.282   5925.7    497.3
     1     1    11     9     7    12     0     0  -244.0  -13.590  -18.190   5928.6    497.4
     1     1    11     9     7    11     0     1  -245.0  -13.582  -18.101   5934.1    496.9
     1     1    11     9     7    10     0     2  -246.0  -13.570  -18.019   5944.0    496.0
     1     1    11     9     7     9     0     3  -247.0  -13.554  -17.944   5957.4    494.9
     1     1    11     9     7     8     0     2  -248.0  -13.537  -17.878   5971.1    493.7
     1     1    11     9     7     7     0     1  -249.0  -13.520  -17.823   5983.2    492.8
     1     1    11     9     7     6     0     0  -250.0  -13.503  -17.778   5995.2    492.0
     1     1    11     9     7     5     0     1  -251.0  -13.493  -17.736   6007.5    491.3
     1     1    11     9     7     4     0     2  -252.0  -13.496  -17.688   6019.1    490.7
     1     1    11     9     7     3     0     3  -253.0  -13.512  -17.637   6029.8    490.1
     1     1    11     9     7     2     0     2  -254.0  -13.542  -17.586   6030.6    489.7
     1     1    11     9     7     1     0     1  -255.0  -13.583  -17.542   6012.1    491.0
     1     1    11     9     7     0     0     0  -256.0  -13.636  -17.505   5973.1    493.6
     1     1    11     9     6    23     0     1  -257.0  -13.697  -17.479   5929.8    497.3
     1     1    11     9     6    22     0     2  -258.0  -13.765  -17.465   5899.7    499.2
     1     1    11     9     6    21     0     3  -259.0  -13.842  -17.464   5883.9    500.2
     1     1    11     9     6    20     0     2  -260.0  -13.925  -17.474   5888.2    500.1
     1     1    11     9     6    19     0     1  -261.0  -14.011  -17.499   5918.4    497.9
     1     1    11     9     6    18     0     0  -262.0  -14.105  -17.537   5977.2    494.0
     1     1    11     9     6    17     0     1  -263.0  -14.209  -17.584   6043.3    488.3
     1     1    11     9     6    16     0     2  -264.0  -14.322  -17.634   6091.3    485.1
     1     1    11     9     6    15     0     3  -265.0  -14.440  -17.689   6116.0    483.4
     1     1    11     9     6    14     0     2  -266.0  -14.566  -17.749   6130.7    483.6
     1     1    11     9     6    13     0     1  -267.0  -14.700  -17.820   6152.0    482.4
     1     1    11     9     6    12     0     0  -268.0  -14.844  -17.903   6180.8    480.7
     1     1    11     9     6    11     0     1  -269.0  -15.001  -17.999   6210.6    478.1
     1     1    11     9     6    10     0     2  -270.0  -15.178  -18.114   6233.4    476.3
     1     1    11     9     6     9     0     3  -271.0  -15.372  -18.253   6247.7    475.1
     1     1    11     9     6     8     0     2  -272.0  -15.587  -18.416   6254.3    474.6
     1     1    11     9     6     7     0     1  -273.0  -15.825  -18.600   6252.2    474.4
     1     1    11     9     6     6     0     0  -274.0  -16.084  -18.796   6238.6    475.1
     1     1    11     9     6     5     0     1  -275.0  -16.362  -19.010   6233.9    476.6
     1     1    11     9     6     4     0     2  -276.0  -16.664  -19.252   6262.4    475.1
     1     1    11     9     6     3     0     3  -277.0  -16.990  -19.519   6331.2    471.1
     1     1    11     9     6     2     0     2  -278.0  -17.352  -19.818   6448.4    464.3
     1     1    11     9     6     1     0     1  -279.0  -17.766  -20.153   6635.4    453.6
     1     1    11     9     6     0     0     0  -280.0  -18.235  -20.506   6878.4    437.6
     1     1    11     9     5    23     0     1  -281.0  -18.775  -20.910   7108.0    422.1
     1     1    11     9     5    22     0     2  -282.0  -19.394  -21.378   7327.6    411.2
     1     1    11     9     5    21     0     3  -283.0  -20.081  -21.873   7611.8    396.6
     1     1    11     9     5    20     0     2  -284.0  -20.851  -22.402   7921.5    376.0
     1     1    11     9     5    19     0     1  -285.0  -21.712  -22.959   8175.9    363.0
     1     1    11     9     5    18     0     0  -286.0  -22.660  -23.510   8429.6    350.5
     1     1    11     9     5    17     0     1  -287.0  -23.750  -24.075   8727.2    334.1
     1     1    11     9     5    16     0     2  -288.0  -25.003  -24.627   9009.6    319.2
     1     1    11     9     5    15     0     3  -289.0  -26.347  -25.099   9257.4    306.4
     1     1    11     9     5    14     0     2  -290.0  -27.821  -25.510   9497.3    295.5
     1     1    11     9     5    13     0     1  -291.0  -29.409  -25.869   9735.1    283.6
     1     1    11     9     5    12     0     0  -292.0  -31.036  -26.212   9882.9    276.9
     1     1    11     9     5    11     0     1  -293.0  -32.721  -26.644  10029.8    269.8
     1     1    11     9     5    10     0     2  -294.0  -34.428  -27.185  10177.6    263.3
