     3     1
    GDAS    11     8     8     0     0
    GDAS    11     8    15     0     0
    GDAS    11     8    22     0     0
     1 BACKWARD OMEGA   
  2011     8    23    16   -8.880  -56.770  1828.8
     1 PRESSURE
     1     1    11     8    23    16     0     2     0.0   -8.880  -56.770   1828.8    801.7
     1     1    11     8    23    15     0     3    -1.0   -8.908  -56.461   1880.1    794.2
     1     1    11     8    23    14     0     2    -2.0   -8.913  -56.143   1910.3    788.5
     1     1    11     8    23    13     0     1    -3.0   -8.927  -55.837   1905.8    783.6
     1     1    11     8    23    12     0     0    -4.0   -8.951  -55.545   1849.7    784.1
     1     1    11     8    23    11     0     1    -5.0   -8.965  -55.268   1748.6    789.1
     1     1    11     8    23    10     0     2    -6.0   -8.980  -55.008   1604.1    796.9
     1     1    11     8    23     9     0     3    -7.0   -9.028  -54.741   1430.9    816.5
     1     1    11     8    23     8     0     2    -8.0   -9.079  -54.463   1291.6    835.7
     1     1    11     8    23     7     0     1    -9.0   -9.123  -54.199   1196.7    843.9
     1     1    11     8    23     6     0     0   -10.0   -9.212  -53.963   1106.1    851.8
     1     1    11     8    23     5     0     1   -11.0   -9.319  -53.742   1026.4    862.1
     1     1    11     8    23     4     0     2   -12.0   -9.397  -53.529    954.9    868.6
     1     1    11     8    23     3     0     3   -13.0   -9.483  -53.338    866.6    878.9
     1     1    11     8    23     2     0     2   -14.0   -9.585  -53.172    778.4    891.7
     1     1    11     8    23     1     0     1   -15.0   -9.691  -53.039    707.4    901.8
     1     1    11     8    23     0     0     0   -16.0   -9.795  -52.944    657.4    909.4
     1     1    11     8    22    23     0     1   -17.0   -9.889  -52.868    632.8    913.6
     1     1    11     8    22    22     0     2   -18.0   -9.969  -52.787    633.0    914.0
     1     1    11     8    22    21     0     3   -19.0  -10.035  -52.707    650.4    911.6
     1     1    11     8    22    20     0     2   -20.0  -10.091  -52.625    667.6    908.3
     1     1    11     8    22    19     0     1   -21.0  -10.140  -52.535    671.9    908.1
     1     1    11     8    22    18     0     0   -22.0  -10.180  -52.443    670.3    908.6
     1     1    11     8    22    17     0     1   -23.0  -10.218  -52.344    664.1    909.8
     1     1    11     8    22    16     0     2   -24.0  -10.256  -52.232    654.1    911.8
     1     1    11     8    22    15     0     3   -25.0  -10.291  -52.109    645.1    913.6
     1     1    11     8    22    14     0     2   -26.0  -10.345  -51.967    632.0    913.9
     1     1    11     8    22    13     0     1   -27.0  -10.437  -51.799    605.6    916.3
     1     1    11     8    22    12     0     0   -28.0  -10.557  -51.607    567.2    920.5
     1     1    11     8    22    11     0     1   -29.0  -10.680  -51.422    521.3    925.8
     1     1    11     8    22    10     0     2   -30.0  -10.804  -51.266    476.1    931.8
     1     1    11     8    22     9     0     3   -31.0  -10.949  -51.138    443.4    937.2
     1     1    11     8    22     8     0     2   -32.0  -11.109  -51.026    418.5    939.2
     1     1    11     8    22     7     0     1   -33.0  -11.264  -50.925    386.6    941.4
     1     1    11     8    22     6     0     0   -34.0  -11.418  -50.834    346.7    945.3
     1     1    11     8    22     5     0     1   -35.0  -11.580  -50.749    308.3    950.4
     1     1    11     8    22     4     0     2   -36.0  -11.747  -50.661    277.7    954.3
     1     1    11     8    22     3     0     3   -37.0  -11.910  -50.573    257.0    956.7
     1     1    11     8    22     2     0     2   -38.0  -12.058  -50.483    249.7    956.9
     1     1    11     8    22     1     0     1   -39.0  -12.185  -50.386    254.3    954.4
     1     1    11     8    22     0     0     0   -40.0  -12.291  -50.268    266.2    951.1
     1     1    11     8    21    23     0     1   -41.0  -12.371  -50.124    275.4    946.3
     1     1    11     8    21    22     0     2   -42.0  -12.426  -49.971    271.3    943.6
     1     1    11     8    21    21     0     3   -43.0  -12.467  -49.832    256.5    943.5
     1     1    11     8    21    20     0     2   -44.0  -12.508  -49.711    243.2    944.3
     1     1    11     8    21    19     0     1   -45.0  -12.552  -49.595    238.4    943.4
     1     1    11     8    21    18     0     0   -46.0  -12.601  -49.483    239.4    942.2
     1     1    11     8    21    17     0     1   -47.0  -12.647  -49.370    243.2    941.6
     1     1    11     8    21    16     0     2   -48.0  -12.683  -49.249    246.5    941.5
     1     1    11     8    21    15     0     3   -49.0  -12.708  -49.119    247.5    941.7
     1     1    11     8    21    14     0     2   -50.0  -12.728  -48.978    245.6    941.9
     1     1    11     8    21    13     0     1   -51.0  -12.751  -48.828    242.5    943.2
     1     1    11     8    21    12     0     0   -52.0  -12.775  -48.671    239.1    944.7
     1     1    11     8    21    11     0     1   -53.0  -12.797  -48.506    237.6    945.4
     1     1    11     8    21    10     0     2   -54.0  -12.817  -48.329    241.5    945.7
     1     1    11     8    21     9     0     3   -55.0  -12.843  -48.144    253.8    945.4
     1     1    11     8    21     8     0     2   -56.0  -12.877  -47.953    271.9    943.1
     1     1    11     8    21     7     0     1   -57.0  -12.919  -47.762    284.4    935.5
     1     1    11     8    21     6     0     0   -58.0  -12.968  -47.573    286.3    929.7
     1     1    11     8    21     5     0     1   -59.0  -13.021  -47.395    283.5    925.4
     1     1    11     8    21     4     0     2   -60.0  -13.078  -47.232    277.8    921.0
     1     1    11     8    21     3     0     3   -61.0  -13.133  -47.071    263.3    918.1
     1     1    11     8    21     2     0     2   -62.0  -13.197  -46.919    234.0    916.7
     1     1    11     8    21     1     0     1   -63.0  -13.274  -46.793    197.2    918.0
     1     1    11     8    21     0     0     0   -64.0  -13.351  -46.686    165.5    918.8
     1     1    11     8    20    23     0     1   -65.0  -13.416  -46.586    139.3    918.4
     1     1    11     8    20    22     0     2   -66.0  -13.463  -46.488    114.9    917.2
     1     1    11     8    20    21     0     3   -67.0  -13.496  -46.392     90.7    916.3
     1     1    11     8    20    20     0     2   -68.0  -13.520  -46.300     69.6    916.6
     1     1    11     8    20    19     0     1   -69.0  -13.539  -46.215     53.5    916.4
     1     1    11     8    20    18     0     0   -70.0  -13.557  -46.136     41.1    915.4
     1     1    11     8    20    17     0     1   -71.0  -13.565  -46.057     31.7    914.6
     1     1    11     8    20    16     0     2   -72.0  -13.550  -45.972     25.2    914.5
     1     1    11     8    20    15     0     3   -73.0  -13.517  -45.885     21.0    916.9
     1     1    11     8    20    14     0     2   -74.0  -13.471  -45.790     18.1    919.1
     1     1    11     8    20    13     0     1   -75.0  -13.418  -45.684     15.7    921.4
     1     1    11     8    20    12     0     0   -76.0  -13.359  -45.568     13.4    924.0
     1     1    11     8    20    11     0     1   -77.0  -13.306  -45.454     11.4    925.8
     1     1    11     8    20    10     0     2   -78.0  -13.264  -45.348      9.8    927.4
     1     1    11     8    20     9     0     3   -79.0  -13.232  -45.249      8.5    928.6
     1     1    11     8    20     8     0     2   -80.0  -13.207  -45.154      7.0    929.9
     1     1    11     8    20     7     0     1   -81.0  -13.184  -45.061      4.6    931.2
     1     1    11     8    20     6     0     0   -82.0  -13.162  -44.969      1.2    932.5
     1     1    11     8    20     5     0     1   -83.0  -13.144  -44.877      0.0    933.8
     1     1    11     8    20     4     0     2   -84.0  -13.133  -44.783      0.0    935.3
     1     1    11     8    20     3     0     3   -85.0  -13.126  -44.687      0.0    936.8
     1     1    11     8    20     2     0     2   -86.0  -13.120  -44.594      0.0    938.1
     1     1    11     8    20     1     0     1   -87.0  -13.113  -44.508      0.0    939.2
     1     1    11     8    20     0     0     0   -88.0  -13.105  -44.426      0.0    940.3
     1     1    11     8    19    23     0     1   -89.0  -13.098  -44.348      0.0    940.4
     1     1    11     8    19    22     0     2   -90.0  -13.098  -44.277      0.0    940.4
     1     1    11     8    19    21     0     3   -91.0  -13.105  -44.212      0.0    940.4
     1     1    11     8    19    20     0     2   -92.0  -13.115  -44.151      0.0    942.4
     1     1    11     8    19    19     0     1   -93.0  -13.120  -44.088      0.0    944.4
     1     1    11     8    19    18     0     0   -94.0  -13.123  -44.024      0.0    946.5
     1     1    11     8    19    17     0     1   -95.0  -13.121  -43.950      0.0    946.7
     1     1    11     8    19    16     0     2   -96.0  -13.111  -43.859      0.0    946.1
     1     1    11     8    19    15     0     3   -97.0  -13.094  -43.750      0.0    945.1
     1     1    11     8    19    14     0     2   -98.0  -13.066  -43.628      0.6    944.4
     1     1    11     8    19    13     0     1   -99.0  -13.026  -43.497      3.4    943.4
     1     1    11     8    19    12     0     0  -100.0  -12.974  -43.354      9.0    942.6
     1     1    11     8    19    11     0     1  -101.0  -12.922  -43.207     23.0    939.4
     1     1    11     8    19    10     0     2  -102.0  -12.876  -43.051     71.5    934.4
     1     1    11     8    19     9     0     3  -103.0  -12.823  -42.847    205.1    916.0
     1     1    11     8    19     8     0     2  -104.0  -12.755  -42.562    404.2    881.4
     1     1    11     8    19     7     0     1  -105.0  -12.692  -42.240    587.9    847.6
     1     1    11     8    19     6     0     0  -106.0  -12.650  -41.925    724.8    827.7
     1     1    11     8    19     5     0     1  -107.0  -12.626  -41.616    799.7    833.7
     1     1    11     8    19     4     0     2  -108.0  -12.615  -41.309    774.9    849.1
     1     1    11     8    19     3     0     3  -109.0  -12.615  -40.995    624.9    877.6
     1     1    11     8    19     2     0     2  -110.0  -12.635  -40.683    441.2    910.9
     1     1    11     8    19     1     0     1  -111.0  -12.678  -40.385    330.9    925.0
     1     1    11     8    19     0     0     0  -112.0  -12.750  -40.088    301.5    929.8
     1     1    11     8    18    23     0     1  -113.0  -12.844  -39.789    335.7    930.0
     1     1    11     8    18    22     0     2  -114.0  -12.947  -39.503    378.2    934.4
     1     1    11     8    18    21     0     3  -115.0  -13.062  -39.237    382.8    945.3
     1     1    11     8    18    20     0     2  -116.0  -13.190  -39.000    329.3    963.1
     1     1    11     8    18    19     0     1  -117.0  -13.316  -38.793    252.6    979.3
     1     1    11     8    18    18     0     0  -118.0  -13.424  -38.604    195.4    988.0
     1     1    11     8    18    17     0     1  -119.0  -13.506  -38.424    154.8    994.9
     1     1    11     8    18    16     0     2  -120.0  -13.559  -38.244    125.8    999.9
     1     1    11     8    18    15     0     3  -121.0  -13.587  -38.053    105.4   1004.0
     1     1    11     8    18    14     0     2  -122.0  -13.606  -37.850     91.3   1006.0
     1     1    11     8    18    13     0     1  -123.0  -13.634  -37.639     80.6   1007.1
     1     1    11     8    18    12     0     0  -124.0  -13.673  -37.425     71.1   1008.3
     1     1    11     8    18    11     0     1  -125.0  -13.717  -37.210     62.2   1009.0
     1     1    11     8    18    10     0     2  -126.0  -13.764  -36.994     53.8   1009.7
     1     1    11     8    18     9     0     3  -127.0  -13.815  -36.774     46.1   1009.9
     1     1    11     8    18     8     0     2  -128.0  -13.862  -36.552     39.3   1010.5
     1     1    11     8    18     7     0     1  -129.0  -13.905  -36.331     32.9   1010.9
     1     1    11     8    18     6     0     0  -130.0  -13.946  -36.109     26.7   1011.5
     1     1    11     8    18     5     0     1  -131.0  -13.992  -35.877     21.8   1013.5
     1     1    11     8    18     4     0     2  -132.0  -14.042  -35.628     18.7   1015.2
     1     1    11     8    18     3     0     3  -133.0  -14.098  -35.367     16.0   1016.8
     1     1    11     8    18     2     0     2  -134.0  -14.166  -35.103     13.6   1017.1
     1     1    11     8    18     1     0     1  -135.0  -14.246  -34.843     11.9   1017.3
     1     1    11     8    18     0     0     0  -136.0  -14.340  -34.587     11.0   1017.3
     1     1    11     8    17    23     0     1  -137.0  -14.438  -34.332     10.7   1017.1
     1     1    11     8    17    22     0     2  -138.0  -14.535  -34.076     10.7   1016.9
     1     1    11     8    17    21     0     3  -139.0  -14.633  -33.819     10.9   1016.6
     1     1    11     8    17    20     0     2  -140.0  -14.727  -33.556     11.2   1016.3
     1     1    11     8    17    19     0     1  -141.0  -14.817  -33.280     11.2   1016.1
     1     1    11     8    17    18     0     0  -142.0  -14.906  -32.989     11.2   1015.9
     1     1    11     8    17    17     0     1  -143.0  -15.000  -32.698     10.9   1016.2
     1     1    11     8    17    16     0     2  -144.0  -15.098  -32.424     10.3   1016.6
     1     1    11     8    17    15     0     3  -145.0  -15.201  -32.162      9.6   1016.9
     1     1    11     8    17    14     0     2  -146.0  -15.308  -31.905      9.0   1017.1
     1     1    11     8    17    13     0     1  -147.0  -15.419  -31.646      8.7   1017.2
     1     1    11     8    17    12     0     0  -148.0  -15.536  -31.384      8.6   1017.4
     1     1    11     8    17    11     0     1  -149.0  -15.655  -31.125      8.6   1017.6
     1     1    11     8    17    10     0     2  -150.0  -15.770  -30.872      8.8   1017.8
     1     1    11     8    17     9     0     3  -151.0  -15.882  -30.625      9.2   1018.0
     1     1    11     8    17     8     0     2  -152.0  -15.988  -30.376      9.9   1017.1
     1     1    11     8    17     7     0     1  -153.0  -16.087  -30.118     10.9   1016.3
     1     1    11     8    17     6     0     0  -154.0  -16.179  -29.851     12.2   1015.6
     1     1    11     8    17     5     0     1  -155.0  -16.269  -29.578     13.3   1016.8
     1     1    11     8    17     4     0     2  -156.0  -16.362  -29.303     13.9   1017.9
     1     1    11     8    17     3     0     3  -157.0  -16.456  -29.028     14.0   1018.8
     1     1    11     8    17     2     0     2  -158.0  -16.555  -28.754     14.2   1018.8
     1     1    11     8    17     1     0     1  -159.0  -16.663  -28.481     14.8   1018.8
     1     1    11     8    17     0     0     0  -160.0  -16.773  -28.208     15.8   1019.1
     1     1    11     8    16    23     0     1  -161.0  -16.887  -27.938     16.9   1018.6
     1     1    11     8    16    22     0     2  -162.0  -17.006  -27.673     17.9   1017.9
     1     1    11     8    16    21     0     3  -163.0  -17.128  -27.409     18.8   1017.0
     1     1    11     8    16    20     0     2  -164.0  -17.251  -27.145     20.1   1017.2
     1     1    11     8    16    19     0     1  -165.0  -17.378  -26.880     21.8   1017.2
     1     1    11     8    16    18     0     0  -166.0  -17.512  -26.615     23.6   1017.2
     1     1    11     8    16    17     0     1  -167.0  -17.648  -26.351     25.3   1017.3
     1     1    11     8    16    16     0     2  -168.0  -17.784  -26.094     26.3   1017.6
     1     1    11     8    16    15     0     3  -169.0  -17.923  -25.844     26.6   1017.9
     1     1    11     8    16    14     0     2  -170.0  -18.063  -25.600     26.6   1018.3
     1     1    11     8    16    13     0     1  -171.0  -18.208  -25.360     26.6   1018.7
     1     1    11     8    16    12     0     0  -172.0  -18.360  -25.129     26.6   1019.1
     1     1    11     8    16    11     0     1  -173.0  -18.518  -24.908     26.7   1018.2
     1     1    11     8    16    10     0     2  -174.0  -18.680  -24.692     26.8   1017.3
     1     1    11     8    16     9     0     3  -175.0  -18.841  -24.484     27.1   1016.4
     1     1    11     8    16     8     0     2  -176.0  -18.996  -24.287     27.5   1016.5
     1     1    11     8    16     7     0     1  -177.0  -19.144  -24.099     28.4   1016.6
     1     1    11     8    16     6     0     0  -178.0  -19.286  -23.920     29.9   1016.6
     1     1    11     8    16     5     0     1  -179.0  -19.426  -23.747     31.3   1016.6
     1     1    11     8    16     4     0     2  -180.0  -19.570  -23.578     32.2   1016.7
     1     1    11     8    16     3     0     3  -181.0  -19.717  -23.415     32.9   1016.9
     1     1    11     8    16     2     0     2  -182.0  -19.868  -23.254     33.2   1016.9
     1     1    11     8    16     1     0     1  -183.0  -20.022  -23.092     33.3   1017.0
     1     1    11     8    16     0     0     0  -184.0  -20.178  -22.930     33.4   1017.1
     1     1    11     8    15    23     0     1  -185.0  -20.337  -22.778     33.8   1017.1
     1     1    11     8    15    22     0     2  -186.0  -20.499  -22.646     35.1   1016.9
     1     1    11     8    15    21     0     3  -187.0  -20.662  -22.532     37.4   1016.6
     1     1    11     8    15    20     0     2  -188.0  -20.816  -22.435     40.2   1016.2
     1     1    11     8    15    19     0     1  -189.0  -20.950  -22.350     43.0   1016.1
     1     1    11     8    15    18     0     0  -190.0  -21.065  -22.278     45.8   1016.0
     1     1    11     8    15    17     0     1  -191.0  -21.171  -22.214     48.2   1014.9
     1     1    11     8    15    16     0     2  -192.0  -21.277  -22.155     49.6   1013.9
     1     1    11     8    15    15     0     3  -193.0  -21.383  -22.101     50.1   1012.9
     1     1    11     8    15    14     0     2  -194.0  -21.487  -22.052     50.3   1013.9
     1     1    11     8    15    13     0     1  -195.0  -21.591  -22.009     51.1   1014.9
     1     1    11     8    15    12     0     0  -196.0  -21.695  -21.972     52.4   1016.0
     1     1    11     8    15    11     0     1  -197.0  -21.796  -21.949     54.2   1015.0
     1     1    11     8    15    10     0     2  -198.0  -21.888  -21.943     56.7   1013.9
     1     1    11     8    15     9     0     3  -199.0  -21.971  -21.955     60.1   1012.6
     1     1    11     8    15     8     0     2  -200.0  -22.050  -21.977     64.4   1012.0
     1     1    11     8    15     7     0     1  -201.0  -22.129  -22.004     69.1   1011.3
     1     1    11     8    15     6     0     0  -202.0  -22.206  -22.033     74.2   1010.5
     1     1    11     8    15     5     0     1  -203.0  -22.272  -22.063     78.7   1010.0
     1     1    11     8    15     4     0     2  -204.0  -22.322  -22.091     81.5   1009.8
     1     1    11     8    15     3     0     3  -205.0  -22.354  -22.115     82.4   1009.9
     1     1    11     8    15     2     0     2  -206.0  -22.373  -22.133     82.4   1010.2
     1     1    11     8    15     1     0     1  -207.0  -22.379  -22.143     82.4   1010.3
     1     1    11     8    15     0     0     0  -208.0  -22.374  -22.142     82.4   1010.3
     1     1    11     8    14    23     0     1  -209.0  -22.366  -22.133     83.2   1009.7
     1     1    11     8    14    22     0     2  -210.0  -22.363  -22.117     85.6   1008.9
     1     1    11     8    14    21     0     3  -211.0  -22.366  -22.094     89.8   1007.8
     1     1    11     8    14    20     0     2  -212.0  -22.370  -22.066     94.1   1007.0
     1     1    11     8    14    19     0     1  -213.0  -22.374  -22.038     96.8   1006.5
     1     1    11     8    14    18     0     0  -214.0  -22.378  -22.009     97.8   1006.3
     1     1    11     8    14    17     0     1  -215.0  -22.386  -21.968     97.8   1006.1
     1     1    11     8    14    16     0     2  -216.0  -22.402  -21.905     97.8   1005.8
     1     1    11     8    14    15     0     3  -217.0  -22.427  -21.820     97.8   1005.5
     1     1    11     8    14    14     0     2  -218.0  -22.459  -21.724     98.1   1006.0
     1     1    11     8    14    13     0     1  -219.0  -22.498  -21.628     99.3   1006.3
     1     1    11     8    14    12     0     0  -220.0  -22.542  -21.534    101.4   1006.5
     1     1    11     8    14    11     0     1  -221.0  -22.596  -21.437    103.8   1006.2
     1     1    11     8    14    10     0     2  -222.0  -22.662  -21.337    105.3   1006.1
     1     1    11     8    14     9     0     3  -223.0  -22.741  -21.234    105.9   1006.1
     1     1    11     8    14     8     0     2  -224.0  -22.829  -21.138    107.3   1006.1
     1     1    11     8    14     7     0     1  -225.0  -22.923  -21.057    111.5   1005.7
     1     1    11     8    14     6     0     0  -226.0  -23.024  -20.992    119.1   1005.0
     1     1    11     8    14     5     0     1  -227.0  -23.131  -20.938    126.9   1003.8
     1     1    11     8    14     4     0     2  -228.0  -23.243  -20.886    131.3   1003.4
     1     1    11     8    14     3     0     3  -229.0  -23.356  -20.834    132.7   1003.4
     1     1    11     8    14     2     0     2  -230.0  -23.472  -20.785    133.3   1003.8
     1     1    11     8    14     1     0     1  -231.0  -23.590  -20.740    135.2   1004.0
     1     1    11     8    14     0     0     0  -232.0  -23.713  -20.699    138.3   1004.1
     1     1    11     8    13    23     0     1  -233.0  -23.843  -20.662    142.8   1003.1
     1     1    11     8    13    22     0     2  -234.0  -23.984  -20.626    148.3   1001.9
     1     1    11     8    13    21     0     3  -235.0  -24.138  -20.597    154.0   1000.7
     1     1    11     8    13    20     0     2  -236.0  -24.304  -20.591    159.1    999.9
     1     1    11     8    13    19     0     1  -237.0  -24.479  -20.621    163.4    999.2
     1     1    11     8    13    18     0     0  -238.0  -24.661  -20.684    167.9    998.6
     1     1    11     8    13    17     0     1  -239.0  -24.845  -20.770    173.5    997.9
     1     1    11     8    13    16     0     2  -240.0  -25.027  -20.870    180.6    997.1
     1     1    11     8    13    15     0     3  -241.0  -25.205  -20.985    189.1    996.1
     1     1    11     8    13    14     0     2  -242.0  -25.375  -21.117    198.1    995.3
     1     1    11     8    13    13     0     1  -243.0  -25.533  -21.265    206.6    994.7
     1     1    11     8    13    12     0     0  -244.0  -25.681  -21.425    214.3    994.2
     1     1    11     8    13    11     0     1  -245.0  -25.819  -21.596    222.0    993.1
     1     1    11     8    13    10     0     2  -246.0  -25.947  -21.774    229.8    991.9
     1     1    11     8    13     9     0     3  -247.0  -26.064  -21.957    236.0    990.8
     1     1    11     8    13     8     0     2  -248.0  -26.175  -22.149    241.3    990.1
     1     1    11     8    13     7     0     1  -249.0  -26.284  -22.358    246.6    989.3
     1     1    11     8    13     6     0     0  -250.0  -26.394  -22.584    251.5    988.6
     1     1    11     8    13     5     0     1  -251.0  -26.506  -22.824    255.9    988.4
     1     1    11     8    13     4     0     2  -252.0  -26.625  -23.069    260.1    988.2
     1     1    11     8    13     3     0     3  -253.0  -26.752  -23.317    264.8    987.9
     1     1    11     8    13     2     0     2  -254.0  -26.892  -23.580    272.7    987.3
     1     1    11     8    13     1     0     1  -255.0  -27.049  -23.870    287.7    985.6
     1     1    11     8    13     0     0     0  -256.0  -27.214  -24.185    306.9    982.8
     1     1    11     8    12    23     0     1  -257.0  -27.385  -24.507    323.7    980.0
     1     1    11     8    12    22     0     2  -258.0  -27.567  -24.822    336.7    977.8
     1     1    11     8    12    21     0     3  -259.0  -27.767  -25.136    348.0    976.1
     1     1    11     8    12    20     0     2  -260.0  -27.992  -25.463    359.5    974.3
     1     1    11     8    12    19     0     1  -261.0  -28.247  -25.807    371.7    972.7
     1     1    11     8    12    18     0     0  -262.0  -28.525  -26.164    388.7    970.7
     1     1    11     8    12    17     0     1  -263.0  -28.816  -26.517    411.9    968.2
     1     1    11     8    12    16     0     2  -264.0  -29.113  -26.852    439.7    965.5
     1     1    11     8    12    15     0     3  -265.0  -29.418  -27.170    470.5    961.8
     1     1    11     8    12    14     0     2  -266.0  -29.740  -27.454    502.8    958.2
     1     1    11     8    12    13     0     1  -267.0  -30.088  -27.690    538.5    954.3
     1     1    11     8    12    12     0     0  -268.0  -30.454  -27.874    575.8    950.1
     1     1    11     8    12    11     0     1  -269.0  -30.838  -28.000    612.3    945.8
     1     1    11     8    12    10     0     2  -270.0  -31.245  -28.055    647.0    941.4
     1     1    11     8    12     9     0     3  -271.0  -31.671  -28.028    674.5    937.5
     1     1    11     8    12     8     0     2  -272.0  -32.097  -27.922    694.6    935.7
     1     1    11     8    12     7     0     1  -273.0  -32.505  -27.742    722.2    933.8
     1     1    11     8    12     6     0     0  -274.0  -32.893  -27.502    770.6    929.4
     1     1    11     8    12     5     0     1  -275.0  -33.247  -27.200    827.9    922.1
     1     1    11     8    12     4     0     2  -276.0  -33.555  -26.825    884.0    918.1
     1     1    11     8    12     3     0     3  -277.0  -33.804  -26.393    945.5    911.9
     1     1    11     8    12     2     0     2  -278.0  -33.999  -25.926    991.9    905.1
     1     1    11     8    12     1     0     1  -279.0  -34.155  -25.426   1018.8    904.1
     1     1    11     8    12     0     0     0  -280.0  -34.279  -24.890   1039.1    902.5
     1     1    11     8    11    23     0     1  -281.0  -34.376  -24.340   1064.6    901.5
     1     1    11     8    11    22     0     2  -282.0  -34.440  -23.801   1099.3    897.4
     1     1    11     8    11    21     0     3  -283.0  -34.474  -23.291   1126.7    894.2
     1     1    11     8    11    20     0     2  -284.0  -34.494  -22.805   1137.6    893.0
     1     1    11     8    11    19     0     1  -285.0  -34.518  -22.325   1136.4    893.5
     1     1    11     8    11    18     0     0  -286.0  -34.549  -21.849   1130.7    894.3
     1     1    11     8    11    17     0     1  -287.0  -34.587  -21.393   1127.5    895.5
     1     1    11     8    11    16     0     2  -288.0  -34.635  -20.971   1126.7    895.4
     1     1    11     8    11    15     0     3  -289.0  -34.703  -20.585   1123.2    896.2
     1     1    11     8    11    14     0     2  -290.0  -34.793  -20.229   1122.5    896.8
     1     1    11     8    11    13     0     1  -291.0  -34.905  -19.901   1129.9    896.1
     1     1    11     8    11    12     0     0  -292.0  -35.040  -19.611   1147.0    894.5
     1     1    11     8    11    11     0     1  -293.0  -35.201  -19.364   1181.3    891.3
     1     1    11     8    11    10     0     2  -294.0  -35.391  -19.168   1235.8    884.5
     1     1    11     8    11     9     0     3  -295.0  -35.611  -19.024   1308.1    876.2
     1     1    11     8    11     8     0     2  -296.0  -35.850  -18.929   1399.5    866.1
     1     1    11     8    11     7     0     1  -297.0  -36.097  -18.884   1516.1    853.7
     1     1    11     8    11     6     0     0  -298.0  -36.350  -18.896   1641.0    837.5
     1     1    11     8    11     5     0     1  -299.0  -36.619  -18.957   1740.4    825.3
     1     1    11     8    11     4     0     2  -300.0  -36.919  -19.054   1821.1    818.8
     1     1    11     8    11     3     0     3  -301.0  -37.248  -19.178   1920.3    809.4
     1     1    11     8    11     2     0     2  -302.0  -37.605  -19.337   2025.4    795.3
     1     1    11     8    11     1     0     1  -303.0  -37.991  -19.545   2126.4    786.1
     1     1    11     8    11     0     0     0  -304.0  -38.413  -19.804   2246.1    774.1
     1     1    11     8    10    23     0     1  -305.0  -38.850  -20.104   2375.6    759.5
     1     1    11     8    10    22     0     2  -306.0  -39.267  -20.457   2495.3    746.7
     1     1    11     8    10    21     0     3  -307.0  -39.667  -20.864   2580.5    736.2
     1     1    11     8    10    20     0     2  -308.0  -40.063  -21.306   2638.2    732.6
     1     1    11     8    10    19     0     1  -309.0  -40.470  -21.774   2699.0    725.9
     1     1    11     8    10    18     0     0  -310.0  -40.896  -22.267   2733.5    719.0
     1     1    11     8    10    17     0     1  -311.0  -41.327  -22.776   2753.0    720.1
     1     1    11     8    10    16     0     2  -312.0  -41.751  -23.314   2768.5    714.8
     1     1    11     8    10    15     0     3  -313.0  -42.159  -23.888   2767.7    715.9
     1     1    11     8    10    14     0     2  -314.0  -42.559  -24.478   2798.4    715.4
     1     1    11     8    10    13     0     1  -315.0  -42.968  -25.079   2861.9    706.1
     1     1    11     8    10    12     0     0  -316.0  -43.383  -25.699   2904.6    699.3
     1     1    11     8    10    11     0     1  -317.0  -43.821  -26.280   2929.2    699.4
     1     1    11     8    10    10     0     2  -318.0  -44.295  -26.789   2968.4    696.2
     1     1    11     8    10     9     0     3  -319.0  -44.782  -27.262   3026.9    690.6
     1     1    11     8    10     8     0     2  -320.0  -45.267  -27.739   3082.7    682.9
     1     1    11     8    10     7     0     1  -321.0  -45.752  -28.234   3111.6    679.4
     1     1    11     8    10     6     0     0  -322.0  -46.231  -28.749   3112.8    678.9
     1     1    11     8    10     5     0     1  -323.0  -46.696  -29.281   3113.5    681.3
     1     1    11     8    10     4     0     2  -324.0  -47.148  -29.836   3137.7    678.9
     1     1    11     8    10     3     0     3  -325.0  -47.593  -30.419   3177.8    674.6
     1     1    11     8    10     2     0     2  -326.0  -48.045  -31.006   3214.6    670.0
     1     1    11     8    10     1     0     1  -327.0  -48.503  -31.590   3236.6    668.0
     1     1    11     8    10     0     0     0  -328.0  -48.950  -32.190   3243.1    667.1
     1     1    11     8     9    23     0     1  -329.0  -49.400  -32.781   3239.1    668.2
     1     1    11     8     9    22     0     2  -330.0  -49.875  -33.342   3245.1    668.9
     1     1    11     8     9    21     0     3  -331.0  -50.367  -33.895   3266.0    666.2
     1     1    11     8     9    20     0     2  -332.0  -50.871  -34.457   3269.2    663.5
     1     1    11     8     9    19     0     1  -333.0  -51.372  -35.030   3253.0    666.9
     1     1    11     8     9    18     0     0  -334.0  -51.863  -35.601   3247.7    668.0
     1     1    11     8     9    17     0     1  -335.0  -52.350  -36.141   3246.7    666.7
     1     1    11     8     9    16     0     2  -336.0  -52.836  -36.652   3240.3    667.9
