     3     1
    GDAS    11     9     1     0     0
    GDAS    11     9     8     0     0
    GDAS    11     9    15     0     0
     1 BACKWARD OMEGA   
  2011     9    17    16   -8.890  -56.880  1828.8
     1 PRESSURE
     1     1    11     9    17    16     0     2     0.0   -8.890  -56.880   1828.8    802.6
     1     1    11     9    17    15     0     3    -1.0   -8.841  -56.689   1828.7    802.4
     1     1    11     9    17    14     0     2    -2.0   -8.779  -56.467   1825.1    795.8
     1     1    11     9    17    13     0     1    -3.0   -8.708  -56.199   1773.6    796.7
     1     1    11     9    17    12     0     0    -4.0   -8.629  -55.886   1669.5    802.3
     1     1    11     9    17    11     0     1    -5.0   -8.552  -55.561   1540.7    813.1
     1     1    11     9    17    10     0     2    -6.0   -8.482  -55.244   1410.5    823.0
     1     1    11     9    17     9     0     3    -7.0   -8.413  -54.912   1277.9    834.4
     1     1    11     9    17     8     0     2    -8.0   -8.360  -54.559   1147.2    848.5
     1     1    11     9    17     7     0     1    -9.0   -8.338  -54.195   1022.3    860.5
     1     1    11     9    17     6     0     0   -10.0   -8.344  -53.824    904.4    873.5
     1     1    11     9    17     5     0     1   -11.0   -8.361  -53.455    818.6    886.4
     1     1    11     9    17     4     0     2   -12.0   -8.380  -53.100    777.4    891.4
     1     1    11     9    17     3     0     3   -13.0   -8.405  -52.755    759.5    892.7
     1     1    11     9    17     2     0     2   -14.0   -8.439  -52.423    752.3    893.8
     1     1    11     9    17     1     0     1   -15.0   -8.481  -52.116    745.4    894.3
     1     1    11     9    17     0     0     0   -16.0   -8.529  -51.840    727.2    895.5
     1     1    11     9    16    23     0     1   -17.0   -8.577  -51.588    705.9    896.9
     1     1    11     9    16    22     0     2   -18.0   -8.617  -51.357    689.5    896.2
     1     1    11     9    16    21     0     3   -19.0   -8.647  -51.151    670.6    895.8
     1     1    11     9    16    20     0     2   -20.0   -8.667  -50.959    651.0    898.3
     1     1    11     9    16    19     0     1   -21.0   -8.674  -50.770    634.2    903.2
     1     1    11     9    16    18     0     0   -22.0   -8.669  -50.585    615.7    908.4
     1     1    11     9    16    17     0     1   -23.0   -8.657  -50.400    596.8    914.4
     1     1    11     9    16    16     0     2   -24.0   -8.645  -50.209    577.6    920.1
     1     1    11     9    16    15     0     3   -25.0   -8.634  -50.013    554.8    926.4
     1     1    11     9    16    14     0     2   -26.0   -8.619  -49.793    534.7    929.6
     1     1    11     9    16    13     0     1   -27.0   -8.601  -49.524    538.3    930.4
     1     1    11     9    16    12     0     0   -28.0   -8.584  -49.195    587.8    926.7
     1     1    11     9    16    11     0     1   -29.0   -8.571  -48.790    687.0    915.8
     1     1    11     9    16    10     0     2   -30.0   -8.560  -48.319    783.3    904.0
     1     1    11     9    16     9     0     3   -31.0   -8.557  -47.794    873.3    894.0
     1     1    11     9    16     8     0     2   -32.0   -8.573  -47.276   1045.1    868.7
     1     1    11     9    16     7     0     1   -33.0   -8.604  -46.845   1255.5    833.6
     1     1    11     9    16     6     0     0   -34.0   -8.642  -46.472   1399.6    817.1
     1     1    11     9    16     5     0     1   -35.0   -8.688  -46.114   1411.5    818.9
     1     1    11     9    16     4     0     2   -36.0   -8.750  -45.726   1334.7    831.5
     1     1    11     9    16     3     0     3   -37.0   -8.836  -45.304   1288.0    836.7
     1     1    11     9    16     2     0     2   -38.0   -8.934  -44.886   1297.1    830.6
     1     1    11     9    16     1     0     1   -39.0   -9.037  -44.496   1321.5    833.6
     1     1    11     9    16     0     0     0   -40.0   -9.157  -44.141   1384.3    835.8
     1     1    11     9    15    23     0     1   -41.0   -9.283  -43.821   1457.6    819.7
     1     1    11     9    15    22     0     2   -42.0   -9.403  -43.525   1484.5    810.5
     1     1    11     9    15    21     0     3   -43.0   -9.521  -43.253   1464.5    808.9
     1     1    11     9    15    20     0     2   -44.0   -9.638  -42.989   1402.9    813.8
     1     1    11     9    15    19     0     1   -45.0   -9.751  -42.716   1327.7    824.9
     1     1    11     9    15    18     0     0   -46.0   -9.862  -42.441   1261.2    831.8
     1     1    11     9    15    17     0     1   -47.0   -9.977  -42.161   1186.9    837.0
     1     1    11     9    15    16     0     2   -48.0  -10.107  -41.866   1098.2    842.9
     1     1    11     9    15    15     0     3   -49.0  -10.264  -41.551   1036.7    844.1
     1     1    11     9    15    14     0     2   -50.0  -10.443  -41.219   1031.9    839.2
     1     1    11     9    15    13     0     1   -51.0  -10.629  -40.880   1079.5    835.5
     1     1    11     9    15    12     0     0   -52.0  -10.815  -40.545   1153.8    837.9
     1     1    11     9    15    11     0     1   -53.0  -11.008  -40.223   1213.9    840.7
     1     1    11     9    15    10     0     2   -54.0  -11.209  -39.911   1231.9    844.0
     1     1    11     9    15     9     0     3   -55.0  -11.418  -39.595   1229.1    849.7
     1     1    11     9    15     8     0     2   -56.0  -11.630  -39.280   1246.4    852.6
     1     1    11     9    15     7     0     1   -57.0  -11.846  -38.981   1287.0    853.3
     1     1    11     9    15     6     0     0   -58.0  -12.065  -38.703   1324.1    852.4
     1     1    11     9    15     5     0     1   -59.0  -12.280  -38.443   1333.4    857.9
     1     1    11     9    15     4     0     2   -60.0  -12.488  -38.202   1320.2    865.1
     1     1    11     9    15     3     0     3   -61.0  -12.694  -37.976   1292.0    873.4
     1     1    11     9    15     2     0     2   -62.0  -12.900  -37.763   1262.9    879.9
     1     1    11     9    15     1     0     1   -63.0  -13.104  -37.567   1247.6    882.6
     1     1    11     9    15     0     0     0   -64.0  -13.308  -37.388   1248.4    882.5
     1     1    11     9    14    23     0     1   -65.0  -13.508  -37.220   1261.1    880.3
     1     1    11     9    14    22     0     2   -66.0  -13.698  -37.054   1279.6    877.6
     1     1    11     9    14    21     0     3   -67.0  -13.880  -36.889   1297.8    874.9
     1     1    11     9    14    20     0     2   -68.0  -14.044  -36.727   1308.5    873.4
     1     1    11     9    14    19     0     1   -69.0  -14.181  -36.568   1311.6    873.6
     1     1    11     9    14    18     0     0   -70.0  -14.293  -36.414   1312.4    873.6
     1     1    11     9    14    17     0     1   -71.0  -14.384  -36.262   1310.9    874.0
     1     1    11     9    14    16     0     2   -72.0  -14.458  -36.108   1306.0    874.7
     1     1    11     9    14    15     0     3   -73.0  -14.518  -35.953   1296.4    876.0
     1     1    11     9    14    14     0     2   -74.0  -14.570  -35.789   1287.3    877.6
     1     1    11     9    14    13     0     1   -75.0  -14.621  -35.614   1284.4    878.0
     1     1    11     9    14    12     0     0   -76.0  -14.671  -35.429   1289.1    877.7
     1     1    11     9    14    11     0     1   -77.0  -14.717  -35.243   1302.6    875.8
     1     1    11     9    14    10     0     2   -78.0  -14.754  -35.062   1326.0    872.8
     1     1    11     9    14     9     0     3   -79.0  -14.787  -34.888   1357.1    868.8
     1     1    11     9    14     8     0     2   -80.0  -14.819  -34.717   1385.2    864.9
     1     1    11     9    14     7     0     1   -81.0  -14.853  -34.547   1403.0    863.1
     1     1    11     9    14     6     0     0   -82.0  -14.892  -34.380   1412.6    862.2
     1     1    11     9    14     5     0     1   -83.0  -14.932  -34.216   1417.0    862.3
     1     1    11     9    14     4     0     2   -84.0  -14.974  -34.052   1418.8    862.7
     1     1    11     9    14     3     0     3   -85.0  -15.017  -33.888   1420.5    863.1
     1     1    11     9    14     2     0     2   -86.0  -15.062  -33.723   1426.3    862.8
     1     1    11     9    14     1     0     1   -87.0  -15.106  -33.556   1438.3    861.6
     1     1    11     9    14     0     0     0   -88.0  -15.152  -33.390   1455.1    859.9
     1     1    11     9    13    23     0     1   -89.0  -15.199  -33.222   1474.5    857.4
     1     1    11     9    13    22     0     2   -90.0  -15.251  -33.047   1494.6    855.0
     1     1    11     9    13    21     0     3   -91.0  -15.308  -32.866   1517.4    852.4
     1     1    11     9    13    20     0     2   -92.0  -15.362  -32.688   1539.4    849.7
     1     1    11     9    13    19     0     1   -93.0  -15.402  -32.522   1553.1    848.3
     1     1    11     9    13    18     0     0   -94.0  -15.427  -32.366   1557.1    848.0
     1     1    11     9    13    17     0     1   -95.0  -15.446  -32.209   1561.1    848.7
     1     1    11     9    13    16     0     2   -96.0  -15.465  -32.042   1573.0    847.6
     1     1    11     9    13    15     0     3   -97.0  -15.485  -31.864   1590.8    845.9
     1     1    11     9    13    14     0     2   -98.0  -15.506  -31.679   1609.1    843.9
     1     1    11     9    13    13     0     1   -99.0  -15.531  -31.491   1621.8    842.9
     1     1    11     9    13    12     0     0  -100.0  -15.559  -31.302   1626.2    842.6
     1     1    11     9    13    11     0     1  -101.0  -15.594  -31.107   1621.5    842.8
     1     1    11     9    13    10     0     2  -102.0  -15.637  -30.903   1609.7    843.7
     1     1    11     9    13     9     0     3  -103.0  -15.686  -30.691   1597.7    845.0
     1     1    11     9    13     8     0     2  -104.0  -15.742  -30.483   1595.7    845.4
     1     1    11     9    13     7     0     1  -105.0  -15.808  -30.287   1603.4    843.8
     1     1    11     9    13     6     0     0  -106.0  -15.885  -30.102   1612.1    842.2
     1     1    11     9    13     5     0     1  -107.0  -15.972  -29.922   1618.0    842.0
     1     1    11     9    13     4     0     2  -108.0  -16.064  -29.742   1622.8    842.2
     1     1    11     9    13     3     0     3  -109.0  -16.161  -29.562   1627.8    842.0
     1     1    11     9    13     2     0     2  -110.0  -16.261  -29.388   1630.8    841.8
     1     1    11     9    13     1     0     1  -111.0  -16.362  -29.227   1628.8    842.1
     1     1    11     9    13     0     0     0  -112.0  -16.466  -29.075   1619.7    843.1
     1     1    11     9    12    23     0     1  -113.0  -16.561  -28.925   1612.2    844.5
     1     1    11     9    12    22     0     2  -114.0  -16.635  -28.770   1617.5    843.8
     1     1    11     9    12    21     0     3  -115.0  -16.688  -28.615   1639.2    841.5
     1     1    11     9    12    20     0     2  -116.0  -16.725  -28.463   1670.2    837.4
     1     1    11     9    12    19     0     1  -117.0  -16.756  -28.311   1700.2    834.1
     1     1    11     9    12    18     0     0  -118.0  -16.780  -28.156   1726.2    831.3
     1     1    11     9    12    17     0     1  -119.0  -16.795  -27.989   1743.0    829.5
     1     1    11     9    12    16     0     2  -120.0  -16.799  -27.802   1746.1    829.4
     1     1    11     9    12    15     0     3  -121.0  -16.791  -27.593   1736.2    830.7
     1     1    11     9    12    14     0     2  -122.0  -16.784  -27.371   1724.0    833.1
     1     1    11     9    12    13     0     1  -123.0  -16.786  -27.146   1718.5    833.9
     1     1    11     9    12    12     0     0  -124.0  -16.797  -26.920   1719.7    834.1
     1     1    11     9    12    11     0     1  -125.0  -16.810  -26.692   1719.2    833.2
     1     1    11     9    12    10     0     2  -126.0  -16.818  -26.463   1706.8    834.1
     1     1    11     9    12     9     0     3  -127.0  -16.823  -26.226   1679.0    836.5
     1     1    11     9    12     8     0     2  -128.0  -16.830  -25.984   1647.0    840.7
     1     1    11     9    12     7     0     1  -129.0  -16.843  -25.743   1627.5    842.8
     1     1    11     9    12     6     0     0  -130.0  -16.861  -25.501   1624.6    842.8
     1     1    11     9    12     5     0     1  -131.0  -16.880  -25.258   1633.9    841.7
     1     1    11     9    12     4     0     2  -132.0  -16.895  -25.011   1651.3    840.2
     1     1    11     9    12     3     0     3  -133.0  -16.907  -24.766   1673.7    837.9
     1     1    11     9    12     2     0     2  -134.0  -16.913  -24.520   1697.2    836.0
     1     1    11     9    12     1     0     1  -135.0  -16.912  -24.272   1722.7    834.1
     1     1    11     9    12     0     0     0  -136.0  -16.901  -24.022   1753.1    831.7
     1     1    11     9    11    23     0     1  -137.0  -16.891  -23.773   1785.3    827.9
     1     1    11     9    11    22     0     2  -138.0  -16.888  -23.525   1815.4    824.8
     1     1    11     9    11    21     0     3  -139.0  -16.893  -23.274   1845.7    821.8
     1     1    11     9    11    20     0     2  -140.0  -16.901  -23.024   1875.5    818.5
     1     1    11     9    11    19     0     1  -141.0  -16.908  -22.782   1900.7    815.5
     1     1    11     9    11    18     0     0  -142.0  -16.914  -22.546   1917.7    813.5
     1     1    11     9    11    17     0     1  -143.0  -16.919  -22.306   1926.4    812.8
     1     1    11     9    11    16     0     2  -144.0  -16.924  -22.052   1930.0    812.7
     1     1    11     9    11    15     0     3  -145.0  -16.927  -21.785   1931.4    812.8
     1     1    11     9    11    14     0     2  -146.0  -16.930  -21.514   1934.2    813.1
     1     1    11     9    11    13     0     1  -147.0  -16.928  -21.242   1935.9    812.8
     1     1    11     9    11    12     0     0  -148.0  -16.923  -20.970   1927.1    813.6
     1     1    11     9    11    11     0     1  -149.0  -16.921  -20.693   1916.5    815.7
     1     1    11     9    11    10     0     2  -150.0  -16.927  -20.416   1914.7    815.5
     1     1    11     9    11     9     0     3  -151.0  -16.940  -20.141   1917.1    814.8
     1     1    11     9    11     8     0     2  -152.0  -16.955  -19.869   1917.3    814.3
     1     1    11     9    11     7     0     1  -153.0  -16.968  -19.596   1913.6    814.7
     1     1    11     9    11     6     0     0  -154.0  -16.981  -19.320   1909.5    815.0
     1     1    11     9    11     5     0     1  -155.0  -16.992  -19.040   1914.3    815.5
     1     1    11     9    11     4     0     2  -156.0  -17.003  -18.757   1936.3    813.4
     1     1    11     9    11     3     0     3  -157.0  -17.012  -18.472   1972.8    809.8
     1     1    11     9    11     2     0     2  -158.0  -17.029  -18.188   2010.8    805.4
     1     1    11     9    11     1     0     1  -159.0  -17.061  -17.906   2038.4    802.9
     1     1    11     9    11     0     0     0  -160.0  -17.108  -17.626   2053.0    801.7
     1     1    11     9    10    23     0     1  -161.0  -17.162  -17.345   2060.1    801.5
     1     1    11     9    10    22     0     2  -162.0  -17.217  -17.063   2066.1    800.7
     1     1    11     9    10    21     0     3  -163.0  -17.271  -16.781   2075.0    800.1
     1     1    11     9    10    20     0     2  -164.0  -17.325  -16.506   2089.2    798.4
     1     1    11     9    10    19     0     1  -165.0  -17.379  -16.240   2107.2    796.5
     1     1    11     9    10    18     0     0  -166.0  -17.431  -15.983   2127.8    794.3
     1     1    11     9    10    17     0     1  -167.0  -17.478  -15.727   2150.4    792.1
     1     1    11     9    10    16     0     2  -168.0  -17.519  -15.463   2175.1    789.7
     1     1    11     9    10    15     0     3  -169.0  -17.554  -15.190   2202.2    787.0
     1     1    11     9    10    14     0     2  -170.0  -17.584  -14.914   2222.7    784.7
     1     1    11     9    10    13     0     1  -171.0  -17.611  -14.641   2226.2    784.5
     1     1    11     9    10    12     0     0  -172.0  -17.635  -14.365   2211.6    786.2
     1     1    11     9    10    11     0     1  -173.0  -17.656  -14.082   2195.3    788.9
     1     1    11     9    10    10     0     2  -174.0  -17.675  -13.793   2196.0    788.8
     1     1    11     9    10     9     0     3  -175.0  -17.692  -13.503   2216.9    786.7
     1     1    11     9    10     8     0     2  -176.0  -17.709  -13.223   2247.3    782.7
     1     1    11     9    10     7     0     1  -177.0  -17.726  -12.957   2274.1    779.9
     1     1    11     9    10     6     0     0  -178.0  -17.745  -12.702   2294.9    777.6
     1     1    11     9    10     5     0     1  -179.0  -17.770  -12.458   2311.4    776.4
     1     1    11     9    10     4     0     2  -180.0  -17.808  -12.226   2325.6    775.1
     1     1    11     9    10     3     0     3  -181.0  -17.857  -12.005   2336.2    774.1
     1     1    11     9    10     2     0     2  -182.0  -17.906  -11.790   2344.4    773.8
     1     1    11     9    10     1     0     1  -183.0  -17.945  -11.577   2351.1    773.4
     1     1    11     9    10     0     0     0  -184.0  -17.976  -11.365   2354.6    773.3
     1     1    11     9     9    23     0     1  -185.0  -18.005  -11.153   2361.7    773.2
     1     1    11     9     9    22     0     2  -186.0  -18.037  -10.946   2381.6    771.3
     1     1    11     9     9    21     0     3  -187.0  -18.071  -10.746   2416.7    768.0
     1     1    11     9     9    20     0     2  -188.0  -18.107  -10.553   2459.0    763.1
     1     1    11     9     9    19     0     1  -189.0  -18.144  -10.361   2498.8    759.2
     1     1    11     9     9    18     0     0  -190.0  -18.181  -10.170   2534.9    755.7
     1     1    11     9     9    17     0     1  -191.0  -18.216   -9.982   2568.2    752.8
     1     1    11     9     9    16     0     2  -192.0  -18.245   -9.800   2599.6    749.9
     1     1    11     9     9    15     0     3  -193.0  -18.267   -9.623   2628.7    747.2
     1     1    11     9     9    14     0     2  -194.0  -18.287   -9.450   2652.2    745.2
     1     1    11     9     9    13     0     1  -195.0  -18.306   -9.277   2667.0    744.2
     1     1    11     9     9    12     0     0  -196.0  -18.323   -9.104   2672.9    744.0
     1     1    11     9     9    11     0     1  -197.0  -18.345   -8.929   2676.9    744.2
     1     1    11     9     9    10     0     2  -198.0  -18.378   -8.749   2686.6    743.4
     1     1    11     9     9     9     0     3  -199.0  -18.422   -8.567   2702.6    742.0
     1     1    11     9     9     8     0     2  -200.0  -18.476   -8.391   2720.2    739.6
     1     1    11     9     9     7     0     1  -201.0  -18.541   -8.226   2734.0    738.0
     1     1    11     9     9     6     0     0  -202.0  -18.617   -8.071   2745.3    736.7
     1     1    11     9     9     5     0     1  -203.0  -18.695   -7.930   2752.6    736.0
     1     1    11     9     9     4     0     2  -204.0  -18.769   -7.805   2753.4    736.2
     1     1    11     9     9     3     0     3  -205.0  -18.839   -7.696   2747.9    736.9
     1     1    11     9     9     2     0     2  -206.0  -18.909   -7.596   2741.3    738.1
     1     1    11     9     9     1     0     1  -207.0  -18.978   -7.504   2737.8    738.6
     1     1    11     9     9     0     0     0  -208.0  -19.047   -7.419   2736.8    738.9
     1     1    11     9     8    23     0     1  -209.0  -19.115   -7.342   2736.2    738.8
     1     1    11     9     8    22     0     2  -210.0  -19.183   -7.273   2734.9    739.0
     1     1    11     9     8    21     0     3  -211.0  -19.251   -7.209   2733.6    739.2
     1     1    11     9     8    20     0     2  -212.0  -19.317   -7.154   2741.2    738.8
     1     1    11     9     8    19     0     1  -213.0  -19.377   -7.112   2765.9    736.2
     1     1    11     9     8    18     0     0  -214.0  -19.431   -7.084   2807.2    732.0
     1     1    11     9     8    17     0     1  -215.0  -19.482   -7.064   2855.2    727.1
     1     1    11     9     8    16     0     2  -216.0  -19.534   -7.045   2900.5    723.2
     1     1    11     9     8    15     0     3  -217.0  -19.588   -7.027   2942.9    719.7
     1     1    11     9     8    14     0     2  -218.0  -19.648   -7.012   2980.9    716.3
     1     1    11     9     8    13     0     1  -219.0  -19.717   -7.003   3012.5    713.6
     1     1    11     9     8    12     0     0  -220.0  -19.797   -7.000   3036.5    711.5
     1     1    11     9     8    11     0     1  -221.0  -19.884   -7.010   3052.4    710.3
     1     1    11     9     8    10     0     2  -222.0  -19.974   -7.041   3061.2    709.7
     1     1    11     9     8     9     0     3  -223.0  -20.070   -7.095   3064.3    709.6
     1     1    11     9     8     8     0     2  -224.0  -20.162   -7.165   3068.3    709.3
     1     1    11     9     8     7     0     1  -225.0  -20.243   -7.249   3079.7    707.8
     1     1    11     9     8     6     0     0  -226.0  -20.313   -7.345   3099.2    705.7
     1     1    11     9     8     5     0     1  -227.0  -20.371   -7.446   3124.1    703.6
     1     1    11     9     8     4     0     2  -228.0  -20.414   -7.544   3151.3    701.4
     1     1    11     9     8     3     0     3  -229.0  -20.439   -7.636   3180.5    699.2
     1     1    11     9     8     2     0     2  -230.0  -20.458   -7.728   3204.5    696.7
     1     1    11     9     8     1     0     1  -231.0  -20.486   -7.822   3215.3    695.9
     1     1    11     9     8     0     0     0  -232.0  -20.523   -7.917   3211.5    696.3
     1     1    11     9     7    23     0     1  -233.0  -20.568   -8.016   3204.0    697.9
     1     1    11     9     7    22     0     2  -234.0  -20.616   -8.126   3204.1    697.9
     1     1    11     9     7    21     0     3  -235.0  -20.666   -8.247   3212.1    697.2
     1     1    11     9     7    20     0     2  -236.0  -20.718   -8.383   3227.1    695.4
     1     1    11     9     7    19     0     1  -237.0  -20.773   -8.533   3248.2    693.1
     1     1    11     9     7    18     0     0  -238.0  -20.830   -8.699   3275.8    690.3
     1     1    11     9     7    17     0     1  -239.0  -20.891   -8.877   3308.3    687.3
     1     1    11     9     7    16     0     2  -240.0  -20.954   -9.062   3344.3    684.3
     1     1    11     9     7    15     0     3  -241.0  -21.021   -9.254   3387.1    680.8
     1     1    11     9     7    14     0     2  -242.0  -21.093   -9.450   3436.2    676.6
     1     1    11     9     7    13     0     1  -243.0  -21.173   -9.650   3487.1    672.4
     1     1    11     9     7    12     0     0  -244.0  -21.264   -9.851   3536.7    668.4
     1     1    11     9     7    11     0     1  -245.0  -21.361  -10.058   3584.0    664.4
     1     1    11     9     7    10     0     2  -246.0  -21.458  -10.273   3626.6    660.7
     1     1    11     9     7     9     0     3  -247.0  -21.556  -10.500   3660.9    657.7
     1     1    11     9     7     8     0     2  -248.0  -21.663  -10.734   3678.0    655.2
     1     1    11     9     7     7     0     1  -249.0  -21.789  -10.971   3669.8    655.3
     1     1    11     9     7     6     0     0  -250.0  -21.935  -11.214   3639.9    657.4
     1     1    11     9     7     5     0     1  -251.0  -22.101  -11.456   3622.1    661.1
     1     1    11     9     7     4     0     2  -252.0  -22.289  -11.694   3646.0    659.0
     1     1    11     9     7     3     0     3  -253.0  -22.495  -11.933   3710.0    653.7
     1     1    11     9     7     2     0     2  -254.0  -22.732  -12.171   3796.8    645.2
     1     1    11     9     7     1     0     1  -255.0  -23.016  -12.403   3889.3    637.4
     1     1    11     9     7     0     0     0  -256.0  -23.351  -12.625   3981.3    629.5
     1     1    11     9     6    23     0     1  -257.0  -23.745  -12.864   4078.3    622.2
     1     1    11     9     6    22     0     2  -258.0  -24.211  -13.144   4197.6    612.9
     1     1    11     9     6    21     0     3  -259.0  -24.746  -13.461   4347.0    600.9
     1     1    11     9     6    20     0     2  -260.0  -25.329  -13.810   4535.8    586.7
     1     1    11     9     6    19     0     1  -261.0  -25.957  -14.198   4777.5    568.2
     1     1    11     9     6    18     0     0  -262.0  -26.635  -14.638   5006.0    546.5
     1     1    11     9     6    17     0     1  -263.0  -27.368  -15.092   5164.0    535.5
     1     1    11     9     6    16     0     2  -264.0  -28.170  -15.532   5286.1    528.2
     1     1    11     9     6    15     0     3  -265.0  -29.033  -15.963   5414.4    519.1
     1     1    11     9     6    14     0     2  -266.0  -29.931  -16.391   5527.1    510.3
     1     1    11     9     6    13     0     1  -267.0  -30.830  -16.814   5610.7    505.1
     1     1    11     9     6    12     0     0  -268.0  -31.738  -17.243   5715.6    498.4
     1     1    11     9     6    11     0     1  -269.0  -32.626  -17.702   5858.3    487.9
     1     1    11     9     6    10     0     2  -270.0  -33.475  -18.195   6006.5    477.7
     1     1    11     9     6     9     0     3  -271.0  -34.298  -18.690   6143.7    468.0
     1     1    11     9     6     8     0     2  -272.0  -35.086  -19.144   6295.5    458.9
     1     1    11     9     6     7     0     1  -273.0  -35.833  -19.584   6505.8    446.0
     1     1    11     9     6     6     0     0  -274.0  -36.546  -20.052   6760.2    429.3
     1     1    11     9     6     5     0     1  -275.0  -37.255  -20.531   6948.1    415.5
     1     1    11     9     6     4     0     2  -276.0  -37.942  -21.037   7041.0    410.1
     1     1    11     9     6     3     0     3  -277.0  -38.579  -21.592   7099.2    409.9
     1     1    11     9     6     2     0     2  -278.0  -39.182  -22.155   7172.9    405.3
     1     1    11     9     6     1     0     1  -279.0  -39.745  -22.751   7223.2    400.5
     1     1    11     9     6     0     0     0  -280.0  -40.238  -23.438   7210.3    400.9
     1     1    11     9     5    23     0     1  -281.0  -40.657  -24.159   7148.3    405.5
     1     1    11     9     5    22     0     2  -282.0  -40.980  -24.892   7039.4    410.9
     1     1    11     9     5    21     0     3  -283.0  -41.185  -25.696   6848.8    422.9
     1     1    11     9     5    20     0     2  -284.0  -41.313  -26.521   6652.1    436.0
     1     1    11     9     5    19     0     1  -285.0  -41.383  -27.301   6501.4    444.6
     1     1    11     9     5    18     0     0  -286.0  -41.377  -28.102   6339.9    453.7
     1     1    11     9     5    17     0     1  -287.0  -41.330  -28.891   6112.4    468.5
     1     1    11     9     5    16     0     2  -288.0  -41.232  -29.581   5896.1    483.8
     1     1    11     9     5    15     0     3  -289.0  -41.051  -30.233   5713.3    495.6
     1     1    11     9     5    14     0     2  -290.0  -40.845  -30.857   5566.7    508.1
     1     1    11     9     5    13     0     1  -291.0  -40.665  -31.445   5485.9    513.9
     1     1    11     9     5    12     0     0  -292.0  -40.490  -32.027   5419.4    515.2
     1     1    11     9     5    11     0     1  -293.0  -40.344  -32.614   5331.6    522.4
     1     1    11     9     5    10     0     2  -294.0  -40.243  -33.191   5243.1    529.1
     1     1    11     9     5     9     0     3  -295.0  -40.162  -33.766   5160.5    535.0
     1     1    11     9     5     8     0     2  -296.0  -40.095  -34.351   5073.6    540.5
     1     1    11     9     5     7     0     1  -297.0  -40.034  -34.943   4963.1    547.8
     1     1    11     9     5     6     0     0  -298.0  -39.961  -35.551   4833.4    558.2
     1     1    11     9     5     5     0     1  -299.0  -39.880  -36.178   4707.2    568.5
     1     1    11     9     5     4     0     2  -300.0  -39.793  -36.785   4609.7    577.1
     1     1    11     9     5     3     0     3  -301.0  -39.678  -37.358   4505.7    581.5
     1     1    11     9     5     2     0     2  -302.0  -39.547  -37.924   4383.7    593.6
     1     1    11     9     5     1     0     1  -303.0  -39.438  -38.492   4331.2    602.9
     1     1    11     9     5     0     0     0  -304.0  -39.338  -39.021   4365.4    596.8
     1     1    11     9     4    23     0     1  -305.0  -39.243  -39.553   4383.2    590.6
     1     1    11     9     4    22     0     2  -306.0  -39.151  -40.131   4367.9    596.7
     1     1    11     9     4    21     0     3  -307.0  -39.051  -40.651   4405.3    595.8
     1     1    11     9     4    20     0     2  -308.0  -38.947  -41.138   4448.0    587.0
     1     1    11     9     4    19     0     1  -309.0  -38.839  -41.668   4435.9    589.2
     1     1    11     9     4    18     0     0  -310.0  -38.734  -42.217   4409.4    593.2
     1     1    11     9     4    17     0     1  -311.0  -38.629  -42.765   4381.7    595.1
     1     1    11     9     4    16     0     2  -312.0  -38.501  -43.327   4357.4    598.3
     1     1    11     9     4    15     0     3  -313.0  -38.350  -43.877   4406.6    599.3
     1     1    11     9     4    14     0     2  -314.0  -38.189  -44.411   4530.3    585.8
     1     1    11     9     4    13     0     1  -315.0  -38.038  -44.975   4663.2    575.9
     1     1    11     9     4    12     0     0  -316.0  -37.899  -45.553   4803.3    566.1
     1     1    11     9     4    11     0     1  -317.0  -37.771  -46.136   4926.3    554.9
     1     1    11     9     4    10     0     2  -318.0  -37.652  -46.768   4993.8    549.0
     1     1    11     9     4     9     0     3  -319.0  -37.538  -47.439   4947.9    548.9
     1     1    11     9     4     8     0     2  -320.0  -37.423  -48.109   4814.3    563.9
     1     1    11     9     4     7     0     1  -321.0  -37.307  -48.783   4690.1    574.6
     1     1    11     9     4     6     0     0  -322.0  -37.166  -49.485   4591.4    581.8
     1     1    11     9     4     5     0     1  -323.0  -36.990  -50.205   4533.0    587.4
     1     1    11     9     4     4     0     2  -324.0  -36.802  -50.948   4462.7    588.2
     1     1    11     9     4     3     0     3  -325.0  -36.604  -51.683   4342.5    600.3
     1     1    11     9     4     2     0     2  -326.0  -36.373  -52.358   4245.9    609.2
     1     1    11     9     4     1     0     1  -327.0  -36.120  -53.006   4214.6    613.5
     1     1    11     9     4     0     0     0  -328.0  -35.865  -53.672   4194.8    608.9
     1     1    11     9     3    23     0     1  -329.0  -35.601  -54.340   4141.0    615.9
     1     1    11     9     3    22     0     2  -330.0  -35.349  -54.991   4123.0    618.5
     1     1    11     9     3    21     0     3  -331.0  -35.127  -55.677   4100.9    615.0
     1     1    11     9     3    20     0     2  -332.0  -34.886  -56.394   4029.9    621.2
     1     1    11     9     3    19     0     1  -333.0  -34.615  -57.103   3967.3    625.5
     1     1    11     9     3    18     0     0  -334.0  -34.349  -57.826   3861.2    626.3
     1     1    11     9     3    17     0     1  -335.0  -34.073  -58.539   3721.1    647.0
     1     1    11     9     3    16     0     2  -336.0  -33.799  -59.250   3639.2    655.5
