     3     1
    GDAS    11    10     8     0     0
    GDAS    11    10    15     0     0
    GDAS    11    10    22     0     0
     1 BACKWARD OMEGA   
  2011    10    24    15   -8.850  -56.750  3505.2
     1 PRESSURE
     1     1    11    10    24    15     0     3     0.0   -8.850  -56.750   3505.2    654.3
     1     1    11    10    24    14     0     2    -1.0   -8.624  -56.593   3399.2    661.7
     1     1    11    10    24    13     0     1    -2.0   -8.402  -56.432   3362.1    659.3
     1     1    11    10    24    12     0     0    -3.0   -8.181  -56.270   3365.0    654.0
     1     1    11    10    24    11     0     1    -4.0   -7.952  -56.111   3371.2    648.4
     1     1    11    10    24    10     0     2    -5.0   -7.708  -55.956   3371.4    651.8
     1     1    11    10    24     9     0     3    -6.0   -7.446  -55.804   3366.7    656.1
     1     1    11    10    24     8     0     2    -7.0   -7.177  -55.643   3363.4    660.9
     1     1    11    10    24     7     0     1    -8.0   -6.911  -55.468   3357.6    663.4
     1     1    11    10    24     6     0     0    -9.0   -6.651  -55.287   3338.2    664.8
     1     1    11    10    24     5     0     1   -10.0   -6.402  -55.101   3308.3    666.8
     1     1    11    10    24     4     0     2   -11.0   -6.165  -54.906   3289.6    669.4
     1     1    11    10    24     3     0     3   -12.0   -5.939  -54.698   3311.6    669.6
     1     1    11    10    24     2     0     2   -13.0   -5.732  -54.487   3366.6    665.4
     1     1    11    10    24     1     0     1   -14.0   -5.544  -54.287   3426.1    660.7
     1     1    11    10    24     0     0     0   -15.0   -5.368  -54.092   3465.1    657.0
     1     1    11    10    23    23     0     1   -16.0   -5.194  -53.906   3443.2    656.5
     1     1    11    10    23    22     0     2   -17.0   -5.016  -53.729   3325.8    665.4
     1     1    11    10    23    21     0     3   -18.0   -4.836  -53.562   3144.4    684.4
     1     1    11    10    23    20     0     2   -19.0   -4.663  -53.405   2992.6    703.6
     1     1    11    10    23    19     0     1   -20.0   -4.495  -53.258   2900.0    711.3
     1     1    11    10    23    18     0     0   -21.0   -4.330  -53.128   2819.2    718.3
     1     1    11    10    23    17     0     1   -22.0   -4.163  -53.019   2738.9    728.6
     1     1    11    10    23    16     0     2   -23.0   -3.990  -52.929   2676.0    736.6
     1     1    11    10    23    15     0     3   -24.0   -3.810  -52.854   2644.4    739.9
     1     1    11    10    23    14     0     2   -25.0   -3.629  -52.791   2641.4    738.6
     1     1    11    10    23    13     0     1   -26.0   -3.456  -52.736   2655.2    737.2
     1     1    11    10    23    12     0     0   -27.0   -3.287  -52.693   2686.6    734.3
     1     1    11    10    23    11     0     1   -28.0   -3.120  -52.659   2723.4    729.5
     1     1    11    10    23    10     0     2   -29.0   -2.956  -52.628   2751.7    726.6
     1     1    11    10    23     9     0     3   -30.0   -2.792  -52.598   2769.8    725.6
     1     1    11    10    23     8     0     2   -31.0   -2.629  -52.576   2770.5    725.6
     1     1    11    10    23     7     0     1   -32.0   -2.469  -52.576   2749.2    728.2
     1     1    11    10    23     6     0     0   -33.0   -2.317  -52.598   2710.1    732.3
     1     1    11    10    23     5     0     1   -34.0   -2.170  -52.638   2677.8    738.2
     1     1    11    10    23     4     0     2   -35.0   -2.027  -52.702   2670.8    739.5
     1     1    11    10    23     3     0     3   -36.0   -1.888  -52.794   2677.6    737.4
     1     1    11    10    23     2     0     2   -37.0   -1.742  -52.910   2706.8    733.5
     1     1    11    10    23     1     0     1   -38.0   -1.576  -53.046   2763.0    724.7
     1     1    11    10    23     0     0     0   -39.0   -1.394  -53.217   2828.0    714.3
     1     1    11    10    22    23     0     1   -40.0   -1.215  -53.417   2861.0    703.5
     1     1    11    10    22    22     0     2   -41.0   -1.050  -53.619   2834.1    700.5
     1     1    11    10    22    21     0     3   -42.0   -0.890  -53.814   2759.8    704.4
     1     1    11    10    22    20     0     2   -43.0   -0.744  -54.013   2769.8    713.4
     1     1    11    10    22    19     0     1   -44.0   -0.614  -54.248   2973.1    695.0
     1     1    11    10    22    18     0     0   -45.0   -0.498  -54.521   3283.3    665.2
     1     1    11    10    22    17     0     1   -46.0   -0.398  -54.833   3547.3    636.1
     1     1    11    10    22    16     0     2   -47.0   -0.314  -55.178   3750.0    625.7
     1     1    11    10    22    15     0     3   -48.0   -0.221  -55.556   3930.2    611.2
     1     1    11    10    22    14     0     2   -49.0   -0.142  -55.968   4038.8    602.4
     1     1    11    10    22    13     0     1   -50.0   -0.118  -56.383   4099.8    603.4
     1     1    11    10    22    12     0     0   -51.0   -0.115  -56.766   4147.5    603.0
     1     1    11    10    22    11     0     1   -52.0   -0.125  -57.127   4151.7    600.7
     1     1    11    10    22    10     0     2   -53.0   -0.187  -57.478   4038.3    606.2
     1     1    11    10    22     9     0     3   -54.0   -0.306  -57.820   3821.0    624.8
     1     1    11    10    22     8     0     2   -55.0   -0.462  -58.141   3656.0    648.7
     1     1    11    10    22     7     0     1   -56.0   -0.653  -58.437   3560.7    653.1
     1     1    11    10    22     6     0     0   -57.0   -0.886  -58.708   3394.9    661.2
     1     1    11    10    22     5     0     1   -58.0   -1.150  -58.973   3133.9    688.8
     1     1    11    10    22     4     0     2   -59.0   -1.411  -59.244   2901.6    714.7
     1     1    11    10    22     3     0     3   -60.0   -1.659  -59.522   2748.8    726.9
     1     1    11    10    22     2     0     2   -61.0   -1.905  -59.794   2687.0    734.4
     1     1    11    10    22     1     0     1   -62.0   -2.153  -60.045   2699.9    730.5
     1     1    11    10    22     0     0     0   -63.0   -2.398  -60.275   2715.8    728.3
     1     1    11    10    21    23     0     1   -64.0   -2.639  -60.490   2720.4    730.5
     1     1    11    10    21    22     0     2   -65.0   -2.883  -60.691   2728.6    729.6
     1     1    11    10    21    21     0     3   -66.0   -3.135  -60.881   2729.5    728.7
     1     1    11    10    21    20     0     2   -67.0   -3.389  -61.064   2730.3    730.1
     1     1    11    10    21    19     0     1   -68.0   -3.637  -61.247   2741.2    729.5
     1     1    11    10    21    18     0     0   -69.0   -3.876  -61.430   2771.7    728.0
     1     1    11    10    21    17     0     1   -70.0   -4.120  -61.605   2823.9    723.3
     1     1    11    10    21    16     0     2   -71.0   -4.383  -61.769   2850.1    717.6
     1     1    11    10    21    15     0     3   -72.0   -4.672  -61.930   2761.2    720.8
     1     1    11    10    21    14     0     2   -73.0   -4.965  -62.106   2607.1    742.1
     1     1    11    10    21    13     0     1   -74.0   -5.234  -62.287   2543.2    752.8
     1     1    11    10    21    12     0     0   -75.0   -5.484  -62.462   2584.8    745.8
     1     1    11    10    21    11     0     1   -76.0   -5.723  -62.632   2644.7    735.3
     1     1    11    10    21    10     0     2   -77.0   -5.943  -62.796   2682.6    732.5
     1     1    11    10    21     9     0     3   -78.0   -6.153  -62.950   2723.6    728.9
     1     1    11    10    21     8     0     2   -79.0   -6.353  -63.081   2763.0    723.6
     1     1    11    10    21     7     0     1   -80.0   -6.541  -63.180   2785.6    721.1
     1     1    11    10    21     6     0     0   -81.0   -6.716  -63.253   2790.5    720.3
     1     1    11    10    21     5     0     1   -82.0   -6.884  -63.304   2781.6    721.4
     1     1    11    10    21     4     0     2   -83.0   -7.051  -63.334   2759.5    723.1
     1     1    11    10    21     3     0     3   -84.0   -7.218  -63.344   2719.1    727.0
     1     1    11    10    21     2     0     2   -85.0   -7.391  -63.336   2663.6    732.0
     1     1    11    10    21     1     0     1   -86.0   -7.573  -63.316   2598.9    737.3
     1     1    11    10    21     0     0     0   -87.0   -7.763  -63.287   2526.1    743.4
     1     1    11    10    20    23     0     1   -88.0   -7.962  -63.256   2468.7    750.1
     1     1    11    10    20    22     0     2   -89.0   -8.172  -63.227   2452.3    751.4
     1     1    11    10    20    21     0     3   -90.0   -8.391  -63.198   2481.1    748.5
     1     1    11    10    20    20     0     2   -91.0   -8.612  -63.153   2543.3    742.3
     1     1    11    10    20    19     0     1   -92.0   -8.831  -63.080   2623.9    735.5
     1     1    11    10    20    18     0     0   -93.0   -9.055  -62.980   2719.5    727.0
     1     1    11    10    20    17     0     1   -94.0   -9.256  -62.879   2784.2    716.2
     1     1    11    10    20    16     0     2   -95.0   -9.418  -62.778   2796.4    715.9
     1     1    11    10    20    15     0     3   -96.0   -9.550  -62.666   2791.6    717.0
     1     1    11    10    20    14     0     2   -97.0   -9.670  -62.538   2816.1    716.4
     1     1    11    10    20    13     0     1   -98.0   -9.792  -62.400   2882.9    708.0
     1     1    11    10    20    12     0     0   -99.0   -9.918  -62.256   2942.8    699.7
     1     1    11    10    20    11     0     1  -100.0  -10.049  -62.111   2929.7    697.1
     1     1    11    10    20    10     0     2  -101.0  -10.186  -61.978   2860.6    706.3
     1     1    11    10    20     9     0     3  -102.0  -10.337  -61.853   2789.9    713.0
     1     1    11    10    20     8     0     2  -103.0  -10.502  -61.713   2714.2    717.5
     1     1    11    10    20     7     0     1  -104.0  -10.673  -61.549   2621.6    724.8
     1     1    11    10    20     6     0     0  -105.0  -10.845  -61.369   2528.9    732.7
     1     1    11    10    20     5     0     1  -106.0  -11.018  -61.187   2461.5    738.5
     1     1    11    10    20     4     0     2  -107.0  -11.194  -61.006   2402.7    740.7
     1     1    11    10    20     3     0     3  -108.0  -11.375  -60.831   2301.9    747.2
     1     1    11    10    20     2     0     2  -109.0  -11.571  -60.664   2194.6    760.2
     1     1    11    10    20     1     0     1  -110.0  -11.780  -60.503   2150.2    762.2
     1     1    11    10    20     0     0     0  -111.0  -12.001  -60.351   2185.5    755.8
     1     1    11    10    19    23     0     1  -112.0  -12.228  -60.210   2212.5    740.7
     1     1    11    10    19    22     0     2  -113.0  -12.456  -60.086   2143.0    743.0
     1     1    11    10    19    21     0     3  -114.0  -12.690  -59.977   1994.3    753.1
     1     1    11    10    19    20     0     2  -115.0  -12.926  -59.879   1847.7    772.4
     1     1    11    10    19    19     0     1  -116.0  -13.145  -59.793   1768.0    781.5
     1     1    11    10    19    18     0     0  -117.0  -13.339  -59.718   1725.1    786.6
     1     1    11    10    19    17     0     1  -118.0  -13.510  -59.644   1684.5    790.4
     1     1    11    10    19    16     0     2  -119.0  -13.663  -59.564   1637.2    795.7
     1     1    11    10    19    15     0     3  -120.0  -13.801  -59.477   1601.7    799.0
     1     1    11    10    19    14     0     2  -121.0  -13.929  -59.390   1586.0    798.0
     1     1    11    10    19    13     0     1  -122.0  -14.047  -59.309   1589.2    795.1
     1     1    11    10    19    12     0     0  -123.0  -14.151  -59.237   1615.4    791.2
     1     1    11    10    19    11     0     1  -124.0  -14.241  -59.178   1647.6    784.3
     1     1    11    10    19    10     0     2  -125.0  -14.314  -59.128   1664.5    780.9
     1     1    11    10    19     9     0     3  -126.0  -14.371  -59.078   1664.9    779.0
     1     1    11    10    19     8     0     2  -127.0  -14.419  -59.020   1666.5    779.3
     1     1    11    10    19     7     0     1  -128.0  -14.460  -58.950   1690.2    777.5
     1     1    11    10    19     6     0     0  -129.0  -14.496  -58.870   1732.3    774.6
     1     1    11    10    19     5     0     1  -130.0  -14.530  -58.788   1774.6    770.9
     1     1    11    10    19     4     0     2  -131.0  -14.569  -58.704   1800.6    770.0
     1     1    11    10    19     3     0     3  -132.0  -14.612  -58.613   1805.8    771.2
     1     1    11    10    19     2     0     2  -133.0  -14.662  -58.518   1794.6    774.6
     1     1    11    10    19     1     0     1  -134.0  -14.720  -58.430   1776.9    778.4
     1     1    11    10    19     0     0     0  -135.0  -14.787  -58.350   1758.2    782.6
     1     1    11    10    18    23     0     1  -136.0  -14.865  -58.280   1757.8    786.2
     1     1    11    10    18    22     0     2  -137.0  -14.951  -58.228   1798.0    785.3
     1     1    11    10    18    21     0     3  -138.0  -15.041  -58.204   1887.2    779.0
     1     1    11    10    18    20     0     2  -139.0  -15.125  -58.204   1984.0    767.8
     1     1    11    10    18    19     0     1  -140.0  -15.202  -58.217   2051.1    763.2
     1     1    11    10    18    18     0     0  -141.0  -15.274  -58.243   2091.1    760.6
     1     1    11    10    18    17     0     1  -142.0  -15.335  -58.267   2104.4    760.5
     1     1    11    10    18    16     0     2  -143.0  -15.375  -58.275   2097.1    762.5
     1     1    11    10    18    15     0     3  -144.0  -15.395  -58.266   2074.5    765.5
     1     1    11    10    18    14     0     2  -145.0  -15.403  -58.243   2047.2    769.1
     1     1    11    10    18    13     0     1  -146.0  -15.404  -58.210   2025.9    771.4
     1     1    11    10    18    12     0     0  -147.0  -15.397  -58.166   2010.4    773.2
     1     1    11    10    18    11     0     1  -148.0  -15.387  -58.112   1991.2    774.2
     1     1    11    10    18    10     0     2  -149.0  -15.384  -58.042   1958.2    777.8
     1     1    11    10    18     9     0     3  -150.0  -15.393  -57.955   1910.9    782.7
     1     1    11    10    18     8     0     2  -151.0  -15.417  -57.858   1870.5    789.2
     1     1    11    10    18     7     0     1  -152.0  -15.452  -57.762   1857.2    791.0
     1     1    11    10    18     6     0     0  -153.0  -15.494  -57.671   1870.2    790.5
     1     1    11    10    18     5     0     1  -154.0  -15.544  -57.583   1890.0    787.9
     1     1    11    10    18     4     0     2  -155.0  -15.607  -57.491   1896.4    788.7
     1     1    11    10    18     3     0     3  -156.0  -15.685  -57.393   1893.9    790.5
     1     1    11    10    18     2     0     2  -157.0  -15.776  -57.299   1893.4    791.8
     1     1    11    10    18     1     0     1  -158.0  -15.875  -57.220   1902.0    791.4
     1     1    11    10    18     0     0     0  -159.0  -15.980  -57.156   1919.0    790.1
     1     1    11    10    17    23     0     1  -160.0  -16.104  -57.096   1930.5    787.7
     1     1    11    10    17    22     0     2  -161.0  -16.256  -57.029   1930.5    788.7
     1     1    11    10    17    21     0     3  -162.0  -16.441  -56.963   1937.9    790.1
     1     1    11    10    17    20     0     2  -163.0  -16.642  -56.909   1978.0    790.0
     1     1    11    10    17    19     0     1  -164.0  -16.840  -56.875   2058.3    784.5
     1     1    11    10    17    18     0     0  -165.0  -17.034  -56.859   2167.9    775.6
     1     1    11    10    17    17     0     1  -166.0  -17.221  -56.868   2270.8    764.1
     1     1    11    10    17    16     0     2  -167.0  -17.402  -56.901   2340.3    758.2
     1     1    11    10    17    15     0     3  -168.0  -17.573  -56.958   2377.3    755.5
     1     1    11    10    17    14     0     2  -169.0  -17.732  -57.031   2392.8    754.9
     1     1    11    10    17    13     0     1  -170.0  -17.882  -57.109   2399.9    753.3
     1     1    11    10    17    12     0     0  -171.0  -18.022  -57.187   2400.0    752.1
     1     1    11    10    17    11     0     1  -172.0  -18.155  -57.271   2404.7    751.0
     1     1    11    10    17    10     0     2  -173.0  -18.285  -57.370   2426.0    747.3
     1     1    11    10    17     9     0     3  -174.0  -18.411  -57.486   2464.3    742.1
     1     1    11    10    17     8     0     2  -175.0  -18.533  -57.609   2516.9    736.1
     1     1    11    10    17     7     0     1  -176.0  -18.654  -57.726   2580.5    729.8
     1     1    11    10    17     6     0     0  -177.0  -18.776  -57.834   2652.5    722.8
     1     1    11    10    17     5     0     1  -178.0  -18.912  -57.937   2722.4    716.0
     1     1    11    10    17     4     0     2  -179.0  -19.073  -58.034   2781.4    711.3
     1     1    11    10    17     3     0     3  -180.0  -19.259  -58.133   2830.9    708.7
     1     1    11    10    17     2     0     2  -181.0  -19.458  -58.252   2874.4    706.3
     1     1    11    10    17     1     0     1  -182.0  -19.658  -58.396   2915.6    704.1
     1     1    11    10    17     0     0     0  -183.0  -19.852  -58.554   2958.5    701.7
     1     1    11    10    16    23     0     1  -184.0  -20.034  -58.718   3009.7    698.4
     1     1    11    10    16    22     0     2  -185.0  -20.196  -58.883   3069.1    692.8
     1     1    11    10    16    21     0     3  -186.0  -20.333  -59.049   3131.8    687.2
     1     1    11    10    16    20     0     2  -187.0  -20.449  -59.214   3193.3    682.0
     1     1    11    10    16    19     0     1  -188.0  -20.554  -59.375   3253.2    677.3
     1     1    11    10    16    18     0     0  -189.0  -20.648  -59.529   3316.6    672.3
     1     1    11    10    16    17     0     1  -190.0  -20.733  -59.690   3370.6    666.7
     1     1    11    10    16    16     0     2  -191.0  -20.817  -59.867   3402.4    664.3
     1     1    11    10    16    15     0     3  -192.0  -20.898  -60.051   3415.0    663.3
     1     1    11    10    16    14     0     2  -193.0  -20.990  -60.219   3437.8    663.1
     1     1    11    10    16    13     0     1  -194.0  -21.102  -60.366   3502.4    657.3
     1     1    11    10    16    12     0     0  -195.0  -21.233  -60.506   3607.2    648.4
     1     1    11    10    16    11     0     1  -196.0  -21.379  -60.669   3713.9    636.1
     1     1    11    10    16    10     0     2  -197.0  -21.540  -60.857   3785.3    629.7
     1     1    11    10    16     9     0     3  -198.0  -21.715  -61.047   3822.4    626.0
     1     1    11    10    16     8     0     2  -199.0  -21.895  -61.229   3854.1    625.3
     1     1    11    10    16     7     0     1  -200.0  -22.076  -61.419   3917.0    620.2
     1     1    11    10    16     6     0     0  -201.0  -22.267  -61.635   4012.8    611.9
     1     1    11    10    16     5     0     1  -202.0  -22.456  -61.873   4119.2    602.0
     1     1    11    10    16     4     0     2  -203.0  -22.630  -62.111   4227.2    594.5
     1     1    11    10    16     3     0     3  -204.0  -22.799  -62.356   4343.6    586.0
     1     1    11    10    16     2     0     2  -205.0  -22.937  -62.658   4438.1    577.2
     1     1    11    10    16     1     0     1  -206.0  -23.017  -63.039   4472.4    573.7
     1     1    11    10    16     0     0     0  -207.0  -23.034  -63.472   4391.4    570.3
     1     1    11    10    15    23     0     1  -208.0  -23.006  -63.901   4203.7    577.5
     1     1    11    10    15    22     0     2  -209.0  -22.933  -64.371   3983.0    541.6
     1     1    11    10    15    21     0     3  -210.0  -22.720  -65.177   4191.7    426.9
     1     1    11    10    15    20     0     2  -211.0  -22.562  -66.297   3827.0    378.9
     1     1    11    10    15    19     0     1  -212.0  -22.454  -67.447   3494.8    388.3
     1     1    11    10    15    18     0     0  -213.0  -22.268  -68.551   3726.6    412.1
     1     1    11    10    15    17     0     1  -214.0  -21.943  -69.366   3830.0    475.3
     1     1    11    10    15    16     0     2  -215.0  -21.588  -69.977   4082.2    538.2
     1     1    11    10    15    15     0     3  -216.0  -21.240  -70.463   4311.3    570.2
     1     1    11    10    15    14     0     2  -217.0  -20.926  -70.897   4447.9    586.4
     1     1    11    10    15    13     0     1  -218.0  -20.654  -71.315   4498.3    589.3
     1     1    11    10    15    12     0     0  -219.0  -20.427  -71.731   4537.4    586.5
     1     1    11    10    15    11     0     1  -220.0  -20.240  -72.148   4568.8    583.8
     1     1    11    10    15    10     0     2  -221.0  -20.090  -72.573   4593.5    582.4
     1     1    11    10    15     9     0     3  -222.0  -19.978  -73.013   4615.1    580.0
     1     1    11    10    15     8     0     2  -223.0  -19.890  -73.457   4619.9    579.3
     1     1    11    10    15     7     0     1  -224.0  -19.809  -73.884   4612.3    580.8
     1     1    11    10    15     6     0     0  -225.0  -19.735  -74.293   4610.4    581.7
     1     1    11    10    15     5     0     1  -226.0  -19.672  -74.678   4627.2    581.3
     1     1    11    10    15     4     0     2  -227.0  -19.623  -75.038   4665.9    578.7
     1     1    11    10    15     3     0     3  -228.0  -19.589  -75.374   4717.0    575.0
     1     1    11    10    15     2     0     2  -229.0  -19.572  -75.691   4771.5    570.9
     1     1    11    10    15     1     0     1  -230.0  -19.568  -75.993   4830.9    566.9
     1     1    11    10    15     0     0     0  -231.0  -19.579  -76.280   4899.4    561.9
     1     1    11    10    14    23     0     1  -232.0  -19.610  -76.569   4966.4    556.3
     1     1    11    10    14    22     0     2  -233.0  -19.669  -76.874   5017.4    552.4
     1     1    11    10    14    21     0     3  -234.0  -19.759  -77.197   5048.4    550.0
     1     1    11    10    14    20     0     2  -235.0  -19.878  -77.534   5067.5    549.3
     1     1    11    10    14    19     0     1  -236.0  -20.021  -77.879   5096.0    548.2
     1     1    11    10    14    18     0     0  -237.0  -20.182  -78.230   5147.2    544.8
     1     1    11    10    14    17     0     1  -238.0  -20.348  -78.581   5211.5    539.7
     1     1    11    10    14    16     0     2  -239.0  -20.516  -78.927   5275.8    535.1
     1     1    11    10    14    15     0     3  -240.0  -20.699  -79.269   5338.7    530.8
     1     1    11    10    14    14     0     2  -241.0  -20.908  -79.611   5408.7    526.2
     1     1    11    10    14    13     0     1  -242.0  -21.145  -79.961   5490.5    520.3
     1     1    11    10    14    12     0     0  -243.0  -21.394  -80.324   5587.5    513.9
     1     1    11    10    14    11     0     1  -244.0  -21.654  -80.705   5693.1    505.9
     1     1    11    10    14    10     0     2  -245.0  -21.929  -81.099   5800.3    499.0
     1     1    11    10    14     9     0     3  -246.0  -22.230  -81.500   5916.4    491.5
     1     1    11    10    14     8     0     2  -247.0  -22.573  -81.906   6022.7    483.3
     1     1    11    10    14     7     0     1  -248.0  -22.973  -82.309   6092.7    478.6
     1     1    11    10    14     6     0     0  -249.0  -23.424  -82.703   6118.8    476.8
     1     1    11    10    14     5     0     1  -250.0  -23.914  -83.088   6137.6    478.3
     1     1    11    10    14     4     0     2  -251.0  -24.450  -83.460   6208.0    475.0
     1     1    11    10    14     3     0     3  -252.0  -25.047  -83.805   6343.9    466.2
     1     1    11    10    14     2     0     2  -253.0  -25.704  -84.148   6548.7    453.7
     1     1    11    10    14     1     0     1  -254.0  -26.419  -84.512   6786.0    436.4
     1     1    11    10    14     0     0     0  -255.0  -27.207  -84.875   6993.3    423.1
     1     1    11    10    13    23     0     1  -256.0  -28.047  -85.226   7158.7    414.5
     1     1    11    10    13    22     0     2  -257.0  -28.931  -85.540   7316.5    405.6
     1     1    11    10    13    21     0     3  -258.0  -29.878  -85.797   7474.5    396.4
     1     1    11    10    13    20     0     2  -259.0  -30.865  -86.012   7642.0    387.4
     1     1    11    10    13    19     0     1  -260.0  -31.885  -86.186   7827.5    377.1
     1     1    11    10    13    18     0     0  -261.0  -32.936  -86.300   8002.9    367.9
     1     1    11    10    13    17     0     1  -262.0  -33.975  -86.365   8152.8    360.0
     1     1    11    10    13    16     0     2  -263.0  -34.973  -86.404   8274.0    354.1
     1     1    11    10    13    15     0     3  -264.0  -35.944  -86.429   8386.9    348.5
     1     1    11    10    13    14     0     2  -265.0  -36.895  -86.470   8479.9    343.5
     1     1    11    10    13    13     0     1  -266.0  -37.825  -86.552   8550.7    340.2
     1     1    11    10    13    12     0     0  -267.0  -38.723  -86.684   8629.4    336.8
     1     1    11    10    13    11     0     1  -268.0  -39.562  -86.892   8731.6    331.6
     1     1    11    10    13    10     0     2  -269.0  -40.342  -87.197   8810.9    327.9
     1     1    11    10    13     9     0     3  -270.0  -41.051  -87.615   8859.6    326.0
     1     1    11    10    13     8     0     2  -271.0  -41.708  -88.135   8946.8    324.0
     1     1    11    10    13     7     0     1  -272.0  -42.322  -88.762   9054.9    316.4
     1     1    11    10    13     6     0     0  -273.0  -42.863  -89.521   9119.2    313.2
     1     1    11    10    13     5     0     1  -274.0  -43.322  -90.373   9147.6    313.4
     1     1    11    10    13     4     0     2  -275.0  -43.701  -91.293   9180.4    312.3
     1     1    11    10    13     3     0     3  -276.0  -43.991  -92.292   9241.1    309.7
     1     1    11    10    13     2     0     2  -277.0  -44.206  -93.348   9298.9    306.9
     1     1    11    10    13     1     0     1  -278.0  -44.343  -94.443   9340.4    304.9
     1     1    11    10    13     0     0     0  -279.0  -44.393  -95.562   9348.2    304.7
     1     1    11    10    12    23     0     1  -280.0  -44.385  -96.644   9336.0    305.8
     1     1    11    10    12    22     0     2  -281.0  -44.322  -97.673   9325.4    306.5
     1     1    11    10    12    21     0     3  -282.0  -44.188  -98.661   9293.3    308.1
     1     1    11    10    12    20     0     2  -283.0  -44.013  -99.603   9238.3    311.3
     1     1    11    10    12    19     0     1  -284.0  -43.822 -100.492   9206.6    313.0
     1     1    11    10    12    18     0     0  -285.0  -43.594 -101.339   9201.2    313.2
     1     1    11    10    12    17     0     1  -286.0  -43.325 -102.141   9201.8    313.2
     1     1    11    10    12    16     0     2  -287.0  -43.031 -102.894   9196.2    313.3
     1     1    11    10    12    15     0     3  -288.0  -42.713 -103.594   9168.6    314.5
     1     1    11    10    12    14     0     2  -289.0  -42.382 -104.243   9117.7    316.8
     1     1    11    10    12    13     0     1  -290.0  -42.053 -104.836   9059.5    320.0
     1     1    11    10    12    12     0     0  -291.0  -41.714 -105.371   9013.3    322.7
     1     1    11    10    12    11     0     1  -292.0  -41.375 -105.857   8990.2    324.0
     1     1    11    10    12    10     0     2  -293.0  -41.055 -106.317   8984.0    324.3
     1     1    11    10    12     9     0     3  -294.0  -40.752 -106.757   8987.7    324.3
     1     1    11    10    12     8     0     2  -295.0  -40.450 -107.164   8995.0    324.0
     1     1    11    10    12     7     0     1  -296.0  -40.144 -107.526   9001.3    324.1
     1     1    11    10    12     6     0     0  -297.0  -39.840 -107.844   9007.5    324.1
     1     1    11    10    12     5     0     1  -298.0  -39.543 -108.118   9016.0    324.0
     1     1    11    10    12     4     0     2  -299.0  -39.252 -108.353   9030.3    323.3
     1     1    11    10    12     3     0     3  -300.0  -38.966 -108.561   9051.4    322.5
     1     1    11    10    12     2     0     2  -301.0  -38.679 -108.737   9076.8    321.1
     1     1    11    10    12     1     0     1  -302.0  -38.386 -108.875   9102.1    320.0
     1     1    11    10    12     0     0     0  -303.0  -38.087 -108.979   9129.3    318.8
     1     1    11    10    11    23     0     1  -304.0  -37.782 -109.046   9155.0    317.4
     1     1    11    10    11    22     0     2  -305.0  -37.469 -109.070   9173.5    316.5
     1     1    11    10    11    21     0     3  -306.0  -37.149 -109.047   9183.3    316.1
     1     1    11    10    11    20     0     2  -307.0  -36.833 -108.980   9184.1    316.1
     1     1    11    10    11    19     0     1  -308.0  -36.533 -108.872   9181.4    316.5
     1     1    11    10    11    18     0     0  -309.0  -36.252 -108.725   9183.9    316.7
     1     1    11    10    11    17     0     1  -310.0  -35.996 -108.540   9189.9    316.0
     1     1    11    10    11    16     0     2  -311.0  -35.770 -108.320   9196.0    315.7
     1     1    11    10    11    15     0     3  -312.0  -35.568 -108.075   9205.2    315.1
     1     1    11    10    11    14     0     2  -313.0  -35.396 -107.816   9228.9    314.3
     1     1    11    10    11    13     0     1  -314.0  -35.256 -107.551   9276.1    311.8
     1     1    11    10    11    12     0     0  -315.0  -35.139 -107.283   9343.1    308.5
     1     1    11    10    11    11     0     1  -316.0  -35.044 -107.011   9413.5    304.6
     1     1    11    10    11    10     0     2  -317.0  -34.989 -106.731   9472.3    302.0
     1     1    11    10    11     9     0     3  -318.0  -34.972 -106.446   9520.2    299.9
     1     1    11    10    11     8     0     2  -319.0  -34.988 -106.157   9576.2    298.4
     1     1    11    10    11     7     0     1  -320.0  -35.032 -105.860   9658.9    294.8
     1     1    11    10    11     6     0     0  -321.0  -35.105 -105.555   9770.1    290.1
     1     1    11    10    11     5     0     1  -322.0  -35.205 -105.252   9891.0    283.8
     1     1    11    10    11     4     0     2  -323.0  -35.330 -104.963  10003.7    278.8
     1     1    11    10    11     3     0     3  -324.0  -35.478 -104.686  10112.0    274.0
     1     1    11    10    11     2     0     2  -325.0  -35.650 -104.422  10211.5    269.3
