     3     1
    GDAS    11     4     1     0     0
    GDAS    11     4     8     0     0
    GDAS    11     4    15     0     0
     1 BACKWARD OMEGA   
  2011     4    16    17   -8.800  -56.780  1828.8
     1 PRESSURE
     1     1    11     4    16    17     0     1     0.0   -8.800  -56.780   1828.8    797.1
     1     1    11     4    16    16     0     2    -1.0   -8.760  -56.538   1895.6    788.5
     1     1    11     4    16    15     0     3    -2.0   -8.726  -56.253   1957.9    780.1
     1     1    11     4    16    14     0     2    -3.0   -8.700  -55.935   2020.3    771.7
     1     1    11     4    16    13     0     1    -4.0   -8.684  -55.597   2081.1    761.9
     1     1    11     4    16    12     0     0    -5.0   -8.682  -55.236   2130.4    753.6
     1     1    11     4    16    11     0     1    -6.0   -8.690  -54.868   2161.9    747.8
     1     1    11     4    16    10     0     2    -7.0   -8.702  -54.506   2187.9    747.2
     1     1    11     4    16     9     0     3    -8.0   -8.718  -54.151   2222.9    744.9
     1     1    11     4    16     8     0     2    -9.0   -8.738  -53.805   2262.7    741.4
     1     1    11     4    16     7     0     1   -10.0   -8.764  -53.473   2297.6    738.1
     1     1    11     4    16     6     0     0   -11.0   -8.796  -53.153   2327.5    735.3
     1     1    11     4    16     5     0     1   -12.0   -8.829  -52.842   2354.8    733.9
     1     1    11     4    16     4     0     2   -13.0   -8.859  -52.540   2372.3    734.0
     1     1    11     4    16     3     0     3   -14.0   -8.891  -52.244   2370.9    736.3
     1     1    11     4    16     2     0     2   -15.0   -8.927  -51.954   2361.9    739.6
     1     1    11     4    16     1     0     1   -16.0   -8.968  -51.666   2364.5    737.7
     1     1    11     4    16     0     0     0   -17.0   -9.018  -51.368   2386.7    732.7
     1     1    11     4    15    23     0     1   -18.0   -9.078  -51.070   2413.6    727.4
     1     1    11     4    15    22     0     2   -19.0   -9.141  -50.784   2441.7    728.7
     1     1    11     4    15    21     0     3   -20.0   -9.207  -50.510   2470.0    731.5
     1     1    11     4    15    20     0     2   -21.0   -9.275  -50.243   2504.8    734.0
     1     1    11     4    15    19     0     1   -22.0   -9.338  -49.982   2548.7    734.2
     1     1    11     4    15    18     0     0   -23.0   -9.400  -49.730   2590.5    728.7
     1     1    11     4    15    17     0     1   -24.0   -9.461  -49.479   2630.7    723.3
     1     1    11     4    15    16     0     2   -25.0   -9.522  -49.224   2670.8    718.3
     1     1    11     4    15    15     0     3   -26.0   -9.581  -48.969   2719.1    712.6
     1     1    11     4    15    14     0     2   -27.0   -9.637  -48.707   2765.0    707.4
     1     1    11     4    15    13     0     1   -28.0   -9.689  -48.434   2790.3    705.5
     1     1    11     4    15    12     0     0   -29.0   -9.737  -48.151   2799.6    704.9
     1     1    11     4    15    11     0     1   -30.0   -9.776  -47.857   2798.4    703.8
     1     1    11     4    15    10     0     2   -31.0   -9.805  -47.550   2794.6    702.0
     1     1    11     4    15     9     0     3   -32.0   -9.823  -47.240   2795.1    700.1
     1     1    11     4    15     8     0     2   -33.0   -9.835  -46.929   2805.1    697.9
     1     1    11     4    15     7     0     1   -34.0   -9.846  -46.611   2827.3    692.8
     1     1    11     4    15     6     0     0   -35.0   -9.853  -46.287   2863.3    685.9
     1     1    11     4    15     5     0     1   -36.0   -9.856  -45.956   2901.3    678.8
     1     1    11     4    15     4     0     2   -37.0   -9.856  -45.606   2944.7    675.9
     1     1    11     4    15     3     0     3   -38.0   -9.853  -45.234   3008.7    671.3
     1     1    11     4    15     2     0     2   -39.0   -9.853  -44.848   3090.5    663.9
     1     1    11     4    15     1     0     1   -40.0   -9.856  -44.459   3149.5    658.6
     1     1    11     4    15     0     0     0   -41.0   -9.857  -44.066   3145.5    659.7
     1     1    11     4    14    23     0     1   -42.0   -9.866  -43.667   3113.0    665.9
     1     1    11     4    14    22     0     2   -43.0   -9.897  -43.265   3108.5    666.2
     1     1    11     4    14    21     0     3   -44.0   -9.943  -42.858   3132.0    663.7
     1     1    11     4    14    20     0     2   -45.0  -10.002  -42.462   3134.8    659.6
     1     1    11     4    14    19     0     1   -46.0  -10.071  -42.088   3089.4    662.9
     1     1    11     4    14    18     0     0   -47.0  -10.142  -41.728   3017.5    664.1
     1     1    11     4    14    17     0     1   -48.0  -10.207  -41.373   2959.5    664.2
     1     1    11     4    14    16     0     2   -49.0  -10.266  -41.021   2937.0    660.6
     1     1    11     4    14    15     0     3   -50.0  -10.327  -40.665   2966.6    665.7
     1     1    11     4    14    14     0     2   -51.0  -10.399  -40.307   2993.2    669.3
     1     1    11     4    14    13     0     1   -52.0  -10.489  -39.950   2982.3    678.3
     1     1    11     4    14    12     0     0   -53.0  -10.600  -39.599   2935.8    685.8
     1     1    11     4    14    11     0     1   -54.0  -10.724  -39.256   2896.7    694.2
     1     1    11     4    14    10     0     2   -55.0  -10.847  -38.915   2891.6    696.9
     1     1    11     4    14     9     0     3   -56.0  -10.966  -38.581   2923.2    695.5
     1     1    11     4    14     8     0     2   -57.0  -11.081  -38.250   2979.0    690.5
     1     1    11     4    14     7     0     1   -58.0  -11.194  -37.924   3036.5    688.8
     1     1    11     4    14     6     0     0   -59.0  -11.299  -37.611   3083.8    692.0
     1     1    11     4    14     5     0     1   -60.0  -11.396  -37.313   3105.5    696.8
     1     1    11     4    14     4     0     2   -61.0  -11.485  -37.027   3105.6    702.6
     1     1    11     4    14     3     0     3   -62.0  -11.563  -36.752   3094.7    705.3
     1     1    11     4    14     2     0     2   -63.0  -11.637  -36.479   3091.1    705.8
     1     1    11     4    14     1     0     1   -64.0  -11.712  -36.203   3090.1    705.6
     1     1    11     4    14     0     0     0   -65.0  -11.790  -35.921   3082.5    706.0
     1     1    11     4    13    23     0     1   -66.0  -11.871  -35.642   3073.2    707.1
     1     1    11     4    13    22     0     2   -67.0  -11.954  -35.371   3072.9    706.9
     1     1    11     4    13    21     0     3   -68.0  -12.037  -35.108   3084.5    705.7
     1     1    11     4    13    20     0     2   -69.0  -12.118  -34.859   3105.1    703.8
     1     1    11     4    13    19     0     1   -70.0  -12.195  -34.623   3131.5    701.8
     1     1    11     4    13    18     0     0   -71.0  -12.266  -34.399   3165.1    699.2
     1     1    11     4    13    17     0     1   -72.0  -12.334  -34.180   3194.5    695.9
     1     1    11     4    13    16     0     2   -73.0  -12.397  -33.965   3207.2    694.9
     1     1    11     4    13    15     0     3   -74.0  -12.455  -33.753   3204.4    695.4
     1     1    11     4    13    14     0     2   -75.0  -12.506  -33.542   3197.6    697.0
     1     1    11     4    13    13     0     1   -76.0  -12.547  -33.323   3196.4    697.3
     1     1    11     4    13    12     0     0   -77.0  -12.578  -33.094   3199.9    697.2
     1     1    11     4    13    11     0     1   -78.0  -12.602  -32.859   3211.5    696.0
     1     1    11     4    13    10     0     2   -79.0  -12.624  -32.620   3234.2    693.4
     1     1    11     4    13     9     0     3   -80.0  -12.643  -32.370   3266.0    690.0
     1     1    11     4    13     8     0     2   -81.0  -12.658  -32.112   3294.5    686.6
     1     1    11     4    13     7     0     1   -82.0  -12.668  -31.851   3310.4    685.3
     1     1    11     4    13     6     0     0   -83.0  -12.676  -31.587   3317.7    684.7
     1     1    11     4    13     5     0     1   -84.0  -12.685  -31.316   3322.5    684.8
     1     1    11     4    13     4     0     2   -85.0  -12.695  -31.037   3327.6    684.5
     1     1    11     4    13     3     0     3   -86.0  -12.706  -30.756   3331.0    684.3
     1     1    11     4    13     2     0     2   -87.0  -12.725  -30.478   3335.4    684.4
     1     1    11     4    13     1     0     1   -88.0  -12.753  -30.204   3342.6    684.0
     1     1    11     4    13     0     0     0   -89.0  -12.788  -29.936   3350.3    683.4
     1     1    11     4    12    23     0     1   -90.0  -12.825  -29.683   3353.0    682.6
     1     1    11     4    12    22     0     2   -91.0  -12.861  -29.452   3349.8    682.8
     1     1    11     4    12    21     0     3   -92.0  -12.890  -29.236   3345.8    683.1
     1     1    11     4    12    20     0     2   -93.0  -12.909  -29.028   3335.4    683.2
     1     1    11     4    12    19     0     1   -94.0  -12.922  -28.821   3312.6    685.2
     1     1    11     4    12    18     0     0   -95.0  -12.931  -28.619   3278.2    687.9
     1     1    11     4    12    17     0     1   -96.0  -12.939  -28.424   3250.8    691.9
     1     1    11     4    12    16     0     2   -97.0  -12.947  -28.231   3249.5    692.0
     1     1    11     4    12    15     0     3   -98.0  -12.953  -28.038   3273.2    690.0
     1     1    11     4    12    14     0     2   -99.0  -12.954  -27.836   3310.3    686.3
     1     1    11     4    12    13     0     1  -100.0  -12.948  -27.618   3346.0    683.4
     1     1    11     4    12    12     0     0  -101.0  -12.937  -27.387   3376.0    681.1
     1     1    11     4    12    11     0     1  -102.0  -12.924  -27.141   3396.9    678.9
     1     1    11     4    12    10     0     2  -103.0  -12.915  -26.878   3410.0    677.7
     1     1    11     4    12     9     0     3  -104.0  -12.911  -26.595   3417.0    676.7
     1     1    11     4    12     8     0     2  -105.0  -12.918  -26.304   3419.0    676.5
     1     1    11     4    12     7     0     1  -106.0  -12.940  -26.016   3424.5    676.4
     1     1    11     4    12     6     0     0  -107.0  -12.969  -25.736   3441.8    675.0
     1     1    11     4    12     5     0     1  -108.0  -12.998  -25.467   3467.6    672.8
     1     1    11     4    12     4     0     2  -109.0  -13.019  -25.207   3489.9    670.9
     1     1    11     4    12     3     0     3  -110.0  -13.033  -24.955   3498.0    670.1
     1     1    11     4    12     2     0     2  -111.0  -13.047  -24.700   3488.4    671.0
     1     1    11     4    12     1     0     1  -112.0  -13.074  -24.434   3466.3    673.2
     1     1    11     4    12     0     0     0  -113.0  -13.110  -24.158   3439.7    675.7
     1     1    11     4    11    23     0     1  -114.0  -13.155  -23.882   3426.6    677.8
     1     1    11     4    11    22     0     2  -115.0  -13.206  -23.616   3441.8    676.5
     1     1    11     4    11    21     0     3  -116.0  -13.260  -23.358   3482.9    672.9
     1     1    11     4    11    20     0     2  -117.0  -13.311  -23.106   3531.4    667.4
     1     1    11     4    11    19     0     1  -118.0  -13.357  -22.861   3569.2    664.1
     1     1    11     4    11    18     0     0  -119.0  -13.397  -22.620   3593.5    661.8
     1     1    11     4    11    17     0     1  -120.0  -13.433  -22.377   3602.0    661.1
     1     1    11     4    11    16     0     2  -121.0  -13.464  -22.127   3596.5    661.9
     1     1    11     4    11    15     0     3  -122.0  -13.492  -21.870   3582.9    663.2
     1     1    11     4    11    14     0     2  -123.0  -13.528  -21.609   3577.2    665.0
     1     1    11     4    11    13     0     1  -124.0  -13.585  -21.338   3590.9    664.0
     1     1    11     4    11    12     0     0  -125.0  -13.658  -21.056   3620.3    661.8
     1     1    11     4    11    11     0     1  -126.0  -13.745  -20.773   3656.6    658.2
     1     1    11     4    11    10     0     2  -127.0  -13.845  -20.497   3690.5    655.2
     1     1    11     4    11     9     0     3  -128.0  -13.961  -20.220   3717.3    652.7
     1     1    11     4    11     8     0     2  -129.0  -14.084  -19.946   3736.0    651.1
     1     1    11     4    11     7     0     1  -130.0  -14.204  -19.686   3749.9    649.9
     1     1    11     4    11     6     0     0  -131.0  -14.322  -19.443   3759.4    648.8
     1     1    11     4    11     5     0     1  -132.0  -14.433  -19.210   3756.7    648.8
     1     1    11     4    11     4     0     2  -133.0  -14.532  -18.978   3732.1    650.8
     1     1    11     4    11     3     0     3  -134.0  -14.620  -18.750   3684.6    654.9
     1     1    11     4    11     2     0     2  -135.0  -14.704  -18.523   3631.8    660.4
     1     1    11     4    11     1     0     1  -136.0  -14.789  -18.292   3589.9    663.8
     1     1    11     4    11     0     0     0  -137.0  -14.877  -18.055   3561.9    666.2
     1     1    11     4    10    23     0     1  -138.0  -14.969  -17.819   3549.5    667.2
     1     1    11     4    10    22     0     2  -139.0  -15.068  -17.588   3552.3    667.1
     1     1    11     4    10    21     0     3  -140.0  -15.175  -17.359   3569.9    665.7
     1     1    11     4    10    20     0     2  -141.0  -15.291  -17.128   3594.8    662.8
     1     1    11     4    10    19     0     1  -142.0  -15.416  -16.890   3619.5    660.6
     1     1    11     4    10    18     0     0  -143.0  -15.549  -16.646   3642.2    658.3
     1     1    11     4    10    17     0     1  -144.0  -15.690  -16.396   3660.8    657.0
     1     1    11     4    10    16     0     2  -145.0  -15.840  -16.139   3673.2    656.0
     1     1    11     4    10    15     0     3  -146.0  -16.001  -15.873   3677.4    655.7
     1     1    11     4    10    14     0     2  -147.0  -16.177  -15.610   3683.7    656.2
     1     1    11     4    10    13     0     1  -148.0  -16.371  -15.358   3706.0    654.9
     1     1    11     4    10    12     0     0  -149.0  -16.581  -15.113   3751.2    651.7
     1     1    11     4    10    11     0     1  -150.0  -16.805  -14.874   3808.6    646.1
     1     1    11     4    10    10     0     2  -151.0  -17.039  -14.641   3859.8    641.7
     1     1    11     4    10     9     0     3  -152.0  -17.284  -14.415   3900.7    638.5
     1     1    11     4    10     8     0     2  -153.0  -17.535  -14.196   3936.2    635.9
     1     1    11     4    10     7     0     1  -154.0  -17.786  -13.980   3970.0    632.9
     1     1    11     4    10     6     0     0  -155.0  -18.039  -13.763   3998.0    630.3
     1     1    11     4    10     5     0     1  -156.0  -18.290  -13.542   4008.5    629.1
     1     1    11     4    10     4     0     2  -157.0  -18.540  -13.312   4000.9    630.7
     1     1    11     4    10     3     0     3  -158.0  -18.792  -13.066   3992.4    632.3
     1     1    11     4    10     2     0     2  -159.0  -19.060  -12.810   4001.2    632.3
     1     1    11     4    10     1     0     1  -160.0  -19.348  -12.561   4033.5    629.6
     1     1    11     4    10     0     0     0  -161.0  -19.647  -12.322   4082.7    625.6
     1     1    11     4     9    23     0     1  -162.0  -19.956  -12.092   4141.1    620.8
     1     1    11     4     9    22     0     2  -163.0  -20.276  -11.868   4199.3    616.1
     1     1    11     4     9    21     0     3  -164.0  -20.602  -11.648   4253.8    612.2
     1     1    11     4     9    20     0     2  -165.0  -20.929  -11.430   4318.3    607.8
     1     1    11     4     9    19     0     1  -166.0  -21.254  -11.218   4403.6    601.0
     1     1    11     4     9    18     0     0  -167.0  -21.579  -11.004   4505.7    592.8
     1     1    11     4     9    17     0     1  -168.0  -21.912  -10.782   4604.1    584.3
     1     1    11     4     9    16     0     2  -169.0  -22.257  -10.543   4684.9    578.7
     1     1    11     4     9    15     0     3  -170.0  -22.603  -10.285   4756.1    573.8
     1     1    11     4     9    14     0     2  -171.0  -22.958  -10.006   4827.3    569.2
     1     1    11     4     9    13     0     1  -172.0  -23.335   -9.704   4902.2    563.7
     1     1    11     4     9    12     0     0  -173.0  -23.736   -9.368   4983.6    558.2
     1     1    11     4     9    11     0     1  -174.0  -24.164   -8.995   5087.1    551.3
     1     1    11     4     9    10     0     2  -175.0  -24.619   -8.586   5218.3    541.6
     1     1    11     4     9     9     0     3  -176.0  -25.088   -8.144   5375.6    530.7
     1     1    11     4     9     8     0     2  -177.0  -25.565   -7.688   5555.0    518.0
     1     1    11     4     9     7     0     1  -178.0  -26.046   -7.221   5742.0    504.9
     1     1    11     4     9     6     0     0  -179.0  -26.523   -6.737   5923.4    492.5
     1     1    11     4     9     5     0     1  -180.0  -26.972   -6.231   6093.8    481.7
     1     1    11     4     9     4     0     2  -181.0  -27.368   -5.707   6256.8    471.6
     1     1    11     4     9     3     0     3  -182.0  -27.692   -5.180   6412.2    462.1
     1     1    11     4     9     2     0     2  -183.0  -27.964   -4.642   6551.1    453.2
     1     1    11     4     9     1     0     1  -184.0  -28.185   -4.084   6680.2    446.7
     1     1    11     4     9     0     0     0  -185.0  -28.329   -3.508   6817.5    438.4
     1     1    11     4     8    23     0     1  -186.0  -28.408   -2.929   6949.4    429.8
     1     1    11     4     8    22     0     2  -187.0  -28.435   -2.359   7072.5    423.1
     1     1    11     4     8    21     0     3  -188.0  -28.389   -1.798   7197.0    415.9
     1     1    11     4     8    20     0     2  -189.0  -28.263   -1.244   7327.2    408.0
     1     1    11     4     8    19     0     1  -190.0  -28.071   -0.686   7440.3    400.3
     1     1    11     4     8    18     0     0  -191.0  -27.820   -0.108   7513.7    395.4
     1     1    11     4     8    17     0     1  -192.0  -27.470    0.374   7577.7    394.0
     1     1    11     4     8    16     0     2  -193.0  -26.978    0.724   7623.9    389.5
     1     1    11     4     8    15     0     3  -194.0  -26.366    0.982   7659.8    389.5
     1     1    11     4     8    14     0     2  -195.0  -25.642    1.138   7715.2    385.1
     1     1    11     4     8    13     0     1  -196.0  -24.844    1.190   7747.9    382.7
     1     1    11     4     8    12     0     0  -197.0  -23.994    1.128   7747.8    382.7
     1     1    11     4     8    11     0     1  -198.0  -23.151    0.939   7702.9    384.6
     1     1    11     4     8    10     0     2  -199.0  -22.379    0.619   7628.3    389.3
     1     1    11     4     8     9     0     3  -200.0  -21.693    0.177   7563.8    392.5
     1     1    11     4     8     8     0     2  -201.0  -21.127   -0.407   7411.6    396.4
     1     1    11     4     8     7     0     1  -202.0  -20.701   -1.073   7203.3    413.2
     1     1    11     4     8     6     0     0  -203.0  -20.418   -1.739   7025.7    423.8
     1     1    11     4     8     5     0     1  -204.0  -20.301   -2.411   6897.6    431.7
     1     1    11     4     8     4     0     2  -205.0  -20.345   -3.073   6813.7    436.7
     1     1    11     4     8     3     0     3  -206.0  -20.544   -3.700   6795.6    439.7
     1     1    11     4     8     2     0     2  -207.0  -20.875   -4.261   6876.4    435.5
     1     1    11     4     8     1     0     1  -208.0  -21.320   -4.735   6989.6    425.6
     1     1    11     4     8     0     0     0  -209.0  -21.870   -5.128   7048.2    422.7
     1     1    11     4     7    23     0     1  -210.0  -22.529   -5.440   7076.6    422.0
     1     1    11     4     7    22     0     2  -211.0  -23.304   -5.661   7112.1    421.6
     1     1    11     4     7    21     0     3  -212.0  -24.189   -5.776   7184.2    416.4
     1     1    11     4     7    20     0     2  -213.0  -25.184   -5.775   7249.9    411.7
     1     1    11     4     7    19     0     1  -214.0  -26.251   -5.653   7286.4    409.7
     1     1    11     4     7    18     0     0  -215.0  -27.337   -5.407   7326.1    407.4
     1     1    11     4     7    17     0     1  -216.0  -28.401   -5.046   7374.2    405.4
     1     1    11     4     7    16     0     2  -217.0  -29.418   -4.585   7462.1    401.1
     1     1    11     4     7    15     0     3  -218.0  -30.376   -4.051   7592.8    394.2
     1     1    11     4     7    14     0     2  -219.0  -31.270   -3.478   7781.2    384.4
     1     1    11     4     7    13     0     1  -220.0  -32.103   -2.864   8003.5    372.5
     1     1    11     4     7    12     0     0  -221.0  -32.871   -2.242   8171.8    363.5
     1     1    11     4     7    11     0     1  -222.0  -33.566   -1.640   8280.4    358.4
     1     1    11     4     7    10     0     2  -223.0  -34.205   -1.066   8370.3    353.8
     1     1    11     4     7     9     0     3  -224.0  -34.789   -0.560   8456.6    350.0
     1     1    11     4     7     8     0     2  -225.0  -35.331   -0.132   8555.1    345.7
     1     1    11     4     7     7     0     1  -226.0  -35.847    0.278   8671.6    339.3
     1     1    11     4     7     6     0     0  -227.0  -36.342    0.669   8796.5    332.8
     1     1    11     4     7     5     0     1  -228.0  -36.815    1.001   8930.7    326.8
     1     1    11     4     7     4     0     2  -229.0  -37.273    1.278   9069.0    319.7
     1     1    11     4     7     3     0     3  -230.0  -37.705    1.499   9189.6    313.7
     1     1    11     4     7     2     0     2  -231.0  -38.115    1.679   9287.5    309.2
     1     1    11     4     7     1     0     1  -232.0  -38.512    1.833   9369.9    305.7
     1     1    11     4     7     0     0     0  -233.0  -38.895    1.957   9430.1    302.6
     1     1    11     4     6    23     0     1  -234.0  -39.278    2.059   9491.6    301.2
     1     1    11     4     6    22     0     2  -235.0  -39.688    2.140   9578.9    296.7
     1     1    11     4     6    21     0     3  -236.0  -40.120    2.179   9670.0    292.1
     1     1    11     4     6    20     0     2  -237.0  -40.569    2.172   9755.5    288.1
     1     1    11     4     6    19     0     1  -238.0  -41.029    2.112   9835.7    284.3
     1     1    11     4     6    18     0     0  -239.0  -41.490    1.983   9905.7    280.9
     1     1    11     4     6    17     0     1  -240.0  -41.955    1.787   9955.7    278.3
     1     1    11     4     6    16     0     2  -241.0  -42.424    1.541   9983.9    277.0
     1     1    11     4     6    15     0     3  -242.0  -42.883    1.255   9992.0    276.4
     1     1    11     4     6    14     0     2  -243.0  -43.348    0.942  10004.9    276.6
     1     1    11     4     6    13     0     1  -244.0  -43.840    0.609  10056.5    274.3
     1     1    11     4     6    12     0     0  -245.0  -44.350    0.239  10143.0    269.9
