     3     1
    GDAS    11     8     8     0     0
    GDAS    11     8    15     0     0
    GDAS    11     8    22     0     0
     1 BACKWARD OMEGA   
  2011     8    23    16   -8.870  -56.770  1524.0
     1 PRESSURE
     1     1    11     8    23    16     0     2     0.0   -8.870  -56.770   1524.0    830.5
     1     1    11     8    23    15     0     3    -1.0   -8.919  -56.483   1565.1    823.9
     1     1    11     8    23    14     0     2    -2.0   -8.942  -56.186   1577.8    820.5
     1     1    11     8    23    13     0     1    -3.0   -8.965  -55.898   1555.1    818.2
     1     1    11     8    23    12     0     0    -4.0   -8.989  -55.618   1484.4    820.2
     1     1    11     8    23    11     0     1    -5.0   -9.004  -55.346   1371.8    826.1
     1     1    11     8    23    10     0     2    -6.0   -9.040  -55.072   1217.3    835.5
     1     1    11     8    23     9     0     3    -7.0   -9.130  -54.781   1048.4    855.4
     1     1    11     8    23     8     0     2    -8.0   -9.231  -54.490    926.1    872.8
     1     1    11     8    23     7     0     1    -9.0   -9.328  -54.223    850.1    878.5
     1     1    11     8    23     6     0     0   -10.0   -9.469  -53.977    787.5    883.3
     1     1    11     8    23     5     0     1   -11.0   -9.614  -53.746    743.5    891.0
     1     1    11     8    23     4     0     2   -12.0   -9.727  -53.535    714.2    895.5
     1     1    11     8    23     3     0     3   -13.0   -9.844  -53.350    681.7    901.6
     1     1    11     8    23     2     0     2   -14.0   -9.973  -53.194    650.6    909.6
     1     1    11     8    23     1     0     1   -15.0  -10.101  -53.067    626.7    914.3
     1     1    11     8    23     0     0     0   -16.0  -10.224  -52.967    607.0    917.0
     1     1    11     8    22    23     0     1   -17.0  -10.333  -52.872    593.8    918.0
     1     1    11     8    22    22     0     2   -18.0  -10.423  -52.768    588.1    917.7
     1     1    11     8    22    21     0     3   -19.0  -10.499  -52.672    587.5    917.0
     1     1    11     8    22    20     0     2   -20.0  -10.564  -52.578    588.0    916.6
     1     1    11     8    22    19     0     1   -21.0  -10.618  -52.477    587.3    916.6
     1     1    11     8    22    18     0     0   -22.0  -10.659  -52.374    586.1    916.6
     1     1    11     8    22    17     0     1   -23.0  -10.694  -52.263    582.6    917.2
     1     1    11     8    22    16     0     2   -24.0  -10.729  -52.137    575.2    918.4
     1     1    11     8    22    15     0     3   -25.0  -10.756  -51.995    563.9    919.9
     1     1    11     8    22    14     0     2   -26.0  -10.800  -51.835    543.3    922.0
     1     1    11     8    22    13     0     1   -27.0  -10.881  -51.655    508.9    926.6
     1     1    11     8    22    12     0     0   -28.0  -10.994  -51.466    463.4    932.9
     1     1    11     8    22    11     0     1   -29.0  -11.126  -51.290    418.3    939.4
     1     1    11     8    22    10     0     2   -30.0  -11.273  -51.139    386.5    942.9
     1     1    11     8    22     9     0     3   -31.0  -11.447  -51.010    373.1    944.2
     1     1    11     8    22     8     0     2   -32.0  -11.634  -50.892    361.9    942.9
     1     1    11     8    22     7     0     1   -33.0  -11.820  -50.776    339.5    945.1
     1     1    11     8    22     6     0     0   -34.0  -12.015  -50.664    312.8    947.8
     1     1    11     8    22     5     0     1   -35.0  -12.206  -50.549    290.7    949.7
     1     1    11     8    22     4     0     2   -36.0  -12.366  -50.425    278.3    949.4
     1     1    11     8    22     3     0     3   -37.0  -12.493  -50.294    277.3    947.1
     1     1    11     8    22     2     0     2   -38.0  -12.583  -50.147    288.3    942.6
     1     1    11     8    22     1     0     1   -39.0  -12.640  -49.959    313.1    937.1
     1     1    11     8    22     0     0     0   -40.0  -12.690  -49.752    347.3    931.3
     1     1    11     8    21    23     0     1   -41.0  -12.747  -49.563    376.0    925.4
     1     1    11     8    21    22     0     2   -42.0  -12.800  -49.400    394.5    922.9
     1     1    11     8    21    21     0     3   -43.0  -12.850  -49.258    415.7    920.5
     1     1    11     8    21    20     0     2   -44.0  -12.899  -49.125    451.0    917.2
     1     1    11     8    21    19     0     1   -45.0  -12.952  -48.996    507.6    911.2
     1     1    11     8    21    18     0     0   -46.0  -13.010  -48.868    580.8    903.9
     1     1    11     8    21    17     0     1   -47.0  -13.064  -48.735    650.4    896.6
     1     1    11     8    21    16     0     2   -48.0  -13.109  -48.594    705.9    892.1
     1     1    11     8    21    15     0     3   -49.0  -13.146  -48.447    748.9    889.3
     1     1    11     8    21    14     0     2   -50.0  -13.176  -48.283    784.2    887.2
     1     1    11     8    21    13     0     1   -51.0  -13.203  -48.089    822.1    885.4
     1     1    11     8    21    12     0     0   -52.0  -13.230  -47.872    860.8    878.5
     1     1    11     8    21    11     0     1   -53.0  -13.266  -47.653    886.5    868.8
     1     1    11     8    21    10     0     2   -54.0  -13.312  -47.451    896.7    862.0
     1     1    11     8    21     9     0     3   -55.0  -13.365  -47.263    894.4    857.6
     1     1    11     8    21     8     0     2   -56.0  -13.421  -47.082    878.4    855.2
     1     1    11     8    21     7     0     1   -57.0  -13.475  -46.902    851.8    854.7
     1     1    11     8    21     6     0     0   -58.0  -13.524  -46.722    827.3    852.7
     1     1    11     8    21     5     0     1   -59.0  -13.576  -46.544    805.3    850.0
     1     1    11     8    21     4     0     2   -60.0  -13.636  -46.372    779.6    848.1
     1     1    11     8    21     3     0     3   -61.0  -13.699  -46.203    748.1    846.8
     1     1    11     8    21     2     0     2   -62.0  -13.758  -46.032    711.9    845.7
     1     1    11     8    21     1     0     1   -63.0  -13.808  -45.860    671.5    850.5
     1     1    11     8    21     0     0     0   -64.0  -13.849  -45.695    621.8    858.2
     1     1    11     8    20    23     0     1   -65.0  -13.885  -45.546    564.3    865.7
     1     1    11     8    20    22     0     2   -66.0  -13.921  -45.420    503.1    873.6
     1     1    11     8    20    21     0     3   -67.0  -13.956  -45.318    443.0    881.2
     1     1    11     8    20    20     0     2   -68.0  -13.990  -45.235    391.7    888.6
     1     1    11     8    20    19     0     1   -69.0  -14.025  -45.163    353.6    893.4
     1     1    11     8    20    18     0     0   -70.0  -14.061  -45.104    325.3    897.2
     1     1    11     8    20    17     0     1   -71.0  -14.085  -45.049    302.8    900.8
     1     1    11     8    20    16     0     2   -72.0  -14.086  -44.987    283.8    904.5
     1     1    11     8    20    15     0     3   -73.0  -14.067  -44.918    267.1    908.5
     1     1    11     8    20    14     0     2   -74.0  -14.035  -44.834    249.8    912.2
     1     1    11     8    20    13     0     1   -75.0  -13.998  -44.732    228.8    916.6
     1     1    11     8    20    12     0     0   -76.0  -13.958  -44.616    204.0    921.6
     1     1    11     8    20    11     0     1   -77.0  -13.916  -44.493    173.4    926.3
     1     1    11     8    20    10     0     2   -78.0  -13.879  -44.368    135.9    932.6
     1     1    11     8    20     9     0     3   -79.0  -13.848  -44.249     94.3    938.4
     1     1    11     8    20     8     0     2   -80.0  -13.826  -44.141     53.2    945.6
     1     1    11     8    20     7     0     1   -81.0  -13.810  -44.055     26.7    950.3
     1     1    11     8    20     6     0     0   -82.0  -13.795  -43.979      9.8    951.3
     1     1    11     8    20     5     0     1   -83.0  -13.780  -43.905      1.9    951.7
     1     1    11     8    20     4     0     2   -84.0  -13.764  -43.818      0.0    952.1
     1     1    11     8    20     3     0     3   -85.0  -13.747  -43.718      0.0    952.3
     1     1    11     8    20     2     0     2   -86.0  -13.733  -43.605      0.0    950.9
     1     1    11     8    20     1     0     1   -87.0  -13.727  -43.483      0.9    949.5
     1     1    11     8    20     0     0     0   -88.0  -13.727  -43.353      5.2    948.1
     1     1    11     8    19    23     0     1   -89.0  -13.731  -43.219     17.1    947.1
     1     1    11     8    19    22     0     2   -90.0  -13.741  -43.063     67.9    943.5
     1     1    11     8    19    21     0     3   -91.0  -13.752  -42.854    175.6    928.8
     1     1    11     8    19    20     0     2   -92.0  -13.759  -42.624    263.3    914.1
     1     1    11     8    19    19     0     1   -93.0  -13.753  -42.414    299.1    908.7
     1     1    11     8    19    18     0     0   -94.0  -13.737  -42.231    297.9    908.0
     1     1    11     8    19    17     0     1   -95.0  -13.711  -42.053    276.1    908.7
     1     1    11     8    19    16     0     2   -96.0  -13.673  -41.861    241.6    915.1
     1     1    11     8    19    15     0     3   -97.0  -13.627  -41.662    197.7    924.4
     1     1    11     8    19    14     0     2   -98.0  -13.582  -41.468    144.3    935.7
     1     1    11     8    19    13     0     1   -99.0  -13.541  -41.292     87.9    948.0
     1     1    11     8    19    12     0     0  -100.0  -13.501  -41.139     40.4    959.7
     1     1    11     8    19    11     0     1  -101.0  -13.462  -41.020      9.2    966.2
     1     1    11     8    19    10     0     2  -102.0  -13.426  -40.934      0.0    965.4
     1     1    11     8    19     9     0     3  -103.0  -13.394  -40.871      0.0    963.8
     1     1    11     8    19     8     0     2  -104.0  -13.368  -40.817      0.0    963.8
     1     1    11     8    19     7     0     1  -105.0  -13.351  -40.758      0.0    964.0
     1     1    11     8    19     6     0     0  -106.0  -13.343  -40.696      0.0    964.3
     1     1    11     8    19     5     0     1  -107.0  -13.342  -40.626      0.0    964.3
     1     1    11     8    19     4     0     2  -108.0  -13.347  -40.542      0.0    964.4
     1     1    11     8    19     3     0     3  -109.0  -13.357  -40.446      0.0    964.4
     1     1    11     8    19     2     0     2  -110.0  -13.374  -40.339      0.0    964.1
     1     1    11     8    19     1     0     1  -111.0  -13.400  -40.221      0.0    964.1
     1     1    11     8    19     0     0     0  -112.0  -13.437  -40.096      2.4    964.3
     1     1    11     8    18    23     0     1  -113.0  -13.481  -39.964      8.4    966.1
     1     1    11     8    18    22     0     2  -114.0  -13.529  -39.821     16.4    971.3
     1     1    11     8    18    21     0     3  -115.0  -13.583  -39.666     20.7    977.1
     1     1    11     8    18    20     0     2  -116.0  -13.645  -39.511     16.8    984.5
     1     1    11     8    18    19     0     1  -117.0  -13.714  -39.367      9.3    992.8
     1     1    11     8    18    18     0     0  -118.0  -13.793  -39.228      0.5    998.7
     1     1    11     8    18    17     0     1  -119.0  -13.876  -39.093      0.0   1005.3
     1     1    11     8    18    16     0     2  -120.0  -13.953  -38.964      0.0   1010.6
     1     1    11     8    18    15     0     3  -121.0  -14.018  -38.832      0.0   1012.8
     1     1    11     8    18    14     0     2  -122.0  -14.086  -38.701      0.0   1013.2
     1     1    11     8    18    13     0     1  -123.0  -14.172  -38.578      0.0   1013.6
     1     1    11     8    18    12     0     0  -124.0  -14.275  -38.453      0.0   1014.1
     1     1    11     8    18    11     0     1  -125.0  -14.384  -38.322      0.0   1014.3
     1     1    11     8    18    10     0     2  -126.0  -14.486  -38.181      0.0   1014.4
     1     1    11     8    18     9     0     3  -127.0  -14.585  -38.025      0.0   1014.5
     1     1    11     8    18     8     0     2  -128.0  -14.673  -37.859      0.3   1014.3
     1     1    11     8    18     7     0     1  -129.0  -14.746  -37.692      0.4   1014.1
     1     1    11     8    18     6     0     0  -130.0  -14.805  -37.525      0.4   1013.9
     1     1    11     8    18     5     0     1  -131.0  -14.857  -37.353      0.3   1015.3
     1     1    11     8    18     4     0     2  -132.0  -14.904  -37.171      0.4   1016.6
     1     1    11     8    18     3     0     3  -133.0  -14.948  -36.977      0.4   1018.0
     1     1    11     8    18     2     0     2  -134.0  -14.991  -36.777      0.6   1017.8
     1     1    11     8    18     1     0     1  -135.0  -15.039  -36.580      1.1   1017.6
     1     1    11     8    18     0     0     0  -136.0  -15.089  -36.385      1.9   1017.4
     1     1    11     8    17    23     0     1  -137.0  -15.141  -36.189      2.7   1017.2
     1     1    11     8    17    22     0     2  -138.0  -15.193  -35.985      3.5   1017.0
     1     1    11     8    17    21     0     3  -139.0  -15.248  -35.771      4.2   1016.8
     1     1    11     8    17    20     0     2  -140.0  -15.300  -35.545      4.6   1016.6
     1     1    11     8    17    19     0     1  -141.0  -15.347  -35.301      4.9   1016.4
     1     1    11     8    17    18     0     0  -142.0  -15.384  -35.039      4.9   1016.2
     1     1    11     8    17    17     0     1  -143.0  -15.428  -34.776      5.0   1016.4
     1     1    11     8    17    16     0     2  -144.0  -15.490  -34.534      5.1   1016.7
     1     1    11     8    17    15     0     3  -145.0  -15.567  -34.317      5.3   1016.9
     1     1    11     8    17    14     0     2  -146.0  -15.648  -34.109      5.5   1017.1
     1     1    11     8    17    13     0     1  -147.0  -15.723  -33.893      6.0   1017.3
     1     1    11     8    17    12     0     0  -148.0  -15.793  -33.666      6.7   1017.4
     1     1    11     8    17    11     0     1  -149.0  -15.861  -33.432      7.5   1017.7
     1     1    11     8    17    10     0     2  -150.0  -15.926  -33.192      8.4   1017.9
     1     1    11     8    17     9     0     3  -151.0  -15.986  -32.948      9.1   1018.1
     1     1    11     8    17     8     0     2  -152.0  -16.044  -32.694      9.8   1017.2
     1     1    11     8    17     7     0     1  -153.0  -16.104  -32.426     10.2   1016.5
     1     1    11     8    17     6     0     0  -154.0  -16.164  -32.145     10.5   1015.8
     1     1    11     8    17     5     0     1  -155.0  -16.224  -31.856     10.8   1017.2
     1     1    11     8    17     4     0     2  -156.0  -16.290  -31.568     11.0   1018.3
     1     1    11     8    17     3     0     3  -157.0  -16.363  -31.279     11.1   1019.4
     1     1    11     8    17     2     0     2  -158.0  -16.443  -30.986     11.3   1019.2
     1     1    11     8    17     1     0     1  -159.0  -16.526  -30.685     11.7   1019.1
     1     1    11     8    17     0     0     0  -160.0  -16.611  -30.379     12.4   1019.1
     1     1    11     8    16    23     0     1  -161.0  -16.706  -30.077     13.5   1018.8
     1     1    11     8    16    22     0     2  -162.0  -16.813  -29.784     14.5   1018.2
     1     1    11     8    16    21     0     3  -163.0  -16.931  -29.501     15.4   1017.5
     1     1    11     8    16    20     0     2  -164.0  -17.053  -29.226     16.1   1017.7
     1     1    11     8    16    19     0     1  -165.0  -17.176  -28.958     17.0   1017.9
     1     1    11     8    16    18     0     0  -166.0  -17.298  -28.695     18.2   1018.0
     1     1    11     8    16    17     0     1  -167.0  -17.419  -28.432     19.4   1018.1
     1     1    11     8    16    16     0     2  -168.0  -17.536  -28.168     19.9   1018.4
     1     1    11     8    16    15     0     3  -169.0  -17.653  -27.906     19.5   1018.9
     1     1    11     8    16    14     0     2  -170.0  -17.773  -27.641     18.8   1019.4
     1     1    11     8    16    13     0     1  -171.0  -17.900  -27.370     18.5   1019.9
     1     1    11     8    16    12     0     0  -172.0  -18.033  -27.095     18.5   1020.2
     1     1    11     8    16    11     0     1  -173.0  -18.178  -26.828     18.4   1019.3
     1     1    11     8    16    10     0     2  -174.0  -18.336  -26.576     18.3   1018.4
     1     1    11     8    16     9     0     3  -175.0  -18.504  -26.339     18.0   1017.5
     1     1    11     8    16     8     0     2  -176.0  -18.676  -26.117     18.0   1017.8
     1     1    11     8    16     7     0     1  -177.0  -18.845  -25.912     18.6   1017.9
     1     1    11     8    16     6     0     0  -178.0  -19.006  -25.724     19.6   1017.9
     1     1    11     8    16     5     0     1  -179.0  -19.159  -25.543     20.6   1017.9
     1     1    11     8    16     4     0     2  -180.0  -19.307  -25.361     21.1   1018.1
     1     1    11     8    16     3     0     3  -181.0  -19.451  -25.180     21.2   1018.3
     1     1    11     8    16     2     0     2  -182.0  -19.597  -24.996     21.4   1018.4
     1     1    11     8    16     1     0     1  -183.0  -19.748  -24.806     22.1   1018.4
     1     1    11     8    16     0     0     0  -184.0  -19.905  -24.612     23.2   1018.3
     1     1    11     8    15    23     0     1  -185.0  -20.064  -24.430     24.5   1018.1
     1     1    11     8    15    22     0     2  -186.0  -20.224  -24.275     26.1   1017.9
     1     1    11     8    15    21     0     3  -187.0  -20.387  -24.145     28.1   1017.6
     1     1    11     8    15    20     0     2  -188.0  -20.540  -24.031     30.4   1017.0
     1     1    11     8    15    19     0     1  -189.0  -20.668  -23.926     32.6   1016.6
     1     1    11     8    15    18     0     0  -190.0  -20.772  -23.831     34.9   1016.5
     1     1    11     8    15    17     0     1  -191.0  -20.867  -23.743     36.8   1016.6
     1     1    11     8    15    16     0     2  -192.0  -20.969  -23.662     38.0   1016.7
     1     1    11     8    15    15     0     3  -193.0  -21.077  -23.587     38.4   1016.6
     1     1    11     8    15    14     0     2  -194.0  -21.189  -23.520     38.5   1016.9
     1     1    11     8    15    13     0     1  -195.0  -21.304  -23.460     38.9   1017.1
     1     1    11     8    15    12     0     0  -196.0  -21.422  -23.409     39.5   1017.2
     1     1    11     8    15    11     0     1  -197.0  -21.535  -23.371     40.7   1016.3
     1     1    11     8    15    10     0     2  -198.0  -21.632  -23.352     42.5   1015.2
     1     1    11     8    15     9     0     3  -199.0  -21.716  -23.350     44.9   1014.2
     1     1    11     8    15     8     0     2  -200.0  -21.792  -23.357     47.8   1013.9
     1     1    11     8    15     7     0     1  -201.0  -21.867  -23.366     50.9   1013.7
     1     1    11     8    15     6     0     0  -202.0  -21.942  -23.377     54.4   1013.4
     1     1    11     8    15     5     0     1  -203.0  -22.010  -23.389     57.5   1013.1
     1     1    11     8    15     4     0     2  -204.0  -22.068  -23.400     59.4   1013.0
     1     1    11     8    15     3     0     3  -205.0  -22.114  -23.411     60.1   1013.1
     1     1    11     8    15     2     0     2  -206.0  -22.149  -23.420     60.1   1013.3
     1     1    11     8    15     1     0     1  -207.0  -22.173  -23.429     60.1   1013.4
     1     1    11     8    15     0     0     0  -208.0  -22.185  -23.436     60.1   1013.5
     1     1    11     8    14    23     0     1  -209.0  -22.191  -23.441     60.6   1012.7
     1     1    11     8    14    22     0     2  -210.0  -22.194  -23.446     62.3   1011.7
     1     1    11     8    14    21     0     3  -211.0  -22.194  -23.450     65.3   1010.6
     1     1    11     8    14    20     0     2  -212.0  -22.190  -23.451     68.5   1010.1
     1     1    11     8    14    19     0     1  -213.0  -22.179  -23.449     70.5   1009.8
     1     1    11     8    14    18     0     0  -214.0  -22.162  -23.442     71.1   1009.7
     1     1    11     8    14    17     0     1  -215.0  -22.144  -23.420     71.1   1009.4
     1     1    11     8    14    16     0     2  -216.0  -22.132  -23.374     71.1   1009.0
     1     1    11     8    14    15     0     3  -217.0  -22.126  -23.302     71.1   1008.6
     1     1    11     8    14    14     0     2  -218.0  -22.129  -23.216     71.1   1009.0
     1     1    11     8    14    13     0     1  -219.0  -22.141  -23.129     71.1   1009.4
     1     1    11     8    14    12     0     0  -220.0  -22.162  -23.041     71.1   1009.9
     1     1    11     8    14    11     0     1  -221.0  -22.194  -22.948     71.2   1010.1
     1     1    11     8    14    10     0     2  -222.0  -22.236  -22.846     71.2   1010.3
     1     1    11     8    14     9     0     3  -223.0  -22.289  -22.736     71.2   1010.6
     1     1    11     8    14     8     0     2  -224.0  -22.350  -22.624     72.0   1010.2
     1     1    11     8    14     7     0     1  -225.0  -22.414  -22.514     74.3   1009.6
     1     1    11     8    14     6     0     0  -226.0  -22.481  -22.407     78.2   1008.9
     1     1    11     8    14     5     0     1  -227.0  -22.555  -22.307     82.1   1008.5
     1     1    11     8    14     4     0     2  -228.0  -22.640  -22.215     84.4   1008.4
     1     1    11     8    14     3     0     3  -229.0  -22.734  -22.133     85.2   1008.4
     1     1    11     8    14     2     0     2  -230.0  -22.836  -22.058     85.3   1008.8
     1     1    11     8    14     1     0     1  -231.0  -22.941  -21.993     85.5   1009.1
     1     1    11     8    14     0     0     0  -232.0  -23.049  -21.937     85.7   1009.3
     1     1    11     8    13    23     0     1  -233.0  -23.167  -21.890     87.1   1009.1
     1     1    11     8    13    22     0     2  -234.0  -23.298  -21.848     90.9   1008.4
     1     1    11     8    13    21     0     3  -235.0  -23.442  -21.810     96.5   1007.5
     1     1    11     8    13    20     0     2  -236.0  -23.599  -21.785    102.2   1006.6
     1     1    11     8    13    19     0     1  -237.0  -23.764  -21.787    106.7   1006.0
     1     1    11     8    13    18     0     0  -238.0  -23.936  -21.818    111.3   1005.4
     1     1    11     8    13    17     0     1  -239.0  -24.109  -21.870    116.3   1004.9
     1     1    11     8    13    16     0     2  -240.0  -24.280  -21.931    121.2   1004.5
     1     1    11     8    13    15     0     3  -241.0  -24.448  -21.997    125.1   1004.2
     1     1    11     8    13    14     0     2  -242.0  -24.609  -22.068    127.4   1004.2
     1     1    11     8    13    13     0     1  -243.0  -24.760  -22.142    128.2   1004.5
     1     1    11     8    13    12     0     0  -244.0  -24.899  -22.223    127.8   1004.9
     1     1    11     8    13    11     0     1  -245.0  -25.027  -22.313    128.2   1004.8
     1     1    11     8    13    10     0     2  -246.0  -25.148  -22.418    131.1   1004.2
     1     1    11     8    13     9     0     3  -247.0  -25.264  -22.539    135.7   1003.4
     1     1    11     8    13     8     0     2  -248.0  -25.380  -22.674    140.6   1002.5
     1     1    11     8    13     7     0     1  -249.0  -25.500  -22.824    144.4   1001.8
     1     1    11     8    13     6     0     0  -250.0  -25.620  -22.989    146.7   1001.2
     1     1    11     8    13     5     0     1  -251.0  -25.739  -23.162    147.0   1001.3
     1     1    11     8    13     4     0     2  -252.0  -25.856  -23.334    144.9   1001.8
     1     1    11     8    13     3     0     3  -253.0  -25.971  -23.503    140.0   1002.5
     1     1    11     8    13     2     0     2  -254.0  -26.090  -23.683    135.3   1003.6
     1     1    11     8    13     1     0     1  -255.0  -26.221  -23.891    133.9   1004.0
     1     1    11     8    13     0     0     0  -256.0  -26.367  -24.131    136.1   1004.0
     1     1    11     8    12    23     0     1  -257.0  -26.526  -24.385    141.5   1002.8
     1     1    11     8    12    22     0     2  -258.0  -26.693  -24.634    149.1   1001.1
     1     1    11     8    12    21     0     3  -259.0  -26.860  -24.870    155.7    999.4
     1     1    11     8    12    20     0     2  -260.0  -27.035  -25.112    159.8    998.4
     1     1    11     8    12    19     0     1  -261.0  -27.234  -25.382    163.2    997.7
     1     1    11     8    12    18     0     0  -262.0  -27.464  -25.679    166.3    996.7
     1     1    11     8    12    17     0     1  -263.0  -27.715  -25.985    168.2    996.6
     1     1    11     8    12    16     0     2  -264.0  -27.972  -26.279    169.3    996.7
     1     1    11     8    12    15     0     3  -265.0  -28.228  -26.559    171.0    996.8
     1     1    11     8    12    14     0     2  -266.0  -28.497  -26.826    174.3    996.6
     1     1    11     8    12    13     0     1  -267.0  -28.796  -27.076    179.2    996.1
     1     1    11     8    12    12     0     0  -268.0  -29.124  -27.298    184.1    995.5
     1     1    11     8    12    11     0     1  -269.0  -29.485  -27.487    190.5    994.2
     1     1    11     8    12    10     0     2  -270.0  -29.884  -27.635    200.7    992.3
     1     1    11     8    12     9     0     3  -271.0  -30.315  -27.723    214.2    990.4
     1     1    11     8    12     8     0     2  -272.0  -30.768  -27.737    227.8    988.6
     1     1    11     8    12     7     0     1  -273.0  -31.231  -27.669    239.0    987.6
     1     1    11     8    12     6     0     0  -274.0  -31.699  -27.517    251.6    986.9
     1     1    11     8    12     5     0     1  -275.0  -32.149  -27.283    266.0    986.0
     1     1    11     8    12     4     0     2  -276.0  -32.554  -26.962    277.5    985.4
     1     1    11     8    12     3     0     3  -277.0  -32.906  -26.552    287.9    985.7
     1     1    11     8    12     2     0     2  -278.0  -33.202  -26.082    301.5    984.7
     1     1    11     8    12     1     0     1  -279.0  -33.447  -25.579    310.9    983.6
     1     1    11     8    12     0     0     0  -280.0  -33.656  -25.048    312.7    984.7
     1     1    11     8    11    23     0     1  -281.0  -33.835  -24.496    312.8    985.7
     1     1    11     8    11    22     0     2  -282.0  -33.977  -23.945    316.7    986.6
     1     1    11     8    11    21     0     3  -283.0  -34.079  -23.418    323.0    986.2
     1     1    11     8    11    20     0     2  -284.0  -34.151  -22.910    326.2    985.9
     1     1    11     8    11    19     0     1  -285.0  -34.213  -22.407    327.8    986.1
     1     1    11     8    11    18     0     0  -286.0  -34.269  -21.904    330.3    985.8
     1     1    11     8    11    17     0     1  -287.0  -34.325  -21.420    333.0    985.9
     1     1    11     8    11    16     0     2  -288.0  -34.392  -20.973    334.5    986.2
     1     1    11     8    11    15     0     3  -289.0  -34.481  -20.566    333.8    986.7
     1     1    11     8    11    14     0     2  -290.0  -34.588  -20.192    333.7    987.2
     1     1    11     8    11    13     0     1  -291.0  -34.707  -19.845    337.4    986.9
     1     1    11     8    11    12     0     0  -292.0  -34.842  -19.531    344.5    986.2
     1     1    11     8    11    11     0     1  -293.0  -35.009  -19.253    356.9    984.9
     1     1    11     8    11    10     0     2  -294.0  -35.214  -19.018    376.2    982.4
     1     1    11     8    11     9     0     3  -295.0  -35.450  -18.834    401.7    979.4
     1     1    11     8    11     8     0     2  -296.0  -35.704  -18.707    432.5    975.6
     1     1    11     8    11     7     0     1  -297.0  -35.963  -18.634    472.9    970.7
     1     1    11     8    11     6     0     0  -298.0  -36.230  -18.609    525.1    963.5
     1     1    11     8    11     5     0     1  -299.0  -36.516  -18.627    574.2    956.1
     1     1    11     8    11     4     0     2  -300.0  -36.825  -18.682    612.4    951.9
     1     1    11     8    11     3     0     3  -301.0  -37.151  -18.767    650.4    947.7
     1     1    11     8    11     2     0     2  -302.0  -37.499  -18.888    687.6    941.6
     1     1    11     8    11     1     0     1  -303.0  -37.878  -19.048    721.6    937.5
     1     1    11     8    11     0     0     0  -304.0  -38.287  -19.244    763.4    932.5
     1     1    11     8    10    23     0     1  -305.0  -38.698  -19.485    806.8    926.0
     1     1    11     8    10    22     0     2  -306.0  -39.098  -19.773    846.3    921.9
     1     1    11     8    10    21     0     3  -307.0  -39.490  -20.098    896.1    916.9
     1     1    11     8    10    20     0     2  -308.0  -39.866  -20.453    943.4    908.1
     1     1    11     8    10    19     0     1  -309.0  -40.232  -20.843    984.8    904.3
     1     1    11     8    10    18     0     0  -310.0  -40.595  -21.274   1033.9    897.3
     1     1    11     8    10    17     0     1  -311.0  -40.954  -21.726   1068.1    890.8
     1     1    11     8    10    16     0     2  -312.0  -41.310  -22.191   1092.6    889.6
     1     1    11     8    10    15     0     3  -313.0  -41.664  -22.678   1111.1    885.1
     1     1    11     8    10    14     0     2  -314.0  -42.006  -23.167   1106.0    885.5
     1     1    11     8    10    13     0     1  -315.0  -42.333  -23.647   1105.2    888.4
     1     1    11     8    10    12     0     0  -316.0  -42.645  -24.118   1124.9    884.7
     1     1    11     8    10    11     0     1  -317.0  -42.955  -24.562   1149.8    881.5
     1     1    11     8    10    10     0     2  -318.0  -43.275  -24.970   1176.5    878.5
     1     1    11     8    10     9     0     3  -319.0  -43.605  -25.344   1208.8    875.3
     1     1    11     8    10     8     0     2  -320.0  -43.933  -25.701   1251.1    869.6
     1     1    11     8    10     7     0     1  -321.0  -44.249  -26.064   1298.8    863.0
     1     1    11     8    10     6     0     0  -322.0  -44.561  -26.425   1344.1    856.9
     1     1    11     8    10     5     0     1  -323.0  -44.872  -26.784   1383.6    853.0
     1     1    11     8    10     4     0     2  -324.0  -45.180  -27.152   1422.4    849.5
     1     1    11     8    10     3     0     3  -325.0  -45.489  -27.527   1473.7    845.3
     1     1    11     8    10     2     0     2  -326.0  -45.800  -27.898   1537.4    836.8
     1     1    11     8    10     1     0     1  -327.0  -46.118  -28.259   1594.0    829.1
     1     1    11     8    10     0     0     0  -328.0  -46.453  -28.612   1624.5    824.4
     1     1    11     8     9    23     0     1  -329.0  -46.812  -28.964   1637.5    824.7
     1     1    11     8     9    22     0     2  -330.0  -47.195  -29.319   1664.8    823.1
     1     1    11     8     9    21     0     3  -331.0  -47.599  -29.665   1735.3    816.7
     1     1    11     8     9    20     0     2  -332.0  -48.016  -30.004   1843.5    802.9
     1     1    11     8     9    19     0     1  -333.0  -48.439  -30.352   1933.1    789.3
     1     1    11     8     9    18     0     0  -334.0  -48.876  -30.694   1979.6    785.3
     1     1    11     8     9    17     0     1  -335.0  -49.328  -31.026   2017.5    783.1
     1     1    11     8     9    16     0     2  -336.0  -49.793  -31.359   2075.2    777.1
