     3     1
    GDAS    11     2    15     0     0
    GDAS    11     2    22     0     0
    GDAS    11     3     1     0     0
     1 BACKWARD OMEGA   
  2011     3     1    16   -8.890  -56.730  1524.0
     1 PRESSURE
     1     1    11     3     1    16     0     2     0.0   -8.890  -56.730   1524.0    825.9
     1     1    11     3     1    15     0     3    -1.0   -8.694  -56.937   1502.1    827.6
     1     1    11     3     1    14     0     2    -2.0   -8.503  -57.134   1496.1    826.7
     1     1    11     3     1    13     0     1    -3.0   -8.322  -57.336   1501.5    825.1
     1     1    11     3     1    12     0     0    -4.0   -8.143  -57.540   1506.7    827.1
     1     1    11     3     1    11     0     1    -5.0   -7.976  -57.739   1504.1    831.0
     1     1    11     3     1    10     0     2    -6.0   -7.832  -57.923   1492.8    836.8
     1     1    11     3     1     9     0     3    -7.0   -7.712  -58.084   1483.1    839.0
     1     1    11     3     1     8     0     2    -8.0   -7.614  -58.232   1477.5    839.1
     1     1    11     3     1     7     0     1    -9.0   -7.531  -58.375   1473.2    839.2
     1     1    11     3     1     6     0     0   -10.0   -7.465  -58.512   1467.8    839.8
     1     1    11     3     1     5     0     1   -11.0   -7.409  -58.639   1465.0    841.0
     1     1    11     3     1     4     0     2   -12.0   -7.362  -58.755   1468.9    841.3
     1     1    11     3     1     3     0     3   -13.0   -7.324  -58.858   1478.6    841.1
     1     1    11     3     1     2     0     2   -14.0   -7.297  -58.959   1485.2    839.4
     1     1    11     3     1     1     0     1   -15.0   -7.278  -59.070   1480.3    839.8
     1     1    11     3     1     0     0     0   -16.0   -7.265  -59.191   1464.2    841.1
     1     1    11     2    28    23     0     1   -17.0   -7.253  -59.327   1437.8    843.3
     1     1    11     2    28    22     0     2   -18.0   -7.235  -59.478   1405.1    846.4
     1     1    11     2    28    21     0     3   -19.0   -7.214  -59.639   1373.3    849.6
     1     1    11     2    28    20     0     2   -20.0   -7.197  -59.799   1350.9    852.9
     1     1    11     2    28    19     0     1   -21.0   -7.191  -59.945   1336.9    854.3
     1     1    11     2    28    18     0     0   -22.0   -7.196  -60.079   1322.1    855.9
     1     1    11     2    28    17     0     1   -23.0   -7.213  -60.207   1302.0    858.5
     1     1    11     2    28    16     0     2   -24.0   -7.245  -60.339   1278.3    861.7
     1     1    11     2    28    15     0     3   -25.0   -7.296  -60.473   1255.0    864.9
     1     1    11     2    28    14     0     2   -26.0   -7.364  -60.611   1232.3    866.9
     1     1    11     2    28    13     0     1   -27.0   -7.445  -60.751   1206.4    869.2
     1     1    11     2    28    12     0     0   -28.0   -7.538  -60.893   1173.0    872.4
     1     1    11     2    28    11     0     1   -29.0   -7.627  -61.035   1143.2    876.0
     1     1    11     2    28    10     0     2   -30.0   -7.698  -61.174   1132.0    876.7
     1     1    11     2    28     9     0     3   -31.0   -7.755  -61.307   1142.0    875.1
     1     1    11     2    28     8     0     2   -32.0   -7.806  -61.431   1172.7    872.2
     1     1    11     2    28     7     0     1   -33.0   -7.858  -61.542   1221.2    867.0
     1     1    11     2    28     6     0     0   -34.0   -7.912  -61.638   1283.4    860.5
     1     1    11     2    28     5     0     1   -35.0   -7.979  -61.727   1330.4    853.3
     1     1    11     2    28     4     0     2   -36.0   -8.065  -61.820   1333.9    852.6
     1     1    11     2    28     3     0     3   -37.0   -8.169  -61.919   1294.9    856.2
     1     1    11     2    28     2     0     2   -38.0   -8.287  -62.021   1246.7    863.3
     1     1    11     2    28     1     0     1   -39.0   -8.425  -62.115   1224.9    865.3
     1     1    11     2    28     0     0     0   -40.0   -8.589  -62.191   1239.6    863.4
     1     1    11     2    27    23     0     1   -41.0   -8.774  -62.263   1286.9    856.7
     1     1    11     2    27    22     0     2   -42.0   -8.967  -62.345   1362.0    849.2
     1     1    11     2    27    21     0     3   -43.0   -9.158  -62.443   1480.0    838.0
     1     1    11     2    27    20     0     2   -44.0   -9.339  -62.543   1624.6    821.2
     1     1    11     2    27    19     0     1   -45.0   -9.510  -62.624   1761.2    807.4
     1     1    11     2    27    18     0     0   -46.0   -9.680  -62.679   1876.6    795.4
     1     1    11     2    27    17     0     1   -47.0   -9.869  -62.704   1985.1    785.9
     1     1    11     2    27    16     0     2   -48.0  -10.086  -62.701   2116.0    773.2
     1     1    11     2    27    15     0     3   -49.0  -10.313  -62.684   2271.3    758.1
     1     1    11     2    27    14     0     2   -50.0  -10.536  -62.667   2403.2    740.7
     1     1    11     2    27    13     0     1   -51.0  -10.763  -62.651   2504.6    733.8
     1     1    11     2    27    12     0     0   -52.0  -11.005  -62.637   2671.5    722.7
     1     1    11     2    27    11     0     1   -53.0  -11.248  -62.615   2885.9    697.3
     1     1    11     2    27    10     0     2   -54.0  -11.470  -62.563   3056.4    682.7
     1     1    11     2    27     9     0     3   -55.0  -11.671  -62.475   3182.8    670.9
     1     1    11     2    27     8     0     2   -56.0  -11.856  -62.354   3286.2    661.8
     1     1    11     2    27     7     0     1   -57.0  -12.029  -62.208   3384.9    651.2
     1     1    11     2    27     6     0     0   -58.0  -12.205  -62.059   3477.6    643.7
     1     1    11     2    27     5     0     1   -59.0  -12.395  -61.906   3536.4    640.9
     1     1    11     2    27     4     0     2   -60.0  -12.589  -61.738   3552.3    643.1
     1     1    11     2    27     3     0     3   -61.0  -12.776  -61.560   3546.1    646.0
     1     1    11     2    27     2     0     2   -62.0  -12.950  -61.381   3547.9    646.2
     1     1    11     2    27     1     0     1   -63.0  -13.115  -61.206   3557.0    642.2
     1     1    11     2    27     0     0     0   -64.0  -13.277  -61.035   3545.7    640.0
     1     1    11     2    26    23     0     1   -65.0  -13.428  -60.877   3487.7    642.6
     1     1    11     2    26    22     0     2   -66.0  -13.553  -60.743   3383.4    650.8
     1     1    11     2    26    21     0     3   -67.0  -13.652  -60.635   3250.4    662.4
     1     1    11     2    26    20     0     2   -68.0  -13.739  -60.536   3111.9    675.9
     1     1    11     2    26    19     0     1   -69.0  -13.826  -60.424   2981.7    687.8
     1     1    11     2    26    18     0     0   -70.0  -13.913  -60.298   2848.3    699.8
     1     1    11     2    26    17     0     1   -71.0  -13.993  -60.155   2736.1    714.6
     1     1    11     2    26    16     0     2   -72.0  -14.064  -59.990   2677.2    720.3
     1     1    11     2    26    15     0     3   -73.0  -14.126  -59.800   2655.1    716.1
     1     1    11     2    26    14     0     2   -74.0  -14.197  -59.599   2637.7    709.4
     1     1    11     2    26    13     0     1   -75.0  -14.292  -59.404   2602.9    707.4
     1     1    11     2    26    12     0     0   -76.0  -14.409  -59.214   2561.6    706.8
     1     1    11     2    26    11     0     1   -77.0  -14.532  -59.039   2535.7    706.4
     1     1    11     2    26    10     0     2   -78.0  -14.645  -58.892   2539.6    706.6
     1     1    11     2    26     9     0     3   -79.0  -14.753  -58.778   2565.1    706.5
     1     1    11     2    26     8     0     2   -80.0  -14.858  -58.682   2599.5    705.6
     1     1    11     2    26     7     0     1   -81.0  -14.963  -58.590   2632.6    705.8
     1     1    11     2    26     6     0     0   -82.0  -15.065  -58.499   2664.3    706.4
     1     1    11     2    26     5     0     1   -83.0  -15.163  -58.412   2697.3    707.0
     1     1    11     2    26     4     0     2   -84.0  -15.251  -58.332   2734.8    706.7
     1     1    11     2    26     3     0     3   -85.0  -15.330  -58.257   2777.4    705.7
     1     1    11     2    26     2     0     2   -86.0  -15.405  -58.196   2783.2    703.5
     1     1    11     2    26     1     0     1   -87.0  -15.483  -58.159   2709.3    711.1
     1     1    11     2    26     0     0     0   -88.0  -15.562  -58.149   2557.4    725.5
     1     1    11     2    25    23     0     1   -89.0  -15.635  -58.164   2397.0    745.6
     1     1    11     2    25    22     0     2   -90.0  -15.700  -58.205   2286.2    755.2
     1     1    11     2    25    21     0     3   -91.0  -15.758  -58.271   2215.0    760.5
     1     1    11     2    25    20     0     2   -92.0  -15.800  -58.355   2163.1    764.1
     1     1    11     2    25    19     0     1   -93.0  -15.818  -58.444   2111.5    768.0
     1     1    11     2    25    18     0     0   -94.0  -15.812  -58.538   2049.3    772.4
     1     1    11     2    25    17     0     1   -95.0  -15.789  -58.631   1974.3    778.2
     1     1    11     2    25    16     0     2   -96.0  -15.754  -58.723   1894.3    784.8
     1     1    11     2    25    15     0     3   -97.0  -15.706  -58.812   1819.1    790.5
     1     1    11     2    25    14     0     2   -98.0  -15.650  -58.899   1747.0    794.1
     1     1    11     2    25    13     0     1   -99.0  -15.592  -58.983   1669.9    798.3
     1     1    11     2    25    12     0     0  -100.0  -15.532  -59.066   1587.0    805.3
     1     1    11     2    25    11     0     1  -101.0  -15.469  -59.145   1512.4    813.1
     1     1    11     2    25    10     0     2  -102.0  -15.399  -59.220   1458.4    817.4
     1     1    11     2    25     9     0     3  -103.0  -15.323  -59.292   1424.0    819.8
     1     1    11     2    25     8     0     2  -104.0  -15.240  -59.363   1406.3    821.1
     1     1    11     2    25     7     0     1  -105.0  -15.152  -59.436   1401.8    821.5
     1     1    11     2    25     6     0     0  -106.0  -15.057  -59.512   1409.1    821.0
     1     1    11     2    25     5     0     1  -107.0  -14.958  -59.595   1416.1    820.5
     1     1    11     2    25     4     0     2  -108.0  -14.859  -59.687   1413.4    823.1
     1     1    11     2    25     3     0     3  -109.0  -14.756  -59.789   1406.2    826.5
     1     1    11     2    25     2     0     2  -110.0  -14.646  -59.902   1411.7    829.9
     1     1    11     2    25     1     0     1  -111.0  -14.528  -60.028   1448.4    829.3
     1     1    11     2    25     0     0     0  -112.0  -14.405  -60.164   1516.2    822.7
     1     1    11     2    24    23     0     1  -113.0  -14.280  -60.300   1593.1    813.0
     1     1    11     2    24    22     0     2  -114.0  -14.156  -60.434   1655.7    806.1
     1     1    11     2    24    21     0     3  -115.0  -14.035  -60.569   1701.2    800.8
     1     1    11     2    24    20     0     2  -116.0  -13.910  -60.707   1728.7    797.6
     1     1    11     2    24    19     0     1  -117.0  -13.773  -60.850   1742.6    796.4
     1     1    11     2    24    18     0     0  -118.0  -13.626  -60.998   1756.1    796.4
     1     1    11     2    24    17     0     1  -119.0  -13.476  -61.145   1776.1    795.6
     1     1    11     2    24    16     0     2  -120.0  -13.324  -61.284   1794.8    795.0
     1     1    11     2    24    15     0     3  -121.0  -13.165  -61.418   1802.9    795.9
     1     1    11     2    24    14     0     2  -122.0  -12.998  -61.549   1807.7    798.6
     1     1    11     2    24    13     0     1  -123.0  -12.831  -61.684   1821.1    797.2
     1     1    11     2    24    12     0     0  -124.0  -12.664  -61.827   1847.4    793.4
     1     1    11     2    24    11     0     1  -125.0  -12.509  -61.968   1874.3    786.8
     1     1    11     2    24    10     0     2  -126.0  -12.373  -62.102   1889.9    783.2
     1     1    11     2    24     9     0     3  -127.0  -12.248  -62.229   1895.8    781.9
     1     1    11     2    24     8     0     2  -128.0  -12.126  -62.354   1893.3    782.8
     1     1    11     2    24     7     0     1  -129.0  -12.002  -62.477   1884.3    784.9
     1     1    11     2    24     6     0     0  -130.0  -11.876  -62.594   1873.0    788.9
     1     1    11     2    24     5     0     1  -131.0  -11.747  -62.705   1861.1    791.6
     1     1    11     2    24     4     0     2  -132.0  -11.613  -62.814   1845.1    793.2
     1     1    11     2    24     3     0     3  -133.0  -11.476  -62.914   1815.6    795.0
     1     1    11     2    24     2     0     2  -134.0  -11.340  -63.008   1787.6    797.8
     1     1    11     2    24     1     0     1  -135.0  -11.207  -63.100   1786.6    796.5
     1     1    11     2    24     0     0     0  -136.0  -11.079  -63.192   1822.5    791.7
     1     1    11     2    23    23     0     1  -137.0  -10.958  -63.286   1892.2    783.9
     1     1    11     2    23    22     0     2  -138.0  -10.846  -63.385   1992.2    775.8
     1     1    11     2    23    21     0     3  -139.0  -10.743  -63.490   2123.9    764.6
     1     1    11     2    23    20     0     2  -140.0  -10.652  -63.596   2272.4    751.9
     1     1    11     2    23    19     0     1  -141.0  -10.572  -63.703   2410.6    739.6
     1     1    11     2    23    18     0     0  -142.0  -10.502  -63.823   2509.7    731.1
     1     1    11     2    23    17     0     1  -143.0  -10.436  -63.954   2536.6    728.1
     1     1    11     2    23    16     0     2  -144.0  -10.370  -64.077   2497.9    734.5
     1     1    11     2    23    15     0     3  -145.0  -10.308  -64.185   2425.7    743.4
     1     1    11     2    23    14     0     2  -146.0  -10.246  -64.281   2371.5    752.5
     1     1    11     2    23    13     0     1  -147.0  -10.182  -64.376   2360.9    753.3
     1     1    11     2    23    12     0     0  -148.0  -10.124  -64.473   2379.9    751.4
     1     1    11     2    23    11     0     1  -149.0  -10.071  -64.566   2389.9    747.6
     1     1    11     2    23    10     0     2  -150.0  -10.019  -64.641   2366.4    750.3
     1     1    11     2    23     9     0     3  -151.0   -9.964  -64.692   2318.5    754.9
     1     1    11     2    23     8     0     2  -152.0   -9.901  -64.720   2262.5    761.7
     1     1    11     2    23     7     0     1  -153.0   -9.826  -64.733   2209.2    766.7
     1     1    11     2    23     6     0     0  -154.0   -9.739  -64.731   2153.1    772.1
     1     1    11     2    23     5     0     1  -155.0   -9.647  -64.712   2109.2    778.4
     1     1    11     2    23     4     0     2  -156.0   -9.558  -64.679   2096.0    780.3
     1     1    11     2    23     3     0     3  -157.0   -9.473  -64.634   2116.5    779.4
     1     1    11     2    23     2     0     2  -158.0   -9.388  -64.590   2145.4    774.5
     1     1    11     2    23     1     0     1  -159.0   -9.302  -64.553   2156.6    773.8
     1     1    11     2    23     0     0     0  -160.0   -9.212  -64.523   2151.9    774.5
     1     1    11     2    22    23     0     1  -161.0   -9.128  -64.490   2135.6    776.4
     1     1    11     2    22    22     0     2  -162.0   -9.057  -64.445   2111.2    778.7
     1     1    11     2    22    21     0     3  -163.0   -8.997  -64.387   2078.7    781.8
     1     1    11     2    22    20     0     2  -164.0   -8.941  -64.313   2033.4    786.4
     1     1    11     2    22    19     0     1  -165.0   -8.878  -64.215   1972.4    793.3
     1     1    11     2    22    18     0     0  -166.0   -8.813  -64.088   1898.0    801.5
     1     1    11     2    22    17     0     1  -167.0   -8.748  -63.937   1821.7    810.5
     1     1    11     2    22    16     0     2  -168.0   -8.688  -63.776   1756.1    817.2
     1     1    11     2    22    15     0     3  -169.0   -8.630  -63.609   1703.5    822.7
     1     1    11     2    22    14     0     2  -170.0   -8.570  -63.435   1667.5    826.1
     1     1    11     2    22    13     0     1  -171.0   -8.503  -63.249   1651.9    827.4
     1     1    11     2    22    12     0     0  -172.0   -8.430  -63.050   1657.5    826.6
     1     1    11     2    22    11     0     1  -173.0   -8.355  -62.867   1681.3    823.3
     1     1    11     2    22    10     0     2  -174.0   -8.275  -62.731   1719.7    818.9
     1     1    11     2    22     9     0     3  -175.0   -8.190  -62.637   1772.9    813.5
     1     1    11     2    22     8     0     2  -176.0   -8.106  -62.569   1827.8    807.5
     1     1    11     2    22     7     0     1  -177.0   -8.023  -62.509   1870.6    803.7
     1     1    11     2    22     6     0     0  -178.0   -7.942  -62.460   1900.2    800.9
     1     1    11     2    22     5     0     1  -179.0   -7.863  -62.416   1921.9    799.7
     1     1    11     2    22     4     0     2  -180.0   -7.787  -62.372   1940.6    798.1
     1     1    11     2    22     3     0     3  -181.0   -7.715  -62.325   1954.1    797.0
     1     1    11     2    22     2     0     2  -182.0   -7.652  -62.274   1960.3    796.1
     1     1    11     2    22     1     0     1  -183.0   -7.603  -62.215   1960.1    796.0
     1     1    11     2    22     0     0     0  -184.0   -7.566  -62.149   1957.2    796.2
     1     1    11     2    21    23     0     1  -185.0   -7.535  -62.084   1941.2    796.1
     1     1    11     2    21    22     0     2  -186.0   -7.502  -62.024   1897.7    799.6
     1     1    11     2    21    21     0     3  -187.0   -7.464  -61.966   1825.7    806.1
     1     1    11     2    21    20     0     2  -188.0   -7.414  -61.903   1748.5    815.6
     1     1    11     2    21    19     0     1  -189.0   -7.352  -61.834   1686.3    821.7
     1     1    11     2    21    18     0     0  -190.0   -7.280  -61.760   1635.1    826.7
     1     1    11     2    21    17     0     1  -191.0   -7.199  -61.688   1594.4    831.4
     1     1    11     2    21    16     0     2  -192.0   -7.112  -61.630   1565.0    834.7
     1     1    11     2    21    15     0     3  -193.0   -7.018  -61.588   1546.4    837.0
     1     1    11     2    21    14     0     2  -194.0   -6.923  -61.552   1527.8    837.8
     1     1    11     2    21    13     0     1  -195.0   -6.827  -61.509   1499.8    840.8
     1     1    11     2    21    12     0     0  -196.0   -6.729  -61.457   1466.0    844.2
     1     1    11     2    21    11     0     1  -197.0   -6.643  -61.415   1445.6    847.4
     1     1    11     2    21    10     0     2  -198.0   -6.578  -61.408   1452.5    846.0
     1     1    11     2    21     9     0     3  -199.0   -6.534  -61.442   1482.2    842.5
     1     1    11     2    21     8     0     2  -200.0   -6.497  -61.502   1527.9    837.5
     1     1    11     2    21     7     0     1  -201.0   -6.458  -61.572   1583.9    832.0
     1     1    11     2    21     6     0     0  -202.0   -6.420  -61.656   1649.9    825.7
     1     1    11     2    21     5     0     1  -203.0   -6.381  -61.752   1713.0    819.0
     1     1    11     2    21     4     0     2  -204.0   -6.334  -61.855   1763.3    815.0
     1     1    11     2    21     3     0     3  -205.0   -6.278  -61.966   1805.9    812.0
     1     1    11     2    21     2     0     2  -206.0   -6.221  -62.081   1838.9    808.5
     1     1    11     2    21     1     0     1  -207.0   -6.173  -62.195   1858.3    806.6
     1     1    11     2    21     0     0     0  -208.0   -6.136  -62.306   1865.9    805.8
     1     1    11     2    20    23     0     1  -209.0   -6.110  -62.413   1860.0    805.7
     1     1    11     2    20    22     0     2  -210.0   -6.096  -62.512   1836.3    807.3
     1     1    11     2    20    21     0     3  -211.0   -6.089  -62.601   1792.7    810.7
     1     1    11     2    20    20     0     2  -212.0   -6.074  -62.686   1741.2    817.2
     1     1    11     2    20    19     0     1  -213.0   -6.040  -62.773   1694.8    822.2
     1     1    11     2    20    18     0     0  -214.0   -5.985  -62.862   1656.9    826.7
     1     1    11     2    20    17     0     1  -215.0   -5.930  -62.943   1634.2    830.1
     1     1    11     2    20    16     0     2  -216.0   -5.890  -63.004   1628.2    831.3
     1     1    11     2    20    15     0     3  -217.0   -5.865  -63.048   1635.9    831.2
     1     1    11     2    20    14     0     2  -218.0   -5.850  -63.078   1652.6    828.8
     1     1    11     2    20    13     0     1  -219.0   -5.841  -63.097   1674.4    826.1
     1     1    11     2    20    12     0     0  -220.0   -5.837  -63.104   1701.2    823.0
     1     1    11     2    20    11     0     1  -221.0   -5.839  -63.115   1729.8    819.7
     1     1    11     2    20    10     0     2  -222.0   -5.850  -63.139   1757.0    816.8
     1     1    11     2    20     9     0     3  -223.0   -5.868  -63.177   1782.3    814.0
     1     1    11     2    20     8     0     2  -224.0   -5.899  -63.224   1800.1    811.8
     1     1    11     2    20     7     0     1  -225.0   -5.946  -63.280   1809.2    811.2
     1     1    11     2    20     6     0     0  -226.0   -6.008  -63.343   1818.9    810.6
     1     1    11     2    20     5     0     1  -227.0   -6.076  -63.409   1840.5    809.5
     1     1    11     2    20     4     0     2  -228.0   -6.145  -63.471   1880.7    805.7
     1     1    11     2    20     3     0     3  -229.0   -6.213  -63.532   1938.2    800.3
     1     1    11     2    20     2     0     2  -230.0   -6.283  -63.599   1994.4    792.8
     1     1    11     2    20     1     0     1  -231.0   -6.359  -63.677   2029.9    788.8
     1     1    11     2    20     0     0     0  -232.0   -6.439  -63.761   2041.9    787.0
     1     1    11     2    19    23     0     1  -233.0   -6.529  -63.851   2022.1    787.5
     1     1    11     2    19    22     0     2  -234.0   -6.635  -63.942   1975.7    792.0
     1     1    11     2    19    21     0     3  -235.0   -6.762  -64.034   1933.2    796.9
     1     1    11     2    19    20     0     2  -236.0   -6.898  -64.136   1918.3    798.9
     1     1    11     2    19    19     0     1  -237.0   -7.022  -64.259   1915.2    798.0
     1     1    11     2    19    18     0     0  -238.0   -7.133  -64.402   1905.6    799.1
     1     1    11     2    19    17     0     1  -239.0   -7.242  -64.554   1895.3    801.6
     1     1    11     2    19    16     0     2  -240.0   -7.355  -64.709   1883.4    802.3
     1     1    11     2    19    15     0     3  -241.0   -7.471  -64.860   1846.3    805.2
     1     1    11     2    19    14     0     2  -242.0   -7.597  -65.008   1780.2    811.9
     1     1    11     2    19    13     0     1  -243.0   -7.743  -65.165   1699.0    820.0
     1     1    11     2    19    12     0     0  -244.0   -7.911  -65.333   1605.0    828.5
     1     1    11     2    19    11     0     1  -245.0   -8.074  -65.513   1534.0    838.9
     1     1    11     2    19    10     0     2  -246.0   -8.206  -65.710   1519.1    839.6
     1     1    11     2    19     9     0     3  -247.0   -8.314  -65.917   1558.6    835.1
     1     1    11     2    19     8     0     2  -248.0   -8.417  -66.134   1607.7    826.0
     1     1    11     2    19     7     0     1  -249.0   -8.523  -66.362   1627.1    824.4
     1     1    11     2    19     6     0     0  -250.0   -8.631  -66.594   1630.0    824.5
     1     1    11     2    19     5     0     1  -251.0   -8.745  -66.829   1618.7    824.4
     1     1    11     2    19     4     0     2  -252.0   -8.864  -67.075   1591.7    826.4
     1     1    11     2    19     3     0     3  -253.0   -8.985  -67.332   1562.3    829.2
     1     1    11     2    19     2     0     2  -254.0   -9.096  -67.597   1548.6    829.7
     1     1    11     2    19     1     0     1  -255.0   -9.194  -67.863   1553.6    827.2
     1     1    11     2    19     0     0     0  -256.0   -9.288  -68.130   1572.7    824.3
     1     1    11     2    18    23     0     1  -257.0   -9.377  -68.407   1624.4    820.7
     1     1    11     2    18    22     0     2  -258.0   -9.460  -68.692   1735.1    810.6
     1     1    11     2    18    21     0     3  -259.0   -9.545  -68.969   1922.4    793.8
     1     1    11     2    18    20     0     2  -260.0   -9.618  -69.262   2109.3    768.6
     1     1    11     2    18    19     0     1  -261.0   -9.658  -69.580   2204.9    760.2
     1     1    11     2    18    18     0     0  -262.0   -9.671  -69.901   2229.5    759.6
     1     1    11     2    18    17     0     1  -263.0   -9.658  -70.215   2216.2    761.4
     1     1    11     2    18    16     0     2  -264.0   -9.616  -70.524   2185.0    763.2
     1     1    11     2    18    15     0     3  -265.0   -9.542  -70.834   2146.4    766.6
     1     1    11     2    18    14     0     2  -266.0   -9.446  -71.135   2124.1    769.3
     1     1    11     2    18    13     0     1  -267.0   -9.335  -71.415   2133.4    767.6
     1     1    11     2    18    12     0     0  -268.0   -9.213  -71.674   2169.1    763.3
     1     1    11     2    18    11     0     1  -269.0   -9.074  -71.934   2199.9    757.4
     1     1    11     2    18    10     0     2  -270.0   -8.910  -72.203   2202.8    758.2
     1     1    11     2    18     9     0     3  -271.0   -8.721  -72.469   2185.0    761.5
     1     1    11     2    18     8     0     2  -272.0   -8.508  -72.714   2159.9    765.9
     1     1    11     2    18     7     0     1  -273.0   -8.271  -72.931   2133.6    769.1
     1     1    11     2    18     6     0     0  -274.0   -8.013  -73.119   2097.7    772.0
     1     1    11     2    18     5     0     1  -275.0   -7.741  -73.276   2054.5    776.4
     1     1    11     2    18     4     0     2  -276.0   -7.458  -73.400   2016.9    780.4
     1     1    11     2    18     3     0     3  -277.0   -7.168  -73.491   1991.6    783.5
     1     1    11     2    18     2     0     2  -278.0   -6.879  -73.561   1977.1    784.7
     1     1    11     2    18     1     0     1  -279.0   -6.596  -73.629   1961.7    786.6
     1     1    11     2    18     0     0     0  -280.0   -6.314  -73.694   1928.5    790.3
     1     1    11     2    17    23     0     1  -281.0   -6.034  -73.753   1886.8    797.9
     1     1    11     2    17    22     0     2  -282.0   -5.762  -73.797   1861.4    801.8
     1     1    11     2    17    21     0     3  -283.0   -5.501  -73.824   1853.5    802.0
     1     1    11     2    17    20     0     2  -284.0   -5.248  -73.840   1836.6    802.7
     1     1    11     2    17    19     0     1  -285.0   -4.995  -73.846   1794.7    807.6
     1     1    11     2    17    18     0     0  -286.0   -4.735  -73.845   1741.8    814.2
     1     1    11     2    17    17     0     1  -287.0   -4.467  -73.835   1690.8    819.7
     1     1    11     2    17    16     0     2  -288.0   -4.193  -73.810   1628.9    825.0
     1     1    11     2    17    15     0     3  -289.0   -3.912  -73.766   1538.7    833.8
     1     1    11     2    17    14     0     2  -290.0   -3.625  -73.710   1463.3    844.5
     1     1    11     2    17    13     0     1  -291.0   -3.340  -73.649   1437.7    844.9
     1     1    11     2    17    12     0     0  -292.0   -3.066  -73.587   1446.5    842.2
     1     1    11     2    17    11     0     1  -293.0   -2.800  -73.519   1460.6    838.8
     1     1    11     2    17    10     0     2  -294.0   -2.534  -73.441   1461.1    839.8
     1     1    11     2    17     9     0     3  -295.0   -2.268  -73.353   1459.5    841.2
     1     1    11     2    17     8     0     2  -296.0   -2.005  -73.254   1467.3    842.1
     1     1    11     2    17     7     0     1  -297.0   -1.755  -73.138   1481.3    839.9
     1     1    11     2    17     6     0     0  -298.0   -1.520  -73.008   1486.9    838.3
     1     1    11     2    17     5     0     1  -299.0   -1.296  -72.867   1489.5    839.2
     1     1    11     2    17     4     0     2  -300.0   -1.077  -72.714   1505.2    837.9
     1     1    11     2    17     3     0     3  -301.0   -0.863  -72.551   1538.3    834.5
     1     1    11     2    17     2     0     2  -302.0   -0.653  -72.390   1571.8    827.7
     1     1    11     2    17     1     0     1  -303.0   -0.442  -72.243   1590.2    824.4
     1     1    11     2    17     0     0     0  -304.0   -0.231  -72.105   1597.6    821.7
     1     1    11     2    16    23     0     1  -305.0   -0.021  -71.977   1591.1    819.9
     1     1    11     2    16    22     0     2  -306.0    0.187  -71.866   1567.6    821.1
     1     1    11     2    16    21     0     3  -307.0    0.395  -71.771   1528.9    824.1
     1     1    11     2    16    20     0     2  -308.0    0.606  -71.681   1482.9    829.2
     1     1    11     2    16    19     0     1  -309.0    0.819  -71.585   1432.2    833.8
     1     1    11     2    16    18     0     0  -310.0    1.028  -71.485   1373.7    839.4
     1     1    11     2    16    17     0     1  -311.0    1.235  -71.376   1324.7    847.0
     1     1    11     2    16    16     0     2  -312.0    1.437  -71.252   1296.0    850.5
     1     1    11     2    16    15     0     3  -313.0    1.633  -71.112   1274.3    853.7
     1     1    11     2    16    14     0     2  -314.0    1.818  -70.961   1258.5    856.3
     1     1    11     2    16    13     0     1  -315.0    1.994  -70.808   1248.6    856.3
     1     1    11     2    16    12     0     0  -316.0    2.163  -70.654   1237.0    856.8
     1     1    11     2    16    11     0     1  -317.0    2.325  -70.504   1219.8    858.5
     1     1    11     2    16    10     0     2  -318.0    2.475  -70.364   1197.7    861.0
     1     1    11     2    16     9     0     3  -319.0    2.604  -70.238   1175.3    863.8
     1     1    11     2    16     8     0     2  -320.0    2.717  -70.118   1158.9    866.5
     1     1    11     2    16     7     0     1  -321.0    2.819  -69.997   1152.4    868.0
     1     1    11     2    16     6     0     0  -322.0    2.911  -69.875   1155.1    868.4
     1     1    11     2    16     5     0     1  -323.0    3.003  -69.761   1166.8    868.2
     1     1    11     2    16     4     0     2  -324.0    3.104  -69.661   1189.4    866.6
     1     1    11     2    16     3     0     3  -325.0    3.209  -69.576   1224.2    863.6
     1     1    11     2    16     2     0     2  -326.0    3.313  -69.501   1266.0    858.9
     1     1    11     2    16     1     0     1  -327.0    3.409  -69.430   1307.7    854.7
     1     1    11     2    16     0     0     0  -328.0    3.497  -69.362   1347.7    850.8
     1     1    11     2    15    23     0     1  -329.0    3.572  -69.292   1394.8    847.3
     1     1    11     2    15    22     0     2  -330.0    3.629  -69.215   1460.1    841.4
     1     1    11     2    15    21     0     3  -331.0    3.665  -69.132   1549.7    833.2
     1     1    11     2    15    20     0     2  -332.0    3.683  -69.036   1644.6    822.8
     1     1    11     2    15    19     0     1  -333.0    3.687  -68.926   1719.5    816.5
     1     1    11     2    15    18     0     0  -334.0    3.679  -68.804   1786.7    811.6
     1     1    11     2    15    17     0     1  -335.0    3.676  -68.675   1845.1    805.5
     1     1    11     2    15    16     0     2  -336.0    3.689  -68.543   1875.9    802.3
