     3     1
    GDAS    11     6     1     0     0
    GDAS    11     6     8     0     0
    GDAS    11     6    15     0     0
     1 BACKWARD OMEGA   
  2011     6    19    16   -8.840  -56.830  3505.2
     1 PRESSURE
     1     1    11     6    19    16     0     2     0.0   -8.840  -56.830   3505.2    654.7
     1     1    11     6    19    15     0     3    -1.0   -8.799  -56.660   3512.0    652.5
     1     1    11     6    19    14     0     2    -2.0   -8.765  -56.503   3513.9    650.9
     1     1    11     6    19    13     0     1    -3.0   -8.735  -56.361   3515.6    649.3
     1     1    11     6    19    12     0     0    -4.0   -8.708  -56.232   3517.3    647.8
     1     1    11     6    19    11     0     1    -5.0   -8.686  -56.108   3516.1    646.1
     1     1    11     6    19    10     0     2    -6.0   -8.669  -55.981   3507.7    645.3
     1     1    11     6    19     9     0     3    -7.0   -8.656  -55.849   3490.0    645.0
     1     1    11     6    19     8     0     2    -8.0   -8.642  -55.718   3468.5    646.1
     1     1    11     6    19     7     0     1    -9.0   -8.629  -55.591   3449.6    646.6
     1     1    11     6    19     6     0     0   -10.0   -8.615  -55.468   3434.1    647.0
     1     1    11     6    19     5     0     1   -11.0   -8.607  -55.343   3425.0    647.3
     1     1    11     6    19     4     0     2   -12.0   -8.606  -55.212   3426.1    646.7
     1     1    11     6    19     3     0     3   -13.0   -8.614  -55.075   3439.0    645.0
     1     1    11     6    19     2     0     2   -14.0   -8.629  -54.935   3467.9    642.3
     1     1    11     6    19     1     0     1   -15.0   -8.653  -54.797   3514.2    638.7
     1     1    11     6    19     0     0     0   -16.0   -8.685  -54.661   3574.6    634.0
     1     1    11     6    18    23     0     1   -17.0   -8.723  -54.523   3635.2    628.6
     1     1    11     6    18    22     0     2   -18.0   -8.762  -54.379   3683.0    625.2
     1     1    11     6    18    21     0     3   -19.0   -8.799  -54.228   3716.9    622.9
     1     1    11     6    18    20     0     2   -20.0   -8.836  -54.075   3741.9    622.0
     1     1    11     6    18    19     0     1   -21.0   -8.877  -53.921   3761.9    620.8
     1     1    11     6    18    18     0     0   -22.0   -8.922  -53.767   3776.8    619.6
     1     1    11     6    18    17     0     1   -23.0   -8.970  -53.613   3791.8    618.6
     1     1    11     6    18    16     0     2   -24.0   -9.021  -53.458   3813.0    617.0
     1     1    11     6    18    15     0     3   -25.0   -9.075  -53.299   3843.8    615.1
     1     1    11     6    18    14     0     2   -26.0   -9.132  -53.140   3879.2    612.2
     1     1    11     6    18    13     0     1   -27.0   -9.192  -52.980   3912.7    610.2
     1     1    11     6    18    12     0     0   -28.0   -9.256  -52.819   3941.4    609.4
     1     1    11     6    18    11     0     1   -29.0   -9.322  -52.666   3967.5    609.2
     1     1    11     6    18    10     0     2   -30.0   -9.385  -52.527   3999.2    607.8
     1     1    11     6    18     9     0     3   -31.0   -9.444  -52.404   4038.4    605.6
     1     1    11     6    18     8     0     2   -32.0   -9.498  -52.291   4078.0    602.9
     1     1    11     6    18     7     0     1   -33.0   -9.547  -52.181   4110.6    601.3
     1     1    11     6    18     6     0     0   -34.0   -9.592  -52.074   4137.2    600.1
     1     1    11     6    18     5     0     1   -35.0   -9.634  -51.967   4158.1    599.2
     1     1    11     6    18     4     0     2   -36.0   -9.678  -51.861   4172.9    598.2
     1     1    11     6    18     3     0     3   -37.0   -9.724  -51.756   4183.0    597.7
     1     1    11     6    18     2     0     2   -38.0   -9.767  -51.652   4195.5    597.0
     1     1    11     6    18     1     0     1   -39.0   -9.804  -51.553   4216.0    595.3
     1     1    11     6    18     0     0     0   -40.0   -9.834  -51.457   4243.2    593.0
     1     1    11     6    17    23     0     1   -41.0   -9.859  -51.371   4269.3    590.3
     1     1    11     6    17    22     0     2   -42.0   -9.880  -51.297   4286.6    588.8
     1     1    11     6    17    21     0     3   -43.0   -9.897  -51.236   4295.0    588.0
     1     1    11     6    17    20     0     2   -44.0   -9.912  -51.180   4296.7    588.0
     1     1    11     6    17    19     0     1   -45.0   -9.924  -51.124   4293.2    588.3
     1     1    11     6    17    18     0     0   -46.0   -9.934  -51.068   4284.3    589.0
     1     1    11     6    17    17     0     1   -47.0   -9.941  -51.011   4270.6    590.2
     1     1    11     6    17    16     0     2   -48.0   -9.944  -50.955   4254.6    592.0
     1     1    11     6    17    15     0     3   -49.0   -9.944  -50.898   4235.4    594.1
     1     1    11     6    17    14     0     2   -50.0   -9.942  -50.841   4223.0    596.0
     1     1    11     6    17    13     0     1   -51.0   -9.939  -50.788   4228.0    595.9
     1     1    11     6    17    12     0     0   -52.0   -9.933  -50.738   4252.0    594.4
     1     1    11     6    17    11     0     1   -53.0   -9.923  -50.698   4283.0    591.0
     1     1    11     6    17    10     0     2   -54.0   -9.910  -50.669   4307.8    588.8
     1     1    11     6    17     9     0     3   -55.0   -9.893  -50.653   4325.9    587.0
     1     1    11     6    17     8     0     2   -56.0   -9.869  -50.641   4346.8    586.2
     1     1    11     6    17     7     0     1   -57.0   -9.836  -50.628   4379.9    583.7
     1     1    11     6    17     6     0     0   -58.0   -9.792  -50.613   4424.7    580.4
     1     1    11     6    17     5     0     1   -59.0   -9.741  -50.593   4471.1    576.5
     1     1    11     6    17     4     0     2   -60.0   -9.686  -50.565   4508.8    574.0
     1     1    11     6    17     3     0     3   -61.0   -9.628  -50.526   4537.0    572.3
     1     1    11     6    17     2     0     2   -62.0   -9.567  -50.479   4553.7    571.1
     1     1    11     6    17     1     0     1   -63.0   -9.505  -50.425   4558.0    571.0
     1     1    11     6    17     0     0     0   -64.0   -9.441  -50.363   4552.1    571.9
     1     1    11     6    16    23     0     1   -65.0   -9.375  -50.298   4554.4    573.4
     1     1    11     6    16    22     0     2   -66.0   -9.303  -50.239   4580.9    571.8
     1     1    11     6    16    21     0     3   -67.0   -9.223  -50.184   4630.2    568.6
     1     1    11     6    16    20     0     2   -68.0   -9.143  -50.131   4678.0    564.4
     1     1    11     6    16    19     0     1   -69.0   -9.073  -50.076   4700.4    563.7
     1     1    11     6    16    18     0     0   -70.0   -9.018  -50.018   4697.6    565.0
     1     1    11     6    16    17     0     1   -71.0   -8.972  -49.955   4671.3    567.3
     1     1    11     6    16    16     0     2   -72.0   -8.930  -49.885   4629.5    570.1
     1     1    11     6    16    15     0     3   -73.0   -8.893  -49.809   4577.4    573.8
     1     1    11     6    16    14     0     2   -74.0   -8.857  -49.739   4534.2    577.6
     1     1    11     6    16    13     0     1   -75.0   -8.816  -49.686   4515.9    578.4
     1     1    11     6    16    12     0     0   -76.0   -8.769  -49.649   4520.5    577.6
     1     1    11     6    16    11     0     1   -77.0   -8.716  -49.622   4541.7    575.0
     1     1    11     6    16    10     0     2   -78.0   -8.657  -49.597   4573.5    572.0
     1     1    11     6    16     9     0     3   -79.0   -8.593  -49.574   4613.9    568.3
     1     1    11     6    16     8     0     2   -80.0   -8.525  -49.548   4649.8    564.8
     1     1    11     6    16     7     0     1   -81.0   -8.456  -49.516   4670.5    563.4
     1     1    11     6    16     6     0     0   -82.0   -8.386  -49.478   4678.3    563.0
     1     1    11     6    16     5     0     1   -83.0   -8.321  -49.429   4685.6    563.8
     1     1    11     6    16     4     0     2   -84.0   -8.262  -49.368   4705.1    563.0
     1     1    11     6    16     3     0     3   -85.0   -8.209  -49.295   4739.4    561.5
     1     1    11     6    16     2     0     2   -86.0   -8.164  -49.211   4774.9    558.4
     1     1    11     6    16     1     0     1   -87.0   -8.128  -49.116   4796.6    557.4
     1     1    11     6    16     0     0     0   -88.0   -8.102  -49.008   4804.7    557.5
     1     1    11     6    15    23     0     1   -89.0   -8.083  -48.891   4806.8    558.1
     1     1    11     6    15    22     0     2   -90.0   -8.067  -48.772   4810.8    557.9
     1     1    11     6    15    21     0     3   -91.0   -8.055  -48.651   4814.3    557.6
     1     1    11     6    15    20     0     2   -92.0   -8.046  -48.532   4819.5    557.9
     1     1    11     6    15    19     0     1   -93.0   -8.034  -48.417   4830.5    557.6
     1     1    11     6    15    18     0     0   -94.0   -8.020  -48.304   4848.6    556.8
     1     1    11     6    15    17     0     1   -95.0   -7.999  -48.197   4867.7    555.6
     1     1    11     6    15    16     0     2   -96.0   -7.968  -48.097   4880.2    555.0
     1     1    11     6    15    15     0     3   -97.0   -7.926  -48.001   4886.6    554.8
     1     1    11     6    15    14     0     2   -98.0   -7.877  -47.909   4893.5    553.9
     1     1    11     6    15    13     0     1   -99.0   -7.821  -47.821   4914.0    551.5
     1     1    11     6    15    12     0     0  -100.0   -7.755  -47.737   4947.5    548.1
     1     1    11     6    15    11     0     1  -101.0   -7.682  -47.659   4990.5    543.6
     1     1    11     6    15    10     0     2  -102.0   -7.606  -47.587   5039.7    539.0
     1     1    11     6    15     9     0     3  -103.0   -7.528  -47.522   5096.1    534.1
     1     1    11     6    15     8     0     2  -104.0   -7.444  -47.456   5151.5    529.1
     1     1    11     6    15     7     0     1  -105.0   -7.354  -47.383   5196.3    525.3
     1     1    11     6    15     6     0     0  -106.0   -7.257  -47.300   5228.8    522.2
     1     1    11     6    15     5     0     1  -107.0   -7.160  -47.207   5246.7    520.3
     1     1    11     6    15     4     0     2  -108.0   -7.068  -47.105   5249.9    519.5
     1     1    11     6    15     3     0     3  -109.0   -6.982  -46.994   5240.6    519.6
     1     1    11     6    15     2     0     2  -110.0   -6.906  -46.876   5227.1    521.1
     1     1    11     6    15     1     0     1  -111.0   -6.844  -46.757   5209.7    522.4
     1     1    11     6    15     0     0     0  -112.0   -6.797  -46.638   5186.7    524.1
     1     1    11     6    14    23     0     1  -113.0   -6.758  -46.515   5164.6    526.0
     1     1    11     6    14    22     0     2  -114.0   -6.723  -46.387   5152.3    526.8
     1     1    11     6    14    21     0     3  -115.0   -6.692  -46.254   5152.5    526.9
     1     1    11     6    14    20     0     2  -116.0   -6.660  -46.118   5166.4    526.2
     1     1    11     6    14    19     0     1  -117.0   -6.624  -45.979   5191.5    524.8
     1     1    11     6    14    18     0     0  -118.0   -6.580  -45.836   5221.9    523.3
     1     1    11     6    14    17     0     1  -119.0   -6.530  -45.691   5244.2    521.9
     1     1    11     6    14    16     0     2  -120.0   -6.473  -45.540   5253.7    522.3
     1     1    11     6    14    15     0     3  -121.0   -6.409  -45.386   5258.2    522.9
     1     1    11     6    14    14     0     2  -122.0   -6.344  -45.228   5267.3    522.9
     1     1    11     6    14    13     0     1  -123.0   -6.283  -45.066   5286.5    521.8
     1     1    11     6    14    12     0     0  -124.0   -6.227  -44.897   5313.8    520.1
     1     1    11     6    14    11     0     1  -125.0   -6.177  -44.725   5341.2    518.1
     1     1    11     6    14    10     0     2  -126.0   -6.135  -44.554   5364.1    516.7
     1     1    11     6    14     9     0     3  -127.0   -6.103  -44.388   5383.9    515.5
     1     1    11     6    14     8     0     2  -128.0   -6.076  -44.226   5393.9    514.8
     1     1    11     6    14     7     0     1  -129.0   -6.049  -44.067   5381.6    515.6
     1     1    11     6    14     6     0     0  -130.0   -6.019  -43.910   5343.0    518.7
     1     1    11     6    14     5     0     1  -131.0   -5.989  -43.750   5308.6    524.0
     1     1    11     6    14     4     0     2  -132.0   -5.963  -43.581   5307.9    525.1
     1     1    11     6    14     3     0     3  -133.0   -5.941  -43.404   5341.1    524.0
     1     1    11     6    14     2     0     2  -134.0   -5.929  -43.220   5391.3    520.4
     1     1    11     6    14     1     0     1  -135.0   -5.933  -43.029   5440.3    517.9
     1     1    11     6    14     0     0     0  -136.0   -5.952  -42.829   5481.2    514.6
     1     1    11     6    13    23     0     1  -137.0   -5.981  -42.624   5520.9    511.3
     1     1    11     6    13    22     0     2  -138.0   -6.013  -42.421   5565.8    507.6
     1     1    11     6    13    21     0     3  -139.0   -6.048  -42.221   5618.9    503.3
     1     1    11     6    13    20     0     2  -140.0   -6.084  -42.023   5688.3    498.4
     1     1    11     6    13    19     0     1  -141.0   -6.119  -41.824   5763.2    489.3
     1     1    11     6    13    18     0     0  -142.0   -6.152  -41.629   5843.7    479.8
     1     1    11     6    13    17     0     1  -143.0   -6.186  -41.438   5920.9    471.0
     1     1    11     6    13    16     0     2  -144.0   -6.225  -41.247   5995.3    463.5
     1     1    11     6    13    15     0     3  -145.0   -6.266  -41.058   6078.9    455.7
     1     1    11     6    13    14     0     2  -146.0   -6.305  -40.868   6165.3    448.5
     1     1    11     6    13    13     0     1  -147.0   -6.336  -40.666   6228.3    444.7
     1     1    11     6    13    12     0     0  -148.0   -6.363  -40.451   6266.0    442.3
     1     1    11     6    13    11     0     1  -149.0   -6.385  -40.237   6293.2    440.5
     1     1    11     6    13    10     0     2  -150.0   -6.405  -40.040   6324.1    437.9
     1     1    11     6    13     9     0     3  -151.0   -6.427  -39.858   6371.4    436.8
     1     1    11     6    13     8     0     2  -152.0   -6.451  -39.688   6414.9    436.2
     1     1    11     6    13     7     0     1  -153.0   -6.475  -39.524   6441.4    437.0
     1     1    11     6    13     6     0     0  -154.0   -6.500  -39.365   6449.8    438.7
     1     1    11     6    13     5     0     1  -155.0   -6.531  -39.209   6453.4    441.6
     1     1    11     6    13     4     0     2  -156.0   -6.571  -39.057   6466.1    443.1
     1     1    11     6    13     3     0     3  -157.0   -6.621  -38.908   6487.6    443.1
     1     1    11     6    13     2     0     2  -158.0   -6.668  -38.757   6511.0    441.3
     1     1    11     6    13     1     0     1  -159.0   -6.707  -38.599   6522.5    440.7
     1     1    11     6    13     0     0     0  -160.0   -6.746  -38.430   6514.5    441.3
     1     1    11     6    12    23     0     1  -161.0   -6.788  -38.247   6490.9    443.3
     1     1    11     6    12    22     0     2  -162.0   -6.835  -38.053   6460.2    445.4
     1     1    11     6    12    21     0     3  -163.0   -6.884  -37.853   6421.4    446.6
     1     1    11     6    12    20     0     2  -164.0   -6.924  -37.662   6399.1    446.5
     1     1    11     6    12    19     0     1  -165.0   -6.944  -37.486   6402.4    443.9
     1     1    11     6    12    18     0     0  -166.0   -6.946  -37.318   6417.4    440.8
     1     1    11     6    12    17     0     1  -167.0   -6.931  -37.147   6428.1    438.3
     1     1    11     6    12    16     0     2  -168.0   -6.901  -36.963   6430.7    437.5
     1     1    11     6    12    15     0     3  -169.0   -6.855  -36.764   6440.2    438.0
     1     1    11     6    12    14     0     2  -170.0   -6.799  -36.546   6453.6    437.7
     1     1    11     6    12    13     0     1  -171.0   -6.742  -36.304   6451.4    437.6
     1     1    11     6    12    12     0     0  -172.0   -6.699  -36.037   6403.0    439.8
     1     1    11     6    12    11     0     1  -173.0   -6.702  -35.773   6356.2    449.8
     1     1    11     6    12    10     0     2  -174.0   -6.757  -35.537   6329.3    456.6
     1     1    11     6    12     9     0     3  -175.0   -6.861  -35.334   6322.0    461.1
     1     1    11     6    12     8     0     2  -176.0   -6.992  -35.156   6324.5    464.7
     1     1    11     6    12     7     0     1  -177.0   -7.130  -34.994   6320.9    469.3
     1     1    11     6    12     6     0     0  -178.0   -7.269  -34.851   6285.1    471.9
     1     1    11     6    12     5     0     1  -179.0   -7.398  -34.723   6231.1    475.1
     1     1    11     6    12     4     0     2  -180.0   -7.519  -34.601   6159.5    480.5
     1     1    11     6    12     3     0     3  -181.0   -7.629  -34.488   6083.3    486.0
     1     1    11     6    12     2     0     2  -182.0   -7.727  -34.379   6021.6    491.2
     1     1    11     6    12     1     0     1  -183.0   -7.810  -34.264   5987.2    493.7
     1     1    11     6    12     0     0     0  -184.0   -7.877  -34.142   5976.3    494.6
     1     1    11     6    11    23     0     1  -185.0   -7.933  -34.023   5981.0    494.0
     1     1    11     6    11    22     0     2  -186.0   -7.982  -33.922   5988.4    493.0
     1     1    11     6    11    21     0     3  -187.0   -8.023  -33.836   5994.1    492.4
     1     1    11     6    11    20     0     2  -188.0   -8.058  -33.759   5999.0    492.2
     1     1    11     6    11    19     0     1  -189.0   -8.089  -33.685   6002.7    492.0
     1     1    11     6    11    18     0     0  -190.0   -8.115  -33.614   6002.4    492.0
     1     1    11     6    11    17     0     1  -191.0   -8.143  -33.544   5999.0    492.4
     1     1    11     6    11    16     0     2  -192.0   -8.181  -33.474   5996.2    492.8
     1     1    11     6    11    15     0     3  -193.0   -8.229  -33.402   5997.6    492.9
     1     1    11     6    11    14     0     2  -194.0   -8.279  -33.326   6011.2    492.6
     1     1    11     6    11    13     0     1  -195.0   -8.323  -33.241   6043.2    490.7
     1     1    11     6    11    12     0     0  -196.0   -8.362  -33.144   6092.7    487.6
     1     1    11     6    11    11     0     1  -197.0   -8.400  -33.047   6148.4    483.2
     1     1    11     6    11    10     0     2  -198.0   -8.443  -32.965   6197.8    479.8
     1     1    11     6    11     9     0     3  -199.0   -8.489  -32.898   6238.1    477.0
     1     1    11     6    11     8     0     2  -200.0   -8.533  -32.847   6283.3    475.3
     1     1    11     6    11     7     0     1  -201.0   -8.568  -32.806   6351.8    471.3
     1     1    11     6    11     6     0     0  -202.0   -8.591  -32.772   6447.7    465.7
     1     1    11     6    11     5     0     1  -203.0   -8.601  -32.733   6545.4    458.3
     1     1    11     6    11     4     0     2  -204.0   -8.596  -32.682   6614.6    454.3
     1     1    11     6    11     3     0     3  -205.0   -8.579  -32.623   6652.0    452.1
     1     1    11     6    11     2     0     2  -206.0   -8.553  -32.556   6669.7    452.0
     1     1    11     6    11     1     0     1  -207.0   -8.523  -32.482   6681.9    451.4
     1     1    11     6    11     0     0     0  -208.0   -8.489  -32.399   6691.4    451.0
     1     1    11     6    10    23     0     1  -209.0   -8.453  -32.317   6703.5    450.4
     1     1    11     6    10    22     0     2  -210.0   -8.416  -32.242   6720.9    449.2
     1     1    11     6    10    21     0     3  -211.0   -8.379  -32.175   6742.6    447.8
     1     1    11     6    10    20     0     2  -212.0   -8.346  -32.111   6755.5    446.3
     1     1    11     6    10    19     0     1  -213.0   -8.317  -32.048   6745.0    446.8
     1     1    11     6    10    18     0     0  -214.0   -8.292  -31.990   6709.4    448.8
     1     1    11     6    10    17     0     1  -215.0   -8.271  -31.932   6665.9    452.5
     1     1    11     6    10    16     0     2  -216.0   -8.252  -31.867   6633.0    454.5
     1     1    11     6    10    15     0     3  -217.0   -8.237  -31.791   6612.9    455.9
     1     1    11     6    10    14     0     2  -218.0   -8.226  -31.707   6596.2    456.3
     1     1    11     6    10    13     0     1  -219.0   -8.223  -31.620   6573.1    457.8
     1     1    11     6    10    12     0     0  -220.0   -8.225  -31.532   6544.3    459.7
     1     1    11     6    10    11     0     1  -221.0   -8.230  -31.443   6508.7    461.4
     1     1    11     6    10    10     0     2  -222.0   -8.229  -31.353   6466.1    463.8
     1     1    11     6    10     9     0     3  -223.0   -8.221  -31.263   6418.6    466.4
     1     1    11     6    10     8     0     2  -224.0   -8.208  -31.173   6370.2    469.5
     1     1    11     6    10     7     0     1  -225.0   -8.191  -31.087   6324.0    472.3
     1     1    11     6    10     6     0     0  -226.0   -8.171  -31.003   6280.4    474.9
     1     1    11     6    10     5     0     1  -227.0   -8.146  -30.921   6237.2    477.6
     1     1    11     6    10     4     0     2  -228.0   -8.116  -30.841   6192.0    480.6
     1     1    11     6    10     3     0     3  -229.0   -8.080  -30.762   6144.2    483.8
     1     1    11     6    10     2     0     2  -230.0   -8.043  -30.679   6109.4    487.1
     1     1    11     6    10     1     0     1  -231.0   -8.009  -30.586   6102.6    487.6
     1     1    11     6    10     0     0     0  -232.0   -7.978  -30.482   6119.0    486.6
     1     1    11     6     9    23     0     1  -233.0   -7.944  -30.373   6145.6    484.1
     1     1    11     6     9    22     0     2  -234.0   -7.902  -30.271   6176.8    482.2
     1     1    11     6     9    21     0     3  -235.0   -7.852  -30.177   6218.6    479.5
     1     1    11     6     9    20     0     2  -236.0   -7.800  -30.086   6252.2    476.1
     1     1    11     6     9    19     0     1  -237.0   -7.752  -29.993   6254.4    475.8
     1     1    11     6     9    18     0     0  -238.0   -7.705  -29.903   6226.2    477.5
     1     1    11     6     9    17     0     1  -239.0   -7.658  -29.818   6194.1    481.0
     1     1    11     6     9    16     0     2  -240.0   -7.614  -29.736   6179.8    481.8
     1     1    11     6     9    15     0     3  -241.0   -7.574  -29.656   6178.9    481.8
     1     1    11     6     9    14     0     2  -242.0   -7.542  -29.577   6183.5    481.3
     1     1    11     6     9    13     0     1  -243.0   -7.521  -29.501   6189.7    481.1
     1     1    11     6     9    12     0     0  -244.0   -7.512  -29.428   6201.4    480.6
     1     1    11     6     9    11     0     1  -245.0   -7.517  -29.362   6210.7    479.2
     1     1    11     6     9    10     0     2  -246.0   -7.538  -29.307   6205.5    479.3
     1     1    11     6     9     9     0     3  -247.0   -7.572  -29.264   6181.7    480.4
     1     1    11     6     9     8     0     2  -248.0   -7.615  -29.231   6141.2    483.1
     1     1    11     6     9     7     0     1  -249.0   -7.661  -29.209   6089.0    486.2
     1     1    11     6     9     6     0     0  -250.0   -7.709  -29.201   6022.6    490.2
     1     1    11     6     9     5     0     1  -251.0   -7.759  -29.201   5957.4    495.6
     1     1    11     6     9     4     0     2  -252.0   -7.807  -29.202   5913.7    498.8
     1     1    11     6     9     3     0     3  -253.0   -7.851  -29.201   5896.9    500.4
     1     1    11     6     9     2     0     2  -254.0   -7.896  -29.204   5902.4    499.7
     1     1    11     6     9     1     0     1  -255.0   -7.946  -29.218   5920.3    498.7
     1     1    11     6     9     0     0     0  -256.0   -8.001  -29.243   5949.1    496.9
     1     1    11     6     8    23     0     1  -257.0   -8.055  -29.282   5985.1    494.3
     1     1    11     6     8    22     0     2  -258.0   -8.103  -29.335   6025.0    491.6
     1     1    11     6     8    21     0     3  -259.0   -8.147  -29.404   6070.7    488.6
     1     1    11     6     8    20     0     2  -260.0   -8.186  -29.484   6104.9    485.2
     1     1    11     6     8    19     0     1  -261.0   -8.223  -29.571   6111.3    484.9
     1     1    11     6     8    18     0     0  -262.0   -8.259  -29.671   6096.1    485.9
     1     1    11     6     8    17     0     1  -263.0   -8.301  -29.776   6067.8    488.1
     1     1    11     6     8    16     0     2  -264.0   -8.352  -29.879   6036.8    490.5
     1     1    11     6     8    15     0     3  -265.0   -8.410  -29.980   6014.3    492.4
     1     1    11     6     8    14     0     2  -266.0   -8.466  -30.073   5975.4    493.0
     1     1    11     6     8    13     0     1  -267.0   -8.515  -30.158   5893.7    498.5
     1     1    11     6     8    12     0     0  -268.0   -8.556  -30.236   5774.6    506.5
     1     1    11     6     8    11     0     1  -269.0   -8.595  -30.318   5655.9    516.1
     1     1    11     6     8    10     0     2  -270.0   -8.631  -30.410   5575.6    521.2
     1     1    11     6     8     9     0     3  -271.0   -8.664  -30.508   5537.4    523.5
     1     1    11     6     8     8     0     2  -272.0   -8.694  -30.611   5527.7    523.0
     1     1    11     6     8     7     0     1  -273.0   -8.719  -30.717   5526.9    522.7
     1     1    11     6     8     6     0     0  -274.0   -8.739  -30.826   5526.8    522.3
     1     1    11     6     8     5     0     1  -275.0   -8.760  -30.941   5531.1    522.8
     1     1    11     6     8     4     0     2  -276.0   -8.787  -31.065   5546.1    521.9
     1     1    11     6     8     3     0     3  -277.0   -8.820  -31.198   5571.6    520.5
     1     1    11     6     8     2     0     2  -278.0   -8.860  -31.340   5606.9    518.1
     1     1    11     6     8     1     0     1  -279.0   -8.909  -31.492   5648.7    515.4
     1     1    11     6     8     0     0     0  -280.0   -8.965  -31.656   5693.2    512.4
     1     1    11     6     7    23     0     1  -281.0   -9.026  -31.830   5735.5    509.3
     1     1    11     6     7    22     0     2  -282.0   -9.088  -32.015   5773.9    506.7
     1     1    11     6     7    21     0     3  -283.0   -9.151  -32.210   5801.4    504.2
     1     1    11     6     7    20     0     2  -284.0   -9.207  -32.411   5812.9    503.6
     1     1    11     6     7    19     0     1  -285.0   -9.252  -32.614   5817.3    503.7
     1     1    11     6     7    18     0     0  -286.0   -9.287  -32.818   5824.9    503.5
     1     1    11     6     7    17     0     1  -287.0   -9.310  -33.020   5828.3    502.7
     1     1    11     6     7    16     0     2  -288.0   -9.318  -33.213   5817.9    503.7
     1     1    11     6     7    15     0     3  -289.0   -9.315  -33.394   5796.2    505.2
     1     1    11     6     7    14     0     2  -290.0   -9.300  -33.564   5771.4    507.4
     1     1    11     6     7    13     0     1  -291.0   -9.264  -33.718   5753.6    508.7
     1     1    11     6     7    12     0     0  -292.0   -9.204  -33.853   5747.8    509.3
     1     1    11     6     7    11     0     1  -293.0   -9.141  -33.971   5757.8    508.4
     1     1    11     6     7    10     0     2  -294.0   -9.099  -34.079   5778.6    506.4
     1     1    11     6     7     9     0     3  -295.0   -9.079  -34.183   5801.1    504.4
     1     1    11     6     7     8     0     2  -296.0   -9.063  -34.286   5810.4    503.1
     1     1    11     6     7     7     0     1  -297.0   -9.035  -34.390   5799.2    504.1
     1     1    11     6     7     6     0     0  -298.0   -8.997  -34.498   5773.5    506.0
     1     1    11     6     7     5     0     1  -299.0   -8.957  -34.604   5748.7    508.5
     1     1    11     6     7     4     0     2  -300.0   -8.921  -34.706   5738.9    509.3
     1     1    11     6     7     3     0     3  -301.0   -8.885  -34.806   5745.6    509.0
     1     1    11     6     7     2     0     2  -302.0   -8.848  -34.901   5762.9    507.4
     1     1    11     6     7     1     0     1  -303.0   -8.806  -34.988   5784.5    506.0
     1     1    11     6     7     0     0     0  -304.0   -8.758  -35.065   5804.2    502.9
     1     1    11     6     6    23     0     1  -305.0   -8.705  -35.137   5818.9    499.2
     1     1    11     6     6    22     0     2  -306.0   -8.656  -35.212   5821.9    496.7
     1     1    11     6     6    21     0     3  -307.0   -8.611  -35.290   5815.8    494.7
     1     1    11     6     6    20     0     2  -308.0   -8.563  -35.370   5803.6    493.3
     1     1    11     6     6    19     0     1  -309.0   -8.503  -35.448   5788.8    492.0
     1     1    11     6     6    18     0     0  -310.0   -8.434  -35.522   5771.1    490.8
     1     1    11     6     6    17     0     1  -311.0   -8.355  -35.583   5765.1    490.3
     1     1    11     6     6    16     0     2  -312.0   -8.264  -35.624   5785.2    487.8
     1     1    11     6     6    15     0     3  -313.0   -8.157  -35.642   5829.5    484.3
     1     1    11     6     6    14     0     2  -314.0   -8.040  -35.635   5875.8    480.1
     1     1    11     6     6    13     0     1  -315.0   -7.928  -35.605   5905.4    479.0
     1     1    11     6     6    12     0     0  -316.0   -7.825  -35.550   5928.4    479.4
     1     1    11     6     6    11     0     1  -317.0   -7.730  -35.476   5968.4    479.6
     1     1    11     6     6    10     0     2  -318.0   -7.642  -35.393   6036.8    477.1
     1     1    11     6     6     9     0     3  -319.0   -7.563  -35.301   6125.5    473.6
     1     1    11     6     6     8     0     2  -320.0   -7.497  -35.212   6201.4    469.9
     1     1    11     6     6     7     0     1  -321.0   -7.445  -35.130   6238.1    470.1
     1     1    11     6     6     6     0     0  -322.0   -7.405  -35.062   6237.4    472.2
     1     1    11     6     6     5     0     1  -323.0   -7.374  -35.000   6222.2    476.4
     1     1    11     6     6     4     0     2  -324.0   -7.353  -34.941   6203.5    477.6
     1     1    11     6     6     3     0     3  -325.0   -7.338  -34.887   6183.2    479.1
     1     1    11     6     6     2     0     2  -326.0   -7.312  -34.829   6149.5    480.6
     1     1    11     6     6     1     0     1  -327.0   -7.260  -34.754   6085.3    484.7
     1     1    11     6     6     0     0     0  -328.0   -7.181  -34.660   5983.8    491.0
     1     1    11     6     5    23     0     1  -329.0   -7.087  -34.557   5869.1    500.0
     1     1    11     6     5    22     0     2  -330.0   -6.995  -34.456   5781.0    506.1
     1     1    11     6     5    21     0     3  -331.0   -6.911  -34.354   5732.5    509.6
     1     1    11     6     5    20     0     2  -332.0   -6.838  -34.254   5683.9    510.1
     1     1    11     6     5    19     0     1  -333.0   -6.774  -34.149   5586.5    516.4
     1     1    11     6     5    18     0     0  -334.0   -6.720  -34.038   5431.3    526.4
     1     1    11     6     5    17     0     1  -335.0   -6.673  -33.924   5215.7    541.4
     1     1    11     6     5    16     0     2  -336.0   -6.624  -33.807   4949.6    560.4
