     3     1
    GDAS    11    10     8     0     0
    GDAS    11    10    15     0     0
    GDAS    11    10    22     0     0
     1 BACKWARD OMEGA   
  2011    10    24    16   -8.850  -56.750   457.2
     1 PRESSURE
     1     1    11    10    24    16     0     2     0.0   -8.850  -56.750    457.2    935.9
     1     1    11    10    24    15     0     3    -1.0   -8.772  -56.629    452.0    934.3
     1     1    11    10    24    14     0     2    -2.0   -8.692  -56.487    451.4    932.7
     1     1    11    10    24    13     0     1    -3.0   -8.611  -56.312    463.9    928.7
     1     1    11    10    24    12     0     0    -4.0   -8.530  -56.105    491.6    922.8
     1     1    11    10    24    11     0     1    -5.0   -8.451  -55.868    530.0    914.4
     1     1    11    10    24    10     0     2    -6.0   -8.375  -55.604    568.4    907.5
     1     1    11    10    24     9     0     3    -7.0   -8.309  -55.319    598.3    902.6
     1     1    11    10    24     8     0     2    -8.0   -8.258  -55.029    609.8    900.9
     1     1    11    10    24     7     0     1    -9.0   -8.220  -54.747    607.4    902.1
     1     1    11    10    24     6     0     0   -10.0   -8.191  -54.470    601.5    902.7
     1     1    11    10    24     5     0     1   -11.0   -8.174  -54.199    601.3    903.5
     1     1    11    10    24     4     0     2   -12.0   -8.167  -53.930    611.2    903.0
     1     1    11    10    24     3     0     3   -13.0   -8.168  -53.662    618.9    903.9
     1     1    11    10    24     2     0     2   -14.0   -8.169  -53.401    615.1    906.4
     1     1    11    10    24     1     0     1   -15.0   -8.169  -53.159    606.6    909.5
     1     1    11    10    24     0     0     0   -16.0   -8.171  -52.937    602.6    911.6
     1     1    11    10    23    23     0     1   -17.0   -8.177  -52.726    602.9    910.2
     1     1    11    10    23    22     0     2   -18.0   -8.188  -52.521    600.2    909.3
     1     1    11    10    23    21     0     3   -19.0   -8.207  -52.315    589.3    909.2
     1     1    11    10    23    20     0     2   -20.0   -8.227  -52.111    570.8    911.4
     1     1    11    10    23    19     0     1   -21.0   -8.239  -51.917    552.3    913.8
     1     1    11    10    23    18     0     0   -22.0   -8.241  -51.737    537.2    915.0
     1     1    11    10    23    17     0     1   -23.0   -8.233  -51.562    525.7    916.8
     1     1    11    10    23    16     0     2   -24.0   -8.215  -51.380    517.2    917.9
     1     1    11    10    23    15     0     3   -25.0   -8.187  -51.195    507.8    919.3
     1     1    11    10    23    14     0     2   -26.0   -8.156  -50.992    498.7    920.8
     1     1    11    10    23    13     0     1   -27.0   -8.127  -50.760    492.1    923.2
     1     1    11    10    23    12     0     0   -28.0   -8.093  -50.507    486.2    925.6
     1     1    11    10    23    11     0     1   -29.0   -8.049  -50.249    477.7    926.9
     1     1    11    10    23    10     0     2   -30.0   -7.989  -49.993    463.5    928.6
     1     1    11    10    23     9     0     3   -31.0   -7.914  -49.741    459.1    932.9
     1     1    11    10    23     8     0     2   -32.0   -7.830  -49.489    472.4    932.6
     1     1    11    10    23     7     0     1   -33.0   -7.743  -49.245    493.1    931.9
     1     1    11    10    23     6     0     0   -34.0   -7.654  -49.014    515.3    930.8
     1     1    11    10    23     5     0     1   -35.0   -7.562  -48.783    529.6    929.1
     1     1    11    10    23     4     0     2   -36.0   -7.468  -48.540    532.6    929.1
     1     1    11    10    23     3     0     3   -37.0   -7.373  -48.284    529.0    929.8
     1     1    11    10    23     2     0     2   -38.0   -7.277  -48.016    525.0    930.0
     1     1    11    10    23     1     0     1   -39.0   -7.182  -47.737    531.0    926.6
     1     1    11    10    23     0     0     0   -40.0   -7.094  -47.449    560.1    920.5
     1     1    11    10    22    23     0     1   -41.0   -7.010  -47.167    609.6    911.1
     1     1    11    10    22    22     0     2   -42.0   -6.927  -46.910    662.0    902.7
     1     1    11    10    22    21     0     3   -43.0   -6.843  -46.685    705.0    897.3
     1     1    11    10    22    20     0     2   -44.0   -6.764  -46.484    729.7    894.8
     1     1    11    10    22    19     0     1   -45.0   -6.689  -46.294    729.1    895.2
     1     1    11    10    22    18     0     0   -46.0   -6.614  -46.110    699.6    898.9
     1     1    11    10    22    17     0     1   -47.0   -6.536  -45.926    658.2    906.8
     1     1    11    10    22    16     0     2   -48.0   -6.461  -45.736    625.5    912.3
     1     1    11    10    22    15     0     3   -49.0   -6.391  -45.542    602.5    915.6
     1     1    11    10    22    14     0     2   -50.0   -6.329  -45.340    590.0    917.9
     1     1    11    10    22    13     0     1   -51.0   -6.280  -45.125    592.4    918.4
     1     1    11    10    22    12     0     0   -52.0   -6.243  -44.897    608.7    917.1
     1     1    11    10    22    11     0     1   -53.0   -6.221  -44.649    614.7    914.6
     1     1    11    10    22    10     0     2   -54.0   -6.222  -44.380    596.0    917.2
     1     1    11    10    22     9     0     3   -55.0   -6.257  -44.094    566.6    921.0
     1     1    11    10    22     8     0     2   -56.0   -6.300  -43.805    530.6    925.8
     1     1    11    10    22     7     0     1   -57.0   -6.322  -43.534    491.4    932.3
     1     1    11    10    22     6     0     0   -58.0   -6.335  -43.279    458.1    938.1
     1     1    11    10    22     5     0     1   -59.0   -6.349  -43.032    435.9    942.6
     1     1    11    10    22     4     0     2   -60.0   -6.358  -42.789    417.5    942.4
     1     1    11    10    22     3     0     3   -61.0   -6.356  -42.556    397.3    943.0
     1     1    11    10    22     2     0     2   -62.0   -6.355  -42.336    389.7    943.8
     1     1    11    10    22     1     0     1   -63.0   -6.359  -42.117    409.8    940.7
     1     1    11    10    22     0     0     0   -64.0   -6.359  -41.889    457.6    931.3
     1     1    11    10    21    23     0     1   -65.0   -6.352  -41.658    503.4    915.5
     1     1    11    10    21    22     0     2   -66.0   -6.350  -41.460    516.3    906.8
     1     1    11    10    21    21     0     3   -67.0   -6.361  -41.310    492.6    904.1
     1     1    11    10    21    20     0     2   -68.0   -6.375  -41.192    447.2    907.1
     1     1    11    10    21    19     0     1   -69.0   -6.381  -41.069    393.5    909.5
     1     1    11    10    21    18     0     0   -70.0   -6.380  -40.921    345.0    912.7
     1     1    11    10    21    17     0     1   -71.0   -6.369  -40.739    318.6    915.5
     1     1    11    10    21    16     0     2   -72.0   -6.343  -40.524    315.3    914.2
     1     1    11    10    21    15     0     3   -73.0   -6.307  -40.280    325.3    911.8
     1     1    11    10    21    14     0     2   -74.0   -6.266  -40.018    339.0    909.4
     1     1    11    10    21    13     0     1   -75.0   -6.221  -39.750    348.3    915.7
     1     1    11    10    21    12     0     0   -76.0   -6.175  -39.482    344.2    924.3
     1     1    11    10    21    11     0     1   -77.0   -6.128  -39.213    320.4    934.3
     1     1    11    10    21    10     0     2   -78.0   -6.081  -38.945    276.9    946.1
     1     1    11    10    21     9     0     3   -79.0   -6.039  -38.678    233.2    953.5
     1     1    11    10    21     8     0     2   -80.0   -6.008  -38.421    204.4    957.3
     1     1    11    10    21     7     0     1   -81.0   -5.987  -38.183    185.7    960.0
     1     1    11    10    21     6     0     0   -82.0   -5.980  -37.950    173.7    962.1
     1     1    11    10    21     5     0     1   -83.0   -5.977  -37.718    160.9    965.8
     1     1    11    10    21     4     0     2   -84.0   -5.970  -37.486    146.9    970.9
     1     1    11    10    21     3     0     3   -85.0   -5.967  -37.249    140.2    974.9
     1     1    11    10    21     2     0     2   -86.0   -5.975  -36.995    150.2    977.0
     1     1    11    10    21     1     0     1   -87.0   -5.998  -36.728    157.3    971.4
     1     1    11    10    21     0     0     0   -88.0   -6.034  -36.471    138.4    970.9
     1     1    11    10    20    23     0     1   -89.0   -6.081  -36.234     90.7    971.4
     1     1    11    10    20    22     0     2   -90.0   -6.132  -36.021     35.2    975.6
     1     1    11    10    20    21     0     3   -91.0   -6.183  -35.816      0.9    981.7
     1     1    11    10    20    20     0     2   -92.0   -6.235  -35.613      0.0    986.8
     1     1    11    10    20    19     0     1   -93.0   -6.289  -35.413      0.0    992.1
     1     1    11    10    20    18     0     0   -94.0   -6.341  -35.211      0.0    997.9
     1     1    11    10    20    17     0     1   -95.0   -6.388  -35.012      0.0   1005.2
     1     1    11    10    20    16     0     2   -96.0   -6.430  -34.819      0.0   1007.0
     1     1    11    10    20    15     0     3   -97.0   -6.467  -34.632      0.0   1008.4
     1     1    11    10    20    14     0     2   -98.0   -6.502  -34.449      0.0   1009.6
     1     1    11    10    20    13     0     1   -99.0   -6.538  -34.263      0.0   1010.4
     1     1    11    10    20    12     0     0  -100.0   -6.575  -34.068      0.0   1010.9
     1     1    11    10    20    11     0     1  -101.0   -6.617  -33.864      0.0   1011.0
     1     1    11    10    20    10     0     2  -102.0   -6.667  -33.655      0.0   1011.1
     1     1    11    10    20     9     0     3  -103.0   -6.725  -33.441      0.3   1011.1
     1     1    11    10    20     8     0     2  -104.0   -6.785  -33.225      0.9   1010.9
     1     1    11    10    20     7     0     1  -105.0   -6.843  -33.012      1.4   1010.8
     1     1    11    10    20     6     0     0  -106.0   -6.899  -32.806      1.6   1011.0
     1     1    11    10    20     5     0     1  -107.0   -6.959  -32.606      1.6   1010.5
     1     1    11    10    20     4     0     2  -108.0   -7.025  -32.410      1.6   1009.8
     1     1    11    10    20     3     0     3  -109.0   -7.096  -32.218      1.6   1009.0
     1     1    11    10    20     2     0     2  -110.0   -7.164  -32.024      1.8   1010.2
     1     1    11    10    20     1     0     1  -111.0   -7.225  -31.820      2.1   1011.3
     1     1    11    10    20     0     0     0  -112.0   -7.279  -31.610      2.6   1012.4
     1     1    11    10    19    23     0     1  -113.0   -7.329  -31.401      2.9   1011.0
     1     1    11    10    19    22     0     2  -114.0   -7.374  -31.195      3.1   1009.8
     1     1    11    10    19    21     0     3  -115.0   -7.411  -30.990      3.1   1008.8
     1     1    11    10    19    20     0     2  -116.0   -7.441  -30.791      3.1   1009.4
     1     1    11    10    19    19     0     1  -117.0   -7.464  -30.601      3.1   1009.8
     1     1    11    10    19    18     0     0  -118.0   -7.481  -30.421      3.1   1010.2
     1     1    11    10    19    17     0     1  -119.0   -7.491  -30.243      3.1   1010.3
     1     1    11    10    19    16     0     2  -120.0   -7.492  -30.057      3.1   1010.4
     1     1    11    10    19    15     0     3  -121.0   -7.482  -29.860      3.1   1010.5
     1     1    11    10    19    14     0     2  -122.0   -7.465  -29.651      3.0   1010.2
     1     1    11    10    19    13     0     1  -123.0   -7.446  -29.427      2.9   1009.9
     1     1    11    10    19    12     0     0  -124.0   -7.427  -29.189      2.7   1009.6
     1     1    11    10    19    11     0     1  -125.0   -7.412  -28.941      2.5   1009.3
     1     1    11    10    19    10     0     2  -126.0   -7.401  -28.691      2.5   1008.9
     1     1    11    10    19     9     0     3  -127.0   -7.396  -28.439      2.4   1008.6
     1     1    11    10    19     8     0     2  -128.0   -7.392  -28.182      2.4   1008.5
     1     1    11    10    19     7     0     1  -129.0   -7.385  -27.913      2.4   1008.5
     1     1    11    10    19     6     0     0  -130.0   -7.373  -27.632      2.4   1008.4
     1     1    11    10    19     5     0     1  -131.0   -7.356  -27.346      2.4   1009.1
     1     1    11    10    19     4     0     2  -132.0   -7.340  -27.061      2.4   1009.8
     1     1    11    10    19     3     0     3  -133.0   -7.328  -26.778      2.4   1010.5
     1     1    11    10    19     2     0     2  -134.0   -7.318  -26.498      2.4   1010.4
     1     1    11    10    19     1     0     1  -135.0   -7.307  -26.222      2.4   1010.3
     1     1    11    10    19     0     0     0  -136.0   -7.291  -25.946      2.4   1010.1
     1     1    11    10    18    23     0     1  -137.0   -7.270  -25.666      2.5   1010.2
     1     1    11    10    18    22     0     2  -138.0   -7.245  -25.381      2.5   1010.3
     1     1    11    10    18    21     0     3  -139.0   -7.216  -25.090      2.5   1010.3
     1     1    11    10    18    20     0     2  -140.0   -7.190  -24.802      2.5   1010.2
     1     1    11    10    18    19     0     1  -141.0   -7.175  -24.528      2.5   1010.1
     1     1    11    10    18    18     0     0  -142.0   -7.167  -24.264      2.5   1010.1
     1     1    11    10    18    17     0     1  -143.0   -7.161  -24.006      2.5   1009.9
     1     1    11    10    18    16     0     2  -144.0   -7.152  -23.749      2.5   1009.8
     1     1    11    10    18    15     0     3  -145.0   -7.139  -23.494      2.5   1009.7
     1     1    11    10    18    14     0     2  -146.0   -7.122  -23.238      2.5   1009.7
     1     1    11    10    18    13     0     1  -147.0   -7.104  -22.980      2.5   1009.7
     1     1    11    10    18    12     0     0  -148.0   -7.088  -22.723      2.5   1009.7
     1     1    11    10    18    11     0     1  -149.0   -7.075  -22.465      2.7   1009.7
     1     1    11    10    18    10     0     2  -150.0   -7.068  -22.205      3.1   1009.7
     1     1    11    10    18     9     0     3  -151.0   -7.065  -21.942      3.9   1009.7
     1     1    11    10    18     8     0     2  -152.0   -7.061  -21.680      4.6   1009.9
     1     1    11    10    18     7     0     1  -153.0   -7.053  -21.427      5.0   1010.1
     1     1    11    10    18     6     0     0  -154.0   -7.042  -21.179      5.2   1010.4
     1     1    11    10    18     5     0     1  -155.0   -7.032  -20.931      5.2   1010.3
     1     1    11    10    18     4     0     2  -156.0   -7.024  -20.675      5.3   1010.3
     1     1    11    10    18     3     0     3  -157.0   -7.019  -20.413      5.4   1010.3
     1     1    11    10    18     2     0     2  -158.0   -7.021  -20.149      5.4   1010.7
     1     1    11    10    18     1     0     1  -159.0   -7.038  -19.889      5.4   1011.0
     1     1    11    10    18     0     0     0  -160.0   -7.067  -19.634      5.4   1011.4
     1     1    11    10    17    23     0     1  -161.0   -7.098  -19.383      5.4   1011.5
     1     1    11    10    17    22     0     2  -162.0   -7.119  -19.134      5.4   1011.7
     1     1    11    10    17    21     0     3  -163.0   -7.127  -18.884      5.4   1011.8
     1     1    11    10    17    20     0     2  -164.0   -7.130  -18.632      5.4   1010.8
     1     1    11    10    17    19     0     1  -165.0   -7.135  -18.379      5.4   1009.7
     1     1    11    10    17    18     0     0  -166.0   -7.141  -18.124      5.4   1008.7
     1     1    11    10    17    17     0     1  -167.0   -7.155  -17.869      5.4   1008.8
     1     1    11    10    17    16     0     2  -168.0   -7.182  -17.616      5.4   1008.8
     1     1    11    10    17    15     0     3  -169.0   -7.223  -17.361      5.4   1008.8
     1     1    11    10    17    14     0     2  -170.0   -7.271  -17.102      5.4   1009.1
     1     1    11    10    17    13     0     1  -171.0   -7.325  -16.836      5.4   1009.3
     1     1    11    10    17    12     0     0  -172.0   -7.385  -16.565      5.4   1009.5
     1     1    11    10    17    11     0     1  -173.0   -7.452  -16.292      5.4   1009.5
     1     1    11    10    17    10     0     2  -174.0   -7.524  -16.017      5.4   1009.4
     1     1    11    10    17     9     0     3  -175.0   -7.600  -15.738      5.4   1009.9
     1     1    11    10    17     8     0     2  -176.0   -7.683  -15.457      5.4   1010.5
     1     1    11    10    17     7     0     1  -177.0   -7.779  -15.174      5.4   1010.6
     1     1    11    10    17     6     0     0  -178.0   -7.885  -14.889      5.3   1010.0
     1     1    11    10    17     5     0     1  -179.0   -7.996  -14.608      5.2   1010.2
     1     1    11    10    17     4     0     2  -180.0   -8.114  -14.339      5.1   1010.4
     1     1    11    10    17     3     0     3  -181.0   -8.237  -14.080      5.1   1010.6
     1     1    11    10    17     2     0     2  -182.0   -8.370  -13.826      5.1   1010.8
     1     1    11    10    17     1     0     1  -183.0   -8.514  -13.576      5.1   1010.9
     1     1    11    10    17     0     0     0  -184.0   -8.669  -13.329      5.1   1011.1
     1     1    11    10    16    23     0     1  -185.0   -8.822  -13.083      5.1   1010.8
     1     1    11    10    16    22     0     2  -186.0   -8.957  -12.836      5.2   1010.5
     1     1    11    10    16    21     0     3  -187.0   -9.075  -12.586      5.2   1010.2
     1     1    11    10    16    20     0     2  -188.0   -9.188  -12.334      5.2   1010.1
     1     1    11    10    16    19     0     1  -189.0   -9.305  -12.082      5.2   1009.9
     1     1    11    10    16    18     0     0  -190.0   -9.421  -11.832      5.2   1009.8
     1     1    11    10    16    17     0     1  -191.0   -9.534  -11.583      5.1   1009.6
     1     1    11    10    16    16     0     2  -192.0   -9.644  -11.330      4.7   1009.5
     1     1    11    10    16    15     0     3  -193.0   -9.754  -11.072      3.8   1009.3
     1     1    11    10    16    14     0     2  -194.0   -9.856  -10.812      2.8   1010.3
     1     1    11    10    16    13     0     1  -195.0   -9.944  -10.553      2.2   1011.4
     1     1    11    10    16    12     0     0  -196.0  -10.018  -10.295      2.0   1012.5
     1     1    11    10    16    11     0     1  -197.0  -10.082  -10.029      1.9   1012.5
     1     1    11    10    16    10     0     2  -198.0  -10.146   -9.747      1.9   1012.5
     1     1    11    10    16     9     0     3  -199.0  -10.208   -9.450      1.9   1012.5
     1     1    11    10    16     8     0     2  -200.0  -10.276   -9.150      2.0   1012.3
     1     1    11    10    16     7     0     1  -201.0  -10.357   -8.859      2.4   1012.1
     1     1    11    10    16     6     0     0  -202.0  -10.452   -8.574      2.8   1011.9
     1     1    11    10    16     5     0     1  -203.0  -10.559   -8.291      3.0   1011.8
     1     1    11    10    16     4     0     2  -204.0  -10.676   -8.003      2.8   1011.7
     1     1    11    10    16     3     0     3  -205.0  -10.803   -7.712      2.6   1011.6
     1     1    11    10    16     2     0     2  -206.0  -10.936   -7.416      2.5   1012.6
     1     1    11    10    16     1     0     1  -207.0  -11.074   -7.121      2.5   1013.6
     1     1    11    10    16     0     0     0  -208.0  -11.220   -6.829      2.5   1014.6
     1     1    11    10    15    23     0     1  -209.0  -11.377   -6.542      2.6   1013.7
     1     1    11    10    15    22     0     2  -210.0  -11.541   -6.261      2.9   1012.8
     1     1    11    10    15    21     0     3  -211.0  -11.712   -5.984      3.2   1012.0
     1     1    11    10    15    20     0     2  -212.0  -11.890   -5.713      3.4   1011.7
     1     1    11    10    15    19     0     1  -213.0  -12.075   -5.452      3.4   1011.6
     1     1    11    10    15    18     0     0  -214.0  -12.268   -5.202      3.4   1011.3
     1     1    11    10    15    17     0     1  -215.0  -12.460   -4.964      3.4   1011.4
     1     1    11    10    15    16     0     2  -216.0  -12.644   -4.734      3.4   1011.4
     1     1    11    10    15    15     0     3  -217.0  -12.819   -4.510      3.4   1011.5
     1     1    11    10    15    14     0     2  -218.0  -12.985   -4.289      3.4   1012.5
     1     1    11    10    15    13     0     1  -219.0  -13.146   -4.065      3.4   1013.7
     1     1    11    10    15    12     0     0  -220.0  -13.303   -3.839      3.4   1014.7
     1     1    11    10    15    11     0     1  -221.0  -13.460   -3.615      3.4   1015.0
     1     1    11    10    15    10     0     2  -222.0  -13.618   -3.396      3.4   1015.2
     1     1    11    10    15     9     0     3  -223.0  -13.778   -3.181      3.4   1015.5
     1     1    11    10    15     8     0     2  -224.0  -13.939   -2.969      3.4   1014.3
     1     1    11    10    15     7     0     1  -225.0  -14.099   -2.761      3.4   1013.3
     1     1    11    10    15     6     0     0  -226.0  -14.258   -2.556      3.4   1012.7
     1     1    11    10    15     5     0     1  -227.0  -14.414   -2.350      3.4   1012.8
     1     1    11    10    15     4     0     2  -228.0  -14.566   -2.138      3.4   1012.6
     1     1    11    10    15     3     0     3  -229.0  -14.713   -1.919      3.4   1012.0
     1     1    11    10    15     2     0     2  -230.0  -14.857   -1.693      3.4   1013.1
     1     1    11    10    15     1     0     1  -231.0  -15.004   -1.461      3.4   1014.2
     1     1    11    10    15     0     0     0  -232.0  -15.155   -1.223      3.4   1015.3
     1     1    11    10    14    23     0     1  -233.0  -15.310   -0.981      3.5   1015.0
     1     1    11    10    14    22     0     2  -234.0  -15.468   -0.736      3.7   1014.8
     1     1    11    10    14    21     0     3  -235.0  -15.628   -0.487      3.9   1014.6
     1     1    11    10    14    20     0     2  -236.0  -15.788   -0.239      4.2   1014.4
     1     1    11    10    14    19     0     1  -237.0  -15.957   -0.001      4.6   1014.2
     1     1    11    10    14    18     0     0  -238.0  -16.129    0.229      5.2   1014.0
     1     1    11    10    14    17     0     1  -239.0  -16.310    0.448      5.7   1013.8
     1     1    11    10    14    16     0     2  -240.0  -16.494    0.657      5.9   1013.5
     1     1    11    10    14    15     0     3  -241.0  -16.682    0.857      6.0   1013.2
     1     1    11    10    14    14     0     2  -242.0  -16.869    1.053      5.9   1013.2
     1     1    11    10    14    13     0     1  -243.0  -17.045    1.251      5.9   1013.2
     1     1    11    10    14    12     0     0  -244.0  -17.212    1.452      5.9   1013.8
     1     1    11    10    14    11     0     1  -245.0  -17.375    1.660      5.9   1014.6
     1     1    11    10    14    10     0     2  -246.0  -17.542    1.878      5.9   1015.0
     1     1    11    10    14     9     0     3  -247.0  -17.711    2.103      5.9   1015.0
     1     1    11    10    14     8     0     2  -248.0  -17.880    2.330      5.9   1014.6
     1     1    11    10    14     7     0     1  -249.0  -18.050    2.555      5.9   1014.2
     1     1    11    10    14     6     0     0  -250.0  -18.224    2.778      5.9   1013.8
     1     1    11    10    14     5     0     1  -251.0  -18.406    2.989      5.9   1013.5
     1     1    11    10    14     4     0     2  -252.0  -18.601    3.183      5.9   1013.2
     1     1    11    10    14     3     0     3  -253.0  -18.810    3.358      5.9   1012.9
     1     1    11    10    14     2     0     2  -254.0  -19.030    3.518      5.9   1013.3
     1     1    11    10    14     1     0     1  -255.0  -19.256    3.666      5.9   1013.7
     1     1    11    10    14     0     0     0  -256.0  -19.489    3.799      5.9   1014.4
     1     1    11    10    13    23     0     1  -257.0  -19.729    3.922      6.1   1015.2
     1     1    11    10    13    22     0     2  -258.0  -19.976    4.035      6.5   1015.6
     1     1    11    10    13    21     0     3  -259.0  -20.224    4.138      7.1   1015.6
     1     1    11    10    13    20     0     2  -260.0  -20.470    4.232      7.7   1015.3
     1     1    11    10    13    19     0     1  -261.0  -20.710    4.318      8.2   1015.0
     1     1    11    10    13    18     0     0  -262.0  -20.949    4.398      9.0   1014.7
     1     1    11    10    13    17     0     1  -263.0  -21.185    4.472      9.8   1014.7
     1     1    11    10    13    16     0     2  -264.0  -21.420    4.540     10.3   1014.6
     1     1    11    10    13    15     0     3  -265.0  -21.652    4.601     10.5   1014.5
     1     1    11    10    13    14     0     2  -266.0  -21.877    4.661     10.5   1014.5
     1     1    11    10    13    13     0     1  -267.0  -22.087    4.728     10.5   1014.5
     1     1    11    10    13    12     0     0  -268.0  -22.286    4.801     10.5   1014.5
     1     1    11    10    13    11     0     1  -269.0  -22.484    4.881     10.6   1014.7
     1     1    11    10    13    10     0     2  -270.0  -22.695    4.968     10.9   1014.8
     1     1    11    10    13     9     0     3  -271.0  -22.918    5.061     11.5   1014.9
     1     1    11    10    13     8     0     2  -272.0  -23.148    5.154     12.4   1013.8
     1     1    11    10    13     7     0     1  -273.0  -23.381    5.236     13.3   1013.1
     1     1    11    10    13     6     0     0  -274.0  -23.616    5.309     14.4   1012.7
     1     1    11    10    13     5     0     1  -275.0  -23.854    5.372     15.4   1012.4
     1     1    11    10    13     4     0     2  -276.0  -24.097    5.421     16.1   1011.8
     1     1    11    10    13     3     0     3  -277.0  -24.342    5.457     16.3   1011.2
     1     1    11    10    13     2     0     2  -278.0  -24.584    5.476     16.3   1012.5
     1     1    11    10    13     1     0     1  -279.0  -24.815    5.479     16.3   1013.9
     1     1    11    10    13     0     0     0  -280.0  -25.040    5.465     16.3   1015.2
     1     1    11    10    12    23     0     1  -281.0  -25.262    5.438     16.4   1015.1
     1     1    11    10    12    22     0     2  -282.0  -25.483    5.403     16.7   1015.0
     1     1    11    10    12    21     0     3  -283.0  -25.705    5.359     17.6   1014.9
     1     1    11    10    12    20     0     2  -284.0  -25.923    5.307     19.1   1014.3
     1     1    11    10    12    19     0     1  -285.0  -26.133    5.243     20.9   1013.6
     1     1    11    10    12    18     0     0  -286.0  -26.337    5.167     22.7   1012.7
     1     1    11    10    12    17     0     1  -287.0  -26.535    5.081     24.0   1012.5
     1     1    11    10    12    16     0     2  -288.0  -26.729    4.990     24.3   1012.5
     1     1    11    10    12    15     0     3  -289.0  -26.927    4.898     23.3   1012.7
     1     1    11    10    12    14     0     2  -290.0  -27.118    4.807     22.0   1013.3
     1     1    11    10    12    13     0     1  -291.0  -27.292    4.717     21.4   1013.6
     1     1    11    10    12    12     0     0  -292.0  -27.455    4.632     21.4   1013.8
     1     1    11    10    12    11     0     1  -293.0  -27.611    4.543     21.5   1014.1
     1     1    11    10    12    10     0     2  -294.0  -27.764    4.437     21.4   1014.4
     1     1    11    10    12     9     0     3  -295.0  -27.922    4.317     21.4   1014.6
     1     1    11    10    12     8     0     2  -296.0  -28.082    4.181     21.3   1013.9
     1     1    11    10    12     7     0     1  -297.0  -28.241    4.025     21.5   1013.1
     1     1    11    10    12     6     0     0  -298.0  -28.401    3.848     22.1   1012.6
     1     1    11    10    12     5     0     1  -299.0  -28.555    3.655     22.9   1012.6
     1     1    11    10    12     4     0     2  -300.0  -28.693    3.450     23.0   1012.6
     1     1    11    10    12     3     0     3  -301.0  -28.821    3.227     22.0   1012.7
     1     1    11    10    12     2     0     2  -302.0  -28.943    2.993     20.5   1013.2
     1     1    11    10    12     1     0     1  -303.0  -29.056    2.757     19.1   1013.6
     1     1    11    10    12     0     0     0  -304.0  -29.154    2.514     17.6   1014.1
     1     1    11    10    11    23     0     1  -305.0  -29.248    2.265     16.3   1014.4
     1     1    11    10    11    22     0     2  -306.0  -29.345    2.013     15.2   1014.6
     1     1    11    10    11    21     0     3  -307.0  -29.437    1.763     14.3   1014.9
     1     1    11    10    11    20     0     2  -308.0  -29.526    1.509     13.6   1015.1
     1     1    11    10    11    19     0     1  -309.0  -29.612    1.247     13.5   1015.2
     1     1    11    10    11    18     0     0  -310.0  -29.689    0.983     14.0   1015.2
     1     1    11    10    11    17     0     1  -311.0  -29.761    0.728     14.7   1015.1
     1     1    11    10    11    16     0     2  -312.0  -29.835    0.489     15.0   1015.2
     1     1    11    10    11    15     0     3  -313.0  -29.912    0.268     15.2   1015.3
     1     1    11    10    11    14     0     2  -314.0  -29.986    0.058     15.4   1015.4
     1     1    11    10    11    13     0     1  -315.0  -30.071   -0.132     15.9   1015.6
     1     1    11    10    11    12     0     0  -316.0  -30.165   -0.303     16.9   1015.5
     1     1    11    10    11    11     0     1  -317.0  -30.255   -0.488     17.9   1015.2
     1     1    11    10    11    10     0     2  -318.0  -30.339   -0.702     18.7   1014.9
     1     1    11    10    11     9     0     3  -319.0  -30.420   -0.942     19.3   1014.7
     1     1    11    10    11     8     0     2  -320.0  -30.500   -1.199     19.8   1014.6
     1     1    11    10    11     7     0     1  -321.0  -30.581   -1.472     20.2   1014.5
     1     1    11    10    11     6     0     0  -322.0  -30.655   -1.774     19.9   1014.5
     1     1    11    10    11     5     0     1  -323.0  -30.718   -2.101     19.5   1014.8
     1     1    11    10    11     4     0     2  -324.0  -30.765   -2.442     19.4   1014.9
     1     1    11    10    11     3     0     3  -325.0  -30.781   -2.804     19.4   1015.1
     1     1    11    10    11     2     0     2  -326.0  -30.770   -3.174     19.3   1015.2
     1     1    11    10    11     1     0     1  -327.0  -30.743   -3.539     18.9   1015.4
     1     1    11    10    11     0     0     0  -328.0  -30.686   -3.906     18.2   1015.6
     1     1    11    10    10    23     0     1  -329.0  -30.617   -4.256     17.8   1015.4
     1     1    11    10    10    22     0     2  -330.0  -30.558   -4.577     17.7   1015.0
     1     1    11    10    10    21     0     3  -331.0  -30.489   -4.880     17.6   1014.6
     1     1    11    10    10    20     0     2  -332.0  -30.417   -5.167     17.7   1014.6
     1     1    11    10    10    19     0     1  -333.0  -30.354   -5.437     18.1   1014.4
     1     1    11    10    10    18     0     0  -334.0  -30.294   -5.696     19.0   1014.2
     1     1    11    10    10    17     0     1  -335.0  -30.233   -5.952     19.9   1013.9
     1     1    11    10    10    16     0     2  -336.0  -30.177   -6.212     20.5   1013.6
