     3     1
    GDAS    11    10     8     0     0
    GDAS    11    10    15     0     0
    GDAS    11    10    22     0     0
     1 BACKWARD OMEGA   
  2011    10    24    16   -8.850  -56.740   609.6
     1 PRESSURE
     1     1    11    10    24    16     0     2     0.0   -8.850  -56.740    609.6    919.9
     1     1    11    10    24    15     0     3    -1.0   -8.762  -56.612    595.4    918.7
     1     1    11    10    24    14     0     2    -2.0   -8.667  -56.455    588.7    917.9
     1     1    11    10    24    13     0     1    -3.0   -8.565  -56.252    604.2    913.1
     1     1    11    10    24    12     0     0    -4.0   -8.460  -56.006    643.4    905.6
     1     1    11    10    24    11     0     1    -5.0   -8.356  -55.729    692.4    895.5
     1     1    11    10    24    10     0     2    -6.0   -8.261  -55.433    730.9    889.3
     1     1    11    10    24     9     0     3    -7.0   -8.184  -55.126    749.0    886.6
     1     1    11    10    24     8     0     2    -8.0   -8.125  -54.819    748.5    887.8
     1     1    11    10    24     7     0     1    -9.0   -8.081  -54.518    744.9    888.6
     1     1    11    10    24     6     0     0   -10.0   -8.045  -54.218    750.6    887.7
     1     1    11    10    24     5     0     1   -11.0   -8.018  -53.916    769.3    886.4
     1     1    11    10    24     4     0     2   -12.0   -7.999  -53.614    783.1    886.8
     1     1    11    10    24     3     0     3   -13.0   -7.988  -53.314    774.1    891.2
     1     1    11    10    24     2     0     2   -14.0   -7.983  -53.030    748.7    897.1
     1     1    11    10    24     1     0     1   -15.0   -7.982  -52.770    729.0    900.4
     1     1    11    10    24     0     0     0   -16.0   -7.981  -52.529    726.5    899.5
     1     1    11    10    23    23     0     1   -17.0   -7.982  -52.298    726.0    897.0
     1     1    11    10    23    22     0     2   -18.0   -7.993  -52.064    712.0    896.6
     1     1    11    10    23    21     0     3   -19.0   -8.015  -51.829    689.7    899.0
     1     1    11    10    23    20     0     2   -20.0   -8.041  -51.603    677.1    901.6
     1     1    11    10    23    19     0     1   -21.0   -8.057  -51.396    675.5    901.1
     1     1    11    10    23    18     0     0   -22.0   -8.064  -51.206    672.1    900.9
     1     1    11    10    23    17     0     1   -23.0   -8.062  -51.024    663.7    902.7
     1     1    11    10    23    16     0     2   -24.0   -8.052  -50.836    649.5    905.4
     1     1    11    10    23    15     0     3   -25.0   -8.033  -50.641    626.4    909.7
     1     1    11    10    23    14     0     2   -26.0   -8.007  -50.427    601.4    913.8
     1     1    11    10    23    13     0     1   -27.0   -7.973  -50.187    580.3    916.8
     1     1    11    10    23    12     0     0   -28.0   -7.929  -49.933    565.6    920.1
     1     1    11    10    23    11     0     1   -29.0   -7.869  -49.671    566.4    922.7
     1     1    11    10    23    10     0     2   -30.0   -7.790  -49.403    590.2    922.4
     1     1    11    10    23     9     0     3   -31.0   -7.689  -49.128    641.0    919.4
     1     1    11    10    23     8     0     2   -32.0   -7.579  -48.848    703.2    911.5
     1     1    11    10    23     7     0     1   -33.0   -7.471  -48.559    749.1    905.5
     1     1    11    10    23     6     0     0   -34.0   -7.367  -48.258    770.6    902.9
     1     1    11    10    23     5     0     1   -35.0   -7.266  -47.945    775.2    902.3
     1     1    11    10    23     4     0     2   -36.0   -7.173  -47.619    777.8    899.1
     1     1    11    10    23     3     0     3   -37.0   -7.092  -47.281    785.3    894.4
     1     1    11    10    23     2     0     2   -38.0   -7.023  -46.939    805.0    889.9
     1     1    11    10    23     1     0     1   -39.0   -6.967  -46.610    838.1    885.1
     1     1    11    10    23     0     0     0   -40.0   -6.924  -46.307    873.4    880.9
     1     1    11    10    22    23     0     1   -41.0   -6.886  -46.034    906.5    876.7
     1     1    11    10    22    22     0     2   -42.0   -6.847  -45.787    938.9    874.5
     1     1    11    10    22    21     0     3   -43.0   -6.808  -45.560    967.3    872.2
     1     1    11    10    22    20     0     2   -44.0   -6.765  -45.344    980.6    871.4
     1     1    11    10    22    19     0     1   -45.0   -6.719  -45.131    979.2    873.5
     1     1    11    10    22    18     0     0   -46.0   -6.670  -44.921    974.9    875.4
     1     1    11    10    22    17     0     1   -47.0   -6.619  -44.714    967.6    876.9
     1     1    11    10    22    16     0     2   -48.0   -6.566  -44.505    952.6    879.6
     1     1    11    10    22    15     0     3   -49.0   -6.511  -44.292    928.7    883.2
     1     1    11    10    22    14     0     2   -50.0   -6.456  -44.067    894.5    887.9
     1     1    11    10    22    13     0     1   -51.0   -6.407  -43.826    852.4    894.4
     1     1    11    10    22    12     0     0   -52.0   -6.365  -43.570    813.2    900.9
     1     1    11    10    22    11     0     1   -53.0   -6.331  -43.300    782.1    905.1
     1     1    11    10    22    10     0     2   -54.0   -6.303  -43.020    752.0    908.9
     1     1    11    10    22     9     0     3   -55.0   -6.282  -42.729    711.8    910.5
     1     1    11    10    22     8     0     2   -56.0   -6.261  -42.429    668.3    914.1
     1     1    11    10    22     7     0     1   -57.0   -6.226  -42.127    624.7    916.3
     1     1    11    10    22     6     0     0   -58.0   -6.175  -41.828    590.3    914.2
     1     1    11    10    22     5     0     1   -59.0   -6.115  -41.521    597.5    903.8
     1     1    11    10    22     4     0     2   -60.0   -6.056  -41.189    658.8    884.0
     1     1    11    10    22     3     0     3   -61.0   -6.003  -40.839    749.5    864.8
     1     1    11    10    22     2     0     2   -62.0   -5.954  -40.485    819.3    857.1
     1     1    11    10    22     1     0     1   -63.0   -5.897  -40.134    848.6    856.5
     1     1    11    10    22     0     0     0   -64.0   -5.828  -39.798    846.3    862.8
     1     1    11    10    21    23     0     1   -65.0   -5.743  -39.494    819.0    875.1
     1     1    11    10    21    22     0     2   -66.0   -5.645  -39.232    778.2    886.9
     1     1    11    10    21    21     0     3   -67.0   -5.534  -39.007    727.8    899.4
     1     1    11    10    21    20     0     2   -68.0   -5.424  -38.792    676.2    908.4
     1     1    11    10    21    19     0     1   -69.0   -5.332  -38.570    629.7    916.9
     1     1    11    10    21    18     0     0   -70.0   -5.252  -38.351    588.4    924.5
     1     1    11    10    21    17     0     1   -71.0   -5.180  -38.130    553.4    932.8
     1     1    11    10    21    16     0     2   -72.0   -5.117  -37.901    524.1    939.6
     1     1    11    10    21    15     0     3   -73.0   -5.066  -37.661    497.5    944.7
     1     1    11    10    21    14     0     2   -74.0   -5.026  -37.409    480.6    949.3
     1     1    11    10    21    13     0     1   -75.0   -4.996  -37.144    480.0    950.9
     1     1    11    10    21    12     0     0   -76.0   -4.976  -36.874    491.9    951.0
     1     1    11    10    21    11     0     1   -77.0   -4.973  -36.597    507.2    950.3
     1     1    11    10    21    10     0     2   -78.0   -4.992  -36.307    522.8    950.5
     1     1    11    10    21     9     0     3   -79.0   -5.036  -36.009    542.8    949.5
     1     1    11    10    21     8     0     2   -80.0   -5.093  -35.714    558.6    945.9
     1     1    11    10    21     7     0     1   -81.0   -5.149  -35.432    566.1    945.2
     1     1    11    10    21     6     0     0   -82.0   -5.201  -35.160    571.2    945.5
     1     1    11    10    21     5     0     1   -83.0   -5.248  -34.907    576.9    946.1
     1     1    11    10    21     4     0     2   -84.0   -5.292  -34.678    582.7    945.7
     1     1    11    10    21     3     0     3   -85.0   -5.332  -34.471    588.0    945.5
     1     1    11    10    21     2     0     2   -86.0   -5.367  -34.275    596.1    945.1
     1     1    11    10    21     1     0     1   -87.0   -5.398  -34.079    610.0    943.9
     1     1    11    10    21     0     0     0   -88.0   -5.423  -33.880    629.1    941.9
     1     1    11    10    20    23     0     1   -89.0   -5.452  -33.670    647.7    938.7
     1     1    11    10    20    22     0     2   -90.0   -5.491  -33.444    662.6    936.3
     1     1    11    10    20    21     0     3   -91.0   -5.541  -33.205    677.2    934.2
     1     1    11    10    20    20     0     2   -92.0   -5.595  -32.967    695.6    932.5
     1     1    11    10    20    19     0     1   -93.0   -5.647  -32.745    717.4    929.9
     1     1    11    10    20    18     0     0   -94.0   -5.696  -32.539    737.9    927.6
     1     1    11    10    20    17     0     1   -95.0   -5.741  -32.339    752.0    926.1
     1     1    11    10    20    16     0     2   -96.0   -5.778  -32.133    756.9    926.0
     1     1    11    10    20    15     0     3   -97.0   -5.808  -31.919    755.7    926.7
     1     1    11    10    20    14     0     2   -98.0   -5.837  -31.696    753.8    927.5
     1     1    11    10    20    13     0     1   -99.0   -5.870  -31.467    752.3    927.8
     1     1    11    10    20    12     0     0  -100.0   -5.906  -31.233    747.5    928.4
     1     1    11    10    20    11     0     1  -101.0   -5.948  -30.996    741.0    929.2
     1     1    11    10    20    10     0     2  -102.0   -5.997  -30.755    739.2    929.5
     1     1    11    10    20     9     0     3  -103.0   -6.053  -30.511    748.2    928.7
     1     1    11    10    20     8     0     2  -104.0   -6.113  -30.270    764.5    926.1
     1     1    11    10    20     7     0     1  -105.0   -6.175  -30.038    779.6    924.1
     1     1    11    10    20     6     0     0  -106.0   -6.241  -29.815    789.6    922.6
     1     1    11    10    20     5     0     1  -107.0   -6.310  -29.595    796.0    922.4
     1     1    11    10    20     4     0     2  -108.0   -6.379  -29.375    801.0    921.9
     1     1    11    10    20     3     0     3  -109.0   -6.450  -29.153    803.1    921.8
     1     1    11    10    20     2     0     2  -110.0   -6.525  -28.932    802.3    922.0
     1     1    11    10    20     1     0     1  -111.0   -6.610  -28.714    798.6    922.6
     1     1    11    10    20     0     0     0  -112.0   -6.702  -28.498    789.8    923.4
     1     1    11    10    19    23     0     1  -113.0   -6.792  -28.283    777.6    924.7
     1     1    11    10    19    22     0     2  -114.0   -6.871  -28.069    765.8    925.6
     1     1    11    10    19    21     0     3  -115.0   -6.940  -27.857    755.3    926.3
     1     1    11    10    19    20     0     2  -116.0   -6.999  -27.644    747.5    927.2
     1     1    11    10    19    19     0     1  -117.0   -7.050  -27.431    744.4    927.6
     1     1    11    10    19    18     0     0  -118.0   -7.093  -27.219    748.3    927.2
     1     1    11    10    19    17     0     1  -119.0   -7.128  -26.997    756.9    926.0
     1     1    11    10    19    16     0     2  -120.0   -7.157  -26.757    766.6    925.1
     1     1    11    10    19    15     0     3  -121.0   -7.183  -26.500    777.7    924.1
     1     1    11    10    19    14     0     2  -122.0   -7.209  -26.228    786.0    923.2
     1     1    11    10    19    13     0     1  -123.0   -7.237  -25.936    786.7    923.5
     1     1    11    10    19    12     0     0  -124.0   -7.265  -25.623    781.4    924.7
     1     1    11    10    19    11     0     1  -125.0   -7.295  -25.298    776.2    925.4
     1     1    11    10    19    10     0     2  -126.0   -7.327  -24.969    774.2    925.2
     1     1    11    10    19     9     0     3  -127.0   -7.362  -24.635    775.7    925.0
     1     1    11    10    19     8     0     2  -128.0   -7.398  -24.304    783.9    924.0
     1     1    11    10    19     7     0     1  -129.0   -7.432  -23.985    797.9    922.0
     1     1    11    10    19     6     0     0  -130.0   -7.466  -23.680    815.3    919.8
     1     1    11    10    19     5     0     1  -131.0   -7.500  -23.383    834.3    917.9
     1     1    11    10    19     4     0     2  -132.0   -7.537  -23.087    851.4    916.0
     1     1    11    10    19     3     0     3  -133.0   -7.572  -22.790    862.0    914.8
     1     1    11    10    19     2     0     2  -134.0   -7.605  -22.487    868.6    914.8
     1     1    11    10    19     1     0     1  -135.0   -7.632  -22.177    876.4    914.2
     1     1    11    10    19     0     0     0  -136.0   -7.654  -21.862    888.0    913.3
     1     1    11    10    18    23     0     1  -137.0   -7.673  -21.546    904.5    911.3
     1     1    11    10    18    22     0     2  -138.0   -7.690  -21.233    925.9    908.8
     1     1    11    10    18    21     0     3  -139.0   -7.705  -20.926    953.1    905.8
     1     1    11    10    18    20     0     2  -140.0   -7.718  -20.627    982.9    902.0
     1     1    11    10    18    19     0     1  -141.0   -7.727  -20.338   1009.6    898.8
     1     1    11    10    18    18     0     0  -142.0   -7.734  -20.063   1029.8    896.4
     1     1    11    10    18    17     0     1  -143.0   -7.736  -19.791   1041.8    895.1
     1     1    11    10    18    16     0     2  -144.0   -7.730  -19.511   1048.1    894.7
     1     1    11    10    18    15     0     3  -145.0   -7.715  -19.226   1053.6    894.3
     1     1    11    10    18    14     0     2  -146.0   -7.696  -18.936   1060.0    894.0
     1     1    11    10    18    13     0     1  -147.0   -7.679  -18.642   1067.7    893.8
     1     1    11    10    18    12     0     0  -148.0   -7.666  -18.343   1080.6    893.2
     1     1    11    10    18    11     0     1  -149.0   -7.654  -18.044   1099.6    891.0
     1     1    11    10    18    10     0     2  -150.0   -7.646  -17.745   1119.3    888.6
     1     1    11    10    18     9     0     3  -151.0   -7.642  -17.448   1137.6    886.8
     1     1    11    10    18     8     0     2  -152.0   -7.638  -17.157   1157.7    884.8
     1     1    11    10    18     7     0     1  -153.0   -7.632  -16.875   1180.0    881.9
     1     1    11    10    18     6     0     0  -154.0   -7.623  -16.605   1200.3    879.1
     1     1    11    10    18     5     0     1  -155.0   -7.614  -16.336   1218.2    877.4
     1     1    11    10    18     4     0     2  -156.0   -7.602  -16.065   1238.5    875.5
     1     1    11    10    18     3     0     3  -157.0   -7.585  -15.791   1265.0    872.8
     1     1    11    10    18     2     0     2  -158.0   -7.563  -15.514   1289.4    869.7
     1     1    11    10    18     1     0     1  -159.0   -7.541  -15.231   1303.0    868.7
     1     1    11    10    18     0     0     0  -160.0   -7.522  -14.946   1305.8    868.9
     1     1    11    10    17    23     0     1  -161.0   -7.504  -14.658   1307.2    869.7
     1     1    11    10    17    22     0     2  -162.0   -7.483  -14.367   1314.6    869.0
     1     1    11    10    17    21     0     3  -163.0   -7.459  -14.075   1326.5    867.8
     1     1    11    10    17    20     0     2  -164.0   -7.432  -13.783   1341.1    865.7
     1     1    11    10    17    19     0     1  -165.0   -7.404  -13.491   1359.5    863.6
     1     1    11    10    17    18     0     0  -166.0   -7.373  -13.202   1385.0    860.8
     1     1    11    10    17    17     0     1  -167.0   -7.339  -12.909   1415.5    857.4
     1     1    11    10    17    16     0     2  -168.0   -7.306  -12.605   1439.5    854.3
     1     1    11    10    17    15     0     3  -169.0   -7.274  -12.290   1445.7    853.4
     1     1    11    10    17    14     0     2  -170.0   -7.246  -11.970   1436.6    855.1
     1     1    11    10    17    13     0     1  -171.0   -7.223  -11.651   1427.7    857.2
     1     1    11    10    17    12     0     0  -172.0   -7.200  -11.334   1433.0    857.4
     1     1    11    10    17    11     0     1  -173.0   -7.177  -11.017   1458.3    855.2
     1     1    11    10    17    10     0     2  -174.0   -7.152  -10.698   1502.6    850.8
     1     1    11    10    17     9     0     3  -175.0   -7.125  -10.381   1562.7    844.7
     1     1    11    10    17     8     0     2  -176.0   -7.096  -10.069   1624.6    836.9
     1     1    11    10    17     7     0     1  -177.0   -7.068   -9.766   1671.2    831.6
     1     1    11    10    17     6     0     0  -178.0   -7.037   -9.466   1700.2    828.7
     1     1    11    10    17     5     0     1  -179.0   -7.009   -9.172   1719.5    827.4
     1     1    11    10    17     4     0     2  -180.0   -6.988   -8.882   1739.9    825.8
     1     1    11    10    17     3     0     3  -181.0   -6.973   -8.588   1767.5    823.3
     1     1    11    10    17     2     0     2  -182.0   -6.960   -8.277   1794.9    820.1
     1     1    11    10    17     1     0     1  -183.0   -6.946   -7.939   1811.8    818.6
     1     1    11    10    17     0     0     0  -184.0   -6.937   -7.581   1812.3    818.4
     1     1    11    10    16    23     0     1  -185.0   -6.939   -7.209   1800.1    820.3
     1     1    11    10    16    22     0     2  -186.0   -6.946   -6.835   1781.7    822.0
     1     1    11    10    16    21     0     3  -187.0   -6.955   -6.475   1754.4    824.7
     1     1    11    10    16    20     0     2  -188.0   -6.964   -6.139   1721.8    827.9
     1     1    11    10    16    19     0     1  -189.0   -6.972   -5.828   1697.2    830.7
     1     1    11    10    16    18     0     0  -190.0   -6.977   -5.539   1692.6    831.0
     1     1    11    10    16    17     0     1  -191.0   -6.979   -5.272   1717.3    829.3
     1     1    11    10    16    16     0     2  -192.0   -6.979   -5.030   1774.8    823.8
     1     1    11    10    16    15     0     3  -193.0   -6.977   -4.809   1858.9    815.7
     1     1    11    10    16    14     0     2  -194.0   -6.973   -4.594   1946.3    805.8
     1     1    11    10    16    13     0     1  -195.0   -6.967   -4.370   2015.0    799.5
     1     1    11    10    16    12     0     0  -196.0   -6.962   -4.137   2064.4    795.2
     1     1    11    10    16    11     0     1  -197.0   -6.960   -3.898   2098.9    792.5
     1     1    11    10    16    10     0     2  -198.0   -6.965   -3.654   2126.1    790.6
     1     1    11    10    16     9     0     3  -199.0   -6.977   -3.408   2152.4    788.6
     1     1    11    10    16     8     0     2  -200.0   -6.993   -3.162   2180.9    785.6
     1     1    11    10    16     7     0     1  -201.0   -7.009   -2.921   2210.4    782.4
     1     1    11    10    16     6     0     0  -202.0   -7.029   -2.680   2237.6    779.4
     1     1    11    10    16     5     0     1  -203.0   -7.051   -2.438   2262.2    777.1
     1     1    11    10    16     4     0     2  -204.0   -7.074   -2.193   2285.1    774.7
     1     1    11    10    16     3     0     3  -205.0   -7.098   -1.946   2304.8    772.7
     1     1    11    10    16     2     0     2  -206.0   -7.117   -1.698   2322.5    771.5
     1     1    11    10    16     1     0     1  -207.0   -7.129   -1.450   2339.3    770.1
     1     1    11    10    16     0     0     0  -208.0   -7.134   -1.200   2353.1    769.1
     1     1    11    10    15    23     0     1  -209.0   -7.134   -0.952   2356.7    768.2
     1     1    11    10    15    22     0     2  -210.0   -7.131   -0.707   2346.7    769.4
     1     1    11    10    15    21     0     3  -211.0   -7.124   -0.468   2326.0    771.4
     1     1    11    10    15    20     0     2  -212.0   -7.115   -0.231   2301.1    773.8
     1     1    11    10    15    19     0     1  -213.0   -7.114    0.006   2292.6    775.4
     1     1    11    10    15    18     0     0  -214.0   -7.118    0.241   2304.3    772.8
     1     1    11    10    15    17     0     1  -215.0   -7.125    0.473   2326.6    770.9
     1     1    11    10    15    16     0     2  -216.0   -7.137    0.700   2361.0    767.6
     1     1    11    10    15    15     0     3  -217.0   -7.153    0.923   2406.6    763.3
     1     1    11    10    15    14     0     2  -218.0   -7.173    1.147   2451.7    758.7
     1     1    11    10    15    13     0     1  -219.0   -7.195    1.373   2483.3    756.1
     1     1    11    10    15    12     0     0  -220.0   -7.221    1.601   2499.3    755.0
     1     1    11    10    15    11     0     1  -221.0   -7.253    1.836   2496.4    755.2
     1     1    11    10    15    10     0     2  -222.0   -7.293    2.082   2472.0    757.7
     1     1    11    10    15     9     0     3  -223.0   -7.345    2.336   2431.9    761.9
     1     1    11    10    15     8     0     2  -224.0   -7.409    2.589   2398.1    766.2
     1     1    11    10    15     7     0     1  -225.0   -7.485    2.838   2387.5    766.8
     1     1    11    10    15     6     0     0  -226.0   -7.568    3.088   2401.0    765.3
     1     1    11    10    15     5     0     1  -227.0   -7.655    3.333   2434.3    761.7
     1     1    11    10    15     4     0     2  -228.0   -7.743    3.564   2478.7    757.3
     1     1    11    10    15     3     0     3  -229.0   -7.832    3.788   2525.4    752.6
     1     1    11    10    15     2     0     2  -230.0   -7.924    4.006   2567.6    748.8
     1     1    11    10    15     1     0     1  -231.0   -8.017    4.221   2607.8    745.8
     1     1    11    10    15     0     0     0  -232.0   -8.113    4.427   2653.6    742.2
     1     1    11    10    14    23     0     1  -233.0   -8.207    4.628   2696.4    737.7
     1     1    11    10    14    22     0     2  -234.0   -8.294    4.827   2721.8    735.5
     1     1    11    10    14    21     0     3  -235.0   -8.371    5.022   2725.4    735.2
     1     1    11    10    14    20     0     2  -236.0   -8.438    5.214   2725.2    736.6
     1     1    11    10    14    19     0     1  -237.0   -8.491    5.404   2743.6    734.6
     1     1    11    10    14    18     0     0  -238.0   -8.528    5.596   2783.4    730.8
     1     1    11    10    14    17     0     1  -239.0   -8.552    5.793   2836.6    725.2
     1     1    11    10    14    16     0     2  -240.0   -8.567    5.997   2893.1    720.3
     1     1    11    10    14    15     0     3  -241.0   -8.575    6.210   2952.8    715.1
     1     1    11    10    14    14     0     2  -242.0   -8.585    6.431   3005.6    709.9
     1     1    11    10    14    13     0     1  -243.0   -8.602    6.663   3037.9    707.1
     1     1    11    10    14    12     0     0  -244.0   -8.625    6.905   3044.1    706.5
     1     1    11    10    14    11     0     1  -245.0   -8.653    7.156   3031.7    708.7
     1     1    11    10    14    10     0     2  -246.0   -8.689    7.413   3012.8    710.7
     1     1    11    10    14     9     0     3  -247.0   -8.729    7.676   2991.3    713.0
     1     1    11    10    14     8     0     2  -248.0   -8.772    7.939   2976.6    714.5
     1     1    11    10    14     7     0     1  -249.0   -8.818    8.198   2975.5    714.2
     1     1    11    10    14     6     0     0  -250.0   -8.865    8.455   2989.7    712.9
     1     1    11    10    14     5     0     1  -251.0   -8.914    8.709   3022.7    710.1
     1     1    11    10    14     4     0     2  -252.0   -8.966    8.963   3075.2    705.6
     1     1    11    10    14     3     0     3  -253.0   -9.019    9.220   3139.2    699.5
     1     1    11    10    14     2     0     2  -254.0   -9.074    9.479   3190.9    694.0
     1     1    11    10    14     1     0     1  -255.0   -9.123    9.738   3218.5    692.3
     1     1    11    10    14     0     0     0  -256.0   -9.161   10.000   3229.7    691.8
     1     1    11    10    13    23     0     1  -257.0   -9.193   10.262   3235.7    692.2
     1     1    11    10    13    22     0     2  -258.0   -9.219   10.519   3239.4    691.9
     1     1    11    10    13    21     0     3  -259.0   -9.235   10.767   3231.5    692.5
     1     1    11    10    13    20     0     2  -260.0   -9.242   11.009   3210.8    694.0
     1     1    11    10    13    19     0     1  -261.0   -9.246   11.248   3186.6    696.1
     1     1    11    10    13    18     0     0  -262.0   -9.249   11.481   3162.6    697.4
     1     1    11    10    13    17     0     1  -263.0   -9.247   11.701   3159.8    699.3
     1     1    11    10    13    16     0     2  -264.0   -9.237   11.909   3200.5    695.4
     1     1    11    10    13    15     0     3  -265.0   -9.216   12.116   3268.4    688.2
     1     1    11    10    13    14     0     2  -266.0   -9.194   12.329   3312.3    681.8
     1     1    11    10    13    13     0     1  -267.0   -9.181   12.554   3282.9    683.3
     1     1    11    10    13    12     0     0  -268.0   -9.166   12.800   3161.2    693.0
     1     1    11    10    13    11     0     1  -269.0   -9.138   13.067   2987.5    711.0
     1     1    11    10    13    10     0     2  -270.0   -9.107   13.357   2853.0    723.7
     1     1    11    10    13     9     0     3  -271.0   -9.085   13.679   2777.2    725.3
     1     1    11    10    13     8     0     2  -272.0   -9.074   14.018   2742.1    723.4
     1     1    11    10    13     7     0     1  -273.0   -9.094   14.344   2709.6    706.2
     1     1    11    10    13     6     0     0  -274.0   -9.149   14.653   2673.0    690.9
     1     1    11    10    13     5     0     1  -275.0   -9.227   14.951   2618.7    676.3
     1     1    11    10    13     4     0     2  -276.0   -9.319   15.236   2578.9    673.7
     1     1    11    10    13     3     0     3  -277.0   -9.424   15.507   2570.6    669.4
     1     1    11    10    13     2     0     2  -278.0   -9.543   15.764   2571.4    663.7
     1     1    11    10    13     1     0     1  -279.0   -9.671   16.014   2569.2    661.4
     1     1    11    10    13     0     0     0  -280.0   -9.805   16.258   2597.8    660.3
     1     1    11    10    12    23     0     1  -281.0   -9.939   16.491   2608.2    652.1
     1     1    11    10    12    22     0     2  -282.0  -10.071   16.719   2520.8    654.8
     1     1    11    10    12    21     0     3  -283.0  -10.210   16.950   2352.4    668.6
     1     1    11    10    12    20     0     2  -284.0  -10.360   17.176   2199.3    685.2
     1     1    11    10    12    19     0     1  -285.0  -10.516   17.381   2111.3    689.2
     1     1    11    10    12    18     0     0  -286.0  -10.668   17.562   2059.4    691.2
     1     1    11    10    12    17     0     1  -287.0  -10.804   17.724   2007.3    692.2
     1     1    11    10    12    16     0     2  -288.0  -10.912   17.881   1932.6    697.9
     1     1    11    10    12    15     0     3  -289.0  -10.996   18.034   1849.9    705.0
     1     1    11    10    12    14     0     2  -290.0  -11.066   18.191   1789.4    710.6
     1     1    11    10    12    13     0     1  -291.0  -11.132   18.353   1774.3    711.1
     1     1    11    10    12    12     0     0  -292.0  -11.193   18.517   1807.0    707.2
     1     1    11    10    12    11     0     1  -293.0  -11.259   18.686   1872.6    699.4
     1     1    11    10    12    10     0     2  -294.0  -11.339   18.866   1953.5    691.3
     1     1    11    10    12     9     0     3  -295.0  -11.433   19.052   2048.0    682.6
     1     1    11    10    12     8     0     2  -296.0  -11.545   19.235   2146.7    673.6
     1     1    11    10    12     7     0     1  -297.0  -11.680   19.404   2241.5    665.5
     1     1    11    10    12     6     0     0  -298.0  -11.835   19.554   2342.8    657.4
     1     1    11    10    12     5     0     1  -299.0  -12.006   19.687   2434.6    647.6
     1     1    11    10    12     4     0     2  -300.0  -12.182   19.807   2483.6    643.3
     1     1    11    10    12     3     0     3  -301.0  -12.358   19.917   2478.1    644.0
     1     1    11    10    12     2     0     2  -302.0  -12.526   20.032   2440.2    650.1
     1     1    11    10    12     1     0     1  -303.0  -12.684   20.164   2403.3    655.4
     1     1    11    10    12     0     0     0  -304.0  -12.832   20.315   2361.6    659.6
     1     1    11    10    11    23     0     1  -305.0  -12.973   20.479   2320.2    666.2
     1     1    11    10    11    22     0     2  -306.0  -13.112   20.642   2301.9    669.7
     1     1    11    10    11    21     0     3  -307.0  -13.251   20.800   2305.7    671.0
     1     1    11    10    11    20     0     2  -308.0  -13.387   20.948   2323.5    669.8
     1     1    11    10    11    19     0     1  -309.0  -13.522   21.086   2354.9    668.4
     1     1    11    10    11    18     0     0  -310.0  -13.662   21.212   2397.2    665.3
     1     1    11    10    11    17     0     1  -311.0  -13.796   21.329   2421.0    662.6
     1     1    11    10    11    16     0     2  -312.0  -13.914   21.438   2414.6    664.8
     1     1    11    10    11    15     0     3  -313.0  -14.021   21.542   2396.0    668.1
     1     1    11    10    11    14     0     2  -314.0  -14.123   21.641   2380.6    671.8
     1     1    11    10    11    13     0     1  -315.0  -14.225   21.735   2376.0    673.9
     1     1    11    10    11    12     0     0  -316.0  -14.329   21.823   2383.8    674.8
     1     1    11    10    11    11     0     1  -317.0  -14.439   21.917   2392.0    674.5
     1     1    11    10    11    10     0     2  -318.0  -14.560   22.031   2389.9    676.1
     1     1    11    10    11     9     0     3  -319.0  -14.693   22.167   2385.6    677.4
     1     1    11    10    11     8     0     2  -320.0  -14.838   22.305   2394.1    677.8
     1     1    11    10    11     7     0     1  -321.0  -15.000   22.425   2424.7    675.7
     1     1    11    10    11     6     0     0  -322.0  -15.183   22.521   2475.7    671.9
     1     1    11    10    11     5     0     1  -323.0  -15.370   22.593   2539.4    666.3
     1     1    11    10    11     4     0     2  -324.0  -15.549   22.642   2616.4    660.5
     1     1    11    10    11     3     0     3  -325.0  -15.721   22.665   2715.1    652.4
     1     1    11    10    11     2     0     2  -326.0  -15.884   22.671   2827.0    642.8
     1     1    11    10    11     1     0     1  -327.0  -16.037   22.671   2940.6    634.0
     1     1    11    10    11     0     0     0  -328.0  -16.175   22.666   3050.6    625.5
     1     1    11    10    10    23     0     1  -329.0  -16.298   22.666   3139.0    618.2
     1     1    11    10    10    22     0     2  -330.0  -16.407   22.680   3195.9    614.8
     1     1    11    10    10    21     0     3  -331.0  -16.502   22.706   3229.9    613.1
     1     1    11    10    10    20     0     2  -332.0  -16.584   22.747   3249.5    612.1
     1     1    11    10    10    19     0     1  -333.0  -16.650   22.805   3257.2    611.3
     1     1    11    10    10    18     0     0  -334.0  -16.699   22.886   3244.6    612.0
     1     1    11    10    10    17     0     1  -335.0  -16.734   22.984   3211.6    615.1
     1     1    11    10    10    16     0     2  -336.0  -16.765   23.086   3167.7    618.8
