     3     1
    GDAS    11    10    22     0     0
    GDAS    11    10    29     0     0
    GDAS    11    11     1     0     0
     1 BACKWARD OMEGA   
  2011    11     2    15   -8.870  -56.750  3962.4
     1 PRESSURE
     1     1    11    11     2    15     0     3     0.0   -8.870  -56.750   3962.4    619.1
     1     1    11    11     2    14     0     2    -1.0   -8.792  -56.730   3698.3    643.3
     1     1    11    11     2    13     0     1    -2.0   -8.720  -56.710   3561.6    651.6
     1     1    11    11     2    12     0     0    -3.0   -8.656  -56.688   3530.3    652.1
     1     1    11    11     2    11     0     1    -4.0   -8.602  -56.665   3550.1    645.6
     1     1    11    11     2    10     0     2    -5.0   -8.559  -56.639   3574.4    642.5
     1     1    11    11     2     9     0     3    -6.0   -8.527  -56.612   3602.4    639.3
     1     1    11    11     2     8     0     2    -7.0   -8.501  -56.588   3630.2    636.3
     1     1    11    11     2     7     0     1    -8.0   -8.474  -56.573   3654.3    634.0
     1     1    11    11     2     6     0     0    -9.0   -8.447  -56.567   3675.3    632.0
     1     1    11    11     2     5     0     1   -10.0   -8.417  -56.568   3684.8    630.6
     1     1    11    11     2     4     0     2   -11.0   -8.382  -56.574   3672.6    631.2
     1     1    11    11     2     3     0     3   -12.0   -8.343  -56.584   3634.7    633.9
     1     1    11    11     2     2     0     2   -13.0   -8.298  -56.596   3597.4    638.3
     1     1    11    11     2     1     0     1   -14.0   -8.248  -56.613   3592.1    638.3
     1     1    11    11     2     0     0     0   -15.0   -8.194  -56.636   3626.1    635.3
     1     1    11    11     1    23     0     1   -16.0   -8.128  -56.667   3673.8    628.2
     1     1    11    11     1    22     0     2   -17.0   -8.044  -56.702   3709.3    624.1
     1     1    11    11     1    21     0     3   -18.0   -7.940  -56.741   3738.4    621.9
     1     1    11    11     1    20     0     2   -19.0   -7.822  -56.776   3762.2    622.3
     1     1    11    11     1    19     0     1   -20.0   -7.696  -56.800   3778.5    623.2
     1     1    11    11     1    18     0     0   -21.0   -7.559  -56.816   3787.5    624.9
     1     1    11    11     1    17     0     1   -22.0   -7.415  -56.826   3789.9    627.2
     1     1    11    11     1    16     0     2   -23.0   -7.266  -56.830   3781.5    630.0
     1     1    11    11     1    15     0     3   -24.0   -7.111  -56.830   3753.7    634.5
     1     1    11    11     1    14     0     2   -25.0   -6.951  -56.826   3707.6    640.3
     1     1    11    11     1    13     0     1   -26.0   -6.787  -56.819   3659.0    645.6
     1     1    11    11     1    12     0     0   -27.0   -6.623  -56.815   3623.1    649.4
     1     1    11    11     1    11     0     1   -28.0   -6.465  -56.816   3607.9    651.5
     1     1    11    11     1    10     0     2   -29.0   -6.320  -56.819   3617.1    651.0
     1     1    11    11     1     9     0     3   -30.0   -6.186  -56.823   3648.8    648.8
     1     1    11    11     1     8     0     2   -31.0   -6.056  -56.825   3688.4    645.2
     1     1    11    11     1     7     0     1   -32.0   -5.928  -56.819   3715.9    642.7
     1     1    11    11     1     6     0     0   -33.0   -5.802  -56.803   3721.5    641.7
     1     1    11    11     1     5     0     1   -34.0   -5.687  -56.783   3704.9    643.5
     1     1    11    11     1     4     0     2   -35.0   -5.587  -56.768   3673.1    646.7
     1     1    11    11     1     3     0     3   -36.0   -5.503  -56.761   3633.8    650.4
     1     1    11    11     1     2     0     2   -37.0   -5.436  -56.764   3601.1    653.7
     1     1    11    11     1     1     0     1   -38.0   -5.389  -56.779   3583.7    654.8
     1     1    11    11     1     0     0     0   -39.0   -5.359  -56.802   3577.8    655.1
     1     1    11    10    31    23     0     1   -40.0   -5.345  -56.834   3586.8    654.5
     1     1    11    10    31    22     0     2   -41.0   -5.348  -56.874   3616.0    652.0
     1     1    11    10    31    21     0     3   -42.0   -5.367  -56.920   3665.5    647.9
     1     1    11    10    31    20     0     2   -43.0   -5.395  -56.964   3679.4    642.8
     1     1    11    10    31    19     0     1   -44.0   -5.425  -57.002   3603.0    649.2
     1     1    11    10    31    18     0     0   -45.0   -5.462  -57.034   3444.2    662.6
     1     1    11    10    31    17     0     1   -46.0   -5.514  -57.065   3307.7    682.0
     1     1    11    10    31    16     0     2   -47.0   -5.576  -57.089   3278.9    684.3
     1     1    11    10    31    15     0     3   -48.0   -5.641  -57.102   3341.4    679.0
     1     1    11    10    31    14     0     2   -49.0   -5.705  -57.105   3444.7    667.0
     1     1    11    10    31    13     0     1   -50.0   -5.765  -57.104   3548.1    658.8
     1     1    11    10    31    12     0     0   -51.0   -5.823  -57.107   3656.6    650.4
     1     1    11    10    31    11     0     1   -52.0   -5.881  -57.107   3749.9    640.7
     1     1    11    10    31    10     0     2   -53.0   -5.941  -57.098   3806.6    635.9
     1     1    11    10    31     9     0     3   -54.0   -6.004  -57.083   3829.1    633.8
     1     1    11    10    31     8     0     2   -55.0   -6.075  -57.061   3831.5    634.3
     1     1    11    10    31     7     0     1   -56.0   -6.162  -57.029   3828.8    634.0
     1     1    11    10    31     6     0     0   -57.0   -6.264  -56.978   3819.5    634.0
     1     1    11    10    31     5     0     1   -58.0   -6.384  -56.898   3814.4    635.0
     1     1    11    10    31     4     0     2   -59.0   -6.514  -56.780   3822.2    633.4
     1     1    11    10    31     3     0     3   -60.0   -6.635  -56.625   3846.1    631.0
     1     1    11    10    31     2     0     2   -61.0   -6.732  -56.458   3893.5    626.0
     1     1    11    10    31     1     0     1   -62.0   -6.818  -56.298   3942.6    619.8
     1     1    11    10    31     0     0     0   -63.0   -6.924  -56.134   3961.8    615.5
     1     1    11    10    30    23     0     1   -64.0   -7.053  -55.970   3930.6    614.8
     1     1    11    10    30    22     0     2   -65.0   -7.185  -55.835   3868.8    619.2
     1     1    11    10    30    21     0     3   -66.0   -7.315  -55.728   3795.7    622.7
     1     1    11    10    30    20     0     2   -67.0   -7.439  -55.626   3731.9    627.7
     1     1    11    10    30    19     0     1   -68.0   -7.547  -55.513   3676.2    629.5
     1     1    11    10    30    18     0     0   -69.0   -7.649  -55.390   3602.4    633.8
     1     1    11    10    30    17     0     1   -70.0   -7.753  -55.252   3484.5    641.2
     1     1    11    10    30    16     0     2   -71.0   -7.869  -55.107   3305.9    655.3
     1     1    11    10    30    15     0     3   -72.0   -8.011  -54.974   3052.4    674.1
     1     1    11    10    30    14     0     2   -73.0   -8.159  -54.871   2791.4    702.0
     1     1    11    10    30    13     0     1   -74.0   -8.287  -54.789   2608.0    716.0
     1     1    11    10    30    12     0     0   -75.0   -8.400  -54.722   2483.9    725.8
     1     1    11    10    30    11     0     1   -76.0   -8.486  -54.663   2401.8    730.8
     1     1    11    10    30    10     0     2   -77.0   -8.535  -54.604   2351.7    734.7
     1     1    11    10    30     9     0     3   -78.0   -8.548  -54.540   2339.4    735.3
     1     1    11    10    30     8     0     2   -79.0   -8.534  -54.461   2332.7    733.0
     1     1    11    10    30     7     0     1   -80.0   -8.503  -54.364   2298.5    736.2
     1     1    11    10    30     6     0     0   -81.0   -8.457  -54.255   2237.3    741.9
     1     1    11    10    30     5     0     1   -82.0   -8.405  -54.145   2176.2    750.1
     1     1    11    10    30     4     0     2   -83.0   -8.358  -54.040   2136.1    753.7
     1     1    11    10    30     3     0     3   -84.0   -8.317  -53.940   2104.5    756.4
     1     1    11    10    30     2     0     2   -85.0   -8.285  -53.841   2061.2    760.0
     1     1    11    10    30     1     0     1   -86.0   -8.267  -53.743   2006.4    766.8
     1     1    11    10    30     0     0     0   -87.0   -8.263  -53.647   1960.0    772.6
     1     1    11    10    29    23     0     1   -88.0   -8.259  -53.558   1926.6    775.1
     1     1    11    10    29    22     0     2   -89.0   -8.240  -53.484   1894.7    776.9
     1     1    11    10    29    21     0     3   -90.0   -8.204  -53.429   1848.8    780.3
     1     1    11    10    29    20     0     2   -91.0   -8.154  -53.383   1780.5    787.5
     1     1    11    10    29    19     0     1   -92.0   -8.096  -53.339   1693.6    797.4
     1     1    11    10    29    18     0     0   -93.0   -8.030  -53.292   1606.6    808.0
     1     1    11    10    29    17     0     1   -94.0   -7.966  -53.240   1544.5    816.8
     1     1    11    10    29    16     0     2   -95.0   -7.914  -53.183   1515.7    820.0
     1     1    11    10    29    15     0     3   -96.0   -7.874  -53.120   1511.4    821.0
     1     1    11    10    29    14     0     2   -97.0   -7.834  -53.048   1516.4    819.7
     1     1    11    10    29    13     0     1   -98.0   -7.782  -52.968   1515.6    819.6
     1     1    11    10    29    12     0     0   -99.0   -7.719  -52.880   1506.1    820.1
     1     1    11    10    29    11     0     1  -100.0   -7.643  -52.782   1486.8    820.8
     1     1    11    10    29    10     0     2  -101.0   -7.549  -52.675   1458.9    822.5
     1     1    11    10    29     9     0     3  -102.0   -7.436  -52.558   1425.8    824.8
     1     1    11    10    29     8     0     2  -103.0   -7.318  -52.430   1398.7    828.5
     1     1    11    10    29     7     0     1  -104.0   -7.206  -52.287   1383.4    830.3
     1     1    11    10    29     6     0     0  -105.0   -7.100  -52.129   1372.1    832.0
     1     1    11    10    29     5     0     1  -106.0   -6.999  -51.960   1376.6    834.6
     1     1    11    10    29     4     0     2  -107.0   -6.909  -51.778   1391.6    831.3
     1     1    11    10    29     3     0     3  -108.0   -6.832  -51.583   1384.4    831.4
     1     1    11    10    29     2     0     2  -109.0   -6.772  -51.387   1312.6    835.5
     1     1    11    10    29     1     0     1  -110.0   -6.720  -51.202   1181.3    852.2
     1     1    11    10    29     0     0     0  -111.0   -6.671  -51.022   1050.7    868.0
     1     1    11    10    28    23     0     1  -112.0   -6.624  -50.850    949.3    877.8
     1     1    11    10    28    22     0     2  -113.0   -6.581  -50.690    874.3    884.2
     1     1    11    10    28    21     0     3  -114.0   -6.542  -50.538    816.8    888.4
     1     1    11    10    28    20     0     2  -115.0   -6.514  -50.391    775.3    892.6
     1     1    11    10    28    19     0     1  -116.0   -6.501  -50.248    749.1    894.7
     1     1    11    10    28    18     0     0  -117.0   -6.506  -50.111    733.1    896.0
     1     1    11    10    28    17     0     1  -118.0   -6.518  -49.970    722.5    897.5
     1     1    11    10    28    16     0     2  -119.0   -6.524  -49.824    716.0    900.8
     1     1    11    10    28    15     0     3  -120.0   -6.524  -49.673    713.8    903.6
     1     1    11    10    28    14     0     2  -121.0   -6.512  -49.526    715.0    905.7
     1     1    11    10    28    13     0     1  -122.0   -6.480  -49.389    717.6    907.5
     1     1    11    10    28    12     0     0  -123.0   -6.425  -49.265    720.3    909.6
     1     1    11    10    28    11     0     1  -124.0   -6.352  -49.133    722.5    910.8
     1     1    11    10    28    10     0     2  -125.0   -6.267  -48.972    719.3    912.6
     1     1    11    10    28     9     0     3  -126.0   -6.172  -48.774    706.9    912.3
     1     1    11    10    28     8     0     2  -127.0   -6.086  -48.543    700.7    912.9
     1     1    11    10    28     7     0     1  -128.0   -6.029  -48.288    715.3    909.5
     1     1    11    10    28     6     0     0  -129.0   -6.005  -48.007    755.9    902.7
     1     1    11    10    28     5     0     1  -130.0   -5.990  -47.722    815.4    895.1
     1     1    11    10    28     4     0     2  -131.0   -5.970  -47.455    894.5    888.4
     1     1    11    10    28     3     0     3  -132.0   -5.949  -47.215   1018.6    876.3
     1     1    11    10    28     2     0     2  -133.0   -5.927  -46.999   1158.7    858.1
     1     1    11    10    28     1     0     1  -134.0   -5.900  -46.783   1264.5    846.6
     1     1    11    10    28     0     0     0  -135.0   -5.867  -46.563   1334.7    841.7
     1     1    11    10    27    23     0     1  -136.0   -5.833  -46.342   1385.5    837.5
     1     1    11    10    27    22     0     2  -137.0   -5.800  -46.117   1419.5    834.4
     1     1    11    10    27    21     0     3  -138.0   -5.771  -45.884   1441.1    832.8
     1     1    11    10    27    20     0     2  -139.0   -5.751  -45.651   1471.9    831.6
     1     1    11    10    27    19     0     1  -140.0   -5.739  -45.425   1516.4    826.9
     1     1    11    10    27    18     0     0  -141.0   -5.734  -45.203   1558.9    822.4
     1     1    11    10    27    17     0     1  -142.0   -5.733  -44.983   1597.4    819.5
     1     1    11    10    27    16     0     2  -143.0   -5.734  -44.766   1631.0    816.2
     1     1    11    10    27    15     0     3  -144.0   -5.740  -44.550   1651.1    814.4
     1     1    11    10    27    14     0     2  -145.0   -5.755  -44.322   1667.5    814.1
     1     1    11    10    27    13     0     1  -146.0   -5.786  -44.070   1690.9    811.8
     1     1    11    10    27    12     0     0  -147.0   -5.834  -43.804   1716.9    810.0
     1     1    11    10    27    11     0     1  -148.0   -5.882  -43.536   1743.1    808.4
     1     1    11    10    27    10     0     2  -149.0   -5.921  -43.276   1768.5    806.8
     1     1    11    10    27     9     0     3  -150.0   -5.959  -43.026   1791.2    805.4
     1     1    11    10    27     8     0     2  -151.0   -5.988  -42.797   1796.5    802.6
     1     1    11    10    27     7     0     1  -152.0   -6.001  -42.588   1783.2    803.5
     1     1    11    10    27     6     0     0  -153.0   -6.011  -42.394   1773.2    804.1
     1     1    11    10    27     5     0     1  -154.0   -6.029  -42.213   1792.6    803.1
     1     1    11    10    27     4     0     2  -155.0   -6.059  -42.052   1858.9    796.5
     1     1    11    10    27     3     0     3  -156.0   -6.094  -41.907   1960.3    782.9
     1     1    11    10    27     2     0     2  -157.0   -6.119  -41.757   2041.5    766.2
     1     1    11    10    27     1     0     1  -158.0   -6.126  -41.588   2065.2    760.0
     1     1    11    10    27     0     0     0  -159.0   -6.119  -41.404   2056.7    756.2
     1     1    11    10    26    23     0     1  -160.0   -6.103  -41.215   2049.2    752.0
     1     1    11    10    26    22     0     2  -161.0   -6.077  -41.034   2048.9    744.1
     1     1    11    10    26    21     0     3  -162.0   -6.042  -40.855   2036.8    742.5
     1     1    11    10    26    20     0     2  -163.0   -6.006  -40.665   2003.8    746.0
     1     1    11    10    26    19     0     1  -164.0   -5.975  -40.458   1957.5    751.2
     1     1    11    10    26    18     0     0  -165.0   -5.947  -40.235   1903.5    757.1
     1     1    11    10    26    17     0     1  -166.0   -5.924  -39.996   1860.2    763.1
     1     1    11    10    26    16     0     2  -167.0   -5.910  -39.745   1844.8    771.1
     1     1    11    10    26    15     0     3  -168.0   -5.912  -39.490   1846.9    777.7
     1     1    11    10    26    14     0     2  -169.0   -5.931  -39.230   1864.0    783.2
     1     1    11    10    26    13     0     1  -170.0   -5.967  -38.962   1896.4    786.6
     1     1    11    10    26    12     0     0  -171.0   -6.007  -38.691   1953.6    783.1
     1     1    11    10    26    11     0     1  -172.0   -6.032  -38.430   2032.4    773.9
     1     1    11    10    26    10     0     2  -173.0   -6.033  -38.187   2106.3    766.9
     1     1    11    10    26     9     0     3  -174.0   -6.010  -37.962   2162.8    761.5
     1     1    11    10    26     8     0     2  -175.0   -5.979  -37.744   2193.0    760.5
     1     1    11    10    26     7     0     1  -176.0   -5.957  -37.527   2190.2    762.7
     1     1    11    10    26     6     0     0  -177.0   -5.949  -37.316   2153.2    767.7
     1     1    11    10    26     5     0     1  -178.0   -5.953  -37.115   2076.9    776.2
     1     1    11    10    26     4     0     2  -179.0   -5.965  -36.919   1969.7    788.2
     1     1    11    10    26     3     0     3  -180.0   -5.988  -36.709   1864.8    799.0
     1     1    11    10    26     2     0     2  -181.0   -6.025  -36.473   1803.8    804.2
     1     1    11    10    26     1     0     1  -182.0   -6.074  -36.214   1807.0    801.3
     1     1    11    10    26     0     0     0  -183.0   -6.127  -35.943   1868.0    793.9
     1     1    11    10    25    23     0     1  -184.0   -6.174  -35.677   1930.1    788.5
     1     1    11    10    25    22     0     2  -185.0   -6.218  -35.414   1949.2    793.5
     1     1    11    10    25    21     0     3  -186.0   -6.260  -35.150   1943.6    801.4
     1     1    11    10    25    20     0     2  -187.0   -6.304  -34.882   1931.0    807.8
     1     1    11    10    25    19     0     1  -188.0   -6.345  -34.612   1926.3    808.7
     1     1    11    10    25    18     0     0  -189.0   -6.380  -34.341   1937.2    807.8
     1     1    11    10    25    17     0     1  -190.0   -6.413  -34.065   1962.6    805.8
     1     1    11    10    25    16     0     2  -191.0   -6.450  -33.780   1996.6    802.6
     1     1    11    10    25    15     0     3  -192.0   -6.489  -33.491   2033.8    799.2
     1     1    11    10    25    14     0     2  -193.0   -6.529  -33.199   2073.4    795.7
     1     1    11    10    25    13     0     1  -194.0   -6.567  -32.907   2115.1    792.0
     1     1    11    10    25    12     0     0  -195.0   -6.606  -32.613   2155.9    788.2
     1     1    11    10    25    11     0     1  -196.0   -6.646  -32.315   2191.6    784.3
     1     1    11    10    25    10     0     2  -197.0   -6.692  -32.013   2222.0    781.2
     1     1    11    10    25     9     0     3  -198.0   -6.745  -31.707   2251.0    778.3
     1     1    11    10    25     8     0     2  -199.0   -6.800  -31.402   2279.5    775.4
     1     1    11    10    25     7     0     1  -200.0   -6.852  -31.106   2305.2    772.9
     1     1    11    10    25     6     0     0  -201.0   -6.904  -30.818   2326.1    770.6
     1     1    11    10    25     5     0     1  -202.0   -6.955  -30.536   2337.2    769.6
     1     1    11    10    25     4     0     2  -203.0   -7.007  -30.255   2336.5    770.1
     1     1    11    10    25     3     0     3  -204.0   -7.063  -29.973   2326.6    771.5
     1     1    11    10    25     2     0     2  -205.0   -7.123  -29.695   2307.6    773.4
     1     1    11    10    25     1     0     1  -206.0   -7.187  -29.425   2279.5    776.4
     1     1    11    10    25     0     0     0  -207.0   -7.258  -29.158   2246.0    779.9
     1     1    11    10    24    23     0     1  -208.0   -7.337  -28.894   2224.7    782.9
     1     1    11    10    24    22     0     2  -209.0   -7.419  -28.640   2229.9    781.9
     1     1    11    10    24    21     0     3  -210.0   -7.504  -28.402   2256.5    778.9
     1     1    11    10    24    20     0     2  -211.0   -7.586  -28.178   2299.4    774.8
     1     1    11    10    24    19     0     1  -212.0   -7.658  -27.968   2359.0    769.5
     1     1    11    10    24    18     0     0  -213.0   -7.717  -27.775   2437.2    762.3
     1     1    11    10    24    17     0     1  -214.0   -7.767  -27.590   2510.9    753.9
     1     1    11    10    24    16     0     2  -215.0   -7.815  -27.396   2556.7    750.0
     1     1    11    10    24    15     0     3  -216.0   -7.866  -27.190   2575.0    748.7
     1     1    11    10    24    14     0     2  -217.0   -7.915  -26.975   2587.1    749.9
     1     1    11    10    24    13     0     1  -218.0   -7.958  -26.761   2613.9    747.9
     1     1    11    10    24    12     0     0  -219.0   -7.994  -26.549   2654.4    744.6
     1     1    11    10    24    11     0     1  -220.0   -8.030  -26.339   2698.5    739.7
     1     1    11    10    24    10     0     2  -221.0   -8.072  -26.129   2738.5    736.0
     1     1    11    10    24     9     0     3  -222.0   -8.120  -25.915   2778.1    732.4
     1     1    11    10    24     8     0     2  -223.0   -8.169  -25.699   2814.0    728.5
     1     1    11    10    24     7     0     1  -224.0   -8.216  -25.483   2838.6    725.9
     1     1    11    10    24     6     0     0  -225.0   -8.263  -25.266   2847.6    724.7
     1     1    11    10    24     5     0     1  -226.0   -8.317  -25.045   2841.7    725.6
     1     1    11    10    24     4     0     2  -227.0   -8.381  -24.819   2825.8    727.3
     1     1    11    10    24     3     0     3  -228.0   -8.453  -24.585   2802.3    729.4
     1     1    11    10    24     2     0     2  -229.0   -8.535  -24.344   2777.6    732.4
     1     1    11    10    24     1     0     1  -230.0   -8.632  -24.097   2758.2    734.5
     1     1    11    10    24     0     0     0  -231.0   -8.744  -23.845   2746.8    735.9
     1     1    11    10    23    23     0     1  -232.0   -8.869  -23.592   2749.3    735.7
     1     1    11    10    23    22     0     2  -233.0   -9.002  -23.344   2767.8    733.5
     1     1    11    10    23    21     0     3  -234.0   -9.144  -23.101   2794.3    730.3
     1     1    11    10    23    20     0     2  -235.0   -9.288  -22.863   2817.4    727.6
     1     1    11    10    23    19     0     1  -236.0   -9.429  -22.631   2834.7    726.2
     1     1    11    10    23    18     0     0  -237.0   -9.567  -22.405   2851.7    724.8
     1     1    11    10    23    17     0     1  -238.0   -9.704  -22.182   2873.7    723.1
     1     1    11    10    23    16     0     2  -239.0   -9.842  -21.958   2904.4    720.6
     1     1    11    10    23    15     0     3  -240.0   -9.979  -21.737   2946.1    717.2
     1     1    11    10    23    14     0     2  -241.0  -10.118  -21.525   2987.9    713.0
     1     1    11    10    23    13     0     1  -242.0  -10.266  -21.325   3017.4    710.8
     1     1    11    10    23    12     0     0  -243.0  -10.424  -21.134   3034.8    709.7
     1     1    11    10    23    11     0     1  -244.0  -10.589  -20.950   3046.2    709.1
     1     1    11    10    23    10     0     2  -245.0  -10.759  -20.775   3056.9    707.9
     1     1    11    10    23     9     0     3  -246.0  -10.933  -20.606   3066.3    707.0
     1     1    11    10    23     8     0     2  -247.0  -11.106  -20.443   3077.1    706.1
     1     1    11    10    23     7     0     1  -248.0  -11.274  -20.289   3090.3    704.7
     1     1    11    10    23     6     0     0  -249.0  -11.438  -20.144   3103.3    703.4
     1     1    11    10    23     5     0     1  -250.0  -11.599  -20.004   3109.1    702.4
     1     1    11    10    23     4     0     2  -251.0  -11.755  -19.863   3102.0    703.1
     1     1    11    10    23     3     0     3  -252.0  -11.907  -19.721   3083.1    704.8
     1     1    11    10    23     2     0     2  -253.0  -12.055  -19.574   3065.5    707.7
     1     1    11    10    23     1     0     1  -254.0  -12.199  -19.424   3063.2    708.4
     1     1    11    10    23     0     0     0  -255.0  -12.337  -19.271   3077.9    707.5
     1     1    11    10    22    23     0     1  -256.0  -12.471  -19.123   3106.0    704.7
     1     1    11    10    22    22     0     2  -257.0  -12.609  -18.985   3142.6    701.3
     1     1    11    10    22    21     0     3  -258.0  -12.752  -18.859   3185.6    697.6
     1     1    11    10    22    20     0     2  -259.0  -12.897  -18.741   3235.9    693.3
     1     1    11    10    22    19     0     1  -260.0  -13.039  -18.629   3293.7    688.2
     1     1    11    10    22    18     0     0  -261.0  -13.177  -18.527   3358.0    682.6
     1     1    11    10    22    17     0     1  -262.0  -13.311  -18.436   3419.2    676.9
     1     1    11    10    22    16     0     2  -263.0  -13.439  -18.356   3468.3    672.9
     1     1    11    10    22    15     0     3  -264.0  -13.561  -18.284   3505.8    669.9
     1     1    11    10    22    14     0     2  -265.0  -13.682  -18.221   3541.1    668.1
     1     1    11    10    22    13     0     1  -266.0  -13.805  -18.165   3583.8    665.0
     1     1    11    10    22    12     0     0  -267.0  -13.929  -18.118   3635.6    661.2
     1     1    11    10    22    11     0     1  -268.0  -14.052  -18.084   3688.4    656.2
     1     1    11    10    22    10     0     2  -269.0  -14.174  -18.068   3733.1    652.6
     1     1    11    10    22     9     0     3  -270.0  -14.294  -18.070   3770.1    649.6
     1     1    11    10    22     8     0     2  -271.0  -14.403  -18.083   3799.4    647.0
     1     1    11    10    22     7     0     1  -272.0  -14.495  -18.103   3819.5    645.2
     1     1    11    10    22     6     0     0  -273.0  -14.573  -18.131   3829.5    644.2
     1     1    11    10    22     5     0     1  -274.0  -14.636  -18.163   3841.3    644.3
     1     1    11    10    22     4     0     2  -275.0  -14.682  -18.200   3866.3    642.3
     1     1    11    10    22     3     0     3  -276.0  -14.710  -18.240   3904.0    639.3
     1     1    11    10    22     2     0     2  -277.0  -14.727  -18.279   3944.0    635.7
     1     1    11    10    22     1     0     1  -278.0  -14.741  -18.313   3976.7    633.5
     1     1    11    10    22     0     0     0  -279.0  -14.754  -18.342   4001.6    631.9
