     3     1
    GDAS    11     9     1     0     0
    GDAS    11     9     8     0     0
    GDAS    11     9    15     0     0
     1 BACKWARD OMEGA   
  2011     9    17    16   -8.900  -56.880  2590.8
     1 PRESSURE
     1     1    11     9    17    16     0     2     0.0   -8.900  -56.880   2590.8    733.3
     1     1    11     9    17    15     0     3    -1.0   -8.847  -56.663   2604.0    731.2
     1     1    11     9    17    14     0     2    -2.0   -8.789  -56.428   2614.0    724.7
     1     1    11     9    17    13     0     1    -3.0   -8.736  -56.177   2591.2    724.0
     1     1    11     9    17    12     0     0    -4.0   -8.690  -55.918   2539.4    725.7
     1     1    11     9    17    11     0     1    -5.0   -8.648  -55.672   2469.0    729.5
     1     1    11     9    17    10     0     2    -6.0   -8.607  -55.454   2392.2    734.3
     1     1    11     9    17     9     0     3    -7.0   -8.565  -55.256   2316.6    739.5
     1     1    11     9    17     8     0     2    -8.0   -8.525  -55.070   2239.8    745.0
     1     1    11     9    17     7     0     1    -9.0   -8.490  -54.886   2149.2    752.3
     1     1    11     9    17     6     0     0   -10.0   -8.459  -54.693   2031.7    762.9
     1     1    11     9    17     5     0     1   -11.0   -8.433  -54.478   1903.8    777.0
     1     1    11     9    17     4     0     2   -12.0   -8.413  -54.239   1777.1    788.2
     1     1    11     9    17     3     0     3   -13.0   -8.398  -53.984   1633.6    801.1
     1     1    11     9    17     2     0     2   -14.0   -8.389  -53.724   1498.2    818.1
     1     1    11     9    17     1     0     1   -15.0   -8.384  -53.475   1401.4    828.4
     1     1    11     9    17     0     0     0   -16.0   -8.383  -53.242   1346.4    834.9
     1     1    11     9    16    23     0     1   -17.0   -8.384  -53.023   1310.9    836.5
     1     1    11     9    16    22     0     2   -18.0   -8.384  -52.816   1255.5    840.2
     1     1    11     9    16    21     0     3   -19.0   -8.382  -52.627   1173.5    849.1
     1     1    11     9    16    20     0     2   -20.0   -8.375  -52.445   1095.7    859.4
     1     1    11     9    16    19     0     1   -21.0   -8.364  -52.261   1041.1    865.1
     1     1    11     9    16    18     0     0   -22.0   -8.346  -52.073   1004.8    869.0
     1     1    11     9    16    17     0     1   -23.0   -8.320  -51.878    985.3    871.5
     1     1    11     9    16    16     0     2   -24.0   -8.288  -51.672    982.7    871.9
     1     1    11     9    16    15     0     3   -25.0   -8.252  -51.456    995.4    871.0
     1     1    11     9    16    14     0     2   -26.0   -8.208  -51.204   1027.2    868.0
     1     1    11     9    16    13     0     1   -27.0   -8.145  -50.890   1081.7    863.4
     1     1    11     9    16    12     0     0   -28.0   -8.062  -50.512   1138.5    858.8
     1     1    11     9    16    11     0     1   -29.0   -7.979  -50.109   1151.5    855.3
     1     1    11     9    16    10     0     2   -30.0   -7.917  -49.698   1126.6    863.7
     1     1    11     9    16     9     0     3   -31.0   -7.874  -49.265   1126.0    869.7
     1     1    11     9    16     8     0     2   -32.0   -7.849  -48.829   1170.6    867.3
     1     1    11     9    16     7     0     1   -33.0   -7.839  -48.417   1211.1    860.1
     1     1    11     9    16     6     0     0   -34.0   -7.843  -48.013   1198.4    861.4
     1     1    11     9    16     5     0     1   -35.0   -7.863  -47.605   1175.2    865.6
     1     1    11     9    16     4     0     2   -36.0   -7.892  -47.211   1179.7    859.3
     1     1    11     9    16     3     0     3   -37.0   -7.925  -46.835   1159.7    855.0
     1     1    11     9    16     2     0     2   -38.0   -7.973  -46.472   1100.9    860.3
     1     1    11     9    16     1     0     1   -39.0   -8.041  -46.121   1030.7    865.9
     1     1    11     9    16     0     0     0   -40.0   -8.126  -45.790    957.2    871.9
     1     1    11     9    15    23     0     1   -41.0   -8.220  -45.474    871.7    878.7
     1     1    11     9    15    22     0     2   -42.0   -8.314  -45.176    793.5    886.6
     1     1    11     9    15    21     0     3   -43.0   -8.402  -44.914    756.1    889.8
     1     1    11     9    15    20     0     2   -44.0   -8.482  -44.679    742.6    890.2
     1     1    11     9    15    19     0     1   -45.0   -8.560  -44.453    726.7    894.6
     1     1    11     9    15    18     0     0   -46.0   -8.635  -44.238    715.0    898.9
     1     1    11     9    15    17     0     1   -47.0   -8.709  -44.022    703.1    903.4
     1     1    11     9    15    16     0     2   -48.0   -8.788  -43.787    680.4    902.6
     1     1    11     9    15    15     0     3   -49.0   -8.881  -43.521    646.3    900.4
     1     1    11     9    15    14     0     2   -50.0   -8.998  -43.214    608.8    896.3
     1     1    11     9    15    13     0     1   -51.0   -9.138  -42.868    592.1    897.4
     1     1    11     9    15    12     0     0   -52.0   -9.284  -42.494    616.7    901.8
     1     1    11     9    15    11     0     1   -53.0   -9.433  -42.089    666.6    897.7
     1     1    11     9    15    10     0     2   -54.0   -9.596  -41.668    688.3    884.0
     1     1    11     9    15     9     0     3   -55.0   -9.786  -41.250    657.3    874.3
     1     1    11     9    15     8     0     2   -56.0  -10.009  -40.852    600.3    873.9
     1     1    11     9    15     7     0     1   -57.0  -10.250  -40.490    569.5    892.2
     1     1    11     9    15     6     0     0   -58.0  -10.502  -40.158    570.3    903.1
     1     1    11     9    15     5     0     1   -59.0  -10.761  -39.838    571.6    911.3
     1     1    11     9    15     4     0     2   -60.0  -11.020  -39.519    563.4    918.4
     1     1    11     9    15     3     0     3   -61.0  -11.281  -39.205    555.9    923.8
     1     1    11     9    15     2     0     2   -62.0  -11.546  -38.907    559.2    928.5
     1     1    11     9    15     1     0     1   -63.0  -11.808  -38.639    568.1    931.9
     1     1    11     9    15     0     0     0   -64.0  -12.057  -38.406    569.6    937.8
     1     1    11     9    14    23     0     1   -65.0  -12.294  -38.201    558.6    943.7
     1     1    11     9    14    22     0     2   -66.0  -12.523  -38.011    538.6    951.0
     1     1    11     9    14    21     0     3   -67.0  -12.745  -37.828    520.1    955.9
     1     1    11     9    14    20     0     2   -68.0  -12.953  -37.649    505.0    959.5
     1     1    11     9    14    19     0     1   -69.0  -13.138  -37.477    492.7    961.4
     1     1    11     9    14    18     0     0   -70.0  -13.300  -37.309    482.0    962.4
     1     1    11     9    14    17     0     1   -71.0  -13.443  -37.140    470.6    964.2
     1     1    11     9    14    16     0     2   -72.0  -13.573  -36.964    458.2    966.1
     1     1    11     9    14    15     0     3   -73.0  -13.691  -36.780    447.0    968.1
     1     1    11     9    14    14     0     2   -74.0  -13.802  -36.585    439.1    969.2
     1     1    11     9    14    13     0     1   -75.0  -13.910  -36.376    432.3    969.9
     1     1    11     9    14    12     0     0   -76.0  -14.012  -36.153    424.1    970.8
     1     1    11     9    14    11     0     1   -77.0  -14.110  -35.922    416.8    971.3
     1     1    11     9    14    10     0     2   -78.0  -14.207  -35.689    414.4    971.1
     1     1    11     9    14     9     0     3   -79.0  -14.302  -35.453    418.0    970.2
     1     1    11     9    14     8     0     2   -80.0  -14.398  -35.215    424.8    969.1
     1     1    11     9    14     7     0     1   -81.0  -14.495  -34.973    430.5    968.2
     1     1    11     9    14     6     0     0   -82.0  -14.595  -34.732    434.2    967.6
     1     1    11     9    14     5     0     1   -83.0  -14.698  -34.491    437.0    967.9
     1     1    11     9    14     4     0     2   -84.0  -14.801  -34.249    439.8    968.0
     1     1    11     9    14     3     0     3   -85.0  -14.904  -34.000    441.3    968.2
     1     1    11     9    14     2     0     2   -86.0  -15.009  -33.749    443.8    968.3
     1     1    11     9    14     1     0     1   -87.0  -15.121  -33.504    450.4    967.6
     1     1    11     9    14     0     0     0   -88.0  -15.240  -33.261    462.0    966.3
     1     1    11     9    13    23     0     1   -89.0  -15.362  -33.018    476.5    963.9
     1     1    11     9    13    22     0     2   -90.0  -15.487  -32.773    490.6    961.8
     1     1    11     9    13    21     0     3   -91.0  -15.615  -32.524    504.8    959.9
     1     1    11     9    13    20     0     2   -92.0  -15.735  -32.279    518.5    958.3
     1     1    11     9    13    19     0     1   -93.0  -15.838  -32.044    528.6    957.3
     1     1    11     9    13    18     0     0   -94.0  -15.925  -31.816    532.8    956.8
     1     1    11     9    13    17     0     1   -95.0  -16.008  -31.590    533.8    957.4
     1     1    11     9    13    16     0     2   -96.0  -16.093  -31.362    537.1    957.4
     1     1    11     9    13    15     0     3   -97.0  -16.179  -31.132    545.0    956.8
     1     1    11     9    13    14     0     2   -98.0  -16.265  -30.902    554.4    955.8
     1     1    11     9    13    13     0     1   -99.0  -16.350  -30.674    561.9    955.5
     1     1    11     9    13    12     0     0  -100.0  -16.438  -30.447    568.4    955.3
     1     1    11     9    13    11     0     1  -101.0  -16.528  -30.216    574.8    954.3
     1     1    11     9    13    10     0     2  -102.0  -16.617  -29.978    579.0    953.1
     1     1    11     9    13     9     0     3  -103.0  -16.703  -29.734    579.6    952.7
     1     1    11     9    13     8     0     2  -104.0  -16.788  -29.491    584.1    952.6
     1     1    11     9    13     7     0     1  -105.0  -16.880  -29.254    598.3    950.8
     1     1    11     9    13     6     0     0  -106.0  -16.980  -29.020    620.4    948.0
     1     1    11     9    13     5     0     1  -107.0  -17.079  -28.792    640.5    945.4
     1     1    11     9    13     4     0     2  -108.0  -17.172  -28.568    650.2    944.9
     1     1    11     9    13     3     0     3  -109.0  -17.261  -28.347    652.5    945.3
     1     1    11     9    13     2     0     2  -110.0  -17.347  -28.128    654.4    945.9
     1     1    11     9    13     1     0     1  -111.0  -17.432  -27.908    659.3    945.3
     1     1    11     9    13     0     0     0  -112.0  -17.515  -27.685    664.4    944.8
     1     1    11     9    12    23     0     1  -113.0  -17.588  -27.458    671.9    943.9
     1     1    11     9    12    22     0     2  -114.0  -17.643  -27.226    686.8    942.0
     1     1    11     9    12    21     0     3  -115.0  -17.682  -26.991    713.1    938.9
     1     1    11     9    12    20     0     2  -116.0  -17.712  -26.757    742.5    934.4
     1     1    11     9    12    19     0     1  -117.0  -17.741  -26.522    763.5    931.9
     1     1    11     9    12    18     0     0  -118.0  -17.771  -26.287    775.3    930.4
     1     1    11     9    12    17     0     1  -119.0  -17.797  -26.041    779.8    930.4
     1     1    11     9    12    16     0     2  -120.0  -17.817  -25.777    780.9    930.7
     1     1    11     9    12    15     0     3  -121.0  -17.830  -25.498    780.8    931.1
     1     1    11     9    12    14     0     2  -122.0  -17.843  -25.213    777.3    931.5
     1     1    11     9    12    13     0     1  -123.0  -17.861  -24.926    767.4    933.1
     1     1    11     9    12    12     0     0  -124.0  -17.883  -24.635    751.6    935.2
     1     1    11     9    12    11     0     1  -125.0  -17.905  -24.338    735.1    937.4
     1     1    11     9    12    10     0     2  -126.0  -17.927  -24.036    724.6    938.5
     1     1    11     9    12     9     0     3  -127.0  -17.952  -23.728    722.6    938.6
     1     1    11     9    12     8     0     2  -128.0  -17.979  -23.411    724.9    937.5
     1     1    11     9    12     7     0     1  -129.0  -18.010  -23.083    728.3    937.1
     1     1    11     9    12     6     0     0  -130.0  -18.049  -22.750    732.6    936.2
     1     1    11     9    12     5     0     1  -131.0  -18.090  -22.417    732.4    936.0
     1     1    11     9    12     4     0     2  -132.0  -18.125  -22.088    726.0    937.3
     1     1    11     9    12     3     0     3  -133.0  -18.153  -21.762    715.6    938.7
     1     1    11     9    12     2     0     2  -134.0  -18.178  -21.434    704.7    940.8
     1     1    11     9    12     1     0     1  -135.0  -18.203  -21.096    698.1    942.2
     1     1    11     9    12     0     0     0  -136.0  -18.230  -20.751    698.0    942.7
     1     1    11     9    11    23     0     1  -137.0  -18.261  -20.398    701.2    941.8
     1     1    11     9    11    22     0     2  -138.0  -18.294  -20.040    707.3    941.3
     1     1    11     9    11    21     0     3  -139.0  -18.330  -19.678    718.4    939.9
     1     1    11     9    11    20     0     2  -140.0  -18.371  -19.310    727.8    937.8
     1     1    11     9    11    19     0     1  -141.0  -18.415  -18.936    729.9    937.1
     1     1    11     9    11    18     0     0  -142.0  -18.462  -18.553    724.3    937.2
     1     1    11     9    11    17     0     1  -143.0  -18.514  -18.161    716.4    938.8
     1     1    11     9    11    16     0     2  -144.0  -18.571  -17.763    712.4    939.4
     1     1    11     9    11    15     0     3  -145.0  -18.633  -17.362    711.4    939.6
     1     1    11     9    11    14     0     2  -146.0  -18.702  -16.959    713.4    940.0
     1     1    11     9    11    13     0     1  -147.0  -18.782  -16.552    718.2    940.0
     1     1    11     9    11    12     0     0  -148.0  -18.873  -16.142    723.9    939.9
     1     1    11     9    11    11     0     1  -149.0  -18.971  -15.738    731.5    939.0
     1     1    11     9    11    10     0     2  -150.0  -19.068  -15.345    742.9    937.6
     1     1    11     9    11     9     0     3  -151.0  -19.164  -14.963    757.3    935.8
     1     1    11     9    11     8     0     2  -152.0  -19.262  -14.585    767.8    933.6
     1     1    11     9    11     7     0     1  -153.0  -19.362  -14.205    770.0    933.3
     1     1    11     9    11     6     0     0  -154.0  -19.466  -13.825    767.2    933.5
     1     1    11     9    11     5     0     1  -155.0  -19.576  -13.446    763.7    934.4
     1     1    11     9    11     4     0     2  -156.0  -19.692  -13.065    763.1    934.6
     1     1    11     9    11     3     0     3  -157.0  -19.815  -12.683    769.4    934.5
     1     1    11     9    11     2     0     2  -158.0  -19.946  -12.303    781.1    933.0
     1     1    11     9    11     1     0     1  -159.0  -20.090  -11.926    790.5    932.2
     1     1    11     9    11     0     0     0  -160.0  -20.246  -11.555    796.3    932.2
     1     1    11     9    10    23     0     1  -161.0  -20.400  -11.190    799.5    931.5
     1     1    11     9    10    22     0     2  -162.0  -20.539  -10.833    797.2    931.2
     1     1    11     9    10    21     0     3  -163.0  -20.666  -10.484    785.8    932.0
     1     1    11     9    10    20     0     2  -164.0  -20.796  -10.136    777.3    934.1
     1     1    11     9    10    19     0     1  -165.0  -20.940   -9.787    786.9    933.0
     1     1    11     9    10    18     0     0  -166.0  -21.092   -9.437    819.7    929.5
     1     1    11     9    10    17     0     1  -167.0  -21.248   -9.094    859.6    923.4
     1     1    11     9    10    16     0     2  -168.0  -21.409   -8.760    886.8    920.7
     1     1    11     9    10    15     0     3  -169.0  -21.575   -8.431    902.6    919.2
     1     1    11     9    10    14     0     2  -170.0  -21.739   -8.104    912.6    918.7
     1     1    11     9    10    13     0     1  -171.0  -21.890   -7.778    920.9    917.8
     1     1    11     9    10    12     0     0  -172.0  -22.032   -7.452    925.8    917.2
     1     1    11     9    10    11     0     1  -173.0  -22.168   -7.123    929.5    917.3
     1     1    11     9    10    10     0     2  -174.0  -22.302   -6.793    936.1    916.7
     1     1    11     9    10     9     0     3  -175.0  -22.435   -6.463    943.9    915.8
     1     1    11     9    10     8     0     2  -176.0  -22.575   -6.139    950.4    914.7
     1     1    11     9    10     7     0     1  -177.0  -22.728   -5.827    958.2    913.8
     1     1    11     9    10     6     0     0  -178.0  -22.892   -5.525    974.0    912.1
     1     1    11     9    10     5     0     1  -179.0  -23.059   -5.230    996.8    909.1
     1     1    11     9    10     4     0     2  -180.0  -23.220   -4.943   1018.9    906.4
     1     1    11     9    10     3     0     3  -181.0  -23.376   -4.661   1036.6    904.4
     1     1    11     9    10     2     0     2  -182.0  -23.532   -4.383   1052.0    903.4
     1     1    11     9    10     1     0     1  -183.0  -23.690   -4.107   1068.9    902.0
     1     1    11     9    10     0     0     0  -184.0  -23.851   -3.833   1088.2    900.2
     1     1    11     9     9    23     0     1  -185.0  -24.011   -3.561   1109.6    897.9
     1     1    11     9     9    22     0     2  -186.0  -24.166   -3.295   1134.3    895.4
     1     1    11     9     9    21     0     3  -187.0  -24.317   -3.035   1164.0    892.4
     1     1    11     9     9    20     0     2  -188.0  -24.469   -2.782   1193.9    888.3
     1     1    11     9     9    19     0     1  -189.0  -24.626   -2.539   1218.3    885.2
     1     1    11     9     9    18     0     0  -190.0  -24.785   -2.306   1237.4    882.9
     1     1    11     9     9    17     0     1  -191.0  -24.950   -2.084   1251.8    881.2
     1     1    11     9     9    16     0     2  -192.0  -25.124   -1.872   1262.7    879.9
     1     1    11     9     9    15     0     3  -193.0  -25.306   -1.668   1272.4    878.7
     1     1    11     9     9    14     0     2  -194.0  -25.499   -1.475   1285.5    878.0
     1     1    11     9     9    13     0     1  -195.0  -25.703   -1.296   1306.4    876.1
     1     1    11     9     9    12     0     0  -196.0  -25.917   -1.134   1336.6    873.4
     1     1    11     9     9    11     0     1  -197.0  -26.143   -0.989   1371.0    869.3
     1     1    11     9     9    10     0     2  -198.0  -26.384   -0.862   1404.0    866.0
     1     1    11     9     9     9     0     3  -199.0  -26.642   -0.749   1436.9    862.8
     1     1    11     9     9     8     0     2  -200.0  -26.910   -0.651   1472.0    859.0
     1     1    11     9     9     7     0     1  -201.0  -27.182   -0.577   1505.9    854.6
     1     1    11     9     9     6     0     0  -202.0  -27.462   -0.533   1531.9    851.3
     1     1    11     9     9     5     0     1  -203.0  -27.745   -0.525   1556.0    849.5
     1     1    11     9     9     4     0     2  -204.0  -28.024   -0.550   1589.3    846.5
     1     1    11     9     9     3     0     3  -205.0  -28.292   -0.612   1632.9    841.5
     1     1    11     9     9     2     0     2  -206.0  -28.548   -0.715   1674.5    836.4
     1     1    11     9     9     1     0     1  -207.0  -28.795   -0.854   1707.2    833.4
     1     1    11     9     9     0     0     0  -208.0  -29.033   -1.026   1736.4    830.8
     1     1    11     9     8    23     0     1  -209.0  -29.252   -1.217   1763.1    828.1
     1     1    11     9     8    22     0     2  -210.0  -29.440   -1.414   1785.7    826.0
     1     1    11     9     8    21     0     3  -211.0  -29.598   -1.615   1804.3    824.2
     1     1    11     9     8    20     0     2  -212.0  -29.737   -1.821   1825.0    822.3
     1     1    11     9     8    19     0     1  -213.0  -29.867   -2.037   1853.1    819.0
     1     1    11     9     8    18     0     0  -214.0  -29.993   -2.261   1887.9    815.0
     1     1    11     9     8    17     0     1  -215.0  -30.114   -2.493   1917.4    810.8
     1     1    11     9     8    16     0     2  -216.0  -30.228   -2.729   1930.3    809.5
     1     1    11     9     8    15     0     3  -217.0  -30.334   -2.966   1927.8    809.8
     1     1    11     9     8    14     0     2  -218.0  -30.436   -3.201   1923.4    811.2
     1     1    11     9     8    13     0     1  -219.0  -30.544   -3.434   1928.3    810.3
     1     1    11     9     8    12     0     0  -220.0  -30.654   -3.664   1940.8    808.7
     1     1    11     9     8    11     0     1  -221.0  -30.767   -3.901   1959.5    807.0
     1     1    11     9     8    10     0     2  -222.0  -30.884   -4.159   1985.5    804.7
     1     1    11     9     8     9     0     3  -223.0  -31.010   -4.440   2024.1    801.4
     1     1    11     9     8     8     0     2  -224.0  -31.137   -4.736   2076.3    795.5
     1     1    11     9     8     7     0     1  -225.0  -31.260   -5.035   2133.2    789.0
     1     1    11     9     8     6     0     0  -226.0  -31.379   -5.337   2184.1    783.3
     1     1    11     9     8     5     0     1  -227.0  -31.501   -5.649   2218.2    779.4
     1     1    11     9     8     4     0     2  -228.0  -31.624   -5.976   2230.4    778.2
     1     1    11     9     8     3     0     3  -229.0  -31.748   -6.315   2225.0    778.9
     1     1    11     9     8     2     0     2  -230.0  -31.880   -6.657   2223.6    780.8
     1     1    11     9     8     1     0     1  -231.0  -32.024   -6.995   2245.8    779.0
     1     1    11     9     8     0     0     0  -232.0  -32.176   -7.328   2290.2    774.6
     1     1    11     9     7    23     0     1  -233.0  -32.330   -7.650   2340.8    768.4
     1     1    11     9     7    22     0     2  -234.0  -32.489   -7.958   2382.6    764.2
     1     1    11     9     7    21     0     3  -235.0  -32.659   -8.247   2415.8    761.2
     1     1    11     9     7    20     0     2  -236.0  -32.836   -8.525   2452.7    758.2
     1     1    11     9     7    19     0     1  -237.0  -33.017   -8.807   2498.9    752.8
     1     1    11     9     7    18     0     0  -238.0  -33.204   -9.099   2545.0    747.6
     1     1    11     9     7    17     0     1  -239.0  -33.399   -9.392   2584.1    743.4
     1     1    11     9     7    16     0     2  -240.0  -33.601   -9.676   2614.1    740.4
     1     1    11     9     7    15     0     3  -241.0  -33.805   -9.946   2637.7    738.2
     1     1    11     9     7    14     0     2  -242.0  -34.013  -10.207   2661.1    736.3
     1     1    11     9     7    13     0     1  -243.0  -34.228  -10.466   2688.8    733.8
     1     1    11     9     7    12     0     0  -244.0  -34.450  -10.723   2717.9    730.7
     1     1    11     9     7    11     0     1  -245.0  -34.679  -10.986   2748.0    728.0
     1     1    11     9     7    10     0     2  -246.0  -34.921  -11.255   2776.9    724.6
     1     1    11     9     7     9     0     3  -247.0  -35.177  -11.521   2805.2    722.4
     1     1    11     9     7     8     0     2  -248.0  -35.435  -11.787   2838.1    718.9
     1     1    11     9     7     7     0     1  -249.0  -35.685  -12.054   2873.7    715.3
     1     1    11     9     7     6     0     0  -250.0  -35.930  -12.321   2914.8    711.5
     1     1    11     9     7     5     0     1  -251.0  -36.174  -12.575   2964.8    706.8
     1     1    11     9     7     4     0     2  -252.0  -36.420  -12.806   3019.9    701.4
     1     1    11     9     7     3     0     3  -253.0  -36.669  -13.014   3076.4    696.3
     1     1    11     9     7     2     0     2  -254.0  -36.925  -13.190   3137.2    691.2
     1     1    11     9     7     1     0     1  -255.0  -37.190  -13.323   3206.0    685.2
     1     1    11     9     7     0     0     0  -256.0  -37.458  -13.409   3284.9    678.3
     1     1    11     9     6    23     0     1  -257.0  -37.731  -13.465   3372.1    670.5
     1     1    11     9     6    22     0     2  -258.0  -38.014  -13.497   3469.3    662.7
     1     1    11     9     6    21     0     3  -259.0  -38.306  -13.496   3587.3    653.1
     1     1    11     9     6    20     0     2  -260.0  -38.607  -13.469   3723.3    640.6
     1     1    11     9     6    19     0     1  -261.0  -38.924  -13.412   3863.6    628.0
     1     1    11     9     6    18     0     0  -262.0  -39.267  -13.319   4003.9    616.1
     1     1    11     9     6    17     0     1  -263.0  -39.633  -13.191   4149.5    604.6
     1     1    11     9     6    16     0     2  -264.0  -40.019  -13.041   4285.5    592.4
     1     1    11     9     6    15     0     3  -265.0  -40.424  -12.888   4389.2    583.9
     1     1    11     9     6    14     0     2  -266.0  -40.825  -12.747   4508.2    578.5
     1     1    11     9     6    13     0     1  -267.0  -41.218  -12.623   4689.8    564.0
     1     1    11     9     6    12     0     0  -268.0  -41.603  -12.502   4910.0    546.2
     1     1    11     9     6    11     0     1  -269.0  -41.984  -12.387   5105.8    528.0
     1     1    11     9     6    10     0     2  -270.0  -42.364  -12.282   5238.7    518.6
     1     1    11     9     6     9     0     3  -271.0  -42.745  -12.187   5317.7    512.3
     1     1    11     9     6     8     0     2  -272.0  -43.120  -12.100   5383.2    510.2
     1     1    11     9     6     7     0     1  -273.0  -43.487  -12.026   5474.4    503.4
     1     1    11     9     6     6     0     0  -274.0  -43.849  -11.961   5593.5    495.0
     1     1    11     9     6     5     0     1  -275.0  -44.205  -11.897   5721.8    484.9
     1     1    11     9     6     4     0     2  -276.0  -44.541  -11.840   5826.2    477.3
     1     1    11     9     6     3     0     3  -277.0  -44.849  -11.791   5894.7    472.8
     1     1    11     9     6     2     0     2  -278.0  -45.131  -11.739   5950.9    470.7
     1     1    11     9     6     1     0     1  -279.0  -45.389  -11.683   6030.6    466.0
     1     1    11     9     6     0     0     0  -280.0  -45.621  -11.630   6153.4    458.4
     1     1    11     9     5    23     0     1  -281.0  -45.845  -11.587   6299.2    447.2
     1     1    11     9     5    22     0     2  -282.0  -46.078  -11.554   6430.4    438.3
     1     1    11     9     5    21     0     3  -283.0  -46.318  -11.531   6528.9    431.6
     1     1    11     9     5    20     0     2  -284.0  -46.544  -11.526   6595.8    427.8
     1     1    11     9     5    19     0     1  -285.0  -46.736  -11.547   6645.5    424.9
     1     1    11     9     5    18     0     0  -286.0  -46.889  -11.598   6687.4    422.3
     1     1    11     9     5    17     0     1  -287.0  -47.020  -11.662   6720.0    419.6
     1     1    11     9     5    16     0     2  -288.0  -47.142  -11.725   6738.3    418.1
     1     1    11     9     5    15     0     3  -289.0  -47.247  -11.793   6742.8    417.5
     1     1    11     9     5    14     0     2  -290.0  -47.334  -11.862   6749.0    417.9
     1     1    11     9     5    13     0     1  -291.0  -47.408  -11.928   6770.8    416.5
     1     1    11     9     5    12     0     0  -292.0  -47.466  -11.987   6806.6    414.2
     1     1    11     9     5    11     0     1  -293.0  -47.534  -12.009   6854.9    410.9
     1     1    11     9     5    10     0     2  -294.0  -47.634  -11.965   6911.9    407.2
     1     1    11     9     5     9     0     3  -295.0  -47.768  -11.853   6974.8    403.1
     1     1    11     9     5     8     0     2  -296.0  -47.933  -11.718   7036.1    399.0
     1     1    11     9     5     7     0     1  -297.0  -48.126  -11.612   7095.5    395.6
     1     1    11     9     5     6     0     0  -298.0  -48.344  -11.538   7156.8    392.0
     1     1    11     9     5     5     0     1  -299.0  -48.565  -11.515   7205.1    388.4
     1     1    11     9     5     4     0     2  -300.0  -48.780  -11.554   7227.9    387.3
     1     1    11     9     5     3     0     3  -301.0  -49.001  -11.633   7227.1    387.4
     1     1    11     9     5     2     0     2  -302.0  -49.232  -11.744   7237.2    388.8
     1     1    11     9     5     1     0     1  -303.0  -49.477  -11.894   7289.3    385.8
     1     1    11     9     5     0     0     0  -304.0  -49.743  -12.076   7378.3    380.5
     1     1    11     9     4    23     0     1  -305.0  -50.009  -12.313   7469.7    373.6
     1     1    11     9     4    22     0     2  -306.0  -50.247  -12.622   7529.9    370.1
     1     1    11     9     4    21     0     3  -307.0  -50.458  -12.975   7559.3    368.7
     1     1    11     9     4    20     0     2  -308.0  -50.662  -13.343   7586.7    368.6
     1     1    11     9     4    19     0     1  -309.0  -50.871  -13.719   7641.0    365.7
     1     1    11     9     4    18     0     0  -310.0  -51.087  -14.113   7731.1    360.9
     1     1    11     9     4    17     0     1  -311.0  -51.316  -14.530   7826.5    354.0
     1     1    11     9     4    16     0     2  -312.0  -51.561  -14.972   7891.7    350.4
     1     1    11     9     4    15     0     3  -313.0  -51.829  -15.447   7927.0    348.5
     1     1    11     9     4    14     0     2  -314.0  -52.121  -15.940   7964.4    348.3
     1     1    11     9     4    13     0     1  -315.0  -52.438  -16.448   8029.2    344.7
     1     1    11     9     4    12     0     0  -316.0  -52.789  -16.994   8096.9    340.2
     1     1    11     9     4    11     0     1  -317.0  -53.172  -17.590   8150.6    337.5
     1     1    11     9     4    10     0     2  -318.0  -53.567  -18.237   8201.4    335.2
     1     1    11     9     4     9     0     3  -319.0  -53.959  -18.942   8243.5    332.4
     1     1    11     9     4     8     0     2  -320.0  -54.345  -19.694   8279.0    331.5
     1     1    11     9     4     7     0     1  -321.0  -54.723  -20.479   8315.9    329.4
     1     1    11     9     4     6     0     0  -322.0  -55.086  -21.308   8330.6    328.8
     1     1    11     9     4     5     0     1  -323.0  -55.436  -22.183   8340.2    328.6
     1     1    11     9     4     4     0     2  -324.0  -55.772  -23.077   8372.8    327.2
     1     1    11     9     4     3     0     3  -325.0  -56.091  -23.983   8445.3    323.5
     1     1    11     9     4     2     0     2  -326.0  -56.394  -24.924   8521.3    319.5
     1     1    11     9     4     1     0     1  -327.0  -56.677  -25.907   8571.5    317.2
     1     1    11     9     4     0     0     0  -328.0  -56.931  -26.926   8580.7    316.6
     1     1    11     9     3    23     0     1  -329.0  -57.145  -27.952   8560.0    318.3
     1     1    11     9     3    22     0     2  -330.0  -57.335  -28.981   8540.2    319.3
     1     1    11     9     3    21     0     3  -331.0  -57.493  -30.024   8513.1    320.8
     1     1    11     9     3    20     0     2  -332.0  -57.618  -31.076   8487.4    322.4
     1     1    11     9     3    19     0     1  -333.0  -57.712  -32.138   8479.9    322.9
     1     1    11     9     3    18     0     0  -334.0  -57.764  -33.212   8501.8    321.9
     1     1    11     9     3    17     0     1  -335.0  -57.773  -34.298   8551.1    319.2
     1     1    11     9     3    16     0     2  -336.0  -57.744  -35.392   8599.1    316.4
