     3     1
    GDAS    11     2    15     0     0
    GDAS    11     2    22     0     0
    GDAS    11     3     1     0     0
     1 BACKWARD OMEGA   
  2011     3     1    15   -8.810  -56.820  4419.6
     1 PRESSURE
     1     1    11     3     1    15     0     3     0.0   -8.810  -56.820   4419.6    582.4
     1     1    11     3     1    14     0     2    -1.0   -8.700  -56.982   4396.0    584.2
     1     1    11     3     1    13     0     1    -2.0   -8.596  -57.154   4391.1    583.5
     1     1    11     3     1    12     0     0    -3.0   -8.501  -57.333   4405.3    582.6
     1     1    11     3     1    11     0     1    -4.0   -8.420  -57.508   4431.5    580.9
     1     1    11     3     1    10     0     2    -5.0   -8.357  -57.670   4454.6    580.0
     1     1    11     3     1     9     0     3    -6.0   -8.318  -57.821   4460.6    580.4
     1     1    11     3     1     8     0     2    -7.0   -8.302  -57.968   4457.3    583.7
     1     1    11     3     1     7     0     1    -8.0   -8.298  -58.119   4459.6    584.2
     1     1    11     3     1     6     0     0    -9.0   -8.300  -58.271   4474.0    583.3
     1     1    11     3     1     5     0     1   -10.0   -8.304  -58.412   4491.9    581.6
     1     1    11     3     1     4     0     2   -11.0   -8.313  -58.538   4496.0    581.2
     1     1    11     3     1     3     0     3   -12.0   -8.332  -58.649   4475.4    582.6
     1     1    11     3     1     2     0     2   -13.0   -8.362  -58.754   4422.8    585.9
     1     1    11     3     1     1     0     1   -14.0   -8.402  -58.862   4335.9    592.0
     1     1    11     3     1     0     0     0   -15.0   -8.462  -58.972   4216.1    600.6
     1     1    11     2    28    23     0     1   -16.0   -8.533  -59.095   4103.5    611.6
     1     1    11     2    28    22     0     2   -17.0   -8.602  -59.234   4037.6    616.0
     1     1    11     2    28    21     0     3   -18.0   -8.679  -59.384   4011.7    617.2
     1     1    11     2    28    20     0     2   -19.0   -8.770  -59.535   4000.7    616.5
     1     1    11     2    28    19     0     1   -20.0   -8.874  -59.678   3979.2    617.8
     1     1    11     2    28    18     0     0   -21.0   -8.998  -59.812   3936.5    620.4
     1     1    11     2    28    17     0     1   -22.0   -9.144  -59.930   3890.3    625.7
     1     1    11     2    28    16     0     2   -23.0   -9.307  -60.020   3870.5    627.5
     1     1    11     2    28    15     0     3   -24.0   -9.484  -60.082   3874.5    626.4
     1     1    11     2    28    14     0     2   -25.0   -9.679  -60.128   3866.3    624.2
     1     1    11     2    28    13     0     1   -26.0   -9.896  -60.169   3821.2    627.1
     1     1    11     2    28    12     0     0   -27.0  -10.139  -60.202   3746.3    632.1
     1     1    11     2    28    11     0     1   -28.0  -10.395  -60.222   3684.1    638.1
     1     1    11     2    28    10     0     2   -29.0  -10.656  -60.227   3657.3    637.5
     1     1    11     2    28     9     0     3   -30.0  -10.924  -60.224   3640.1    636.1
     1     1    11     2    28     8     0     2   -31.0  -11.196  -60.206   3608.4    635.7
     1     1    11     2    28     7     0     1   -32.0  -11.470  -60.160   3567.3    637.0
     1     1    11     2    28     6     0     0   -33.0  -11.755  -60.079   3541.9    636.3
     1     1    11     2    28     5     0     1   -34.0  -12.069  -59.965   3545.1    632.1
     1     1    11     2    28     4     0     2   -35.0  -12.396  -59.826   3560.9    628.3
     1     1    11     2    28     3     0     3   -36.0  -12.713  -59.657   3571.7    626.9
     1     1    11     2    28     2     0     2   -37.0  -13.024  -59.467   3577.6    625.7
     1     1    11     2    28     1     0     1   -38.0  -13.342  -59.278   3575.9    625.4
     1     1    11     2    28     0     0     0   -39.0  -13.685  -59.076   3558.9    621.7
     1     1    11     2    27    23     0     1   -40.0  -14.028  -58.860   3534.1    617.7
     1     1    11     2    27    22     0     2   -41.0  -14.330  -58.668   3533.3    622.4
     1     1    11     2    27    21     0     3   -42.0  -14.602  -58.502   3551.0    625.5
     1     1    11     2    27    20     0     2   -43.0  -14.864  -58.334   3591.1    629.0
     1     1    11     2    27    19     0     1   -44.0  -15.127  -58.152   3657.6    631.0
     1     1    11     2    27    18     0     0   -45.0  -15.384  -57.966   3732.4    629.8
     1     1    11     2    27    17     0     1   -46.0  -15.642  -57.796   3789.9    628.1
     1     1    11     2    27    16     0     2   -47.0  -15.917  -57.643   3815.9    628.4
     1     1    11     2    27    15     0     3   -48.0  -16.203  -57.503   3803.5    631.2
     1     1    11     2    27    14     0     2   -49.0  -16.478  -57.377   3779.0    636.0
     1     1    11     2    27    13     0     1   -50.0  -16.742  -57.261   3769.0    639.0
     1     1    11     2    27    12     0     0   -51.0  -17.000  -57.147   3790.4    640.0
     1     1    11     2    27    11     0     1   -52.0  -17.253  -57.039   3802.7    635.2
     1     1    11     2    27    10     0     2   -53.0  -17.491  -56.950   3774.1    638.3
     1     1    11     2    27     9     0     3   -54.0  -17.710  -56.871   3730.0    642.2
     1     1    11     2    27     8     0     2   -55.0  -17.908  -56.805   3709.2    645.9
     1     1    11     2    27     7     0     1   -56.0  -18.086  -56.759   3725.2    643.9
     1     1    11     2    27     6     0     0   -57.0  -18.251  -56.734   3762.3    640.9
     1     1    11     2    27     5     0     1   -58.0  -18.403  -56.717   3791.7    637.2
     1     1    11     2    27     4     0     2   -59.0  -18.546  -56.693   3790.8    637.8
     1     1    11     2    27     3     0     3   -60.0  -18.680  -56.666   3760.6    640.7
     1     1    11     2    27     2     0     2   -61.0  -18.808  -56.646   3718.9    645.4
     1     1    11     2    27     1     0     1   -62.0  -18.930  -56.639   3684.6    648.2
     1     1    11     2    27     0     0     0   -63.0  -19.047  -56.645   3660.7    649.9
     1     1    11     2    26    23     0     1   -64.0  -19.147  -56.655   3650.0    649.5
     1     1    11     2    26    22     0     2   -65.0  -19.225  -56.662   3651.3    648.2
     1     1    11     2    26    21     0     3   -66.0  -19.284  -56.667   3659.5    646.5
     1     1    11     2    26    20     0     2   -67.0  -19.324  -56.681   3677.7    645.4
     1     1    11     2    26    19     0     1   -68.0  -19.342  -56.711   3712.1    642.8
     1     1    11     2    26    18     0     0   -69.0  -19.339  -56.759   3764.3    639.0
     1     1    11     2    26    17     0     1   -70.0  -19.323  -56.815   3824.8    633.7
     1     1    11     2    26    16     0     2   -71.0  -19.302  -56.870   3883.0    629.4
     1     1    11     2    26    15     0     3   -72.0  -19.277  -56.924   3938.0    625.5
     1     1    11     2    26    14     0     2   -73.0  -19.255  -56.977   3969.3    621.8
     1     1    11     2    26    13     0     1   -74.0  -19.236  -57.028   3956.1    622.9
     1     1    11     2    26    12     0     0   -75.0  -19.219  -57.078   3898.9    627.3
     1     1    11     2    26    11     0     1   -76.0  -19.200  -57.136   3836.4    634.9
     1     1    11     2    26    10     0     2   -77.0  -19.181  -57.206   3807.8    636.7
     1     1    11     2    26     9     0     3   -78.0  -19.163  -57.290   3809.9    635.9
     1     1    11     2    26     8     0     2   -79.0  -19.142  -57.386   3827.6    633.3
     1     1    11     2    26     7     0     1   -80.0  -19.116  -57.490   3847.6    631.5
     1     1    11     2    26     6     0     0   -81.0  -19.086  -57.601   3870.6    629.3
     1     1    11     2    26     5     0     1   -82.0  -19.051  -57.719   3888.1    626.9
     1     1    11     2    26     4     0     2   -83.0  -19.008  -57.838   3909.8    626.1
     1     1    11     2    26     3     0     3   -84.0  -18.957  -57.954   3965.8    621.9
     1     1    11     2    26     2     0     2   -85.0  -18.901  -58.075   4018.6    613.2
     1     1    11     2    26     1     0     1   -86.0  -18.843  -58.220   4027.5    611.6
     1     1    11     2    26     0     0     0   -87.0  -18.781  -58.390   4010.3    612.4
     1     1    11     2    25    23     0     1   -88.0  -18.706  -58.580   3988.2    612.3
     1     1    11     2    25    22     0     2   -89.0  -18.611  -58.785   3966.2    610.8
     1     1    11     2    25    21     0     3   -90.0  -18.495  -59.008   3939.7    608.7
     1     1    11     2    25    20     0     2   -91.0  -18.358  -59.235   3921.7    608.6
     1     1    11     2    25    19     0     1   -92.0  -18.204  -59.451   3917.0    606.6
     1     1    11     2    25    18     0     0   -93.0  -18.037  -59.663   3925.0    604.2
     1     1    11     2    25    17     0     1   -94.0  -17.861  -59.870   3946.4    603.0
     1     1    11     2    25    16     0     2   -95.0  -17.680  -60.064   3958.0    603.8
     1     1    11     2    25    15     0     3   -96.0  -17.496  -60.247   3949.5    606.8
     1     1    11     2    25    14     0     2   -97.0  -17.316  -60.422   3938.0    610.7
     1     1    11     2    25    13     0     1   -98.0  -17.140  -60.589   3951.4    610.4
     1     1    11     2    25    12     0     0   -99.0  -16.967  -60.740   4002.5    606.8
     1     1    11     2    25    11     0     1  -100.0  -16.791  -60.882   4072.3    598.9
     1     1    11     2    25    10     0     2  -101.0  -16.608  -61.025   4126.0    594.0
     1     1    11     2    25     9     0     3  -102.0  -16.418  -61.171   4152.4    591.9
     1     1    11     2    25     8     0     2  -103.0  -16.230  -61.324   4152.8    593.6
     1     1    11     2    25     7     0     1  -104.0  -16.052  -61.486   4135.1    595.3
     1     1    11     2    25     6     0     0  -105.0  -15.885  -61.663   4096.3    599.8
     1     1    11     2    25     5     0     1  -106.0  -15.724  -61.862   4052.2    606.4
     1     1    11     2    25     4     0     2  -107.0  -15.569  -62.086   4021.9    610.0
     1     1    11     2    25     3     0     3  -108.0  -15.414  -62.325   4008.4    611.6
     1     1    11     2    25     2     0     2  -109.0  -15.256  -62.568   4023.9    610.9
     1     1    11     2    25     1     0     1  -110.0  -15.091  -62.806   4090.2    606.4
     1     1    11     2    25     0     0     0  -111.0  -14.920  -63.037   4228.0    596.5
     1     1    11     2    24    23     0     1  -112.0  -14.751  -63.270   4377.0    581.1
     1     1    11     2    24    22     0     2  -113.0  -14.582  -63.522   4458.0    575.8
     1     1    11     2    24    21     0     3  -114.0  -14.407  -63.793   4460.1    575.9
     1     1    11     2    24    20     0     2  -115.0  -14.224  -64.075   4416.5    583.4
     1     1    11     2    24    19     0     1  -116.0  -14.036  -64.354   4394.0    588.4
     1     1    11     2    24    18     0     0  -117.0  -13.844  -64.632   4420.2    587.5
     1     1    11     2    24    17     0     1  -118.0  -13.646  -64.913   4468.3    582.0
     1     1    11     2    24    16     0     2  -119.0  -13.443  -65.196   4485.4    578.8
     1     1    11     2    24    15     0     3  -120.0  -13.239  -65.485   4439.9    580.8
     1     1    11     2    24    14     0     2  -121.0  -13.029  -65.784   4346.4    589.0
     1     1    11     2    24    13     0     1  -122.0  -12.805  -66.089   4239.3    597.1
     1     1    11     2    24    12     0     0  -123.0  -12.569  -66.388   4134.3    605.1
     1     1    11     2    24    11     0     1  -124.0  -12.330  -66.677   4060.5    612.0
     1     1    11     2    24    10     0     2  -125.0  -12.093  -66.958   4031.9    613.3
     1     1    11     2    24     9     0     3  -126.0  -11.852  -67.227   4013.1    612.5
     1     1    11     2    24     8     0     2  -127.0  -11.612  -67.487   3988.1    615.6
     1     1    11     2    24     7     0     1  -128.0  -11.383  -67.746   3974.5    616.3
     1     1    11     2    24     6     0     0  -129.0  -11.165  -68.006   3969.0    615.2
     1     1    11     2    24     5     0     1  -130.0  -10.958  -68.262   3956.2    614.0
     1     1    11     2    24     4     0     2  -131.0  -10.757  -68.514   3932.2    615.9
     1     1    11     2    24     3     0     3  -132.0  -10.559  -68.764   3899.0    618.8
     1     1    11     2    24     2     0     2  -133.0  -10.364  -69.011   3880.7    622.4
     1     1    11     2    24     1     0     1  -134.0  -10.169  -69.246   3896.9    622.0
     1     1    11     2    24     0     0     0  -135.0   -9.975  -69.468   3942.7    619.5
     1     1    11     2    23    23     0     1  -136.0   -9.785  -69.683   3979.4    613.9
     1     1    11     2    23    22     0     2  -137.0   -9.599  -69.890   3974.2    614.4
     1     1    11     2    23    21     0     3  -138.0   -9.420  -70.085   3932.7    617.1
     1     1    11     2    23    20     0     2  -139.0   -9.244  -70.266   3873.1    623.1
     1     1    11     2    23    19     0     1  -140.0   -9.067  -70.431   3813.3    628.6
     1     1    11     2    23    18     0     0  -141.0   -8.889  -70.581   3764.8    634.0
     1     1    11     2    23    17     0     1  -142.0   -8.711  -70.722   3725.8    636.3
     1     1    11     2    23    16     0     2  -143.0   -8.531  -70.857   3682.4    639.6
     1     1    11     2    23    15     0     3  -144.0   -8.350  -70.987   3630.8    643.7
     1     1    11     2    23    14     0     2  -145.0   -8.165  -71.102   3578.8    648.2
     1     1    11     2    23    13     0     1  -146.0   -7.978  -71.196   3535.0    651.5
     1     1    11     2    23    12     0     0  -147.0   -7.787  -71.270   3500.6    654.5
     1     1    11     2    23    11     0     1  -148.0   -7.600  -71.338   3478.3    656.4
     1     1    11     2    23    10     0     2  -149.0   -7.424  -71.409   3467.7    657.0
     1     1    11     2    23     9     0     3  -150.0   -7.263  -71.487   3466.5    656.9
     1     1    11     2    23     8     0     2  -151.0   -7.107  -71.562   3478.4    656.7
     1     1    11     2    23     7     0     1  -152.0   -6.945  -71.623   3507.2    654.8
     1     1    11     2    23     6     0     0  -153.0   -6.776  -71.670   3548.7    651.9
     1     1    11     2    23     5     0     1  -154.0   -6.600  -71.703   3582.7    648.5
     1     1    11     2    23     4     0     2  -155.0   -6.418  -71.720   3595.6    648.4
     1     1    11     2    23     3     0     3  -156.0   -6.233  -71.718   3592.1    649.5
     1     1    11     2    23     2     0     2  -157.0   -6.049  -71.701   3582.9    651.2
     1     1    11     2    23     1     0     1  -158.0   -5.868  -71.673   3579.7    652.1
     1     1    11     2    23     0     0     0  -159.0   -5.687  -71.638   3583.8    652.2
     1     1    11     2    22    23     0     1  -160.0   -5.506  -71.600   3583.8    652.0
     1     1    11     2    22    22     0     2  -161.0   -5.328  -71.564   3567.3    653.7
     1     1    11     2    22    21     0     3  -162.0   -5.151  -71.525   3529.0    657.0
     1     1    11     2    22    20     0     2  -163.0   -4.968  -71.477   3464.6    663.2
     1     1    11     2    22    19     0     1  -164.0   -4.771  -71.416   3381.6    671.1
     1     1    11     2    22    18     0     0  -165.0   -4.561  -71.340   3294.8    679.1
     1     1    11     2    22    17     0     1  -166.0   -4.344  -71.250   3217.1    686.5
     1     1    11     2    22    16     0     2  -167.0   -4.127  -71.151   3148.8    691.8
     1     1    11     2    22    15     0     3  -168.0   -3.911  -71.043   3077.7    697.6
     1     1    11     2    22    14     0     2  -169.0   -3.691  -70.941   3020.2    703.9
     1     1    11     2    22    13     0     1  -170.0   -3.464  -70.856   3003.1    705.5
     1     1    11     2    22    12     0     0  -171.0   -3.234  -70.786   3035.4    702.8
     1     1    11     2    22    11     0     1  -172.0   -3.014  -70.702   3070.3    695.2
     1     1    11     2    22    10     0     2  -173.0   -2.810  -70.576   3056.7    696.2
     1     1    11     2    22     9     0     3  -174.0   -2.618  -70.411   3013.9    700.6
     1     1    11     2    22     8     0     2  -175.0   -2.432  -70.223   2984.5    705.6
     1     1    11     2    22     7     0     1  -176.0   -2.247  -70.030   2982.8    704.9
     1     1    11     2    22     6     0     0  -177.0   -2.063  -69.833   2987.9    704.0
     1     1    11     2    22     5     0     1  -178.0   -1.890  -69.640   2951.6    704.0
     1     1    11     2    22     4     0     2  -179.0   -1.735  -69.452   2870.9    714.0
     1     1    11     2    22     3     0     3  -180.0   -1.597  -69.268   2796.8    721.5
     1     1    11     2    22     2     0     2  -181.0   -1.465  -69.092   2745.2    725.2
     1     1    11     2    22     1     0     1  -182.0   -1.332  -68.928   2706.3    726.5
     1     1    11     2    22     0     0     0  -183.0   -1.195  -68.774   2687.0    728.4
     1     1    11     2    21    23     0     1  -184.0   -1.058  -68.623   2691.0    725.7
     1     1    11     2    21    22     0     2  -185.0   -0.923  -68.478   2694.5    723.7
     1     1    11     2    21    21     0     3  -186.0   -0.791  -68.341   2687.5    724.3
     1     1    11     2    21    20     0     2  -187.0   -0.661  -68.204   2678.1    726.7
     1     1    11     2    21    19     0     1  -188.0   -0.530  -68.058   2673.2    728.0
     1     1    11     2    21    18     0     0  -189.0   -0.401  -67.901   2669.4    729.1
     1     1    11     2    21    17     0     1  -190.0   -0.274  -67.738   2659.6    730.3
     1     1    11     2    21    16     0     2  -191.0   -0.152  -67.576   2641.6    732.6
     1     1    11     2    21    15     0     3  -192.0   -0.035  -67.415   2621.7    735.1
     1     1    11     2    21    14     0     2  -193.0    0.077  -67.265   2605.6    736.2
     1     1    11     2    21    13     0     1  -194.0    0.187  -67.130   2596.3    736.8
     1     1    11     2    21    12     0     0  -195.0    0.296  -67.009   2596.4    736.6
     1     1    11     2    21    11     0     1  -196.0    0.407  -66.899   2596.0    733.4
     1     1    11     2    21    10     0     2  -197.0    0.523  -66.801   2579.7    730.1
     1     1    11     2    21     9     0     3  -198.0    0.644  -66.715   2531.0    728.5
     1     1    11     2    21     8     0     2  -199.0    0.765  -66.633   2435.9    730.7
     1     1    11     2    21     7     0     1  -200.0    0.877  -66.547   2282.1    736.7
     1     1    11     2    21     6     0     0  -201.0    0.978  -66.458   2060.3    747.6
     1     1    11     2    21     5     0     1  -202.0    1.071  -66.367   1827.6    770.1
     1     1    11     2    21     4     0     2  -203.0    1.157  -66.272   1638.5    786.3
     1     1    11     2    21     3     0     3  -204.0    1.232  -66.170   1494.9    798.2
     1     1    11     2    21     2     0     2  -205.0    1.297  -66.068   1388.0    805.7
     1     1    11     2    21     1     0     1  -206.0    1.360  -65.974   1316.2    813.2
     1     1    11     2    21     0     0     0  -207.0    1.423  -65.891   1279.1    820.5
     1     1    11     2    20    23     0     1  -208.0    1.482  -65.820   1259.0    824.3
     1     1    11     2    20    22     0     2  -209.0    1.530  -65.767   1241.8    828.2
     1     1    11     2    20    21     0     3  -210.0    1.566  -65.730   1226.7    831.1
     1     1    11     2    20    20     0     2  -211.0    1.602  -65.696   1207.1    834.8
     1     1    11     2    20    19     0     1  -212.0    1.651  -65.649   1177.6    840.6
     1     1    11     2    20    18     0     0  -213.0    1.713  -65.590   1140.8    847.6
     1     1    11     2    20    17     0     1  -214.0    1.784  -65.518   1110.9    854.6
     1     1    11     2    20    16     0     2  -215.0    1.860  -65.430   1103.9    858.0
     1     1    11     2    20    15     0     3  -216.0    1.939  -65.328   1129.9    857.4
     1     1    11     2    20    14     0     2  -217.0    2.035  -65.212   1182.4    849.9
     1     1    11     2    20    13     0     1  -218.0    2.157  -65.089   1249.3    839.7
     1     1    11     2    20    12     0     0  -219.0    2.305  -64.960   1330.3    828.0
     1     1    11     2    20    11     0     1  -220.0    2.455  -64.830   1408.2    814.3
     1     1    11     2    20    10     0     2  -221.0    2.588  -64.709   1465.9    802.4
     1     1    11     2    20     9     0     3  -222.0    2.703  -64.599   1496.4    792.1
     1     1    11     2    20     8     0     2  -223.0    2.807  -64.498   1500.6    785.2
     1     1    11     2    20     7     0     1  -224.0    2.905  -64.403   1482.7    779.6
     1     1    11     2    20     6     0     0  -225.0    2.999  -64.316   1444.1    775.6
     1     1    11     2    20     5     0     1  -226.0    3.093  -64.231   1383.1    776.2
     1     1    11     2    20     4     0     2  -227.0    3.189  -64.138   1294.1    781.3
     1     1    11     2    20     3     0     3  -228.0    3.291  -64.035   1178.9    790.9
     1     1    11     2    20     2     0     2  -229.0    3.396  -63.927   1050.1    808.0
     1     1    11     2    20     1     0     1  -230.0    3.492  -63.824    924.4    825.2
     1     1    11     2    20     0     0     0  -231.0    3.575  -63.721    814.3    838.8
     1     1    11     2    19    23     0     1  -232.0    3.639  -63.618    720.2    848.3
     1     1    11     2    19    22     0     2  -233.0    3.681  -63.518    637.9    856.5
     1     1    11     2    19    21     0     3  -234.0    3.699  -63.420    568.0    862.8
     1     1    11     2    19    20     0     2  -235.0    3.708  -63.328    504.7    868.8
     1     1    11     2    19    19     0     1  -236.0    3.725  -63.247    438.7    875.3
     1     1    11     2    19    18     0     0  -237.0    3.746  -63.173    366.2    882.0
     1     1    11     2    19    17     0     1  -238.0    3.772  -63.109    295.4    889.4
     1     1    11     2    19    16     0     2  -239.0    3.810  -63.057    234.0    894.4
     1     1    11     2    19    15     0     3  -240.0    3.868  -63.019    182.1    896.9
     1     1    11     2    19    14     0     2  -241.0    3.948  -62.995    145.2    897.2
     1     1    11     2    19    13     0     1  -242.0    4.048  -62.985    125.2    895.6
     1     1    11     2    19    12     0     0  -243.0    4.162  -62.992    118.3    894.3
     1     1    11     2    19    11     0     1  -244.0    4.274  -63.008    119.3    892.1
     1     1    11     2    19    10     0     2  -245.0    4.374  -63.027    125.2    890.2
     1     1    11     2    19     9     0     3  -246.0    4.463  -63.049    134.8    888.1
     1     1    11     2    19     8     0     2  -247.0    4.550  -63.072    143.7    886.3
     1     1    11     2    19     7     0     1  -248.0    4.639  -63.096    148.8    885.5
     1     1    11     2    19     6     0     0  -249.0    4.729  -63.123    150.8    885.1
     1     1    11     2    19     5     0     1  -250.0    4.822  -63.149    152.5    884.9
     1     1    11     2    19     4     0     2  -251.0    4.917  -63.169    156.9    883.8
     1     1    11     2    19     3     0     3  -252.0    5.020  -63.179    164.3    883.2
     1     1    11     2    19     2     0     2  -253.0    5.131  -63.177    168.1    886.5
     1     1    11     2    19     1     0     1  -254.0    5.244  -63.162    159.9    891.6
     1     1    11     2    19     0     0     0  -255.0    5.355  -63.136    139.8    897.8
     1     1    11     2    18    23     0     1  -256.0    5.458  -63.103    112.6    904.4
     1     1    11     2    18    22     0     2  -257.0    5.550  -63.072     84.6    910.4
     1     1    11     2    18    21     0     3  -258.0    5.631  -63.048     59.2    916.1
     1     1    11     2    18    20     0     2  -259.0    5.707  -63.028     37.9    921.7
     1     1    11     2    18    19     0     1  -260.0    5.781  -63.007     22.1    927.4
     1     1    11     2    18    18     0     0  -261.0    5.855  -62.987     11.6    932.6
     1     1    11     2    18    17     0     1  -262.0    5.929  -62.962      4.0    936.0
     1     1    11     2    18    16     0     2  -263.0    6.002  -62.929      0.0    938.9
     1     1    11     2    18    15     0     3  -264.0    6.073  -62.889      0.0    939.9
     1     1    11     2    18    14     0     2  -265.0    6.138  -62.848      0.0    940.0
     1     1    11     2    18    13     0     1  -266.0    6.201  -62.807      0.0    940.3
     1     1    11     2    18    12     0     0  -267.0    6.261  -62.767      0.0    940.8
     1     1    11     2    18    11     0     1  -268.0    6.319  -62.728      0.0    941.0
     1     1    11     2    18    10     0     2  -269.0    6.372  -62.689      0.0    941.3
     1     1    11     2    18     9     0     3  -270.0    6.422  -62.651      0.0    941.5
     1     1    11     2    18     8     0     2  -271.0    6.467  -62.613      0.0    942.4
     1     1    11     2    18     7     0     1  -272.0    6.509  -62.573      0.0    943.2
     1     1    11     2    18     6     0     0  -273.0    6.547  -62.531      0.0    944.0
     1     1    11     2    18     5     0     1  -274.0    6.581  -62.486      0.0    945.1
     1     1    11     2    18     4     0     2  -275.0    6.614  -62.434      0.0    946.1
     1     1    11     2    18     3     0     3  -276.0    6.646  -62.377      0.0    947.2
     1     1    11     2    18     2     0     2  -277.0    6.678  -62.318      0.0    947.6
     1     1    11     2    18     1     0     1  -278.0    6.712  -62.260      0.0    948.4
     1     1    11     2    18     0     0     0  -279.0    6.750  -62.203      0.0    949.6
     1     1    11     2    17    23     0     1  -280.0    6.788  -62.146      0.0    951.3
     1     1    11     2    17    22     0     2  -281.0    6.823  -62.091      0.0    953.1
     1     1    11     2    17    21     0     3  -282.0    6.853  -62.036      0.0    954.7
     1     1    11     2    17    20     0     2  -283.0    6.877  -61.977      0.0    957.2
     1     1    11     2    17    19     0     1  -284.0    6.896  -61.912      0.0    960.5
     1     1    11     2    17    18     0     0  -285.0    6.909  -61.846      0.0    963.5
     1     1    11     2    17    17     0     1  -286.0    6.920  -61.779      0.0    967.5
     1     1    11     2    17    16     0     2  -287.0    6.930  -61.712      0.0    971.7
     1     1    11     2    17    15     0     3  -288.0    6.940  -61.643      0.0    975.8
     1     1    11     2    17    14     0     2  -289.0    6.945  -61.575      0.0    978.4
     1     1    11     2    17    13     0     1  -290.0    6.945  -61.512      0.7    980.5
     1     1    11     2    17    12     0     0  -291.0    6.939  -61.455      3.5    982.0
     1     1    11     2    17    11     0     1  -292.0    6.935  -61.403      6.5    982.7
     1     1    11     2    17    10     0     2  -293.0    6.940  -61.353      8.0    984.1
     1     1    11     2    17     9     0     3  -294.0    6.953  -61.308      7.8    986.0
     1     1    11     2    17     8     0     2  -295.0    6.971  -61.266      6.9    988.9
     1     1    11     2    17     7     0     1  -296.0    6.989  -61.226      6.2    991.7
     1     1    11     2    17     6     0     0  -297.0    7.008  -61.190      5.6    993.9
     1     1    11     2    17     5     0     1  -298.0    7.031  -61.149      5.0    995.2
     1     1    11     2    17     4     0     2  -299.0    7.061  -61.099      4.3    996.9
     1     1    11     2    17     3     0     3  -300.0    7.098  -61.038      3.0    999.0
     1     1    11     2    17     2     0     2  -301.0    7.139  -60.974      1.7   1000.5
     1     1    11     2    17     1     0     1  -302.0    7.182  -60.912      1.0   1000.7
     1     1    11     2    17     0     0     0  -303.0    7.228  -60.854      1.0   1000.7
     1     1    11     2    16    23     0     1  -304.0    7.275  -60.802      0.9    999.3
     1     1    11     2    16    22     0     2  -305.0    7.325  -60.757      0.0    998.0
     1     1    11     2    16    21     0     3  -306.0    7.379  -60.715      0.0    996.8
     1     1    11     2    16    20     0     2  -307.0    7.433  -60.672      0.0    997.3
     1     1    11     2    16    19     0     1  -308.0    7.481  -60.622      0.0    997.9
     1     1    11     2    16    18     0     0  -309.0    7.524  -60.566      0.0    998.6
     1     1    11     2    16    17     0     1  -310.0    7.563  -60.507      0.0   1000.0
     1     1    11     2    16    16     0     2  -311.0    7.594  -60.444      0.0   1001.4
     1     1    11     2    16    15     0     3  -312.0    7.617  -60.381      0.0   1002.7
     1     1    11     2    16    14     0     2  -313.0    7.629  -60.327      0.0   1002.7
     1     1    11     2    16    13     0     1  -314.0    7.628  -60.291      0.0   1002.5
     1     1    11     2    16    12     0     0  -315.0    7.614  -60.273      0.1   1002.2
     1     1    11     2    16    11     0     1  -316.0    7.596  -60.264      1.5   1001.9
     1     1    11     2    16    10     0     2  -317.0    7.582  -60.253      3.0   1001.7
     1     1    11     2    16     9     0     3  -318.0    7.573  -60.242      4.8   1001.4
     1     1    11     2    16     8     0     2  -319.0    7.566  -60.228      6.5   1001.0
     1     1    11     2    16     7     0     1  -320.0    7.558  -60.209      7.8   1000.6
     1     1    11     2    16     6     0     0  -321.0    7.548  -60.185      8.8   1000.1
     1     1    11     2    16     5     0     1  -322.0    7.542  -60.154      8.9   1000.5
     1     1    11     2    16     4     0     2  -323.0    7.542  -60.115      8.1   1001.0
     1     1    11     2    16     3     0     3  -324.0    7.550  -60.068      6.6   1001.5
     1     1    11     2    16     2     0     2  -325.0    7.564  -60.017      4.9   1000.7
     1     1    11     2    16     1     0     1  -326.0    7.585  -59.964      3.4   1000.0
     1     1    11     2    16     0     0     0  -327.0    7.612  -59.906      1.8    999.5
     1     1    11     2    15    23     0     1  -328.0    7.647  -59.839      0.3   1000.1
     1     1    11     2    15    22     0     2  -329.0    7.687  -59.758      0.0   1000.9
     1     1    11     2    15    21     0     3  -330.0    7.731  -59.663      0.0   1001.9
     1     1    11     2    15    20     0     2  -331.0    7.775  -59.553      0.0   1003.0
     1     1    11     2    15    19     0     1  -332.0    7.810  -59.434      0.0   1004.2
     1     1    11     2    15    18     0     0  -333.0    7.833  -59.308      0.0   1005.4
     1     1    11     2    15    17     0     1  -334.0    7.851  -59.170      0.0   1007.6
     1     1    11     2    15    16     0     2  -335.0    7.870  -59.010      0.0   1010.3
     1     1    11     2    15    15     0     3  -336.0    7.897  -58.823      0.0   1012.3
