     3     1
    GDAS    11     5     1     0     0
    GDAS    11     5     8     0     0
    GDAS    11     5    15     0     0
     1 BACKWARD OMEGA   
  2011     5    17    16   -8.840  -56.780  4419.6
     1 PRESSURE
     1     1    11     5    17    16     0     2     0.0   -8.840  -56.780   4419.6    583.7
     1     1    11     5    17    15     0     3    -1.0   -8.638  -56.865   4415.0    582.3
     1     1    11     5    17    14     0     2    -2.0   -8.434  -56.925   4399.3    580.2
     1     1    11     5    17    13     0     1    -3.0   -8.229  -56.969   4368.3    580.0
     1     1    11     5    17    12     0     0    -4.0   -8.019  -56.994   4331.4    580.1
     1     1    11     5    17    11     0     1    -5.0   -7.816  -57.027   4316.9    584.3
     1     1    11     5    17    10     0     2    -6.0   -7.630  -57.094   4320.3    587.0
     1     1    11     5    17     9     0     3    -7.0   -7.454  -57.194   4339.0    588.6
     1     1    11     5    17     8     0     2    -8.0   -7.283  -57.308   4362.7    588.7
     1     1    11     5    17     7     0     1    -9.0   -7.115  -57.419   4379.9    589.5
     1     1    11     5    17     6     0     0   -10.0   -6.952  -57.528   4389.7    589.9
     1     1    11     5    17     5     0     1   -11.0   -6.794  -57.633   4387.7    590.9
     1     1    11     5    17     4     0     2   -12.0   -6.645  -57.729   4370.0    593.2
     1     1    11     5    17     3     0     3   -13.0   -6.506  -57.819   4335.7    596.7
     1     1    11     5    17     2     0     2   -14.0   -6.375  -57.907   4291.8    600.8
     1     1    11     5    17     1     0     1   -15.0   -6.248  -57.999   4244.9    604.5
     1     1    11     5    17     0     0     0   -16.0   -6.125  -58.093   4194.5    608.6
     1     1    11     5    16    23     0     1   -17.0   -6.008  -58.185   4153.8    612.5
     1     1    11     5    16    22     0     2   -18.0   -5.901  -58.271   4137.3    613.6
     1     1    11     5    16    21     0     3   -19.0   -5.809  -58.353   4148.2    612.5
     1     1    11     5    16    20     0     2   -20.0   -5.725  -58.431   4175.8    609.7
     1     1    11     5    16    19     0     1   -21.0   -5.641  -58.507   4207.6    607.5
     1     1    11     5    16    18     0     0   -22.0   -5.558  -58.581   4242.8    605.0
     1     1    11     5    16    17     0     1   -23.0   -5.478  -58.650   4284.5    602.6
     1     1    11     5    16    16     0     2   -24.0   -5.406  -58.711   4336.2    599.1
     1     1    11     5    16    15     0     3   -25.0   -5.336  -58.769   4396.4    595.0
     1     1    11     5    16    14     0     2   -26.0   -5.270  -58.833   4442.3    589.8
     1     1    11     5    16    13     0     1   -27.0   -5.206  -58.914   4451.0    589.1
     1     1    11     5    16    12     0     0   -28.0   -5.140  -59.014   4423.5    591.0
     1     1    11     5    16    11     0     1   -29.0   -5.087  -59.108   4399.3    595.5
     1     1    11     5    16    10     0     2   -30.0   -5.059  -59.173   4411.2    594.1
     1     1    11     5    16     9     0     3   -31.0   -5.059  -59.211   4452.3    590.6
     1     1    11     5    16     8     0     2   -32.0   -5.069  -59.242   4491.7    585.7
     1     1    11     5    16     7     0     1   -33.0   -5.075  -59.280   4498.0    585.4
     1     1    11     5    16     6     0     0   -34.0   -5.077  -59.321   4472.6    587.4
     1     1    11     5    16     5     0     1   -35.0   -5.076  -59.360   4426.7    591.8
     1     1    11     5    16     4     0     2   -36.0   -5.078  -59.397   4372.7    596.4
     1     1    11     5    16     3     0     3   -37.0   -5.082  -59.435   4316.7    601.2
     1     1    11     5    16     2     0     2   -38.0   -5.091  -59.470   4270.4    605.2
     1     1    11     5    16     1     0     1   -39.0   -5.102  -59.500   4238.8    607.4
     1     1    11     5    16     0     0     0   -40.0   -5.114  -59.522   4218.1    608.8
     1     1    11     5    15    23     0     1   -41.0   -5.127  -59.543   4192.6    609.5
     1     1    11     5    15    22     0     2   -42.0   -5.144  -59.567   4146.6    612.6
     1     1    11     5    15    21     0     3   -43.0   -5.166  -59.590   4079.3    617.5
     1     1    11     5    15    20     0     2   -44.0   -5.191  -59.615   3993.6    624.2
     1     1    11     5    15    19     0     1   -45.0   -5.221  -59.646   3893.7    632.0
     1     1    11     5    15    18     0     0   -46.0   -5.256  -59.681   3782.2    640.8
     1     1    11     5    15    17     0     1   -47.0   -5.298  -59.703   3678.8    650.8
     1     1    11     5    15    16     0     2   -48.0   -5.342  -59.700   3601.4    657.3
     1     1    11     5    15    15     0     3   -49.0   -5.385  -59.677   3550.2    661.7
     1     1    11     5    15    14     0     2   -50.0   -5.428  -59.637   3528.8    663.3
     1     1    11     5    15    13     0     1   -51.0   -5.474  -59.585   3537.8    662.0
     1     1    11     5    15    12     0     0   -52.0   -5.519  -59.523   3572.9    658.7
     1     1    11     5    15    11     0     1   -53.0   -5.558  -59.457   3617.2    653.5
     1     1    11     5    15    10     0     2   -54.0   -5.591  -59.391   3656.9    649.9
     1     1    11     5    15     9     0     3   -55.0   -5.618  -59.325   3694.2    646.6
     1     1    11     5    15     8     0     2   -56.0   -5.643  -59.263   3719.1    643.8
     1     1    11     5    15     7     0     1   -57.0   -5.670  -59.201   3719.6    643.7
     1     1    11     5    15     6     0     0   -58.0   -5.702  -59.137   3695.3    645.6
     1     1    11     5    15     5     0     1   -59.0   -5.741  -59.069   3651.3    649.7
     1     1    11     5    15     4     0     2   -60.0   -5.788  -58.996   3592.2    654.6
     1     1    11     5    15     3     0     3   -61.0   -5.842  -58.917   3520.0    660.8
     1     1    11     5    15     2     0     2   -62.0   -5.898  -58.839   3445.6    667.4
     1     1    11     5    15     1     0     1   -63.0   -5.956  -58.771   3376.2    672.7
     1     1    11     5    15     0     0     0   -64.0   -6.017  -58.715   3309.4    678.0
     1     1    11     5    14    23     0     1   -65.0   -6.080  -58.669   3267.7    682.9
     1     1    11     5    14    22     0     2   -66.0   -6.140  -58.632   3272.0    682.0
     1     1    11     5    14    21     0     3   -67.0   -6.193  -58.611   3318.2    677.7
     1     1    11     5    14    20     0     2   -68.0   -6.230  -58.605   3375.3    670.7
     1     1    11     5    14    19     0     1   -69.0   -6.247  -58.606   3413.1    667.7
     1     1    11     5    14    18     0     0   -70.0   -6.246  -58.613   3431.1    666.3
     1     1    11     5    14    17     0     1   -71.0   -6.231  -58.616   3443.3    667.0
     1     1    11     5    14    16     0     2   -72.0   -6.204  -58.609   3463.6    665.9
     1     1    11     5    14    15     0     3   -73.0   -6.162  -58.593   3491.5    664.1
     1     1    11     5    14    14     0     2   -74.0   -6.106  -58.563   3532.7    661.3
     1     1    11     5    14    13     0     1   -75.0   -6.032  -58.517   3594.2    656.6
     1     1    11     5    14    12     0     0   -76.0   -5.941  -58.453   3677.2    650.0
     1     1    11     5    14    11     0     1   -77.0   -5.859  -58.371   3762.6    641.4
     1     1    11     5    14    10     0     2   -78.0   -5.810  -58.267   3830.2    635.5
     1     1    11     5    14     9     0     3   -79.0   -5.787  -58.142   3876.3    631.3
     1     1    11     5    14     8     0     2   -80.0   -5.779  -58.006   3896.1    629.6
     1     1    11     5    14     7     0     1   -81.0   -5.777  -57.871   3891.3    630.3
     1     1    11     5    14     6     0     0   -82.0   -5.783  -57.739   3865.6    632.3
     1     1    11     5    14     5     0     1   -83.0   -5.801  -57.607   3834.5    636.2
     1     1    11     5    14     4     0     2   -84.0   -5.828  -57.470   3811.3    638.1
     1     1    11     5    14     3     0     3   -85.0   -5.864  -57.332   3790.4    639.8
     1     1    11     5    14     2     0     2   -86.0   -5.912  -57.195   3770.1    641.4
     1     1    11     5    14     1     0     1   -87.0   -5.973  -57.063   3753.7    642.8
     1     1    11     5    14     0     0     0   -88.0   -6.049  -56.932   3745.7    643.2
     1     1    11     5    13    23     0     1   -89.0   -6.134  -56.813   3758.4    641.7
     1     1    11     5    13    22     0     2   -90.0   -6.225  -56.715   3799.1    637.3
     1     1    11     5    13    21     0     3   -91.0   -6.321  -56.635   3865.7    630.9
     1     1    11     5    13    20     0     2   -92.0   -6.420  -56.571   3935.9    623.2
     1     1    11     5    13    19     0     1   -93.0   -6.521  -56.523   3988.8    618.6
     1     1    11     5    13    18     0     0   -94.0   -6.621  -56.487   4023.7    615.3
     1     1    11     5    13    17     0     1   -95.0   -6.721  -56.454   4045.4    613.6
     1     1    11     5    13    16     0     2   -96.0   -6.819  -56.417   4062.4    612.0
     1     1    11     5    13    15     0     3   -97.0   -6.913  -56.373   4079.5    610.4
     1     1    11     5    13    14     0     2   -98.0   -7.006  -56.331   4109.0    608.2
     1     1    11     5    13    13     0     1   -99.0   -7.100  -56.300   4155.7    602.9
     1     1    11     5    13    12     0     0  -100.0   -7.192  -56.285   4213.4    597.1
     1     1    11     5    13    11     0     1  -101.0   -7.277  -56.273   4269.0    590.7
     1     1    11     5    13    10     0     2  -102.0   -7.353  -56.255   4313.5    586.0
     1     1    11     5    13     9     0     3  -103.0   -7.418  -56.228   4350.1    582.1
     1     1    11     5    13     8     0     2  -104.0   -7.472  -56.198   4384.6    579.1
     1     1    11     5    13     7     0     1  -105.0   -7.514  -56.172   4422.6    575.8
     1     1    11     5    13     6     0     0  -106.0   -7.541  -56.149   4466.4    572.4
     1     1    11     5    13     5     0     1  -107.0   -7.561  -56.120   4505.3    568.6
     1     1    11     5    13     4     0     2  -108.0   -7.582  -56.077   4526.9    566.9
     1     1    11     5    13     3     0     3  -109.0   -7.606  -56.021   4529.2    566.3
     1     1    11     5    13     2     0     2  -110.0   -7.637  -55.963   4528.6    567.3
     1     1    11     5    13     1     0     1  -111.0   -7.675  -55.917   4546.0    566.0
     1     1    11     5    13     0     0     0  -112.0   -7.720  -55.884   4585.2    563.0
     1     1    11     5    12    23     0     1  -113.0   -7.769  -55.857   4644.5    557.8
     1     1    11     5    12    22     0     2  -114.0   -7.819  -55.829   4718.6    551.8
     1     1    11     5    12    21     0     3  -115.0   -7.870  -55.802   4803.9    545.0
     1     1    11     5    12    20     0     2  -116.0   -7.915  -55.773   4877.6    538.2
     1     1    11     5    12    19     0     1  -117.0   -7.946  -55.742   4920.7    535.3
     1     1    11     5    12    18     0     0  -118.0   -7.965  -55.706   4934.8    534.4
     1     1    11     5    12    17     0     1  -119.0   -7.971  -55.669   4934.5    535.8
     1     1    11     5    12    16     0     2  -120.0   -7.959  -55.633   4934.5    536.4
     1     1    11     5    12    15     0     3  -121.0   -7.929  -55.597   4936.5    537.1
     1     1    11     5    12    14     0     2  -122.0   -7.883  -55.557   4944.0    537.4
     1     1    11     5    12    13     0     1  -123.0   -7.821  -55.509   4957.6    537.1
     1     1    11     5    12    12     0     0  -124.0   -7.744  -55.450   4973.0    536.9
     1     1    11     5    12    11     0     1  -125.0   -7.653  -55.383   4984.1    536.8
     1     1    11     5    12    10     0     2  -126.0   -7.556  -55.308   4992.3    537.4
     1     1    11     5    12     9     0     3  -127.0   -7.451  -55.224   5006.1    537.6
     1     1    11     5    12     8     0     2  -128.0   -7.348  -55.125   5027.0    537.2
     1     1    11     5    12     7     0     1  -129.0   -7.256  -55.002   5047.8    536.6
     1     1    11     5    12     6     0     0  -130.0   -7.173  -54.860   5061.1    536.4
     1     1    11     5    12     5     0     1  -131.0   -7.101  -54.704   5058.1    537.4
     1     1    11     5    12     4     0     2  -132.0   -7.039  -54.537   5029.8    540.3
     1     1    11     5    12     3     0     3  -133.0   -6.988  -54.360   4970.1    545.2
     1     1    11     5    12     2     0     2  -134.0   -6.945  -54.177   4897.8    552.3
     1     1    11     5    12     1     0     1  -135.0   -6.903  -53.994   4847.2    556.8
     1     1    11     5    12     0     0     0  -136.0   -6.861  -53.812   4825.4    556.8
     1     1    11     5    11    23     0     1  -137.0   -6.819  -53.634   4816.0    553.4
     1     1    11     5    11    22     0     2  -138.0   -6.775  -53.459   4795.5    553.3
     1     1    11     5    11    21     0     3  -139.0   -6.727  -53.286   4775.8    553.2
     1     1    11     5    11    20     0     2  -140.0   -6.673  -53.112   4763.9    552.7
     1     1    11     5    11    19     0     1  -141.0   -6.609  -52.936   4754.5    552.1
     1     1    11     5    11    18     0     0  -142.0   -6.537  -52.759   4744.8    553.8
     1     1    11     5    11    17     0     1  -143.0   -6.460  -52.582   4742.1    554.9
     1     1    11     5    11    16     0     2  -144.0   -6.380  -52.407   4750.7    554.6
     1     1    11     5    11    15     0     3  -145.0   -6.298  -52.235   4771.4    553.4
     1     1    11     5    11    14     0     2  -146.0   -6.218  -52.069   4805.7    550.9
     1     1    11     5    11    13     0     1  -147.0   -6.143  -51.908   4846.6    547.7
     1     1    11     5    11    12     0     0  -148.0   -6.072  -51.749   4880.6    545.5
     1     1    11     5    11    11     0     1  -149.0   -6.012  -51.591   4906.4    544.3
     1     1    11     5    11    10     0     2  -150.0   -5.972  -51.433   4934.9    543.0
     1     1    11     5    11     9     0     3  -151.0   -5.950  -51.270   4973.5    540.8
     1     1    11     5    11     8     0     2  -152.0   -5.939  -51.105   5027.7    537.9
     1     1    11     5    11     7     0     1  -153.0   -5.928  -50.938   5096.2    533.3
     1     1    11     5    11     6     0     0  -154.0   -5.917  -50.770   5174.0    527.3
     1     1    11     5    11     5     0     1  -155.0   -5.906  -50.593   5236.1    521.3
     1     1    11     5    11     4     0     2  -156.0   -5.896  -50.404   5258.6    519.5
     1     1    11     5    11     3     0     3  -157.0   -5.890  -50.205   5241.4    520.4
     1     1    11     5    11     2     0     2  -158.0   -5.886  -50.002   5199.8    523.7
     1     1    11     5    11     1     0     1  -159.0   -5.884  -49.803   5171.4    528.7
     1     1    11     5    11     0     0     0  -160.0   -5.882  -49.609   5157.9    531.9
     1     1    11     5    10    23     0     1  -161.0   -5.884  -49.415   5162.2    533.9
     1     1    11     5    10    22     0     2  -162.0   -5.894  -49.219   5187.0    534.1
     1     1    11     5    10    21     0     3  -163.0   -5.912  -49.019   5228.8    533.3
     1     1    11     5    10    20     0     2  -164.0   -5.937  -48.815   5269.6    529.3
     1     1    11     5    10    19     0     1  -165.0   -5.966  -48.610   5313.7    525.2
     1     1    11     5    10    18     0     0  -166.0   -5.996  -48.403   5364.9    520.7
     1     1    11     5    10    17     0     1  -167.0   -6.025  -48.190   5427.9    515.6
     1     1    11     5    10    16     0     2  -168.0   -6.052  -47.966   5503.7    509.4
     1     1    11     5    10    15     0     3  -169.0   -6.076  -47.730   5579.2    503.4
     1     1    11     5    10    14     0     2  -170.0   -6.093  -47.489   5631.8    498.8
     1     1    11     5    10    13     0     1  -171.0   -6.104  -47.250   5655.5    496.9
     1     1    11     5    10    12     0     0  -172.0   -6.113  -47.014   5655.8    496.5
     1     1    11     5    10    11     0     1  -173.0   -6.126  -46.791   5657.6    497.4
     1     1    11     5    10    10     0     2  -174.0   -6.152  -46.594   5677.4    496.0
     1     1    11     5    10     9     0     3  -175.0   -6.192  -46.424   5715.5    493.2
     1     1    11     5    10     8     0     2  -176.0   -6.242  -46.272   5762.2    489.6
     1     1    11     5    10     7     0     1  -177.0   -6.297  -46.125   5808.2    486.5
     1     1    11     5    10     6     0     0  -178.0   -6.359  -45.983   5854.0    483.4
     1     1    11     5    10     5     0     1  -179.0   -6.424  -45.849   5897.0    480.3
     1     1    11     5    10     4     0     2  -180.0   -6.492  -45.724   5933.8    477.9
     1     1    11     5    10     3     0     3  -181.0   -6.562  -45.609   5963.0    476.1
     1     1    11     5    10     2     0     2  -182.0   -6.637  -45.507   5985.6    474.7
     1     1    11     5    10     1     0     1  -183.0   -6.722  -45.423   6004.0    473.5
     1     1    11     5    10     0     0     0  -184.0   -6.816  -45.357   6020.3    472.4
     1     1    11     5     9    23     0     1  -185.0   -6.920  -45.307   6042.6    470.9
     1     1    11     5     9    22     0     2  -186.0   -7.040  -45.269   6074.9    468.3
     1     1    11     5     9    21     0     3  -187.0   -7.173  -45.243   6109.6    465.4
     1     1    11     5     9    20     0     2  -188.0   -7.305  -45.225   6143.3    463.2
     1     1    11     5     9    19     0     1  -189.0   -7.421  -45.211   6181.4    461.0
     1     1    11     5     9    18     0     0  -190.0   -7.518  -45.199   6231.8    458.1
     1     1    11     5     9    17     0     1  -191.0   -7.597  -45.186   6270.8    454.2
     1     1    11     5     9    16     0     2  -192.0   -7.662  -45.167   6270.2    454.2
     1     1    11     5     9    15     0     3  -193.0   -7.714  -45.144   6228.3    456.6
     1     1    11     5     9    14     0     2  -194.0   -7.765  -45.118   6171.8    461.6
     1     1    11     5     9    13     0     1  -195.0   -7.826  -45.093   6130.3    464.1
     1     1    11     5     9    12     0     0  -196.0   -7.896  -45.066   6103.7    465.7
     1     1    11     5     9    11     0     1  -197.0   -7.968  -45.038   6089.0    465.9
     1     1    11     5     9    10     0     2  -198.0   -8.035  -45.010   6083.3    465.6
     1     1    11     5     9     9     0     3  -199.0   -8.098  -44.980   6089.6    464.7
     1     1    11     5     9     8     0     2  -200.0   -8.147  -44.951   6107.5    463.0
     1     1    11     5     9     7     0     1  -201.0   -8.174  -44.919   6132.3    461.2
     1     1    11     5     9     6     0     0  -202.0   -8.179  -44.886   6161.5    459.4
     1     1    11     5     9     5     0     1  -203.0   -8.165  -44.851   6202.3    457.9
     1     1    11     5     9     4     0     2  -204.0   -8.133  -44.814   6263.6    454.9
     1     1    11     5     9     3     0     3  -205.0   -8.082  -44.776   6347.8    450.8
     1     1    11     5     9     2     0     2  -206.0   -8.026  -44.735   6427.3    445.0
     1     1    11     5     9     1     0     1  -207.0   -7.982  -44.688   6471.7    442.8
     1     1    11     5     9     0     0     0  -208.0   -7.950  -44.638   6481.5    442.6
     1     1    11     5     8    23     0     1  -209.0   -7.931  -44.583   6476.3    444.1
     1     1    11     5     8    22     0     2  -210.0   -7.923  -44.523   6476.5    444.1
     1     1    11     5     8    21     0     3  -211.0   -7.926  -44.459   6481.8    443.7
     1     1    11     5     8    20     0     2  -212.0   -7.930  -44.390   6486.4    443.4
     1     1    11     5     8    19     0     1  -213.0   -7.928  -44.312   6483.7    443.8
     1     1    11     5     8    18     0     0  -214.0   -7.922  -44.226   6471.9    444.7
     1     1    11     5     8    17     0     1  -215.0   -7.913  -44.132   6457.4    446.4
     1     1    11     5     8    16     0     2  -216.0   -7.902  -44.029   6447.6    447.4
     1     1    11     5     8    15     0     3  -217.0   -7.890  -43.918   6445.7    448.1
     1     1    11     5     8    14     0     2  -218.0   -7.867  -43.798   6455.4    447.7
     1     1    11     5     8    13     0     1  -219.0   -7.825  -43.671   6472.0    446.8
     1     1    11     5     8    12     0     0  -220.0   -7.764  -43.534   6486.9    446.1
     1     1    11     5     8    11     0     1  -221.0   -7.690  -43.379   6504.4    445.8
     1     1    11     5     8    10     0     2  -222.0   -7.611  -43.200   6535.6    444.5
     1     1    11     5     8     9     0     3  -223.0   -7.525  -43.002   6587.2    442.3
     1     1    11     5     8     8     0     2  -224.0   -7.434  -42.792   6634.9    438.4
     1     1    11     5     8     7     0     1  -225.0   -7.341  -42.574   6649.5    437.3
     1     1    11     5     8     6     0     0  -226.0   -7.247  -42.348   6617.8    438.6
     1     1    11     5     8     5     0     1  -227.0   -7.160  -42.113   6574.8    443.4
     1     1    11     5     8     4     0     2  -228.0   -7.083  -41.869   6566.6    443.2
     1     1    11     5     8     3     0     3  -229.0   -7.014  -41.616   6606.0    439.4
     1     1    11     5     8     2     0     2  -230.0   -6.961  -41.358   6670.8    431.6
     1     1    11     5     8     1     0     1  -231.0   -6.932  -41.097   6726.2    425.4
     1     1    11     5     8     0     0     0  -232.0   -6.931  -40.831   6756.6    420.5
     1     1    11     5     7    23     0     1  -233.0   -6.941  -40.567   6763.3    418.2
     1     1    11     5     7    22     0     2  -234.0   -6.950  -40.313   6768.0    415.7
     1     1    11     5     7    21     0     3  -235.0   -6.954  -40.073   6785.8    412.6
     1     1    11     5     7    20     0     2  -236.0   -6.943  -39.841   6832.5    410.9
     1     1    11     5     7    19     0     1  -237.0   -6.906  -39.607   6885.7    410.9
     1     1    11     5     7    18     0     0  -238.0   -6.846  -39.369   6933.3    411.3
     1     1    11     5     7    17     0     1  -239.0   -6.772  -39.125   6972.3    412.7
     1     1    11     5     7    16     0     2  -240.0   -6.694  -38.870   6995.2    414.1
     1     1    11     5     7    15     0     3  -241.0   -6.612  -38.611   7001.9    415.0
     1     1    11     5     7    14     0     2  -242.0   -6.528  -38.348   7016.0    416.3
     1     1    11     5     7    13     0     1  -243.0   -6.444  -38.083   7053.3    415.3
     1     1    11     5     7    12     0     0  -244.0   -6.358  -37.812   7107.3    412.7
     1     1    11     5     7    11     0     1  -245.0   -6.275  -37.542   7166.4    409.3
     1     1    11     5     7    10     0     2  -246.0   -6.203  -37.279   7219.3    407.4
     1     1    11     5     7     9     0     3  -247.0   -6.143  -37.025   7266.8    406.3
     1     1    11     5     7     8     0     2  -248.0   -6.089  -36.775   7310.8    404.7
     1     1    11     5     7     7     0     1  -249.0   -6.036  -36.525   7366.3    401.9
     1     1    11     5     7     6     0     0  -250.0   -5.984  -36.275   7432.1    398.2
     1     1    11     5     7     5     0     1  -251.0   -5.937  -36.015   7494.6    394.3
     1     1    11     5     7     4     0     2  -252.0   -5.895  -35.740   7561.3    394.1
     1     1    11     5     7     3     0     3  -253.0   -5.852  -35.457   7608.6    395.1
     1     1    11     5     7     2     0     2  -254.0   -5.809  -35.177   7625.4    396.7
     1     1    11     5     7     1     0     1  -255.0   -5.770  -34.909   7609.8    400.1
     1     1    11     5     7     0     0     0  -256.0   -5.731  -34.655   7584.0    402.3
     1     1    11     5     6    23     0     1  -257.0   -5.699  -34.412   7570.6    402.8
     1     1    11     5     6    22     0     2  -258.0   -5.684  -34.170   7554.4    402.6
     1     1    11     5     6    21     0     3  -259.0   -5.687  -33.928   7506.2    404.2
     1     1    11     5     6    20     0     2  -260.0   -5.692  -33.682   7433.0    409.3
     1     1    11     5     6    19     0     1  -261.0   -5.679  -33.431   7365.3    413.4
     1     1    11     5     6    18     0     0  -262.0   -5.646  -33.174   7321.7    416.3
     1     1    11     5     6    17     0     1  -263.0   -5.586  -32.907   7304.2    417.0
     1     1    11     5     6    16     0     2  -264.0   -5.494  -32.626   7298.5    417.1
     1     1    11     5     6    15     0     3  -265.0   -5.373  -32.336   7291.8    417.4
     1     1    11     5     6    14     0     2  -266.0   -5.225  -32.039   7303.6    418.2
     1     1    11     5     6    13     0     1  -267.0   -5.057  -31.739   7359.5    415.2
     1     1    11     5     6    12     0     0  -268.0   -4.877  -31.431   7457.8    410.1
     1     1    11     5     6    11     0     1  -269.0   -4.706  -31.113   7554.8    402.1
     1     1    11     5     6    10     0     2  -270.0   -4.557  -30.778   7602.6    399.0
     1     1    11     5     6     9     0     3  -271.0   -4.419  -30.426   7592.6    398.9
     1     1    11     5     6     8     0     2  -272.0   -4.278  -30.062   7557.1    402.6
     1     1    11     5     6     7     0     1  -273.0   -4.123  -29.692   7539.5    403.8
     1     1    11     5     6     6     0     0  -274.0   -3.955  -29.320   7553.0    403.2
     1     1    11     5     6     5     0     1  -275.0   -3.781  -28.945   7582.7    400.7
     1     1    11     5     6     4     0     2  -276.0   -3.610  -28.573   7604.3    399.5
     1     1    11     5     6     3     0     3  -277.0   -3.443  -28.206   7611.4    399.2
     1     1    11     5     6     2     0     2  -278.0   -3.279  -27.842   7623.8    399.9
     1     1    11     5     6     1     0     1  -279.0   -3.115  -27.477   7650.7    398.1
     1     1    11     5     6     0     0     0  -280.0   -2.951  -27.109   7669.1    396.7
     1     1    11     5     5    23     0     1  -281.0   -2.792  -26.749   7682.6    396.7
     1     1    11     5     5    22     0     2  -282.0   -2.644  -26.400   7709.1    395.3
     1     1    11     5     5    21     0     3  -283.0   -2.503  -26.062   7745.6    393.0
     1     1    11     5     5    20     0     2  -284.0   -2.371  -25.734   7780.1    390.8
     1     1    11     5     5    19     0     1  -285.0   -2.252  -25.420   7824.1    389.4
     1     1    11     5     5    18     0     0  -286.0   -2.145  -25.120   7912.7    385.7
     1     1    11     5     5    17     0     1  -287.0   -2.044  -24.825   8022.9    378.2
     1     1    11     5     5    16     0     2  -288.0   -1.945  -24.524   8093.5    373.9
     1     1    11     5     5    15     0     3  -289.0   -1.847  -24.208   8110.6    373.4
     1     1    11     5     5    14     0     2  -290.0   -1.746  -23.884   8091.0    375.1
     1     1    11     5     5    13     0     1  -291.0   -1.637  -23.564   8045.2    377.4
     1     1    11     5     5    12     0     0  -292.0   -1.524  -23.251   7959.7    381.2
     1     1    11     5     5    11     0     3  -293.0   -1.404  -22.942   7852.3    388.0
     1     1    11     5     5    10     0     6  -294.0   -1.272  -22.643   7773.5    393.0
     1     1    11     5     5     9     0     9  -295.0   -1.126  -22.357   7750.3    394.4
     1     1    11     5     5     8     0     8  -296.0   -0.970  -22.083   7783.9    392.2
     1     1    11     5     5     7     0     7  -297.0   -0.804  -21.821   7835.3    387.7
     1     1    11     5     5     6     0     6  -298.0   -0.626  -21.566   7870.9    385.6
     1     1    11     5     5     5     0     5  -299.0   -0.442  -21.314   7890.2    384.7
     1     1    11     5     5     4     0     4  -300.0   -0.261  -21.056   7900.3    384.6
     1     1    11     5     5     3     0     3  -301.0   -0.084  -20.793   7907.0    384.2
     1     1    11     5     5     2     0     2  -302.0    0.092  -20.527   7896.8    384.3
     1     1    11     5     5     1     0     1  -303.0    0.264  -20.258   7866.8    386.6
     1     1    11     5     5     0     0     0  -304.0    0.429  -19.990   7834.5    388.8
     1     1    11     5     4    23     0     1  -305.0    0.589  -19.723   7816.6    390.2
     1     1    11     5     4    22     0     2  -306.0    0.747  -19.456   7823.9    389.7
     1     1    11     5     4    21     0     3  -307.0    0.902  -19.189   7861.7    387.9
     1     1    11     5     4    20     0     2  -308.0    1.067  -18.917   7896.3    384.1
     1     1    11     5     4    19     0     1  -309.0    1.251  -18.632   7907.2    384.4
     1     1    11     5     4    18     0     0  -310.0    1.458  -18.336   7943.4    383.9
     1     1    11     5     4    17     0     1  -311.0    1.688  -18.040   8007.9    379.4
     1     1    11     5     4    16     0     2  -312.0    1.936  -17.746   8051.0    376.1
     1     1    11     5     4    15     0     3  -313.0    2.199  -17.451   8091.6    376.1
     1     1    11     5     4    14     0     2  -314.0    2.470  -17.157   8134.3    372.2
     1     1    11     5     4    13     0     1  -315.0    2.736  -16.857   8125.2    371.9
     1     1    11     5     4    12     0     0  -316.0    2.988  -16.538   8049.8    376.1
     1     1    11     5     4    11     0     3  -317.0    3.210  -16.198   7986.1    382.9
     1     1    11     5     4    10     0     6  -318.0    3.413  -15.854   7988.7    381.9
     1     1    11     5     4     9     0     9  -319.0    3.604  -15.512   8033.9    379.3
     1     1    11     5     4     8     0     8  -320.0    3.791  -15.182   8095.6    375.1
     1     1    11     5     4     7     0     7  -321.0    3.980  -14.866   8143.4    371.9
     1     1    11     5     4     6     0     6  -322.0    4.176  -14.564   8155.7    370.6
     1     1    11     5     4     5     0     5  -323.0    4.381  -14.271   8135.5    372.4
     1     1    11     5     4     4     0     4  -324.0    4.589  -13.988   8105.0    374.6
     1     1    11     5     4     3     0     3  -325.0    4.794  -13.720   8092.9    376.3
     1     1    11     5     4     2     0     2  -326.0    5.004  -13.470   8115.4    375.3
     1     1    11     5     4     1     0     1  -327.0    5.229  -13.236   8167.9    372.9
     1     1    11     5     4     0     0     0  -328.0    5.472  -13.018   8258.4    369.1
     1     1    11     5     3    23     0     1  -329.0    5.729  -12.832   8369.2    362.3
     1     1    11     5     3    22     0     2  -330.0    6.004  -12.687   8473.1    357.2
     1     1    11     5     3    21     0     3  -331.0    6.298  -12.581   8559.7    352.5
     1     1    11     5     3    20     0     2  -332.0    6.592  -12.505   8625.0    349.5
     1     1    11     5     3    19     0     1  -333.0    6.876  -12.450   8686.1    346.8
     1     1    11     5     3    18     0     0  -334.0    7.158  -12.418   8748.4    343.3
     1     1    11     5     3    17     0     1  -335.0    7.439  -12.403   8760.8    339.6
     1     1    11     5     3    16     0     2  -336.0    7.706  -12.387   8608.4    343.0
