     3     1
    GDAS    11     6     1     0     0
    GDAS    11     6     8     0     0
    GDAS    11     6    15     0     0
     1 BACKWARD OMEGA   
  2011     6    19    16   -8.880  -56.860  2590.8
     1 PRESSURE
     1     1    11     6    19    16     0     2     0.0   -8.880  -56.860   2590.8    732.0
     1     1    11     6    19    15     0     3    -1.0   -8.732  -56.691   2581.5    728.8
     1     1    11     6    19    14     0     2    -2.0   -8.589  -56.515   2566.6    727.4
     1     1    11     6    19    13     0     1    -3.0   -8.447  -56.337   2560.0    724.7
     1     1    11     6    19    12     0     0    -4.0   -8.302  -56.156   2564.8    720.8
     1     1    11     6    19    11     0     1    -5.0   -8.163  -55.977   2567.4    716.1
     1     1    11     6    19    10     0     2    -6.0   -8.039  -55.808   2559.1    715.8
     1     1    11     6    19     9     0     3    -7.0   -7.928  -55.649   2543.0    718.3
     1     1    11     6    19     8     0     2    -8.0   -7.826  -55.494   2524.1    722.8
     1     1    11     6    19     7     0     1    -9.0   -7.728  -55.334   2508.1    726.3
     1     1    11     6    19     6     0     0   -10.0   -7.635  -55.169   2495.0    729.2
     1     1    11     6    19     5     0     1   -11.0   -7.548  -54.996   2489.7    732.0
     1     1    11     6    19     4     0     2   -12.0   -7.467  -54.811   2497.5    732.7
     1     1    11     6    19     3     0     3   -13.0   -7.394  -54.615   2519.4    732.1
     1     1    11     6    19     2     0     2   -14.0   -7.332  -54.414   2554.2    729.9
     1     1    11     6    19     1     0     1   -15.0   -7.283  -54.212   2602.4    726.8
     1     1    11     6    19     0     0     0   -16.0   -7.248  -54.008   2667.1    722.2
     1     1    11     6    18    23     0     1   -17.0   -7.216  -53.803   2731.8    714.0
     1     1    11     6    18    22     0     2   -18.0   -7.179  -53.600   2782.8    708.0
     1     1    11     6    18    21     0     3   -19.0   -7.135  -53.397   2819.5    703.0
     1     1    11     6    18    20     0     2   -20.0   -7.085  -53.191   2837.3    699.0
     1     1    11     6    18    19     0     1   -21.0   -7.030  -52.979   2830.6    697.2
     1     1    11     6    18    18     0     0   -22.0   -6.966  -52.763   2805.6    700.8
     1     1    11     6    18    17     0     1   -23.0   -6.896  -52.539   2774.4    706.2
     1     1    11     6    18    16     0     2   -24.0   -6.824  -52.303   2750.0    709.6
     1     1    11     6    18    15     0     3   -25.0   -6.748  -52.055   2730.9    712.3
     1     1    11     6    18    14     0     2   -26.0   -6.667  -51.794   2721.1    713.8
     1     1    11     6    18    13     0     1   -27.0   -6.580  -51.520   2725.1    713.7
     1     1    11     6    18    12     0     0   -28.0   -6.488  -51.229   2739.2    712.9
     1     1    11     6    18    11     0     1   -29.0   -6.391  -50.927   2759.6    711.4
     1     1    11     6    18    10     0     2   -30.0   -6.294  -50.621   2775.5    707.9
     1     1    11     6    18     9     0     3   -31.0   -6.197  -50.314   2776.9    705.8
     1     1    11     6    18     8     0     2   -32.0   -6.097  -49.999   2758.5    705.7
     1     1    11     6    18     7     0     1   -33.0   -5.991  -49.676   2758.6    713.6
     1     1    11     6    18     6     0     0   -34.0   -5.881  -49.345   2805.7    715.5
     1     1    11     6    18     5     0     1   -35.0   -5.768  -49.008   2884.7    712.3
     1     1    11     6    18     4     0     2   -36.0   -5.659  -48.663   2954.7    702.6
     1     1    11     6    18     3     0     3   -37.0   -5.554  -48.307   3013.5    695.7
     1     1    11     6    18     2     0     2   -38.0   -5.456  -47.947   3073.0    689.1
     1     1    11     6    18     1     0     1   -39.0   -5.372  -47.591   3130.4    683.1
     1     1    11     6    18     0     0     0   -40.0   -5.296  -47.237   3172.3    679.6
     1     1    11     6    17    23     0     1   -41.0   -5.236  -46.889   3193.8    677.2
     1     1    11     6    17    22     0     2   -42.0   -5.197  -46.548   3198.5    678.4
     1     1    11     6    17    21     0     3   -43.0   -5.175  -46.207   3194.7    679.4
     1     1    11     6    17    20     0     2   -44.0   -5.157  -45.857   3186.2    681.9
     1     1    11     6    17    19     0     1   -45.0   -5.126  -45.495   3175.2    685.3
     1     1    11     6    17    18     0     0   -46.0   -5.080  -45.124   3163.6    689.6
     1     1    11     6    17    17     0     1   -47.0   -5.022  -44.745   3150.8    691.2
     1     1    11     6    17    16     0     2   -48.0   -4.957  -44.358   3140.3    690.9
     1     1    11     6    17    15     0     3   -49.0   -4.892  -43.973   3136.8    690.2
     1     1    11     6    17    14     0     2   -50.0   -4.828  -43.586   3147.8    691.0
     1     1    11     6    17    13     0     1   -51.0   -4.763  -43.191   3174.0    690.0
     1     1    11     6    17    12     0     0   -52.0   -4.689  -42.788   3209.5    686.6
     1     1    11     6    17    11     0     1   -53.0   -4.617  -42.391   3252.1    681.3
     1     1    11     6    17    10     0     2   -54.0   -4.558  -42.014   3306.7    675.5
     1     1    11     6    17     9     0     3   -55.0   -4.508  -41.661   3358.0    661.9
     1     1    11     6    17     8     0     2   -56.0   -4.459  -41.324   3404.4    648.9
     1     1    11     6    17     7     0     1   -57.0   -4.402  -40.998   3450.3    637.0
     1     1    11     6    17     6     0     0   -58.0   -4.336  -40.671   3507.2    633.3
     1     1    11     6    17     5     0     1   -59.0   -4.266  -40.327   3537.7    635.1
     1     1    11     6    17     4     0     2   -60.0   -4.198  -39.965   3551.1    641.4
     1     1    11     6    17     3     0     3   -61.0   -4.139  -39.597   3597.5    645.2
     1     1    11     6    17     2     0     2   -62.0   -4.096  -39.236   3711.7    638.2
     1     1    11     6    17     1     0     1   -63.0   -4.058  -38.885   3857.8    627.8
     1     1    11     6    17     0     0     0   -64.0   -4.016  -38.543   3971.4    622.0
     1     1    11     6    16    23     0     1   -65.0   -3.978  -38.201   3994.9    625.0
     1     1    11     6    16    22     0     2   -66.0   -3.947  -37.862   3921.9    634.6
     1     1    11     6    16    21     0     3   -67.0   -3.920  -37.528   3812.5    646.8
     1     1    11     6    16    20     0     2   -68.0   -3.891  -37.195   3704.5    654.0
     1     1    11     6    16    19     0     1   -69.0   -3.861  -36.861   3557.8    663.9
     1     1    11     6    16    18     0     0   -70.0   -3.826  -36.529   3343.9    681.0
     1     1    11     6    16    17     0     1   -71.0   -3.784  -36.197   3136.0    705.0
     1     1    11     6    16    16     0     2   -72.0   -3.735  -35.865   2999.8    715.8
     1     1    11     6    16    15     0     3   -73.0   -3.685  -35.535   2888.3    722.4
     1     1    11     6    16    14     0     2   -74.0   -3.634  -35.210   2742.3    733.2
     1     1    11     6    16    13     0     1   -75.0   -3.579  -34.890   2570.7    751.2
     1     1    11     6    16    12     0     0   -76.0   -3.518  -34.575   2441.2    766.3
     1     1    11     6    16    11     0     1   -77.0   -3.457  -34.266   2328.9    770.7
     1     1    11     6    16    10     0     2   -78.0   -3.396  -33.964   2132.1    784.6
     1     1    11     6    16     9     0     3   -79.0   -3.333  -33.659   1879.5    814.5
     1     1    11     6    16     8     0     2   -80.0   -3.273  -33.344   1700.1    837.8
     1     1    11     6    16     7     0     1   -81.0   -3.218  -33.017   1622.4    841.9
     1     1    11     6    16     6     0     0   -82.0   -3.168  -32.686   1586.7    842.7
     1     1    11     6    16     5     0     1   -83.0   -3.121  -32.363   1553.8    845.2
     1     1    11     6    16     4     0     2   -84.0   -3.066  -32.052   1488.1    849.9
     1     1    11     6    16     3     0     3   -85.0   -3.009  -31.745   1387.7    862.1
     1     1    11     6    16     2     0     2   -86.0   -2.957  -31.430   1301.7    873.9
     1     1    11     6    16     1     0     1   -87.0   -2.910  -31.093   1239.7    878.5
     1     1    11     6    16     0     0     0   -88.0   -2.861  -30.734   1179.2    884.6
     1     1    11     6    15    23     0     1   -89.0   -2.821  -30.386   1133.9    890.6
     1     1    11     6    15    22     0     2   -90.0   -2.798  -30.069   1111.6    891.7
     1     1    11     6    15    21     0     3   -91.0   -2.787  -29.767   1096.7    891.7
     1     1    11     6    15    20     0     2   -92.0   -2.786  -29.471   1082.8    893.2
     1     1    11     6    15    19     0     1   -93.0   -2.796  -29.182   1076.2    894.0
     1     1    11     6    15    18     0     0   -94.0   -2.814  -28.901   1079.9    893.4
     1     1    11     6    15    17     0     1   -95.0   -2.840  -28.629   1085.6    892.2
     1     1    11     6    15    16     0     2   -96.0   -2.874  -28.362   1087.6    892.6
     1     1    11     6    15    15     0     3   -97.0   -2.917  -28.102   1092.7    892.8
     1     1    11     6    15    14     0     2   -98.0   -2.967  -27.843   1100.4    891.9
     1     1    11     6    15    13     0     1   -99.0   -3.019  -27.582   1105.4    891.6
     1     1    11     6    15    12     0     0  -100.0   -3.074  -27.320   1109.0    891.8
     1     1    11     6    15    11     0     1  -101.0   -3.132  -27.059   1116.5    891.1
     1     1    11     6    15    10     0     2  -102.0   -3.191  -26.803   1130.5    889.4
     1     1    11     6    15     9     0     3  -103.0   -3.252  -26.550   1149.7    887.2
     1     1    11     6    15     8     0     2  -104.0   -3.319  -26.301   1168.1    884.7
     1     1    11     6    15     7     0     1  -105.0   -3.395  -26.059   1186.2    883.1
     1     1    11     6    15     6     0     0  -106.0   -3.476  -25.827   1207.9    880.5
     1     1    11     6    15     5     0     1  -107.0   -3.555  -25.604   1229.0    878.4
     1     1    11     6    15     4     0     2  -108.0   -3.625  -25.388   1245.2    877.0
     1     1    11     6    15     3     0     3  -109.0   -3.689  -25.178   1253.6    876.4
     1     1    11     6    15     2     0     2  -110.0   -3.751  -24.967   1259.7    876.7
     1     1    11     6    15     1     0     1  -111.0   -3.816  -24.746   1272.9    875.9
     1     1    11     6    15     0     0     0  -112.0   -3.885  -24.514   1297.4    873.8
     1     1    11     6    14    23     0     1  -113.0   -3.956  -24.275   1330.7    869.5
     1     1    11     6    14    22     0     2  -114.0   -4.029  -24.032   1365.9    865.3
     1     1    11     6    14    21     0     3  -115.0   -4.106  -23.786   1396.7    861.5
     1     1    11     6    14    20     0     2  -116.0   -4.182  -23.541   1418.4    859.1
     1     1    11     6    14    19     0     1  -117.0   -4.253  -23.298   1429.5    857.8
     1     1    11     6    14    18     0     0  -118.0   -4.322  -23.057   1428.9    857.7
     1     1    11     6    14    17     0     1  -119.0   -4.391  -22.821   1428.5    859.2
     1     1    11     6    14    16     0     2  -120.0   -4.459  -22.595   1438.0    858.4
     1     1    11     6    14    15     0     3  -121.0   -4.527  -22.381   1451.7    857.0
     1     1    11     6    14    14     0     2  -122.0   -4.599  -22.171   1467.3    855.8
     1     1    11     6    14    13     0     1  -123.0   -4.678  -21.956   1487.8    854.4
     1     1    11     6    14    12     0     0  -124.0   -4.766  -21.736   1515.5    851.8
     1     1    11     6    14    11     0     1  -125.0   -4.856  -21.517   1543.5    848.1
     1     1    11     6    14    10     0     2  -126.0   -4.948  -21.305   1568.3    845.7
     1     1    11     6    14     9     0     3  -127.0   -5.041  -21.097   1591.6    843.0
     1     1    11     6    14     8     0     2  -128.0   -5.132  -20.899   1609.7    840.7
     1     1    11     6    14     7     0     1  -129.0   -5.217  -20.712   1621.3    839.5
     1     1    11     6    14     6     0     0  -130.0   -5.296  -20.537   1628.1    838.6
     1     1    11     6    14     5     0     1  -131.0   -5.370  -20.372   1638.2    838.8
     1     1    11     6    14     4     0     2  -132.0   -5.438  -20.214   1659.1    837.0
     1     1    11     6    14     3     0     3  -133.0   -5.500  -20.066   1690.8    834.3
     1     1    11     6    14     2     0     2  -134.0   -5.552  -19.926   1717.4    830.4
     1     1    11     6    14     1     0     1  -135.0   -5.594  -19.790   1721.7    830.1
     1     1    11     6    14     0     0     0  -136.0   -5.629  -19.652   1703.0    832.2
     1     1    11     6    13    23     0     1  -137.0   -5.669  -19.508   1678.9    836.1
     1     1    11     6    13    22     0     2  -138.0   -5.725  -19.362   1664.7    837.2
     1     1    11     6    13    21     0     3  -139.0   -5.796  -19.217   1658.4    837.6
     1     1    11     6    13    20     0     2  -140.0   -5.871  -19.077   1658.1    837.2
     1     1    11     6    13    19     0     1  -141.0   -5.940  -18.943   1663.8    836.4
     1     1    11     6    13    18     0     0  -142.0   -6.001  -18.816   1677.2    834.9
     1     1    11     6    13    17     0     1  -143.0   -6.052  -18.699   1695.1    833.0
     1     1    11     6    13    16     0     2  -144.0   -6.092  -18.589   1714.1    831.4
     1     1    11     6    13    15     0     3  -145.0   -6.120  -18.486   1735.5    829.6
     1     1    11     6    13    14     0     2  -146.0   -6.143  -18.383   1761.3    827.7
     1     1    11     6    13    13     0     1  -147.0   -6.167  -18.276   1792.7    825.0
     1     1    11     6    13    12     0     0  -148.0   -6.193  -18.165   1828.1    821.9
     1     1    11     6    13    11     0     1  -149.0   -6.216  -18.060   1863.4    818.1
     1     1    11     6    13    10     0     2  -150.0   -6.235  -17.967   1895.2    814.9
     1     1    11     6    13     9     0     3  -151.0   -6.250  -17.886   1924.0    812.0
     1     1    11     6    13     8     0     2  -152.0   -6.263  -17.816   1943.9    809.2
     1     1    11     6    13     7     0     1  -153.0   -6.276  -17.753   1950.0    808.4
     1     1    11     6    13     6     0     0  -154.0   -6.291  -17.696   1944.3    808.7
     1     1    11     6    13     5     0     1  -155.0   -6.306  -17.639   1937.3    810.3
     1     1    11     6    13     4     0     2  -156.0   -6.321  -17.583   1937.7    810.1
     1     1    11     6    13     3     0     3  -157.0   -6.333  -17.526   1942.5    809.5
     1     1    11     6    13     2     0     2  -158.0   -6.338  -17.468   1952.8    809.0
     1     1    11     6    13     1     0     1  -159.0   -6.330  -17.408   1972.2    807.5
     1     1    11     6    13     0     0     0  -160.0   -6.311  -17.347   2003.3    804.9
     1     1    11     6    12    23     0     1  -161.0   -6.283  -17.290   2039.1    800.6
     1     1    11     6    12    22     0     2  -162.0   -6.252  -17.241   2072.0    797.5
     1     1    11     6    12    21     0     3  -163.0   -6.217  -17.197   2104.6    794.5
     1     1    11     6    12    20     0     2  -164.0   -6.180  -17.158   2133.6    791.1
     1     1    11     6    12    19     0     1  -165.0   -6.143  -17.122   2151.5    788.9
     1     1    11     6    12    18     0     0  -166.0   -6.108  -17.086   2153.0    788.2
     1     1    11     6    12    17     0     1  -167.0   -6.071  -17.051   2153.1    790.0
     1     1    11     6    12    16     0     2  -168.0   -6.030  -17.023   2171.5    788.7
     1     1    11     6    12    15     0     3  -169.0   -5.981  -17.005   2211.8    785.3
     1     1    11     6    12    14     0     2  -170.0   -5.927  -16.996   2247.6    779.8
     1     1    11     6    12    13     0     1  -171.0   -5.873  -16.986   2249.1    779.9
     1     1    11     6    12    12     0     0  -172.0   -5.822  -16.969   2217.9    783.2
     1     1    11     6    12    11     0     1  -173.0   -5.773  -16.944   2162.8    788.8
     1     1    11     6    12    10     0     2  -174.0   -5.724  -16.914   2090.9    795.4
     1     1    11     6    12     9     0     3  -175.0   -5.675  -16.874   2002.1    803.7
     1     1    11     6    12     8     0     2  -176.0   -5.631  -16.823   1905.1    813.5
     1     1    11     6    12     7     0     1  -177.0   -5.597  -16.759   1808.5    822.5
     1     1    11     6    12     6     0     0  -178.0   -5.573  -16.681   1712.9    831.2
     1     1    11     6    12     5     0     1  -179.0   -5.552  -16.591   1625.7    840.5
     1     1    11     6    12     4     0     2  -180.0   -5.530  -16.495   1549.9    847.7
     1     1    11     6    12     3     0     3  -181.0   -5.505  -16.396   1479.1    854.6
     1     1    11     6    12     2     0     2  -182.0   -5.486  -16.290   1416.2    861.5
     1     1    11     6    12     1     0     1  -183.0   -5.479  -16.176   1367.1    866.7
     1     1    11     6    12     0     0     0  -184.0   -5.480  -16.056   1331.3    870.5
     1     1    11     6    11    23     0     1  -185.0   -5.493  -15.930   1302.5    872.7
     1     1    11     6    11    22     0     2  -186.0   -5.523  -15.793   1274.3    875.5
     1     1    11     6    11    21     0     3  -187.0   -5.568  -15.647   1246.0    878.3
     1     1    11     6    11    20     0     2  -188.0   -5.616  -15.493   1215.9    881.2
     1     1    11     6    11    19     0     1  -189.0   -5.659  -15.334   1181.3    884.5
     1     1    11     6    11    18     0     0  -190.0   -5.696  -15.171   1139.1    888.6
     1     1    11     6    11    17     0     1  -191.0   -5.730  -15.009   1090.1    894.0
     1     1    11     6    11    16     0     2  -192.0   -5.765  -14.853   1040.0    899.8
     1     1    11     6    11    15     0     3  -193.0   -5.799  -14.703    992.7    905.1
     1     1    11     6    11    14     0     2  -194.0   -5.834  -14.550    946.5    910.2
     1     1    11     6    11    13     0     1  -195.0   -5.874  -14.389    897.3    915.7
     1     1    11     6    11    12     0     0  -196.0   -5.918  -14.214    840.6    921.8
     1     1    11     6    11    11     0     1  -197.0   -5.971  -14.026    778.3    928.6
     1     1    11     6    11    10     0     2  -198.0   -6.038  -13.833    724.0    935.6
     1     1    11     6    11     9     0     3  -199.0   -6.118  -13.641    683.5    939.8
     1     1    11     6    11     8     0     2  -200.0   -6.214  -13.447    648.8    942.9
     1     1    11     6    11     7     0     1  -201.0   -6.322  -13.250    619.3    946.0
     1     1    11     6    11     6     0     0  -202.0   -6.437  -13.052    600.5    947.7
     1     1    11     6    11     5     0     1  -203.0   -6.556  -12.855    593.3    948.3
     1     1    11     6    11     4     0     2  -204.0   -6.682  -12.658    598.0    947.9
     1     1    11     6    11     3     0     3  -205.0   -6.812  -12.462    619.6    946.0
     1     1    11     6    11     2     0     2  -206.0   -6.951  -12.273    660.2    941.9
     1     1    11     6    11     1     0     1  -207.0   -7.099  -12.102    715.4    935.8
     1     1    11     6    11     0     0     0  -208.0   -7.252  -11.959    780.9    929.0
     1     1    11     6    10    23     0     1  -209.0   -7.402  -11.835    846.0    921.0
     1     1    11     6    10    22     0     2  -210.0   -7.549  -11.715    899.6    915.4
     1     1    11     6    10    21     0     3  -211.0   -7.698  -11.594    945.9    910.4
     1     1    11     6    10    20     0     2  -212.0   -7.853  -11.479    990.7    905.6
     1     1    11     6    10    19     0     1  -213.0   -8.012  -11.378   1040.7    900.4
     1     1    11     6    10    18     0     0  -214.0   -8.169  -11.299   1095.7    894.0
     1     1    11     6    10    17     0     1  -215.0   -8.314  -11.245   1144.4    888.4
     1     1    11     6    10    16     0     2  -216.0   -8.445  -11.217   1179.3    884.8
     1     1    11     6    10    15     0     3  -217.0   -8.564  -11.209   1200.8    882.5
     1     1    11     6    10    14     0     2  -218.0   -8.679  -11.216   1212.1    882.0
     1     1    11     6    10    13     0     1  -219.0   -8.795  -11.232   1217.8    881.9
     1     1    11     6    10    12     0     0  -220.0   -8.912  -11.258   1221.7    882.0
     1     1    11     6    10    11     0     1  -221.0   -9.027  -11.290   1232.8    881.5
     1     1    11     6    10    10     0     2  -222.0   -9.139  -11.329   1258.2    878.7
     1     1    11     6    10     9     0     3  -223.0   -9.246  -11.374   1295.3    874.5
     1     1    11     6    10     8     0     2  -224.0   -9.346  -11.432   1337.3    869.5
     1     1    11     6    10     7     0     1  -225.0   -9.435  -11.504   1378.9    865.0
     1     1    11     6    10     6     0     0  -226.0   -9.514  -11.592   1420.5    860.7
     1     1    11     6    10     5     0     1  -227.0   -9.591  -11.692   1461.9    856.7
     1     1    11     6    10     4     0     2  -228.0   -9.672  -11.797   1503.3    852.9
     1     1    11     6    10     3     0     3  -229.0   -9.757  -11.908   1548.0    848.6
     1     1    11     6    10     2     0     2  -230.0   -9.838  -12.027   1595.4    843.8
     1     1    11     6    10     1     0     1  -231.0   -9.908  -12.148   1642.7    839.4
     1     1    11     6    10     0     0     0  -232.0   -9.965  -12.269   1691.7    835.0
     1     1    11     6     9    23     0     1  -233.0  -10.014  -12.386   1734.0    829.9
     1     1    11     6     9    22     0     2  -234.0  -10.063  -12.496   1759.4    827.3
     1     1    11     6     9    21     0     3  -235.0  -10.114  -12.594   1767.2    826.5
     1     1    11     6     9    20     0     2  -236.0  -10.164  -12.684   1771.5    827.1
     1     1    11     6     9    19     0     1  -237.0  -10.212  -12.775   1787.6    825.2
     1     1    11     6     9    18     0     0  -238.0  -10.253  -12.868   1816.2    822.2
     1     1    11     6     9    17     0     1  -239.0  -10.285  -12.967   1846.9    818.4
     1     1    11     6     9    16     0     2  -240.0  -10.305  -13.068   1868.6    816.5
     1     1    11     6     9    15     0     3  -241.0  -10.316  -13.171   1883.6    815.4
     1     1    11     6     9    14     0     2  -242.0  -10.321  -13.274   1893.4    814.7
     1     1    11     6     9    13     0     1  -243.0  -10.324  -13.377   1895.8    814.5
     1     1    11     6     9    12     0     0  -244.0  -10.327  -13.477   1886.7    815.5
     1     1    11     6     9    11     0     1  -245.0  -10.321  -13.571   1869.8    817.9
     1     1    11     6     9    10     0     2  -246.0  -10.298  -13.660   1852.1    819.8
     1     1    11     6     9     9     0     3  -247.0  -10.258  -13.744   1835.5    821.6
     1     1    11     6     9     8     0     2  -248.0  -10.208  -13.821   1821.9    822.6
     1     1    11     6     9     7     0     1  -249.0  -10.154  -13.893   1813.1    823.1
     1     1    11     6     9     6     0     0  -250.0  -10.095  -13.960   1809.8    823.1
     1     1    11     6     9     5     0     1  -251.0  -10.038  -14.020   1808.8    823.0
     1     1    11     6     9     4     0     2  -252.0   -9.990  -14.073   1805.8    823.4
     1     1    11     6     9     3     0     3  -253.0   -9.955  -14.120   1800.2    824.1
     1     1    11     6     9     2     0     2  -254.0   -9.932  -14.161   1800.1    824.9
     1     1    11     6     9     1     0     1  -255.0   -9.921  -14.201   1814.5    823.7
     1     1    11     6     9     0     0     0  -256.0   -9.921  -14.243   1844.4    820.9
     1     1    11     6     8    23     0     1  -257.0   -9.928  -14.289   1886.5    816.5
     1     1    11     6     8    22     0     2  -258.0   -9.941  -14.338   1936.6    811.6
     1     1    11     6     8    21     0     3  -259.0   -9.958  -14.393   1994.5    806.0
     1     1    11     6     8    20     0     2  -260.0   -9.977  -14.449   2044.5    799.3
     1     1    11     6     8    19     0     1  -261.0   -9.995  -14.498   2070.6    796.4
     1     1    11     6     8    18     0     0  -262.0  -10.010  -14.534   2073.0    795.7
     1     1    11     6     8    17     0     1  -263.0  -10.021  -14.562   2064.0    797.8
     1     1    11     6     8    16     0     2  -264.0  -10.024  -14.591   2055.5    798.5
     1     1    11     6     8    15     0     3  -265.0  -10.019  -14.622   2046.8    799.4
     1     1    11     6     8    14     0     2  -266.0  -10.013  -14.652   2040.8    800.4
     1     1    11     6     8    13     0     1  -267.0  -10.012  -14.684   2041.6    800.6
     1     1    11     6     8    12     0     0  -268.0  -10.016  -14.718   2051.1    800.0
     1     1    11     6     8    11     0     1  -269.0  -10.022  -14.751   2064.8    798.2
     1     1    11     6     8    10     0     2  -270.0  -10.029  -14.781   2074.8    797.2
     1     1    11     6     8     9     0     3  -271.0  -10.036  -14.808   2079.1    796.7
     1     1    11     6     8     8     0     2  -272.0  -10.043  -14.833   2081.4    796.6
     1     1    11     6     8     7     0     1  -273.0  -10.049  -14.862   2087.1    795.8
     1     1    11     6     8     6     0     0  -274.0  -10.054  -14.896   2096.9    794.6
     1     1    11     6     8     5     0     1  -275.0  -10.058  -14.938   2106.3    793.4
     1     1    11     6     8     4     0     2  -276.0  -10.059  -14.990   2110.1    793.1
     1     1    11     6     8     3     0     3  -277.0  -10.056  -15.052   2107.9    793.4
     1     1    11     6     8     2     0     2  -278.0  -10.053  -15.128   2100.6    794.3
     1     1    11     6     8     1     0     1  -279.0  -10.049  -15.217   2089.3    795.5
     1     1    11     6     8     0     0     0  -280.0  -10.047  -15.317   2074.1    797.0
     1     1    11     6     7    23     0     1  -281.0  -10.044  -15.420   2060.1    798.7
     1     1    11     6     7    22     0     2  -282.0  -10.042  -15.519   2052.6    799.3
     1     1    11     6     7    21     0     3  -283.0  -10.041  -15.616   2050.8    799.3
     1     1    11     6     7    20     0     2  -284.0  -10.043  -15.709   2056.4    798.6
     1     1    11     6     7    19     0     1  -285.0  -10.048  -15.796   2070.3    797.0
     1     1    11     6     7    18     0     0  -286.0  -10.057  -15.881   2091.2    794.7
     1     1    11     6     7    17     0     1  -287.0  -10.065  -15.964   2110.3    792.2
     1     1    11     6     7    16     0     2  -288.0  -10.066  -16.045   2120.3    791.5
     1     1    11     6     7    15     0     3  -289.0  -10.059  -16.122   2122.0    791.5
     1     1    11     6     7    14     0     2  -290.0  -10.048  -16.195   2119.1    792.3
     1     1    11     6     7    13     0     1  -291.0  -10.039  -16.263   2116.6    792.7
     1     1    11     6     7    12     0     0  -292.0  -10.032  -16.326   2115.5    793.1
     1     1    11     6     7    11     0     1  -293.0  -10.030  -16.390   2120.0    792.9
     1     1    11     6     7    10     0     2  -294.0  -10.038  -16.460   2132.5    791.6
     1     1    11     6     7     9     0     3  -295.0  -10.057  -16.538   2150.8    789.7
     1     1    11     6     7     8     0     2  -296.0  -10.087  -16.624   2164.6    787.5
     1     1    11     6     7     7     0     1  -297.0  -10.125  -16.715   2166.4    787.2
     1     1    11     6     7     6     0     0  -298.0  -10.171  -16.812   2157.8    787.9
     1     1    11     6     7     5     0     1  -299.0  -10.219  -16.909   2142.4    789.6
     1     1    11     6     7     4     0     2  -300.0  -10.267  -17.003   2123.8    791.4
     1     1    11     6     7     3     0     3  -301.0  -10.312  -17.094   2103.0    793.4
     1     1    11     6     7     2     0     2  -302.0  -10.355  -17.183   2089.2    795.9
     1     1    11     6     7     1     0     1  -303.0  -10.400  -17.272   2091.7    795.9
     1     1    11     6     7     0     0     0  -304.0  -10.446  -17.364   2109.7    794.5
     1     1    11     6     6    23     0     1  -305.0  -10.499  -17.460   2133.4    791.2
     1     1    11     6     6    22     0     2  -306.0  -10.565  -17.559   2153.6    789.2
     1     1    11     6     6    21     0     3  -307.0  -10.642  -17.659   2171.4    787.5
     1     1    11     6     6    20     0     2  -308.0  -10.730  -17.759   2185.5    785.6
     1     1    11     6     6    19     0     1  -309.0  -10.824  -17.853   2193.5    784.6
     1     1    11     6     6    18     0     0  -310.0  -10.925  -17.942   2195.7    784.1
     1     1    11     6     6    17     0     1  -311.0  -11.030  -18.030   2205.3    784.5
     1     1    11     6     6    16     0     2  -312.0  -11.138  -18.130   2234.3    781.9
     1     1    11     6     6    15     0     3  -313.0  -11.251  -18.244   2279.7    777.7
     1     1    11     6     6    14     0     2  -314.0  -11.371  -18.367   2325.0    772.6
     1     1    11     6     6    13     0     1  -315.0  -11.498  -18.492   2357.9    770.1
     1     1    11     6     6    12     0     0  -316.0  -11.630  -18.617   2382.6    768.4
     1     1    11     6     6    11     0     1  -317.0  -11.766  -18.744   2406.9    766.6
     1     1    11     6     6    10     0     2  -318.0  -11.902  -18.877   2436.5    763.7
     1     1    11     6     6     9     0     3  -319.0  -12.039  -19.013   2471.3    760.4
     1     1    11     6     6     8     0     2  -320.0  -12.172  -19.151   2502.8    756.7
     1     1    11     6     6     7     0     1  -321.0  -12.301  -19.289   2524.5    754.7
     1     1    11     6     6     6     0     0  -322.0  -12.430  -19.427   2540.9    753.3
     1     1    11     6     6     5     0     1  -323.0  -12.558  -19.566   2557.8    752.1
     1     1    11     6     6     4     0     2  -324.0  -12.686  -19.712   2576.9    750.3
     1     1    11     6     6     3     0     3  -325.0  -12.816  -19.867   2594.5    748.7
     1     1    11     6     6     2     0     2  -326.0  -12.948  -20.026   2612.3    747.4
     1     1    11     6     6     1     0     1  -327.0  -13.076  -20.187   2633.6    745.6
     1     1    11     6     6     0     0     0  -328.0  -13.195  -20.348   2658.0    743.4
     1     1    11     6     5    23     0     1  -329.0  -13.301  -20.513   2693.0    741.0
     1     1    11     6     5    22     0     2  -330.0  -13.392  -20.686   2746.0    736.1
     1     1    11     6     5    21     0     3  -331.0  -13.466  -20.866   2814.4    729.8
     1     1    11     6     5    20     0     2  -332.0  -13.524  -21.050   2883.3    722.3
     1     1    11     6     5    19     0     1  -333.0  -13.570  -21.233   2939.1    717.3
     1     1    11     6     5    18     0     0  -334.0  -13.607  -21.416   2984.4    713.3
     1     1    11     6     5    17     0     1  -335.0  -13.637  -21.600   3017.1    710.2
     1     1    11     6     5    16     0     2  -336.0  -13.661  -21.786   3034.4    709.0
