     3     1
    GDAS    11     8     8     0     0
    GDAS    11     8    15     0     0
    GDAS    11     8    22     0     0
     1 BACKWARD OMEGA   
  2011     8    23    16   -8.840  -56.760  3505.2
     1 PRESSURE
     1     1    11     8    23    16     0     2     0.0   -8.840  -56.760   3505.2    654.7
     1     1    11     8    23    15     0     3    -1.0   -8.878  -56.720   3554.6    652.0
     1     1    11     8    23    14     0     2    -2.0   -8.904  -56.695   3614.8    647.0
     1     1    11     8    23    13     0     1    -3.0   -8.919  -56.682   3682.8    641.5
     1     1    11     8    23    12     0     0    -4.0   -8.921  -56.677   3759.2    635.3
     1     1    11     8    23    11     0     1    -5.0   -8.918  -56.676   3831.4    628.3
     1     1    11     8    23    10     0     2    -6.0   -8.915  -56.675   3885.4    623.7
     1     1    11     8    23     9     0     3    -7.0   -8.917  -56.673   3918.8    620.7
     1     1    11     8    23     8     0     2    -8.0   -8.920  -56.674   3938.1    619.9
     1     1    11     8    23     7     0     1    -9.0   -8.920  -56.685   3950.3    619.1
     1     1    11     8    23     6     0     0   -10.0   -8.916  -56.706   3956.2    618.9
     1     1    11     8    23     5     0     1   -11.0   -8.909  -56.735   3957.3    619.3
     1     1    11     8    23     4     0     2   -12.0   -8.902  -56.775   3953.1    620.1
     1     1    11     8    23     3     0     3   -13.0   -8.894  -56.823   3940.6    621.5
     1     1    11     8    23     2     0     2   -14.0   -8.881  -56.878   3934.2    623.5
     1     1    11     8    23     1     0     1   -15.0   -8.858  -56.938   3954.1    622.2
     1     1    11     8    23     0     0     0   -16.0   -8.825  -57.006   4004.8    618.4
     1     1    11     8    22    23     0     1   -17.0   -8.775  -57.084   4055.0    611.2
     1     1    11     8    22    22     0     2   -18.0   -8.703  -57.172   4074.5    609.1
     1     1    11     8    22    21     0     3   -19.0   -8.606  -57.265   4072.4    608.8
     1     1    11     8    22    20     0     2   -20.0   -8.492  -57.358   4063.1    609.9
     1     1    11     8    22    19     0     1   -21.0   -8.369  -57.447   4052.9    610.8
     1     1    11     8    22    18     0     0   -22.0   -8.235  -57.529   4039.6    612.4
     1     1    11     8    22    17     0     1   -23.0   -8.093  -57.602   4030.3    615.0
     1     1    11     8    22    16     0     2   -24.0   -7.946  -57.669   4033.6    616.5
     1     1    11     8    22    15     0     3   -25.0   -7.792  -57.727   4046.7    617.1
     1     1    11     8    22    14     0     2   -26.0   -7.624  -57.770   4069.7    616.2
     1     1    11     8    22    13     0     1   -27.0   -7.437  -57.788   4106.3    613.7
     1     1    11     8    22    12     0     0   -28.0   -7.228  -57.781   4159.3    609.8
     1     1    11     8    22    11     0     1   -29.0   -6.994  -57.750   4224.3    604.2
     1     1    11     8    22    10     0     2   -30.0   -6.739  -57.693   4296.3    599.0
     1     1    11     8    22     9     0     3   -31.0   -6.480  -57.607   4376.3    593.4
     1     1    11     8    22     8     0     2   -32.0   -6.232  -57.501   4448.9    587.7
     1     1    11     8    22     7     0     1   -33.0   -5.991  -57.389   4500.0    585.0
     1     1    11     8    22     6     0     0   -34.0   -5.750  -57.273   4529.3    583.0
     1     1    11     8    22     5     0     1   -35.0   -5.514  -57.149   4549.4    582.7
     1     1    11     8    22     4     0     2   -36.0   -5.295  -57.021   4561.4    581.6
     1     1    11     8    22     3     0     3   -37.0   -5.096  -56.896   4549.2    582.0
     1     1    11     8    22     2     0     2   -38.0   -4.912  -56.780   4515.9    584.5
     1     1    11     8    22     1     0     1   -39.0   -4.730  -56.668   4475.4    588.0
     1     1    11     8    22     0     0     0   -40.0   -4.545  -56.556   4435.6    591.1
     1     1    11     8    21    23     0     1   -41.0   -4.354  -56.438   4403.1    594.2
     1     1    11     8    21    22     0     2   -42.0   -4.150  -56.311   4386.7    596.2
     1     1    11     8    21    21     0     3   -43.0   -3.933  -56.177   4386.8    596.9
     1     1    11     8    21    20     0     2   -44.0   -3.707  -56.031   4398.7    596.4
     1     1    11     8    21    19     0     1   -45.0   -3.481  -55.868   4429.8    594.6
     1     1    11     8    21    18     0     0   -46.0   -3.261  -55.687   4495.7    590.3
     1     1    11     8    21    17     0     1   -47.0   -3.043  -55.487   4589.0    582.9
     1     1    11     8    21    16     0     2   -48.0   -2.824  -55.268   4681.1    575.9
     1     1    11     8    21    15     0     3   -49.0   -2.601  -55.032   4759.8    571.3
     1     1    11     8    21    14     0     2   -50.0   -2.375  -54.775   4823.8    566.3
     1     1    11     8    21    13     0     1   -51.0   -2.146  -54.493   4874.0    562.7
     1     1    11     8    21    12     0     0   -52.0   -1.917  -54.183   4908.8    558.2
     1     1    11     8    21    11     0     1   -53.0   -1.700  -53.855   4925.4    552.8
     1     1    11     8    21    10     0     2   -54.0   -1.507  -53.530   4941.9    550.2
     1     1    11     8    21     9     0     3   -55.0   -1.328  -53.211   4969.2    547.9
     1     1    11     8    21     8     0     2   -56.0   -1.166  -52.891   5003.7    545.4
     1     1    11     8    21     7     0     1   -57.0   -1.023  -52.572   5027.1    544.8
     1     1    11     8    21     6     0     0   -58.0   -0.899  -52.259   5028.8    546.8
     1     1    11     8    21     5     0     1   -59.0   -0.785  -51.956   5005.9    550.6
     1     1    11     8    21     4     0     2   -60.0   -0.675  -51.656   4975.7    555.1
     1     1    11     8    21     3     0     3   -61.0   -0.572  -51.356   4950.9    558.9
     1     1    11     8    21     2     0     2   -62.0   -0.470  -51.050   4931.3    562.5
     1     1    11     8    21     1     0     1   -63.0   -0.358  -50.737   4913.6    564.3
     1     1    11     8    21     0     0     0   -64.0   -0.235  -50.423   4906.7    564.8
     1     1    11     8    20    23     0     1   -65.0   -0.119  -50.110   4921.6    564.0
     1     1    11     8    20    22     0     2   -66.0   -0.023  -49.799   4958.9    560.5
     1     1    11     8    20    21     0     3   -67.0    0.060  -49.484   5002.8    556.5
     1     1    11     8    20    20     0     2   -68.0    0.142  -49.168   5034.9    553.6
     1     1    11     8    20    19     0     1   -69.0    0.233  -48.855   5054.8    552.9
     1     1    11     8    20    18     0     0   -70.0    0.330  -48.548   5078.4    551.9
     1     1    11     8    20    17     0     1   -71.0    0.427  -48.255   5107.4    549.8
     1     1    11     8    20    16     0     2   -72.0    0.523  -47.983   5135.9    548.0
     1     1    11     8    20    15     0     3   -73.0    0.619  -47.729   5158.7    546.4
     1     1    11     8    20    14     0     2   -74.0    0.712  -47.489   5180.3    545.5
     1     1    11     8    20    13     0     1   -75.0    0.799  -47.259   5211.5    543.5
     1     1    11     8    20    12     0     0   -76.0    0.880  -47.042   5253.6    540.5
     1     1    11     8    20    11     0     1   -77.0    0.957  -46.836   5291.3    536.6
     1     1    11     8    20    10     0     2   -78.0    1.032  -46.637   5310.3    535.1
     1     1    11     8    20     9     0     3   -79.0    1.105  -46.447   5315.8    534.7
     1     1    11     8    20     8     0     2   -80.0    1.169  -46.261   5324.5    535.0
     1     1    11     8    20     7     0     1   -81.0    1.222  -46.076   5352.0    533.3
     1     1    11     8    20     6     0     0   -82.0    1.263  -45.890   5402.2    530.1
     1     1    11     8    20     5     0     1   -83.0    1.299  -45.702   5449.2    525.4
     1     1    11     8    20     4     0     2   -84.0    1.335  -45.512   5466.8    524.6
     1     1    11     8    20     3     0     3   -85.0    1.371  -45.319   5458.4    525.6
     1     1    11     8    20     2     0     2   -86.0    1.408  -45.129   5445.7    527.7
     1     1    11     8    20     1     0     1   -87.0    1.445  -44.945   5444.2    527.5
     1     1    11     8    20     0     0     0   -88.0    1.483  -44.768   5446.9    527.1
     1     1    11     8    19    23     0     1   -89.0    1.520  -44.593   5450.3    526.5
     1     1    11     8    19    22     0     2   -90.0    1.558  -44.415   5455.9    525.9
     1     1    11     8    19    21     0     3   -91.0    1.597  -44.232   5467.6    524.8
     1     1    11     8    19    20     0     2   -92.0    1.642  -44.047   5491.3    523.6
     1     1    11     8    19    19     0     1   -93.0    1.695  -43.863   5526.0    521.0
     1     1    11     8    19    18     0     0   -94.0    1.752  -43.679   5564.4    518.4
     1     1    11     8    19    17     0     1   -95.0    1.808  -43.491   5592.4    516.0
     1     1    11     8    19    16     0     2   -96.0    1.863  -43.297   5604.6    515.9
     1     1    11     8    19    15     0     3   -97.0    1.918  -43.094   5615.3    516.0
     1     1    11     8    19    14     0     2   -98.0    1.971  -42.886   5640.3    514.8
     1     1    11     8    19    13     0     1   -99.0    2.015  -42.678   5682.8    511.7
     1     1    11     8    19    12     0     0  -100.0    2.051  -42.470   5736.6    508.0
     1     1    11     8    19    11     0     1  -101.0    2.085  -42.262   5797.0    503.6
     1     1    11     8    19    10     0     2  -102.0    2.121  -42.055   5861.1    499.1
     1     1    11     8    19     9     0     3  -103.0    2.157  -41.848   5926.1    494.5
     1     1    11     8    19     8     0     2  -104.0    2.194  -41.644   5980.1    490.6
     1     1    11     8    19     7     0     1  -105.0    2.234  -41.443   6016.9    488.5
     1     1    11     8    19     6     0     0  -106.0    2.275  -41.247   6043.2    487.1
     1     1    11     8    19     5     0     1  -107.0    2.308  -41.049   6064.9    486.2
     1     1    11     8    19     4     0     2  -108.0    2.325  -40.842   6084.7    485.2
     1     1    11     8    19     3     0     3  -109.0    2.325  -40.626   6103.1    484.4
     1     1    11     8    19     2     0     2  -110.0    2.318  -40.407   6115.7    483.3
     1     1    11     8    19     1     0     1  -111.0    2.316  -40.192   6115.9    483.2
     1     1    11     8    19     0     0     0  -112.0    2.323  -39.982   6101.2    484.1
     1     1    11     8    18    23     0     1  -113.0    2.333  -39.777   6093.8    485.8
     1     1    11     8    18    22     0     2  -114.0    2.336  -39.574   6109.4    484.0
     1     1    11     8    18    21     0     3  -115.0    2.329  -39.372   6133.3    481.8
     1     1    11     8    18    20     0     2  -116.0    2.311  -39.167   6139.6    480.3
     1     1    11     8    18    19     0     1  -117.0    2.281  -38.956   6111.2    482.3
     1     1    11     8    18    18     0     0  -118.0    2.244  -38.746   6063.5    486.1
     1     1    11     8    18    17     0     1  -119.0    2.204  -38.536   6025.3    489.8
     1     1    11     8    18    16     0     2  -120.0    2.161  -38.326   6011.1    490.9
     1     1    11     8    18    15     0     3  -121.0    2.113  -38.111   6017.9    490.7
     1     1    11     8    18    14     0     2  -122.0    2.068  -37.894   6049.6    489.0
     1     1    11     8    18    13     0     1  -123.0    2.029  -37.680   6110.8    485.1
     1     1    11     8    18    12     0     0  -124.0    1.998  -37.469   6199.1    479.5
     1     1    11     8    18    11     0     1  -125.0    1.974  -37.263   6299.0    472.2
     1     1    11     8    18    10     0     2  -126.0    1.957  -37.064   6400.0    466.1
     1     1    11     8    18     9     0     3  -127.0    1.945  -36.867   6502.0    459.4
     1     1    11     8    18     8     0     2  -128.0    1.930  -36.667   6589.5    453.6
     1     1    11     8    18     7     0     1  -129.0    1.904  -36.465   6646.8    449.9
     1     1    11     8    18     6     0     0  -130.0    1.871  -36.261   6665.7    448.6
     1     1    11     8    18     5     0     1  -131.0    1.829  -36.061   6654.3    450.3
     1     1    11     8    18     4     0     2  -132.0    1.767  -35.867   6634.5    452.4
     1     1    11     8    18     3     0     3  -133.0    1.689  -35.678   6619.1    453.8
     1     1    11     8    18     2     0     2  -134.0    1.600  -35.488   6608.6    454.4
     1     1    11     8    18     1     0     1  -135.0    1.507  -35.290   6601.2    455.0
     1     1    11     8    18     0     0     0  -136.0    1.407  -35.083   6596.7    455.4
     1     1    11     8    17    23     0     1  -137.0    1.298  -34.870   6586.4    455.2
     1     1    11     8    17    22     0     2  -138.0    1.177  -34.656   6568.6    456.4
     1     1    11     8    17    21     0     3  -139.0    1.048  -34.440   6556.4    457.2
     1     1    11     8    17    20     0     2  -140.0    0.914  -34.220   6545.4    457.3
     1     1    11     8    17    19     0     1  -141.0    0.777  -34.000   6521.4    458.6
     1     1    11     8    17    18     0     0  -142.0    0.639  -33.783   6483.3    461.1
     1     1    11     8    17    17     0     1  -143.0    0.502  -33.571   6454.1    464.2
     1     1    11     8    17    16     0     2  -144.0    0.369  -33.356   6452.4    464.2
     1     1    11     8    17    15     0     3  -145.0    0.234  -33.133   6473.2    462.9
     1     1    11     8    17    14     0     2  -146.0    0.095  -32.902   6493.8    460.5
     1     1    11     8    17    13     0     1  -147.0   -0.046  -32.674   6497.9    460.3
     1     1    11     8    17    12     0     0  -148.0   -0.191  -32.451   6491.0    460.9
     1     1    11     8    17    11     0     1  -149.0   -0.339  -32.226   6477.8    461.5
     1     1    11     8    17    10     0     2  -150.0   -0.488  -31.996   6459.2    462.4
     1     1    11     8    17     9     0     3  -151.0   -0.635  -31.763   6435.9    463.6
     1     1    11     8    17     8     0     2  -152.0   -0.778  -31.525   6428.7    465.2
     1     1    11     8    17     7     0     1  -153.0   -0.917  -31.279   6460.8    463.6
     1     1    11     8    17     6     0     0  -154.0   -1.049  -31.024   6542.9    459.2
     1     1    11     8    17     5     0     1  -155.0   -1.178  -30.760   6628.6    451.0
     1     1    11     8    17     4     0     2  -156.0   -1.304  -30.491   6669.4    449.2
     1     1    11     8    17     3     0     3  -157.0   -1.424  -30.211   6680.7    449.1
     1     1    11     8    17     2     0     2  -158.0   -1.539  -29.926   6680.0    449.9
     1     1    11     8    17     1     0     1  -159.0   -1.651  -29.647   6674.8    450.4
     1     1    11     8    17     0     0     0  -160.0   -1.757  -29.377   6666.0    451.3
     1     1    11     8    16    23     0     1  -161.0   -1.859  -29.110   6657.7    451.7
     1     1    11     8    16    22     0     2  -162.0   -1.960  -28.843   6650.8    451.9
     1     1    11     8    16    21     0     3  -163.0   -2.060  -28.581   6637.3    452.1
     1     1    11     8    16    20     0     2  -164.0   -2.159  -28.329   6630.9    453.7
     1     1    11     8    16    19     0     1  -165.0   -2.258  -28.083   6651.2    452.4
     1     1    11     8    16    18     0     0  -166.0   -2.357  -27.837   6698.3    449.8
     1     1    11     8    16    17     0     1  -167.0   -2.460  -27.591   6761.6    445.4
     1     1    11     8    16    16     0     2  -168.0   -2.572  -27.343   6822.4    441.6
     1     1    11     8    16    15     0     3  -169.0   -2.696  -27.088   6865.9    438.6
     1     1    11     8    16    14     0     2  -170.0   -2.828  -26.828   6885.8    437.7
     1     1    11     8    16    13     0     1  -171.0   -2.960  -26.573   6894.6    437.8
     1     1    11     8    16    12     0     0  -172.0   -3.085  -26.327   6908.1    437.6
     1     1    11     8    16    11     0     1  -173.0   -3.200  -26.095   6946.9    435.8
     1     1    11     8    16    10     0     2  -174.0   -3.311  -25.876   7018.6    431.1
     1     1    11     8    16     9     0     3  -175.0   -3.423  -25.664   7108.8    425.4
     1     1    11     8    16     8     0     2  -176.0   -3.544  -25.453   7176.3    419.7
     1     1    11     8    16     7     0     1  -177.0   -3.680  -25.246   7189.6    418.9
     1     1    11     8    16     6     0     0  -178.0   -3.829  -25.044   7146.9    421.1
     1     1    11     8    16     5     0     1  -179.0   -3.985  -24.849   7074.8    426.8
     1     1    11     8    16     4     0     2  -180.0   -4.142  -24.664   7007.9    431.0
     1     1    11     8    16     3     0     3  -181.0   -4.291  -24.489   6953.5    434.3
     1     1    11     8    16     2     0     2  -182.0   -4.428  -24.320   6916.8    436.8
     1     1    11     8    16     1     0     1  -183.0   -4.550  -24.154   6902.1    438.0
     1     1    11     8    16     0     0     0  -184.0   -4.658  -23.988   6912.2    437.7
     1     1    11     8    15    23     0     1  -185.0   -4.751  -23.829   6936.2    435.5
     1     1    11     8    15    22     0     2  -186.0   -4.833  -23.680   6961.7    433.9
     1     1    11     8    15    21     0     3  -187.0   -4.904  -23.542   6989.7    432.2
     1     1    11     8    15    20     0     2  -188.0   -4.967  -23.414   7016.2    430.4
     1     1    11     8    15    19     0     1  -189.0   -5.028  -23.296   7036.5    429.2
     1     1    11     8    15    18     0     0  -190.0   -5.088  -23.188   7050.4    428.4
     1     1    11     8    15    17     0     1  -191.0   -5.153  -23.087   7062.0    427.9
     1     1    11     8    15    16     0     2  -192.0   -5.227  -22.987   7074.4    427.2
     1     1    11     8    15    15     0     3  -193.0   -5.310  -22.888   7086.1    426.5
     1     1    11     8    15    14     0     2  -194.0   -5.403  -22.792   7097.7    426.0
     1     1    11     8    15    13     0     1  -195.0   -5.503  -22.697   7112.5    425.5
     1     1    11     8    15    12     0     0  -196.0   -5.610  -22.604   7133.8    424.5
     1     1    11     8    15    11     0     1  -197.0   -5.722  -22.516   7159.7    422.6
     1     1    11     8    15    10     0     2  -198.0   -5.837  -22.437   7185.2    420.9
     1     1    11     8    15     9     0     3  -199.0   -5.958  -22.366   7207.8    419.3
     1     1    11     8    15     8     0     2  -200.0   -6.079  -22.304   7225.8    418.2
     1     1    11     8    15     7     0     1  -201.0   -6.198  -22.255   7239.3    417.4
     1     1    11     8    15     6     0     0  -202.0   -6.312  -22.219   7249.7    416.7
     1     1    11     8    15     5     0     1  -203.0   -6.422  -22.192   7257.7    416.4
     1     1    11     8    15     4     0     2  -204.0   -6.526  -22.170   7263.8    416.1
     1     1    11     8    15     3     0     3  -205.0   -6.624  -22.153   7268.1    416.0
     1     1    11     8    15     2     0     2  -206.0   -6.716  -22.142   7273.2    416.1
     1     1    11     8    15     1     0     1  -207.0   -6.804  -22.136   7279.9    415.8
     1     1    11     8    15     0     0     0  -208.0   -6.889  -22.138   7284.2    415.7
     1     1    11     8    14    23     0     1  -209.0   -6.975  -22.147   7287.0    415.6
     1     1    11     8    14    22     0     2  -210.0   -7.067  -22.162   7292.7    415.3
     1     1    11     8    14    21     0     3  -211.0   -7.164  -22.185   7306.3    414.6
     1     1    11     8    14    20     0     2  -212.0   -7.258  -22.211   7326.1    413.2
     1     1    11     8    14    19     0     1  -213.0   -7.347  -22.237   7346.5    411.9
     1     1    11     8    14    18     0     0  -214.0   -7.431  -22.262   7365.7    410.7
     1     1    11     8    14    17     0     1  -215.0   -7.514  -22.291   7383.8    409.8
     1     1    11     8    14    16     0     2  -216.0   -7.600  -22.327   7400.4    409.0
     1     1    11     8    14    15     0     3  -217.0   -7.688  -22.369   7413.1    408.3
     1     1    11     8    14    14     0     2  -218.0   -7.777  -22.417   7430.8    407.9
     1     1    11     8    14    13     0     1  -219.0   -7.868  -22.468   7464.7    406.2
     1     1    11     8    14    12     0     0  -220.0   -7.959  -22.522   7516.9    403.5
     1     1    11     8    14    11     0     1  -221.0   -8.052  -22.586   7568.5    399.5
     1     1    11     8    14    10     0     2  -222.0   -8.151  -22.664   7599.9    397.7
     1     1    11     8    14     9     0     3  -223.0   -8.254  -22.759   7610.2    396.9
     1     1    11     8    14     8     0     2  -224.0   -8.362  -22.866   7622.0    397.4
     1     1    11     8    14     7     0     1  -225.0   -8.474  -22.981   7660.9    395.4
     1     1    11     8    14     6     0     0  -226.0   -8.588  -23.105   7731.0    391.7
     1     1    11     8    14     5     0     1  -227.0   -8.705  -23.234   7806.4    386.6
     1     1    11     8    14     4     0     2  -228.0   -8.824  -23.371   7850.8    384.4
     1     1    11     8    14     3     0     3  -229.0   -8.943  -23.515   7853.8    384.2
     1     1    11     8    14     2     0     2  -230.0   -9.066  -23.669   7839.8    386.6
     1     1    11     8    14     1     0     1  -231.0   -9.201  -23.838   7842.4    386.8
     1     1    11     8    14     0     0     0  -232.0   -9.344  -24.025   7864.1    385.9
     1     1    11     8    13    23     0     1  -233.0   -9.492  -24.229   7906.5    383.6
     1     1    11     8    13    22     0     2  -234.0   -9.645  -24.449   7968.0    380.4
     1     1    11     8    13    21     0     3  -235.0   -9.804  -24.691   8045.7    376.3
     1     1    11     8    13    20     0     2  -236.0   -9.969  -24.954   8115.9    371.6
     1     1    11     8    13    19     0     1  -237.0  -10.137  -25.239   8138.2    369.6
     1     1    11     8    13    18     0     0  -238.0  -10.315  -25.553   8098.7    371.8
     1     1    11     8    13    17     0     1  -239.0  -10.492  -25.886   8052.3    376.7
     1     1    11     8    13    16     0     2  -240.0  -10.662  -26.227   8061.5    376.8
     1     1    11     8    13    15     0     3  -241.0  -10.834  -26.580   8149.2    373.1
     1     1    11     8    13    14     0     2  -242.0  -11.002  -26.946   8300.9    364.3
     1     1    11     8    13    13     0     1  -243.0  -11.159  -27.328   8454.6    355.2
     1     1    11     8    13    12     0     0  -244.0  -11.298  -27.724   8575.4    349.6
     1     1    11     8    13    11     0     1  -245.0  -11.422  -28.131   8669.9    345.1
     1     1    11     8    13    10     0     2  -246.0  -11.542  -28.547   8738.8    341.4
     1     1    11     8    13     9     0     3  -247.0  -11.666  -28.969   8777.0    339.3
     1     1    11     8    13     8     0     2  -248.0  -11.784  -29.402   8805.1    339.0
     1     1    11     8    13     7     0     1  -249.0  -11.877  -29.847   8837.3    337.2
     1     1    11     8    13     6     0     0  -250.0  -11.949  -30.307   8857.5    335.9
     1     1    11     8    13     5     0     1  -251.0  -12.011  -30.770   8846.1    336.0
     1     1    11     8    13     4     0     2  -252.0  -12.074  -31.229   8799.7    338.5
     1     1    11     8    13     3     0     3  -253.0  -12.148  -31.689   8732.9    342.1
     1     1    11     8    13     2     0     2  -254.0  -12.224  -32.152   8671.1    346.0
     1     1    11     8    13     1     0     1  -255.0  -12.280  -32.612   8634.5    348.0
     1     1    11     8    13     0     0     0  -256.0  -12.316  -33.067   8620.7    348.6
     1     1    11     8    12    23     0     1  -257.0  -12.322  -33.512   8625.3    348.2
     1     1    11     8    12    22     0     2  -258.0  -12.284  -33.941   8653.7    346.7
     1     1    11     8    12    21     0     3  -259.0  -12.203  -34.356   8709.3    343.8
     1     1    11     8    12    20     0     2  -260.0  -12.074  -34.747   8797.3    339.9
     1     1    11     8    12    19     0     1  -261.0  -11.882  -35.096   8900.7    334.1
     1     1    11     8    12    18     0     0  -262.0  -11.634  -35.397   8976.2    329.6
     1     1    11     8    12    17     0     1  -263.0  -11.362  -35.645   9011.6    328.3
     1     1    11     8    12    16     0     2  -264.0  -11.083  -35.841   9021.5    328.4
     1     1    11     8    12    15     0     3  -265.0  -10.801  -35.991   9019.5    328.6
     1     1    11     8    12    14     0     2  -266.0  -10.497  -36.095   9012.6    328.3
     1     1    11     8    12    13     0     1  -267.0  -10.156  -36.143   8989.1    327.8
     1     1    11     8    12    12     0     0  -268.0   -9.793  -36.133   8900.4    327.6
     1     1    11     8    12    11     0     1  -269.0   -9.430  -36.085   8794.9    328.6
     1     1    11     8    12    10     0     2  -270.0   -9.051  -36.006   8752.9    324.3
     1     1    11     8    12     9     0     3  -271.0   -8.649  -35.893   8821.0    320.4
     1     1    11     8    12     8     0     2  -272.0   -8.229  -35.748   8897.2    316.8
     1     1    11     8    12     7     0     1  -273.0   -7.815  -35.579   8937.7    317.8
     1     1    11     8    12     6     0     0  -274.0   -7.429  -35.395   8956.4    320.5
     1     1    11     8    12     5     0     1  -275.0   -7.077  -35.197   8974.8    324.9
     1     1    11     8    12     4     0     2  -276.0   -6.747  -34.981   9016.1    328.4
     1     1    11     8    12     3     0     3  -277.0   -6.419  -34.746   9039.1    328.0
     1     1    11     8    12     2     0     2  -278.0   -6.091  -34.490   9068.0    327.1
     1     1    11     8    12     1     0     1  -279.0   -5.770  -34.211   9103.1    325.8
     1     1    11     8    12     0     0     0  -280.0   -5.441  -33.910   9151.9    323.6
     1     1    11     8    11    23     0     1  -281.0   -5.104  -33.576   9201.0    320.5
     1     1    11     8    11    22     0     2  -282.0   -4.774  -33.201   9246.8    318.6
     1     1    11     8    11    21     0     3  -283.0   -4.444  -32.788   9297.0    316.1
     1     1    11     8    11    20     0     2  -284.0   -4.119  -32.352   9350.6    313.8
     1     1    11     8    11    19     0     1  -285.0   -3.809  -31.907   9429.4    311.1
     1     1    11     8    11    18     0     0  -286.0   -3.507  -31.449   9526.0    305.7
     1     1    11     8    11    17     0     1  -287.0   -3.210  -30.983   9584.3    302.2
     1     1    11     8    11    16     0     2  -288.0   -2.926  -30.513   9602.3    302.7
     1     1    11     8    11    15     0     3  -289.0   -2.652  -30.030   9605.3    302.6
     1     1    11     8    11    14     0     2  -290.0   -2.383  -29.541   9618.0    303.3
     1     1    11     8    11    13     0     1  -291.0   -2.110  -29.056   9672.5    301.1
     1     1    11     8    11    12     0     0  -292.0   -1.828  -28.569   9754.6    296.9
     1     1    11     8    11    11     0     1  -293.0   -1.544  -28.079   9827.2    292.9
     1     1    11     8    11    10     0     2  -294.0   -1.267  -27.583   9877.1    290.8
     1     1    11     8    11     9     0     3  -295.0   -0.995  -27.089   9912.3    289.3
     1     1    11     8    11     8     0     2  -296.0   -0.728  -26.602   9940.0    288.3
     1     1    11     8    11     7     0     1  -297.0   -0.464  -26.127   9963.8    287.2
     1     1    11     8    11     6     0     0  -298.0   -0.201  -25.661   9988.0    286.3
     1     1    11     8    11     5     0     1  -299.0    0.059  -25.195  10026.6    285.2
     1     1    11     8    11     4     0     2  -300.0    0.315  -24.725  10085.2    282.7
     1     1    11     8    11     3     0     3  -301.0    0.563  -24.255  10152.3    279.6
     1     1    11     8    11     2     0     2  -302.0    0.799  -23.782  10196.4    277.0
     1     1    11     8    11     1     0     1  -303.0    1.021  -23.303  10191.7    277.3
     1     1    11     8    11     0     0     0  -304.0    1.230  -22.825  10154.9    279.8
     1     1    11     8    10    23     0     1  -305.0    1.427  -22.351  10145.1    281.8
     1     1    11     8    10    22     0     2  -306.0    1.624  -21.871  10183.9    279.3
     1     1    11     8    10    21     0     3  -307.0    1.825  -21.377  10235.5    276.5
