     3     1
    GDAS    11     4     1     0     0
    GDAS    11     4     8     0     0
    GDAS    11     4    15     0     0
     1 BACKWARD OMEGA   
  2011     4    16    17   -8.840  -56.800   609.6
     1 PRESSURE
     1     1    11     4    16    17     0     1     0.0   -8.840  -56.800    609.6    918.9
     1     1    11     4    16    16     0     2    -1.0   -8.879  -56.641    625.6    917.4
     1     1    11     4    16    15     0     3    -2.0   -8.899  -56.470    642.5    915.0
     1     1    11     4    16    14     0     2    -3.0   -8.905  -56.275    662.4    911.4
     1     1    11     4    16    13     0     1    -4.0   -8.900  -56.046    691.2    906.4
     1     1    11     4    16    12     0     0    -5.0   -8.886  -55.780    731.7    897.8
     1     1    11     4    16    11     0     1    -6.0   -8.877  -55.491    770.9    886.8
     1     1    11     4    16    10     0     2    -7.0   -8.892  -55.197    802.6    878.6
     1     1    11     4    16     9     0     3    -8.0   -8.930  -54.896    834.7    871.8
     1     1    11     4    16     8     0     2    -9.0   -8.981  -54.592    847.5    870.0
     1     1    11     4    16     7     0     1   -10.0   -9.046  -54.290    816.6    874.9
     1     1    11     4    16     6     0     0   -11.0   -9.137  -53.991    747.4    883.6
     1     1    11     4    16     5     0     1   -12.0   -9.241  -53.699    685.5    894.8
     1     1    11     4    16     4     0     2   -13.0   -9.340  -53.418    653.4    898.3
     1     1    11     4    16     3     0     3   -14.0   -9.435  -53.138    625.2    902.9
     1     1    11     4    16     2     0     2   -15.0   -9.535  -52.867    598.2    909.2
     1     1    11     4    16     1     0     1   -16.0   -9.644  -52.617    577.9    913.4
     1     1    11     4    16     0     0     0   -17.0   -9.760  -52.377    560.6    916.8
     1     1    11     4    15    23     0     1   -18.0   -9.868  -52.146    540.1    919.4
     1     1    11     4    15    22     0     2   -19.0   -9.957  -51.939    510.4    922.5
     1     1    11     4    15    21     0     3   -20.0  -10.030  -51.762    475.9    926.3
     1     1    11     4    15    20     0     2   -21.0  -10.088  -51.606    449.4    930.0
     1     1    11     4    15    19     0     1   -22.0  -10.132  -51.460    433.1    931.5
     1     1    11     4    15    18     0     0   -23.0  -10.161  -51.323    419.4    932.9
     1     1    11     4    15    17     0     1   -24.0  -10.184  -51.185    402.1    934.9
     1     1    11     4    15    16     0     2   -25.0  -10.211  -51.039    377.7    938.0
     1     1    11     4    15    15     0     3   -26.0  -10.244  -50.887    348.0    943.1
     1     1    11     4    15    14     0     2   -27.0  -10.290  -50.740    320.9    948.4
     1     1    11     4    15    13     0     1   -28.0  -10.356  -50.607    301.3    952.2
     1     1    11     4    15    12     0     0   -29.0  -10.440  -50.489    287.7    955.2
     1     1    11     4    15    11     0     1   -30.0  -10.534  -50.382    280.1    956.6
     1     1    11     4    15    10     0     2   -31.0  -10.626  -50.284    279.6    956.8
     1     1    11     4    15     9     0     3   -32.0  -10.715  -50.195    286.3    956.0
     1     1    11     4    15     8     0     2   -33.0  -10.795  -50.104    295.2    954.9
     1     1    11     4    15     7     0     1   -34.0  -10.862  -50.006    300.8    954.7
     1     1    11     4    15     6     0     0   -35.0  -10.917  -49.901    302.6    953.2
     1     1    11     4    15     5     0     1   -36.0  -10.965  -49.790    304.0    952.3
     1     1    11     4    15     4     0     2   -37.0  -11.014  -49.668    307.1    950.4
     1     1    11     4    15     3     0     3   -38.0  -11.062  -49.537    309.2    948.4
     1     1    11     4    15     2     0     2   -39.0  -11.119  -49.399    309.9    945.9
     1     1    11     4    15     1     0     1   -40.0  -11.192  -49.254    311.1    943.2
     1     1    11     4    15     0     0     0   -41.0  -11.282  -49.099    314.6    940.0
     1     1    11     4    14    23     0     1   -42.0  -11.375  -48.947    320.9    936.8
     1     1    11     4    14    22     0     2   -43.0  -11.457  -48.817    329.6    934.3
     1     1    11     4    14    21     0     3   -44.0  -11.530  -48.712    340.0    931.8
     1     1    11     4    14    20     0     2   -45.0  -11.590  -48.618    348.4    930.3
     1     1    11     4    14    19     0     1   -46.0  -11.633  -48.521    352.4    929.4
     1     1    11     4    14    18     0     0   -47.0  -11.660  -48.426    351.3    929.1
     1     1    11     4    14    17     0     1   -48.0  -11.671  -48.324    347.6    929.8
     1     1    11     4    14    16     0     2   -49.0  -11.671  -48.204    344.8    930.0
     1     1    11     4    14    15     0     3   -50.0  -11.657  -48.065    343.5    929.9
     1     1    11     4    14    14     0     2   -51.0  -11.640  -47.901    350.0    928.3
     1     1    11     4    14    13     0     1   -52.0  -11.631  -47.705    367.7    923.9
     1     1    11     4    14    12     0     0   -53.0  -11.627  -47.471    391.6    918.5
     1     1    11     4    14    11     0     1   -54.0  -11.636  -47.206    415.6    912.0
     1     1    11     4    14    10     0     2   -55.0  -11.668  -46.919    434.3    904.3
     1     1    11     4    14     9     0     3   -56.0  -11.728  -46.609    448.7    893.1
     1     1    11     4    14     8     0     2   -57.0  -11.808  -46.291    460.9    881.6
     1     1    11     4    14     7     0     1   -58.0  -11.902  -45.977    467.6    871.5
     1     1    11     4    14     6     0     0   -59.0  -12.009  -45.666    451.2    878.6
     1     1    11     4    14     5     0     1   -60.0  -12.131  -45.370    404.6    891.7
     1     1    11     4    14     4     0     2   -61.0  -12.271  -45.100    352.4    902.6
     1     1    11     4    14     3     0     3   -62.0  -12.429  -44.854    314.8    908.2
     1     1    11     4    14     2     0     2   -63.0  -12.589  -44.623    293.5    909.1
     1     1    11     4    14     1     0     1   -64.0  -12.748  -44.414    273.6    911.1
     1     1    11     4    14     0     0     0   -65.0  -12.919  -44.231    235.2    916.3
     1     1    11     4    13    23     0     1   -66.0  -13.078  -44.089    185.0    925.1
     1     1    11     4    13    22     0     2   -67.0  -13.209  -43.982    144.5    932.4
     1     1    11     4    13    21     0     3   -68.0  -13.321  -43.895    117.5    934.5
     1     1    11     4    13    20     0     2   -69.0  -13.415  -43.811     97.5    936.2
     1     1    11     4    13    19     0     1   -70.0  -13.491  -43.721     79.4    938.7
     1     1    11     4    13    18     0     0   -71.0  -13.551  -43.628     64.3    940.9
     1     1    11     4    13    17     0     1   -72.0  -13.601  -43.533     54.3    942.9
     1     1    11     4    13    16     0     2   -73.0  -13.644  -43.436     51.2    943.9
     1     1    11     4    13    15     0     3   -74.0  -13.679  -43.336     55.9    944.2
     1     1    11     4    13    14     0     2   -75.0  -13.711  -43.229     73.1    943.1
     1     1    11     4    13    13     0     1   -76.0  -13.741  -43.108    110.8    940.0
     1     1    11     4    13    12     0     0   -77.0  -13.772  -42.964    176.5    934.1
     1     1    11     4    13    11     0     1   -78.0  -13.803  -42.787    254.5    923.1
     1     1    11     4    13    10     0     2   -79.0  -13.838  -42.587    322.7    914.1
     1     1    11     4    13     9     0     3   -80.0  -13.877  -42.377    370.1    908.2
     1     1    11     4    13     8     0     2   -81.0  -13.916  -42.174    380.5    907.2
     1     1    11     4    13     7     0     1   -82.0  -13.949  -41.993    346.7    912.1
     1     1    11     4    13     6     0     0   -83.0  -13.974  -41.834    286.5    924.6
     1     1    11     4    13     5     0     1   -84.0  -13.989  -41.680    217.7    935.4
     1     1    11     4    13     4     0     2   -85.0  -13.995  -41.531    149.5    946.6
     1     1    11     4    13     3     0     3   -86.0  -13.994  -41.391     92.2    954.8
     1     1    11     4    13     2     0     2   -87.0  -13.992  -41.271     52.8    961.7
     1     1    11     4    13     1     0     1   -88.0  -13.993  -41.169     29.7    966.3
     1     1    11     4    13     0     0     0   -89.0  -13.994  -41.076     17.5    970.1
     1     1    11     4    12    23     0     1   -90.0  -14.000  -40.985     10.7    970.3
     1     1    11     4    12    22     0     2   -91.0  -14.015  -40.896      6.8    968.5
     1     1    11     4    12    21     0     3   -92.0  -14.039  -40.805      3.4    966.5
     1     1    11     4    12    20     0     2   -93.0  -14.066  -40.709      0.7    966.9
     1     1    11     4    12    19     0     1   -94.0  -14.090  -40.605      0.0    967.7
     1     1    11     4    12    18     0     0   -95.0  -14.114  -40.494      0.0    968.9
     1     1    11     4    12    17     0     1   -96.0  -14.136  -40.379      0.0    969.8
     1     1    11     4    12    16     0     2   -97.0  -14.159  -40.262      0.0    971.2
     1     1    11     4    12    15     0     3   -98.0  -14.181  -40.142      0.0    972.9
     1     1    11     4    12    14     0     2   -99.0  -14.207  -40.034      0.0    975.2
     1     1    11     4    12    13     0     1  -100.0  -14.238  -39.948      0.0    978.2
     1     1    11     4    12    12     0     0  -101.0  -14.272  -39.884      0.0    981.1
     1     1    11     4    12    11     0     1  -102.0  -14.310  -39.833      0.0    982.4
     1     1    11     4    12    10     0     2  -103.0  -14.351  -39.786      0.0    983.6
     1     1    11     4    12     9     0     3  -104.0  -14.394  -39.745      0.0    984.6
     1     1    11     4    12     8     0     2  -105.0  -14.440  -39.709      0.0    984.9
     1     1    11     4    12     7     0     1  -106.0  -14.485  -39.680      0.0    985.1
     1     1    11     4    12     6     0     0  -107.0  -14.532  -39.655      0.0    985.3
     1     1    11     4    12     5     0     1  -108.0  -14.582  -39.635      0.0    986.7
     1     1    11     4    12     4     0     2  -109.0  -14.639  -39.616      0.0    988.0
     1     1    11     4    12     3     0     3  -110.0  -14.702  -39.600      0.0    989.2
     1     1    11     4    12     2     0     2  -111.0  -14.768  -39.578      0.0    989.7
     1     1    11     4    12     1     0     1  -112.0  -14.835  -39.544      0.0    990.6
     1     1    11     4    12     0     0     0  -113.0  -14.902  -39.496      0.0    992.1
     1     1    11     4    11    23     0     1  -114.0  -14.969  -39.442      0.0    994.0
     1     1    11     4    11    22     0     2  -115.0  -15.029  -39.385      0.0    996.0
     1     1    11     4    11    21     0     3  -116.0  -15.083  -39.325      0.0    998.0
     1     1    11     4    11    20     0     2  -117.0  -15.134  -39.258      0.0   1000.3
     1     1    11     4    11    19     0     1  -118.0  -15.185  -39.177      0.0   1003.2
     1     1    11     4    11    18     0     0  -119.0  -15.234  -39.083      0.0   1006.5
     1     1    11     4    11    17     0     1  -120.0  -15.283  -38.977      0.0   1009.2
     1     1    11     4    11    16     0     2  -121.0  -15.337  -38.860      0.0   1009.2
     1     1    11     4    11    15     0     3  -122.0  -15.397  -38.735      0.0   1009.6
     1     1    11     4    11    14     0     2  -123.0  -15.463  -38.607      0.0   1010.9
     1     1    11     4    11    13     0     1  -124.0  -15.537  -38.475      0.0   1012.0
     1     1    11     4    11    12     0     0  -125.0  -15.618  -38.325      0.0   1012.7
     1     1    11     4    11    11     0     1  -126.0  -15.700  -38.150      0.0   1012.6
     1     1    11     4    11    10     0     2  -127.0  -15.773  -37.947      0.8   1012.8
     1     1    11     4    11     9     0     3  -128.0  -15.834  -37.729      2.1   1012.8
     1     1    11     4    11     8     0     2  -129.0  -15.888  -37.514      3.1   1013.0
     1     1    11     4    11     7     0     1  -130.0  -15.940  -37.302      3.5   1013.2
     1     1    11     4    11     6     0     0  -131.0  -15.990  -37.084      3.7   1013.3
     1     1    11     4    11     5     0     1  -132.0  -16.044  -36.860      3.7   1013.4
     1     1    11     4    11     4     0     2  -133.0  -16.107  -36.639      3.9   1013.5
     1     1    11     4    11     3     0     3  -134.0  -16.178  -36.425      4.5   1013.6
     1     1    11     4    11     2     0     2  -135.0  -16.254  -36.215      5.3   1014.1
     1     1    11     4    11     1     0     1  -136.0  -16.332  -36.004      6.0   1014.6
     1     1    11     4    11     0     0     0  -137.0  -16.412  -35.787      6.5   1015.0
     1     1    11     4    10    23     0     1  -138.0  -16.488  -35.572      6.7   1014.2
     1     1    11     4    10    22     0     2  -139.0  -16.557  -35.362      7.0   1013.4
     1     1    11     4    10    21     0     3  -140.0  -16.622  -35.155      7.5   1012.6
     1     1    11     4    10    20     0     2  -141.0  -16.682  -34.951      8.2   1012.6
     1     1    11     4    10    19     0     1  -142.0  -16.734  -34.754      8.8   1012.6
     1     1    11     4    10    18     0     0  -143.0  -16.777  -34.565      9.1   1012.6
     1     1    11     4    10    17     0     1  -144.0  -16.817  -34.371      9.3   1012.7
     1     1    11     4    10    16     0     2  -145.0  -16.856  -34.157      9.4   1012.9
     1     1    11     4    10    15     0     3  -146.0  -16.897  -33.920      9.4   1013.1
     1     1    11     4    10    14     0     2  -147.0  -16.933  -33.669      9.4   1014.0
     1     1    11     4    10    13     0     1  -148.0  -16.960  -33.417      9.4   1015.0
     1     1    11     4    10    12     0     0  -149.0  -16.982  -33.163      9.4   1016.1
     1     1    11     4    10    11     0     1  -150.0  -17.004  -32.906      9.4   1014.7
     1     1    11     4    10    10     0     2  -151.0  -17.031  -32.648      9.5   1013.3
     1     1    11     4    10     9     0     3  -152.0  -17.064  -32.388      9.7   1012.0
     1     1    11     4    10     8     0     2  -153.0  -17.104  -32.127      9.9   1012.8
     1     1    11     4    10     7     0     1  -154.0  -17.155  -31.864     10.2   1013.5
     1     1    11     4    10     6     0     0  -155.0  -17.218  -31.594     10.3   1014.1
     1     1    11     4    10     5     0     1  -156.0  -17.290  -31.319     10.3   1014.0
     1     1    11     4    10     4     0     2  -157.0  -17.366  -31.044     10.4   1013.9
     1     1    11     4    10     3     0     3  -158.0  -17.445  -30.775     10.5   1013.8
     1     1    11     4    10     2     0     2  -159.0  -17.523  -30.519     10.7   1014.7
     1     1    11     4    10     1     0     1  -160.0  -17.600  -30.277     11.1   1015.4
     1     1    11     4    10     0     0     0  -161.0  -17.677  -30.042     11.8   1016.1
     1     1    11     4     9    23     0     1  -162.0  -17.751  -29.807     12.6   1015.4
     1     1    11     4     9    22     0     2  -163.0  -17.818  -29.568     13.1   1014.8
     1     1    11     4     9    21     0     3  -164.0  -17.882  -29.328     13.3   1014.3
     1     1    11     4     9    20     0     2  -165.0  -17.947  -29.090     13.5   1013.8
     1     1    11     4     9    19     0     1  -166.0  -18.015  -28.864     14.3   1013.2
     1     1    11     4     9    18     0     0  -167.0  -18.085  -28.650     15.4   1012.5
     1     1    11     4     9    17     0     1  -168.0  -18.155  -28.444     16.2   1012.4
     1     1    11     4     9    16     0     2  -169.0  -18.224  -28.242     16.5   1012.6
     1     1    11     4     9    15     0     3  -170.0  -18.290  -28.046     16.5   1013.0
     1     1    11     4     9    14     0     2  -171.0  -18.349  -27.849     16.5   1013.6
     1     1    11     4     9    13     0     1  -172.0  -18.401  -27.646     16.5   1014.1
     1     1    11     4     9    12     0     0  -173.0  -18.445  -27.437     16.5   1014.5
     1     1    11     4     9    11     0     1  -174.0  -18.486  -27.219     16.5   1014.3
     1     1    11     4     9    10     0     2  -175.0  -18.529  -26.992     16.5   1014.2
     1     1    11     4     9     9     0     3  -176.0  -18.571  -26.758     16.7   1014.0
     1     1    11     4     9     8     0     2  -177.0  -18.610  -26.528     17.3   1013.5
     1     1    11     4     9     7     0     1  -178.0  -18.640  -26.307     17.6   1013.1
     1     1    11     4     9     6     0     0  -179.0  -18.660  -26.093     17.5   1012.7
     1     1    11     4     9     5     0     1  -180.0  -18.679  -25.882     16.9   1012.6
     1     1    11     4     9     4     0     2  -181.0  -18.706  -25.674     16.3   1012.5
     1     1    11     4     9     3     0     3  -182.0  -18.740  -25.469     15.6   1012.4
     1     1    11     4     9     2     0     2  -183.0  -18.779  -25.265     15.2   1013.6
     1     1    11     4     9     1     0     1  -184.0  -18.822  -25.058     15.0   1014.7
     1     1    11     4     9     0     0     0  -185.0  -18.868  -24.847     15.0   1015.7
     1     1    11     4     8    23     0     1  -186.0  -18.915  -24.633     15.1   1014.8
     1     1    11     4     8    22     0     2  -187.0  -18.961  -24.419     15.6   1014.3
     1     1    11     4     8    21     0     3  -188.0  -19.005  -24.200     16.8   1014.3
     1     1    11     4     8    20     0     2  -189.0  -19.050  -23.979     18.5   1013.4
     1     1    11     4     8    19     0     1  -190.0  -19.095  -23.766     19.7   1012.1
     1     1    11     4     8    18     0     0  -191.0  -19.139  -23.561     20.1   1010.8
     1     1    11     4     8    17     0     1  -192.0  -19.180  -23.356     20.1   1011.0
     1     1    11     4     8    16     0     2  -193.0  -19.217  -23.146     20.1   1011.0
     1     1    11     4     8    15     0     3  -194.0  -19.252  -22.928     20.1   1011.1
     1     1    11     4     8    14     0     2  -195.0  -19.288  -22.703     19.8   1011.5
     1     1    11     4     8    13     0     1  -196.0  -19.331  -22.471     19.3   1012.1
     1     1    11     4     8    12     0     0  -197.0  -19.384  -22.230     18.9   1012.8
     1     1    11     4     8    11     0     1  -198.0  -19.443  -21.982     18.7   1012.8
     1     1    11     4     8    10     0     2  -199.0  -19.502  -21.735     18.8   1012.7
     1     1    11     4     8     9     0     3  -200.0  -19.564  -21.489     19.2   1012.4
     1     1    11     4     8     8     0     2  -201.0  -19.628  -21.246     20.0   1012.4
     1     1    11     4     8     7     0     1  -202.0  -19.695  -21.009     21.2   1012.3
     1     1    11     4     8     6     0     0  -203.0  -19.766  -20.776     22.5   1012.1
     1     1    11     4     8     5     0     1  -204.0  -19.839  -20.546     23.8   1012.3
     1     1    11     4     8     4     0     2  -205.0  -19.916  -20.321     24.6   1012.7
     1     1    11     4     8     3     0     3  -206.0  -20.002  -20.102     24.9   1013.4
     1     1    11     4     8     2     0     2  -207.0  -20.089  -19.885     25.1   1012.9
     1     1    11     4     8     1     0     1  -208.0  -20.162  -19.667     25.4   1012.4
     1     1    11     4     8     0     0     0  -209.0  -20.225  -19.447     25.5   1011.9
     1     1    11     4     7    23     0     1  -210.0  -20.277  -19.223     25.7   1011.8
     1     1    11     4     7    22     0     2  -211.0  -20.320  -18.997     26.2   1011.8
     1     1    11     4     7    21     0     3  -212.0  -20.355  -18.767     27.4   1011.6
     1     1    11     4     7    20     0     2  -213.0  -20.388  -18.534     29.1   1011.1
     1     1    11     4     7    19     0     1  -214.0  -20.427  -18.298     30.6   1010.8
     1     1    11     4     7    18     0     0  -215.0  -20.477  -18.057     31.3   1010.8
     1     1    11     4     7    17     0     1  -216.0  -20.535  -17.815     31.3   1011.0
     1     1    11     4     7    16     0     2  -217.0  -20.600  -17.577     31.3   1011.3
     1     1    11     4     7    15     0     3  -218.0  -20.673  -17.344     31.3   1011.7
     1     1    11     4     7    14     0     2  -219.0  -20.752  -17.113     31.2   1012.3
     1     1    11     4     7    13     0     1  -220.0  -20.830  -16.881     30.9   1013.0
     1     1    11     4     7    12     0     0  -221.0  -20.905  -16.649     30.6   1013.0
     1     1    11     4     7    11     0     1  -222.0  -20.980  -16.417     31.2   1012.2
     1     1    11     4     7    10     0     2  -223.0  -21.060  -16.187     33.4   1011.7
     1     1    11     4     7     9     0     3  -224.0  -21.143  -15.958     37.3   1011.5
     1     1    11     4     7     8     0     2  -225.0  -21.227  -15.735     41.5   1011.1
     1     1    11     4     7     7     0     1  -226.0  -21.307  -15.520     44.0   1010.9
     1     1    11     4     7     6     0     0  -227.0  -21.385  -15.309     44.8   1010.7
     1     1    11     4     7     5     0     1  -228.0  -21.455  -15.096     44.8   1010.7
     1     1    11     4     7     4     0     2  -229.0  -21.512  -14.877     44.7   1010.7
     1     1    11     4     7     3     0     3  -230.0  -21.557  -14.651     44.7   1010.7
     1     1    11     4     7     2     0     2  -231.0  -21.596  -14.414     44.7   1010.8
     1     1    11     4     7     1     0     1  -232.0  -21.638  -14.162     44.5   1010.9
     1     1    11     4     7     0     0     0  -233.0  -21.684  -13.893     44.5   1011.1
     1     1    11     4     6    23     0     1  -234.0  -21.737  -13.615     45.0   1011.1
     1     1    11     4     6    22     0     2  -235.0  -21.802  -13.338     46.7   1011.0
     1     1    11     4     6    21     0     3  -236.0  -21.878  -13.063     49.9   1010.8
     1     1    11     4     6    20     0     2  -237.0  -21.960  -12.792     53.6   1010.2
     1     1    11     4     6    19     0     1  -238.0  -22.046  -12.527     56.1   1009.7
     1     1    11     4     6    18     0     0  -239.0  -22.133  -12.266     56.9   1009.4
     1     1    11     4     6    17     0     1  -240.0  -22.210  -12.007     56.9   1009.7
     1     1    11     4     6    16     0     2  -241.0  -22.272  -11.746     57.0   1010.1
     1     1    11     4     6    15     0     3  -242.0  -22.320  -11.481     57.0   1010.5
     1     1    11     4     6    14     0     2  -243.0  -22.366  -11.212     57.0   1011.2
     1     1    11     4     6    13     0     1  -244.0  -22.421  -10.938     57.0   1011.9
     1     1    11     4     6    12     0     0  -245.0  -22.485  -10.659     57.0   1012.4
     1     1    11     4     6    11     0     1  -246.0  -22.559  -10.381     57.6   1012.3
     1     1    11     4     6    10     0     2  -247.0  -22.642  -10.110     59.4   1012.0
     1     1    11     4     6     9     0     3  -248.0  -22.733   -9.849     62.5   1011.4
     1     1    11     4     6     8     0     2  -249.0  -22.832   -9.597     65.7   1010.6
     1     1    11     4     6     7     0     1  -250.0  -22.939   -9.352     67.5   1010.2
     1     1    11     4     6     6     0     0  -251.0  -23.050   -9.113     68.1   1009.9
     1     1    11     4     6     5     0     1  -252.0  -23.160   -8.877     68.8   1010.0
     1     1    11     4     6     4     0     2  -253.0  -23.268   -8.640     70.8   1009.9
     1     1    11     4     6     3     0     3  -254.0  -23.374   -8.403     74.5   1009.6
     1     1    11     4     6     2     0     2  -255.0  -23.480   -8.167     78.2   1009.6
     1     1    11     4     6     1     0     1  -256.0  -23.585   -7.934     80.1   1010.0
     1     1    11     4     6     0     0     0  -257.0  -23.691   -7.705     80.3   1010.6
     1     1    11     4     5    23     0     1  -258.0  -23.799   -7.477     80.5   1010.7
     1     1    11     4     5    22     0     2  -259.0  -23.914   -7.251     81.8   1010.4
     1     1    11     4     5    21     0     3  -260.0  -24.038   -7.030     82.7   1010.1
     1     1    11     4     5    20     0     2  -261.0  -24.161   -6.815     83.9   1009.7
     1     1    11     4     5    19     0     1  -262.0  -24.273   -6.607     86.4   1008.9
     1     1    11     4     5    18     0     0  -263.0  -24.373   -6.404     89.3   1008.1
     1     1    11     4     5    17     0     1  -264.0  -24.462   -6.197     91.4   1007.9
     1     1    11     4     5    16     0     2  -265.0  -24.543   -5.980     92.4   1007.8
     1     1    11     4     5    15     0     3  -266.0  -24.615   -5.751     92.5   1007.9
     1     1    11     4     5    14     0     2  -267.0  -24.684   -5.512     92.0   1008.2
     1     1    11     4     5    13     0     1  -268.0  -24.754   -5.267     91.6   1008.4
     1     1    11     4     5    12     0     0  -269.0  -24.825   -5.019     91.5   1008.7
     1     1    11     4     5    11     0     1  -270.0  -24.902   -4.765     91.3   1008.8
     1     1    11     4     5    10     0     2  -271.0  -24.990   -4.503     90.7   1008.9
     1     1    11     4     5     9     0     3  -272.0  -25.091   -4.236     89.3   1009.2
     1     1    11     4     5     8     0     2  -273.0  -25.197   -3.973     87.5   1009.2
     1     1    11     4     5     7     0     1  -274.0  -25.305   -3.723     86.2   1009.2
     1     1    11     4     5     6     0     0  -275.0  -25.413   -3.483     85.9   1009.0
     1     1    11     4     5     5     0     1  -276.0  -25.523   -3.247     86.0   1009.5
     1     1    11     4     5     4     0     2  -277.0  -25.634   -3.010     86.2   1010.1
     1     1    11     4     5     3     0     3  -278.0  -25.746   -2.772     86.2   1010.6
     1     1    11     4     5     2     0     2  -279.0  -25.857   -2.532     86.4   1010.6
     1     1    11     4     5     1     0     1  -280.0  -25.965   -2.283     86.9   1010.6
     1     1    11     4     5     0     0     0  -281.0  -26.071   -2.023     87.2   1010.9
     1     1    11     4     4    23     0     1  -282.0  -26.174   -1.754     87.6   1011.1
     1     1    11     4     4    22     0     2  -283.0  -26.273   -1.476     88.8   1011.0
     1     1    11     4     4    21     0     3  -284.0  -26.367   -1.189     89.9   1010.9
     1     1    11     4     4    20     0     2  -285.0  -26.455   -0.894     90.3   1010.4
     1     1    11     4     4    19     0     1  -286.0  -26.533   -0.592     90.3   1010.1
     1     1    11     4     4    18     0     0  -287.0  -26.599   -0.287     90.3   1009.7
     1     1    11     4     4    17     0     1  -288.0  -26.671    0.028     90.7   1009.5
     1     1    11     4     4    16     0     2  -289.0  -26.753    0.353     90.6   1009.3
     1     1    11     4     4    15     0     3  -290.0  -26.832    0.684     89.0   1009.5
     1     1    11     4     4    14     0     2  -291.0  -26.910    1.023     87.1   1010.4
     1     1    11     4     4    13     0     1  -292.0  -26.992    1.371     86.0   1011.2
     1     1    11     4     4    12     0     0  -293.0  -27.078    1.729     85.5   1011.8
     1     1    11     4     4    11     0     1  -294.0  -27.171    2.097     85.4   1012.0
     1     1    11     4     4    10     0     2  -295.0  -27.278    2.473     85.8   1012.3
     1     1    11     4     4     9     0     3  -296.0  -27.399    2.858     87.8   1012.3
     1     1    11     4     4     8     0     2  -297.0  -27.536    3.242     90.6   1011.8
     1     1    11     4     4     7     0     1  -298.0  -27.691    3.621     93.4   1011.4
     1     1    11     4     4     6     0     0  -299.0  -27.860    3.993     97.0   1011.0
     1     1    11     4     4     5     0     1  -300.0  -28.041    4.358    100.5   1010.4
     1     1    11     4     4     4     0     2  -301.0  -28.229    4.713    102.4   1010.3
     1     1    11     4     4     3     0     3  -302.0  -28.419    5.052    102.3   1010.6
     1     1    11     4     4     2     0     2  -303.0  -28.614    5.378    101.9   1011.3
     1     1    11     4     4     1     0     1  -304.0  -28.817    5.699    103.3   1011.8
     1     1    11     4     4     0     0     0  -305.0  -29.027    6.015    106.4   1012.5
     1     1    11     4     3    23     0     1  -306.0  -29.241    6.318    109.1   1011.6
     1     1    11     4     3    22     0     2  -307.0  -29.456    6.599    110.2   1011.2
     1     1    11     4     3    21     0     3  -308.0  -29.671    6.856    110.6   1010.8
     1     1    11     4     3    20     0     2  -309.0  -29.880    7.096    111.5   1010.9
     1     1    11     4     3    19     0     1  -310.0  -30.083    7.328    114.2   1010.6
     1     1    11     4     3    18     0     0  -311.0  -30.281    7.551    118.6   1010.0
     1     1    11     4     3    17     0     1  -312.0  -30.486    7.763    122.9   1009.4
     1     1    11     4     3    16     0     2  -313.0  -30.705    7.961    125.7   1009.2
     1     1    11     4     3    15     0     3  -314.0  -30.928    8.141    126.7   1009.4
     1     1    11     4     3    14     0     2  -315.0  -31.157    8.300    126.4   1009.9
     1     1    11     4     3    13     0     1  -316.0  -31.393    8.434    125.5   1010.2
     1     1    11     4     3    12     0     0  -317.0  -31.631    8.537    125.1   1010.7
     1     1    11     4     3    11     0     1  -318.0  -31.869    8.613    125.9   1010.4
     1     1    11     4     3    10     0     2  -319.0  -32.109    8.672    128.6   1009.7
     1     1    11     4     3     9     0     3  -320.0  -32.356    8.716    132.2   1008.8
     1     1    11     4     3     8     0     2  -321.0  -32.607    8.736    136.0   1008.3
     1     1    11     4     3     7     0     1  -322.0  -32.860    8.726    140.7   1007.8
     1     1    11     4     3     6     0     0  -323.0  -33.111    8.688    146.9   1006.8
     1     1    11     4     3     5     0     1  -324.0  -33.359    8.633    153.0   1005.8
     1     1    11     4     3     4     0     2  -325.0  -33.600    8.570    158.5   1005.4
     1     1    11     4     3     3     0     3  -326.0  -33.831    8.499    165.5   1004.7
     1     1    11     4     3     2     0     2  -327.0  -34.056    8.416    172.6   1003.6
     1     1    11     4     3     1     0     1  -328.0  -34.281    8.314    176.8   1003.2
     1     1    11     4     3     0     0     0  -329.0  -34.498    8.189    179.4   1003.2
     1     1    11     4     2    23     0     1  -330.0  -34.707    8.047    181.5   1002.8
     1     1    11     4     2    22     0     2  -331.0  -34.912    7.903    183.1   1002.6
     1     1    11     4     2    21     0     3  -332.0  -35.117    7.762    184.0   1002.4
     1     1    11     4     2    20     0     2  -333.0  -35.311    7.608    185.2   1002.3
     1     1    11     4     2    19     0     1  -334.0  -35.489    7.434    189.3   1001.9
     1     1    11     4     2    18     0     0  -335.0  -35.653    7.247    197.7   1000.9
     1     1    11     4     2    17     0     1  -336.0  -35.807    7.051    207.3    999.1
