     3     1
    GDAS    11     8     8     0     0
    GDAS    11     8    15     0     0
    GDAS    11     8    22     0     0
     1 BACKWARD OMEGA   
  2011     8    23    15   -8.820  -56.740  3962.4
     1 PRESSURE
     1     1    11     8    23    15     0     3     0.0   -8.820  -56.740   3962.4    618.9
     1     1    11     8    23    14     0     2    -1.0   -8.834  -56.764   4020.1    615.1
     1     1    11     8    23    13     0     1    -2.0   -8.834  -56.790   4088.1    610.0
     1     1    11     8    23    12     0     0    -3.0   -8.818  -56.819   4168.5    603.8
     1     1    11     8    23    11     0     1    -4.0   -8.799  -56.853   4242.5    596.4
     1     1    11     8    23    10     0     2    -5.0   -8.787  -56.889   4287.4    592.8
     1     1    11     8    23     9     0     3    -6.0   -8.784  -56.925   4300.4    591.6
     1     1    11     8    23     8     0     2    -7.0   -8.783  -56.968   4296.6    593.4
     1     1    11     8    23     7     0     1    -8.0   -8.779  -57.022   4293.3    593.9
     1     1    11     8    23     6     0     0    -9.0   -8.770  -57.089   4291.9    594.0
     1     1    11     8    23     5     0     1   -10.0   -8.756  -57.163   4291.1    594.2
     1     1    11     8    23     4     0     2   -11.0   -8.741  -57.239   4290.4    594.7
     1     1    11     8    23     3     0     3   -12.0   -8.722  -57.318   4293.7    595.0
     1     1    11     8    23     2     0     2   -13.0   -8.697  -57.400   4310.3    594.3
     1     1    11     8    23     1     0     1   -14.0   -8.660  -57.484   4344.2    591.5
     1     1    11     8    23     0     0     0   -15.0   -8.612  -57.570   4387.3    588.2
     1     1    11     8    22    23     0     1   -16.0   -8.547  -57.659   4422.1    585.0
     1     1    11     8    22    22     0     2   -17.0   -8.458  -57.755   4437.4    584.7
     1     1    11     8    22    21     0     3   -18.0   -8.344  -57.858   4438.5    586.2
     1     1    11     8    22    20     0     2   -19.0   -8.212  -57.959   4436.0    589.1
     1     1    11     8    22    19     0     1   -20.0   -8.071  -58.048   4435.9    591.1
     1     1    11     8    22    18     0     0   -21.0   -7.920  -58.120   4438.5    591.4
     1     1    11     8    22    17     0     1   -22.0   -7.761  -58.178   4447.3    590.6
     1     1    11     8    22    16     0     2   -23.0   -7.595  -58.223   4462.7    589.4
     1     1    11     8    22    15     0     3   -24.0   -7.423  -58.255   4482.3    587.9
     1     1    11     8    22    14     0     2   -25.0   -7.242  -58.267   4506.6    585.8
     1     1    11     8    22    13     0     1   -26.0   -7.045  -58.254   4536.2    583.1
     1     1    11     8    22    12     0     0   -27.0   -6.831  -58.215   4573.2    580.4
     1     1    11     8    22    11     0     1   -28.0   -6.603  -58.152   4620.0    577.0
     1     1    11     8    22    10     0     2   -29.0   -6.366  -58.067   4680.9    572.7
     1     1    11     8    22     9     0     3   -30.0   -6.123  -57.958   4762.8    567.1
     1     1    11     8    22     8     0     2   -31.0   -5.882  -57.836   4831.8    560.1
     1     1    11     8    22     7     0     1   -32.0   -5.642  -57.709   4865.4    558.8
     1     1    11     8    22     6     0     0   -33.0   -5.400  -57.573   4889.5    558.1
     1     1    11     8    22     5     0     1   -34.0   -5.164  -57.425   4914.2    556.6
     1     1    11     8    22     4     0     2   -35.0   -4.943  -57.266   4924.9    555.4
     1     1    11     8    22     3     0     3   -36.0   -4.738  -57.102   4916.1    557.0
     1     1    11     8    22     2     0     2   -37.0   -4.544  -56.936   4894.8    558.3
     1     1    11     8    22     1     0     1   -38.0   -4.353  -56.774   4862.3    560.6
     1     1    11     8    22     0     0     0   -39.0   -4.166  -56.612   4820.8    564.0
     1     1    11     8    21    23     0     1   -40.0   -3.976  -56.443   4783.8    568.1
     1     1    11     8    21    22     0     2   -41.0   -3.781  -56.263   4764.8    570.0
     1     1    11     8    21    21     0     3   -42.0   -3.582  -56.078   4767.9    569.9
     1     1    11     8    21    20     0     2   -43.0   -3.383  -55.883   4797.1    568.1
     1     1    11     8    21    19     0     1   -44.0   -3.189  -55.670   4858.3    563.9
     1     1    11     8    21    18     0     0   -45.0   -2.998  -55.433   4953.5    557.4
     1     1    11     8    21    17     0     1   -46.0   -2.811  -55.171   5052.2    549.1
     1     1    11     8    21    16     0     2   -47.0   -2.621  -54.890   5126.8    544.6
     1     1    11     8    21    15     0     3   -48.0   -2.425  -54.589   5180.1    541.1
     1     1    11     8    21    14     0     2   -49.0   -2.224  -54.266   5214.9    538.3
     1     1    11     8    21    13     0     1   -50.0   -2.022  -53.916   5237.5    536.9
     1     1    11     8    21    12     0     0   -51.0   -1.825  -53.540   5236.9    534.5
     1     1    11     8    21    11     0     1   -52.0   -1.642  -53.163   5224.7    534.8
     1     1    11     8    21    10     0     2   -53.0   -1.473  -52.802   5224.8    535.1
     1     1    11     8    21     9     0     3   -54.0   -1.313  -52.459   5246.4    534.0
     1     1    11     8    21     8     0     2   -55.0   -1.164  -52.125   5269.4    532.7
     1     1    11     8    21     7     0     1   -56.0   -1.033  -51.799   5269.1    534.1
     1     1    11     8    21     6     0     0   -57.0   -0.920  -51.481   5249.2    537.0
     1     1    11     8    21     5     0     1   -58.0   -0.820  -51.170   5228.5    541.0
     1     1    11     8    21     4     0     2   -59.0   -0.731  -50.864   5217.5    543.1
     1     1    11     8    21     3     0     3   -60.0   -0.651  -50.565   5212.8    543.5
     1     1    11     8    21     2     0     2   -61.0   -0.572  -50.273   5214.6    543.3
     1     1    11     8    21     1     0     1   -62.0   -0.487  -49.982   5224.2    542.7
     1     1    11     8    21     0     0     0   -63.0   -0.397  -49.693   5241.4    541.4
     1     1    11     8    20    23     0     1   -64.0   -0.309  -49.399   5265.5    539.5
     1     1    11     8    20    22     0     2   -65.0   -0.232  -49.092   5290.4    537.0
     1     1    11     8    20    21     0     3   -66.0   -0.161  -48.769   5307.7    535.4
     1     1    11     8    20    20     0     2   -67.0   -0.089  -48.442   5321.3    534.8
     1     1    11     8    20    19     0     1   -68.0   -0.012  -48.122   5343.6    533.9
     1     1    11     8    20    18     0     0   -69.0    0.067  -47.811   5385.8    531.4
     1     1    11     8    20    17     0     1   -70.0    0.149  -47.520   5438.2    527.2
     1     1    11     8    20    16     0     2   -71.0    0.235  -47.251   5481.7    524.2
     1     1    11     8    20    15     0     3   -72.0    0.326  -46.999   5508.0    522.5
     1     1    11     8    20    14     0     2   -73.0    0.417  -46.759   5531.9    522.1
     1     1    11     8    20    13     0     1   -74.0    0.505  -46.531   5564.3    519.5
     1     1    11     8    20    12     0     0   -75.0    0.584  -46.312   5592.9    517.2
     1     1    11     8    20    11     0     1   -76.0    0.658  -46.101   5610.4    515.6
     1     1    11     8    20    10     0     2   -77.0    0.729  -45.896   5618.2    515.0
     1     1    11     8    20     9     0     3   -78.0    0.796  -45.698   5623.4    514.5
     1     1    11     8    20     8     0     2   -79.0    0.855  -45.501   5640.2    514.1
     1     1    11     8    20     7     0     1   -80.0    0.902  -45.297   5679.1    511.7
     1     1    11     8    20     6     0     0   -81.0    0.934  -45.083   5740.6    507.7
     1     1    11     8    20     5     0     1   -82.0    0.955  -44.860   5799.5    502.6
     1     1    11     8    20     4     0     2   -83.0    0.974  -44.629   5834.3    500.8
     1     1    11     8    20     3     0     3   -84.0    0.991  -44.394   5851.3    500.3
     1     1    11     8    20     2     0     2   -85.0    1.006  -44.160   5859.9    500.1
     1     1    11     8    20     1     0     1   -86.0    1.019  -43.929   5862.9    499.7
     1     1    11     8    20     0     0     0   -87.0    1.032  -43.704   5853.4    500.1
     1     1    11     8    19    23     0     1   -88.0    1.051  -43.483   5838.8    501.4
     1     1    11     8    19    22     0     2   -89.0    1.076  -43.256   5828.1    501.6
     1     1    11     8    19    21     0     3   -90.0    1.107  -43.024   5817.8    501.8
     1     1    11     8    19    20     0     2   -91.0    1.147  -42.789   5809.8    502.6
     1     1    11     8    19    19     0     1   -92.0    1.197  -42.556   5803.8    502.8
     1     1    11     8    19    18     0     0   -93.0    1.255  -42.323   5791.2    503.4
     1     1    11     8    19    17     0     1   -94.0    1.313  -42.087   5772.5    505.0
     1     1    11     8    19    16     0     2   -95.0    1.364  -41.845   5757.9    506.6
     1     1    11     8    19    15     0     3   -96.0    1.407  -41.597   5758.6    507.1
     1     1    11     8    19    14     0     2   -97.0    1.443  -41.346   5778.7    505.6
     1     1    11     8    19    13     0     1   -98.0    1.472  -41.099   5813.3    503.2
     1     1    11     8    19    12     0     0   -99.0    1.493  -40.852   5855.8    500.2
     1     1    11     8    19    11     0     1  -100.0    1.512  -40.608   5897.0    496.9
     1     1    11     8    19    10     0     2  -101.0    1.536  -40.371   5934.1    494.4
     1     1    11     8    19     9     0     3  -102.0    1.565  -40.140   5974.2    491.8
     1     1    11     8    19     8     0     2  -103.0    1.597  -39.912   6015.8    488.8
     1     1    11     8    19     7     0     1  -104.0    1.629  -39.684   6054.4    486.5
     1     1    11     8    19     6     0     0  -105.0    1.663  -39.458   6091.7    484.2
     1     1    11     8    19     5     0     1  -106.0    1.691  -39.230   6127.9    482.1
     1     1    11     8    19     4     0     2  -107.0    1.704  -38.996   6157.3    480.3
     1     1    11     8    19     3     0     3  -108.0    1.703  -38.757   6174.2    479.5
     1     1    11     8    19     2     0     2  -109.0    1.698  -38.516   6187.5    479.4
     1     1    11     8    19     1     0     1  -110.0    1.694  -38.277   6209.0    478.2
     1     1    11     8    19     0     0     0  -111.0    1.689  -38.038   6241.9    476.5
     1     1    11     8    18    23     0     1  -112.0    1.678  -37.807   6275.0    473.4
     1     1    11     8    18    22     0     2  -113.0    1.663  -37.590   6289.3    471.8
     1     1    11     8    18    21     0     3  -114.0    1.650  -37.391   6273.9    472.1
     1     1    11     8    18    20     0     2  -115.0    1.640  -37.201   6246.5    475.2
     1     1    11     8    18    19     0     1  -116.0    1.630  -37.013   6230.7    476.2
     1     1    11     8    18    18     0     0  -117.0    1.618  -36.828   6227.6    476.5
     1     1    11     8    18    17     0     1  -118.0    1.597  -36.633   6236.9    476.1
     1     1    11     8    18    16     0     2  -119.0    1.560  -36.420   6254.7    475.2
     1     1    11     8    18    15     0     3  -120.0    1.502  -36.185   6274.9    474.0
     1     1    11     8    18    14     0     2  -121.0    1.435  -35.936   6300.2    472.9
     1     1    11     8    18    13     0     1  -122.0    1.373  -35.683   6339.7    470.6
     1     1    11     8    18    12     0     0  -123.0    1.310  -35.420   6397.4    467.4
     1     1    11     8    18    11     0     1  -124.0    1.245  -35.148   6471.3    462.3
     1     1    11     8    18    10     0     2  -125.0    1.183  -34.875   6557.3    457.0
     1     1    11     8    18     9     0     3  -126.0    1.125  -34.600   6637.7    450.8
     1     1    11     8    18     8     0     2  -127.0    1.075  -34.327   6660.0    447.5
     1     1    11     8    18     7     0     1  -128.0    1.033  -34.061   6577.2    451.6
     1     1    11     8    18     6     0     0  -129.0    1.007  -33.815   6393.7    463.6
     1     1    11     8    18     5     0     1  -130.0    0.992  -33.596   6205.6    480.0
     1     1    11     8    18     4     0     2  -131.0    0.970  -33.394   6095.8    487.3
     1     1    11     8    18     3     0     3  -132.0    0.938  -33.199   6064.4    489.4
     1     1    11     8    18     2     0     2  -133.0    0.899  -33.002   6107.0    486.6
     1     1    11     8    18     1     0     1  -134.0    0.861  -32.801   6212.0    479.8
     1     1    11     8    18     0     0     0  -135.0    0.823  -32.592   6360.8    470.3
     1     1    11     8    17    23     0     1  -136.0    0.776  -32.376   6503.0    459.3
     1     1    11     8    17    22     0     2  -137.0    0.712  -32.154   6599.0    453.2
     1     1    11     8    17    21     0     3  -138.0    0.631  -31.925   6649.0    450.1
     1     1    11     8    17    20     0     2  -139.0    0.534  -31.687   6661.8    449.8
     1     1    11     8    17    19     0     1  -140.0    0.426  -31.442   6652.5    450.7
     1     1    11     8    17    18     0     0  -141.0    0.313  -31.194   6633.3    452.2
     1     1    11     8    17    17     0     1  -142.0    0.196  -30.938   6620.8    453.7
     1     1    11     8    17    16     0     2  -143.0    0.072  -30.664   6612.2    453.6
     1     1    11     8    17    15     0     3  -144.0   -0.058  -30.373   6583.1    454.9
     1     1    11     8    17    14     0     2  -145.0   -0.192  -30.084   6529.5    458.4
     1     1    11     8    17    13     0     1  -146.0   -0.328  -29.807   6471.5    462.6
     1     1    11     8    17    12     0     0  -147.0   -0.467  -29.536   6423.7    465.6
     1     1    11     8    17    11     0     1  -148.0   -0.606  -29.267   6391.2    467.5
     1     1    11     8    17    10     0     2  -149.0   -0.744  -28.999   6377.0    468.2
     1     1    11     8    17     9     0     3  -150.0   -0.882  -28.736   6380.5    467.7
     1     1    11     8    17     8     0     2  -151.0   -1.016  -28.484   6402.6    466.4
     1     1    11     8    17     7     0     1  -152.0   -1.145  -28.240   6438.9    463.8
     1     1    11     8    17     6     0     0  -153.0   -1.272  -28.001   6474.7    461.2
     1     1    11     8    17     5     0     1  -154.0   -1.398  -27.766   6498.8    459.7
     1     1    11     8    17     4     0     2  -155.0   -1.522  -27.537   6506.8    459.3
     1     1    11     8    17     3     0     3  -156.0   -1.642  -27.312   6496.2    460.0
     1     1    11     8    17     2     0     2  -157.0   -1.758  -27.090   6486.7    462.0
     1     1    11     8    17     1     0     1  -158.0   -1.870  -26.874   6499.7    461.5
     1     1    11     8    17     0     0     0  -159.0   -1.981  -26.660   6538.0    459.6
     1     1    11     8    16    23     0     1  -160.0   -2.089  -26.449   6587.7    455.6
     1     1    11     8    16    22     0     2  -161.0   -2.191  -26.236   6634.3    452.9
     1     1    11     8    16    21     0     3  -162.0   -2.287  -26.022   6681.0    450.1
     1     1    11     8    16    20     0     2  -163.0   -2.381  -25.806   6728.3    447.2
     1     1    11     8    16    19     0     1  -164.0   -2.474  -25.586   6776.4    444.4
     1     1    11     8    16    18     0     0  -165.0   -2.568  -25.364   6827.8    441.4
     1     1    11     8    16    17     0     1  -166.0   -2.661  -25.137   6875.3    438.3
     1     1    11     8    16    16     0     2  -167.0   -2.756  -24.901   6912.9    436.4
     1     1    11     8    16    15     0     3  -168.0   -2.854  -24.657   6938.6    434.7
     1     1    11     8    16    14     0     2  -169.0   -2.957  -24.406   6949.8    434.3
     1     1    11     8    16    13     0     1  -170.0   -3.066  -24.152   6951.7    434.5
     1     1    11     8    16    12     0     0  -171.0   -3.179  -23.896   6953.2    434.8
     1     1    11     8    16    11     0     1  -172.0   -3.293  -23.646   6961.2    434.1
     1     1    11     8    16    10     0     2  -173.0   -3.404  -23.407   6973.4    432.9
     1     1    11     8    16     9     0     3  -174.0   -3.516  -23.179   6981.8    432.0
     1     1    11     8    16     8     0     2  -175.0   -3.637  -22.962   6975.7    431.8
     1     1    11     8    16     7     0     1  -176.0   -3.774  -22.757   6949.6    433.3
     1     1    11     8    16     6     0     0  -177.0   -3.924  -22.567   6905.8    435.7
     1     1    11     8    16     5     0     1  -178.0   -4.078  -22.389   6859.4    439.4
     1     1    11     8    16     4     0     2  -179.0   -4.224  -22.221   6828.3    441.5
     1     1    11     8    16     3     0     3  -180.0   -4.362  -22.060   6818.7    442.4
     1     1    11     8    16     2     0     2  -181.0   -4.489  -21.904   6823.1    441.7
     1     1    11     8    16     1     0     1  -182.0   -4.602  -21.750   6829.6    441.5
     1     1    11     8    16     0     0     0  -183.0   -4.702  -21.598   6835.2    441.3
     1     1    11     8    15    23     0     1  -184.0   -4.791  -21.452   6841.0    441.0
     1     1    11     8    15    22     0     2  -185.0   -4.869  -21.315   6849.1    440.4
     1     1    11     8    15    21     0     3  -186.0   -4.936  -21.187   6857.5    439.7
     1     1    11     8    15    20     0     2  -187.0   -4.999  -21.066   6874.4    439.2
     1     1    11     8    15    19     0     1  -188.0   -5.061  -20.951   6910.5    437.1
     1     1    11     8    15    18     0     0  -189.0   -5.123  -20.843   6967.1    433.8
     1     1    11     8    15    17     0     1  -190.0   -5.189  -20.741   7024.1    429.5
     1     1    11     8    15    16     0     2  -191.0   -5.266  -20.642   7061.8    427.3
     1     1    11     8    15    15     0     3  -192.0   -5.353  -20.548   7079.0    426.2
     1     1    11     8    15    14     0     2  -193.0   -5.450  -20.458   7087.6    426.6
     1     1    11     8    15    13     0     1  -194.0   -5.555  -20.373   7101.5    426.1
     1     1    11     8    15    12     0     0  -195.0   -5.665  -20.295   7123.2    425.1
     1     1    11     8    15    11     0     1  -196.0   -5.779  -20.224   7151.9    423.2
     1     1    11     8    15    10     0     2  -197.0   -5.895  -20.164   7185.3    421.0
     1     1    11     8    15     9     0     3  -198.0   -6.014  -20.113   7222.3    418.7
     1     1    11     8    15     8     0     2  -199.0   -6.130  -20.073   7260.0    416.4
     1     1    11     8    15     7     0     1  -200.0   -6.240  -20.043   7294.3    414.4
     1     1    11     8    15     6     0     0  -201.0   -6.346  -20.023   7323.0    412.6
     1     1    11     8    15     5     0     1  -202.0   -6.448  -20.010   7345.2    411.5
     1     1    11     8    15     4     0     2  -203.0   -6.547  -20.004   7361.9    410.7
     1     1    11     8    15     3     0     3  -204.0   -6.643  -20.004   7373.6    410.1
     1     1    11     8    15     2     0     2  -205.0   -6.735  -20.008   7383.4    410.0
     1     1    11     8    15     1     0     1  -206.0   -6.823  -20.016   7392.5    409.6
     1     1    11     8    15     0     0     0  -207.0   -6.907  -20.027   7398.0    409.5
     1     1    11     8    14    23     0     1  -208.0   -6.992  -20.043   7402.1    409.4
     1     1    11     8    14    22     0     2  -209.0   -7.084  -20.068   7409.7    408.9
     1     1    11     8    14    21     0     3  -210.0   -7.180  -20.104   7423.8    408.2
     1     1    11     8    14    20     0     2  -211.0   -7.275  -20.145   7441.8    406.8
     1     1    11     8    14    19     0     1  -212.0   -7.364  -20.185   7459.5    405.7
     1     1    11     8    14    18     0     0  -213.0   -7.445  -20.223   7477.3    404.6
     1     1    11     8    14    17     0     1  -214.0   -7.525  -20.260   7500.7    403.7
     1     1    11     8    14    16     0     2  -215.0   -7.610  -20.295   7532.9    402.0
     1     1    11     8    14    15     0     3  -216.0   -7.699  -20.330   7569.2    400.0
     1     1    11     8    14    14     0     2  -217.0   -7.792  -20.365   7603.2    398.1
     1     1    11     8    14    13     0     1  -218.0   -7.885  -20.399   7633.7    396.6
     1     1    11     8    14    12     0     0  -219.0   -7.981  -20.432   7665.7    395.1
     1     1    11     8    14    11     0     1  -220.0   -8.078  -20.472   7697.5    393.1
     1     1    11     8    14    10     0     2  -221.0   -8.178  -20.526   7724.9    391.6
     1     1    11     8    14     9     0     3  -222.0   -8.280  -20.597   7748.4    390.2
     1     1    11     8    14     8     0     2  -223.0   -8.386  -20.684   7774.6    389.1
     1     1    11     8    14     7     0     1  -224.0   -8.497  -20.786   7807.2    387.1
     1     1    11     8    14     6     0     0  -225.0   -8.612  -20.905   7840.8    385.2
     1     1    11     8    14     5     0     1  -226.0   -8.735  -21.040   7870.6    383.8
     1     1    11     8    14     4     0     2  -227.0   -8.869  -21.189   7894.6    382.8
     1     1    11     8    14     3     0     3  -228.0   -9.012  -21.352   7910.4    382.1
     1     1    11     8    14     2     0     2  -229.0   -9.156  -21.521   7922.1    382.1
     1     1    11     8    14     1     0     1  -230.0   -9.298  -21.690   7936.4    381.5
     1     1    11     8    14     0     0     0  -231.0   -9.442  -21.865   7947.7    380.9
     1     1    11     8    13    23     0     1  -232.0   -9.589  -22.047   7963.5    380.6
     1     1    11     8    13    22     0     2  -233.0   -9.741  -22.241   8008.6    378.8
     1     1    11     8    13    21     0     3  -234.0   -9.902  -22.450   8103.7    374.4
     1     1    11     8    13    20     0     2  -235.0  -10.063  -22.671   8237.7    366.6
     1     1    11     8    13    19     0     1  -236.0  -10.210  -22.896   8381.3    359.0
     1     1    11     8    13    18     0     0  -237.0  -10.350  -23.128   8520.1    351.9
     1     1    11     8    13    17     0     1  -238.0  -10.474  -23.365   8636.1    345.9
     1     1    11     8    13    16     0     2  -239.0  -10.572  -23.589   8727.5    342.0
     1     1    11     8    13    15     0     3  -240.0  -10.644  -23.791   8808.7    338.6
     1     1    11     8    13    14     0     2  -241.0  -10.692  -23.973   8880.2    335.2
     1     1    11     8    13    13     0     1  -242.0  -10.718  -24.137   8944.6    332.7
     1     1    11     8    13    12     0     0  -243.0  -10.716  -24.277   9014.4    329.8
     1     1    11     8    13    11     0     1  -244.0  -10.686  -24.400   9080.8    325.9
     1     1    11     8    13    10     0     2  -245.0  -10.634  -24.513   9130.1    323.4
     1     1    11     8    13     9     0     3  -246.0  -10.563  -24.614   9160.8    321.8
     1     1    11     8    13     8     0     2  -247.0  -10.474  -24.697   9175.6    321.1
     1     1    11     8    13     7     0     1  -248.0  -10.366  -24.755   9175.1    321.0
     1     1    11     8    13     6     0     0  -249.0  -10.242  -24.787   9155.0    321.7
     1     1    11     8    13     5     0     1  -250.0  -10.107  -24.801   9122.5    323.8
     1     1    11     8    13     4     0     2  -251.0   -9.967  -24.807   9092.9    325.5
     1     1    11     8    13     3     0     3  -252.0   -9.820  -24.806   9072.4    326.6
     1     1    11     8    13     2     0     2  -253.0   -9.667  -24.789   9067.2    327.2
     1     1    11     8    13     1     0     1  -254.0   -9.509  -24.751   9080.5    326.7
     1     1    11     8    13     0     0     0  -255.0   -9.344  -24.690   9109.3    325.4
     1     1    11     8    12    23     0     1  -256.0   -9.175  -24.611   9134.8    323.3
     1     1    11     8    12    22     0     2  -257.0   -9.009  -24.523   9143.5    322.9
     1     1    11     8    12    21     0     3  -258.0   -8.851  -24.427   9138.9    323.0
     1     1    11     8    12    20     0     2  -259.0   -8.707  -24.325   9122.6    323.8
     1     1    11     8    12    19     0     1  -260.0   -8.578  -24.215   9100.3    324.9
     1     1    11     8    12    18     0     0  -261.0   -8.464  -24.097   9078.9    326.0
     1     1    11     8    12    17     0     1  -262.0   -8.353  -23.969   9071.0    326.9
     1     1    11     8    12    16     0     2  -263.0   -8.233  -23.831   9080.7    326.2
     1     1    11     8    12    15     0     3  -264.0   -8.100  -23.682   9095.9    325.3
     1     1    11     8    12    14     0     2  -265.0   -7.957  -23.522   9110.2    324.8
     1     1    11     8    12    13     0     1  -266.0   -7.805  -23.350   9127.5    324.3
     1     1    11     8    12    12     0     0  -267.0   -7.646  -23.164   9152.5    323.3
     1     1    11     8    12    11     0     1  -268.0   -7.475  -22.967   9192.2    321.5
     1     1    11     8    12    10     0     2  -269.0   -7.286  -22.759   9250.5    318.6
     1     1    11     8    12     9     0     3  -270.0   -7.071  -22.536   9323.7    315.0
     1     1    11     8    12     8     0     2  -271.0   -6.838  -22.298   9392.6    311.1
     1     1    11     8    12     7     0     1  -272.0   -6.602  -22.048   9442.2    309.0
     1     1    11     8    12     6     0     0  -273.0   -6.363  -21.788   9480.8    307.5
     1     1    11     8    12     5     0     1  -274.0   -6.124  -21.511   9512.1    306.3
     1     1    11     8    12     4     0     2  -275.0   -5.893  -21.214   9536.0    305.5
     1     1    11     8    12     3     0     3  -276.0   -5.668  -20.902   9566.2    304.9
     1     1    11     8    12     2     0     2  -277.0   -5.456  -20.582   9626.5    302.9
     1     1    11     8    12     1     0     1  -278.0   -5.259  -20.253   9715.5    298.8
     1     1    11     8    12     0     0     0  -279.0   -5.072  -19.910   9808.7    294.5
     1     1    11     8    11    23     0     1  -280.0   -4.888  -19.542   9876.6    290.9
     1     1    11     8    11    22     0     2  -281.0   -4.702  -19.143   9904.3    289.7
     1     1    11     8    11    21     0     3  -282.0   -4.516  -18.721   9907.7    290.1
     1     1    11     8    11    20     0     2  -283.0   -4.332  -18.283   9925.3    290.2
     1     1    11     8    11    19     0     1  -284.0   -4.147  -17.831   9968.8    287.8
     1     1    11     8    11    18     0     0  -285.0   -3.958  -17.363  10012.4    285.2
     1     1    11     8    11    17     0     1  -286.0   -3.767  -16.886  10045.3    284.1
     1     1    11     8    11    16     0     2  -287.0   -3.584  -16.401  10081.7    283.0
     1     1    11     8    11    15     0     3  -288.0   -3.410  -15.897  10132.9    281.1
     1     1    11     8    11    14     0     2  -289.0   -3.241  -15.367  10173.5    278.3
     1     1    11     8    11    13     0     1  -290.0   -3.081  -14.810  10183.5    278.1
     1     1    11     8    11    12     0     0  -291.0   -2.930  -14.229  10173.1    278.7
     1     1    11     8    11    11     0     1  -292.0   -2.796  -13.643  10163.1    279.8
     1     1    11     8    11    10     0     2  -293.0   -2.681  -13.061  10168.2    279.5
     1     1    11     8    11     9     0     3  -294.0   -2.582  -12.473  10190.9    278.8
     1     1    11     8    11     8     0     2  -295.0   -2.491  -11.880  10215.2    276.7
     1     1    11     8    11     7     0     1  -296.0   -2.407  -11.290  10213.1    276.3
     1     1    11     8    11     6     0     0  -297.0   -2.331  -10.708  10185.9    277.6
     1     1    11     8    11     5     0     1  -298.0   -2.262  -10.123  10156.1    279.5
     1     1    11     8    11     4     0     2  -299.0   -2.202   -9.522  10127.0    280.4
     1     1    11     8    11     3     0     3  -300.0   -2.147   -8.901  10081.9    282.1
     1     1    11     8    11     2     0     2  -301.0   -2.101   -8.275  10043.2    285.0
     1     1    11     8    11     1     0     1  -302.0   -2.072   -7.646  10054.1    285.4
     1     1    11     8    11     0     0     0  -303.0   -2.055   -6.997  10144.4    282.4
