     3     1
    GDAS    11     2    15     0     0
    GDAS    11     2    22     0     0
    GDAS    11     3     1     0     0
     1 BACKWARD OMEGA   
  2011     3     1    16   -8.870  -56.700  1219.2
     1 PRESSURE
     1     1    11     3     1    16     0     2     0.0   -8.870  -56.700   1219.2    855.1
     1     1    11     3     1    15     0     3    -1.0   -8.660  -56.890   1205.2    855.6
     1     1    11     3     1    14     0     2    -2.0   -8.455  -57.073   1206.4    853.6
     1     1    11     3     1    13     0     1    -3.0   -8.262  -57.261   1219.5    851.0
     1     1    11     3     1    12     0     0    -4.0   -8.072  -57.449   1236.1    851.7
     1     1    11     3     1    11     0     1    -5.0   -7.893  -57.632   1249.9    853.8
     1     1    11     3     1    10     0     2    -6.0   -7.735  -57.800   1255.2    857.5
     1     1    11     3     1     9     0     3    -7.0   -7.600  -57.948   1259.3    859.6
     1     1    11     3     1     8     0     2    -8.0   -7.485  -58.081   1262.4    859.7
     1     1    11     3     1     7     0     1    -9.0   -7.389  -58.210   1261.6    859.5
     1     1    11     3     1     6     0     0   -10.0   -7.308  -58.333   1254.7    860.2
     1     1    11     3     1     5     0     1   -11.0   -7.237  -58.446   1247.9    862.3
     1     1    11     3     1     4     0     2   -12.0   -7.172  -58.547   1247.8    863.0
     1     1    11     3     1     3     0     3   -13.0   -7.115  -58.632   1253.1    863.2
     1     1    11     3     1     2     0     2   -14.0   -7.070  -58.715   1259.9    862.1
     1     1    11     3     1     1     0     1   -15.0   -7.035  -58.806   1266.2    861.5
     1     1    11     3     1     0     0     0   -16.0   -7.010  -58.907   1273.6    860.8
     1     1    11     2    28    23     0     1   -17.0   -6.985  -59.021   1266.7    859.7
     1     1    11     2    28    22     0     2   -18.0   -6.952  -59.149   1233.8    862.9
     1     1    11     2    28    21     0     3   -19.0   -6.910  -59.287   1186.0    868.1
     1     1    11     2    28    20     0     2   -20.0   -6.867  -59.421   1146.7    874.3
     1     1    11     2    28    19     0     1   -21.0   -6.831  -59.540   1125.4    876.2
     1     1    11     2    28    18     0     0   -22.0   -6.804  -59.644   1111.3    877.6
     1     1    11     2    28    17     0     1   -23.0   -6.788  -59.744   1092.6    879.5
     1     1    11     2    28    16     0     2   -24.0   -6.782  -59.853   1063.5    883.3
     1     1    11     2    28    15     0     3   -25.0   -6.791  -59.969   1027.5    887.8
     1     1    11     2    28    14     0     2   -26.0   -6.811  -60.091    991.5    891.9
     1     1    11     2    28    13     0     1   -27.0   -6.840  -60.212    959.6    894.9
     1     1    11     2    28    12     0     0   -28.0   -6.879  -60.333    928.0    897.9
     1     1    11     2    28    11     0     1   -29.0   -6.918  -60.460    897.0    900.9
     1     1    11     2    28    10     0     2   -30.0   -6.951  -60.597    868.0    903.2
     1     1    11     2    28     9     0     3   -31.0   -6.978  -60.743    837.2    905.4
     1     1    11     2    28     8     0     2   -32.0   -7.013  -60.891    810.8    909.0
     1     1    11     2    28     7     0     1   -33.0   -7.063  -61.033    802.6    910.4
     1     1    11     2    28     6     0     0   -34.0   -7.123  -61.168    821.2    909.1
     1     1    11     2    28     5     0     1   -35.0   -7.188  -61.312    833.1    904.2
     1     1    11     2    28     4     0     2   -36.0   -7.251  -61.477    808.1    907.7
     1     1    11     2    28     3     0     3   -37.0   -7.307  -61.657    764.1    913.3
     1     1    11     2    28     2     0     2   -38.0   -7.356  -61.842    726.9    918.9
     1     1    11     2    28     1     0     1   -39.0   -7.412  -62.016    710.2    920.4
     1     1    11     2    28     0     0     0   -40.0   -7.488  -62.172    702.7    920.0
     1     1    11     2    27    23     0     1   -41.0   -7.580  -62.318    694.9    920.6
     1     1    11     2    27    22     0     2   -42.0   -7.689  -62.467    686.1    921.1
     1     1    11     2    27    21     0     3   -43.0   -7.829  -62.624    672.5    922.1
     1     1    11     2    27    20     0     2   -44.0   -7.983  -62.776    638.7    925.1
     1     1    11     2    27    19     0     1   -45.0   -8.115  -62.915    585.6    932.4
     1     1    11     2    27    18     0     0   -46.0   -8.220  -63.051    527.4    939.8
     1     1    11     2    27    17     0     1   -47.0   -8.306  -63.188    485.1    946.8
     1     1    11     2    27    16     0     2   -48.0   -8.382  -63.331    468.9    948.4
     1     1    11     2    27    15     0     3   -49.0   -8.450  -63.480    468.3    948.3
     1     1    11     2    27    14     0     2   -50.0   -8.514  -63.633    472.2    947.0
     1     1    11     2    27    13     0     1   -51.0   -8.575  -63.788    474.4    946.6
     1     1    11     2    27    12     0     0   -52.0   -8.632  -63.950    475.5    946.5
     1     1    11     2    27    11     0     1   -53.0   -8.698  -64.110    480.4    945.6
     1     1    11     2    27    10     0     2   -54.0   -8.789  -64.261    492.1    943.2
     1     1    11     2    27     9     0     3   -55.0   -8.907  -64.409    508.5    940.1
     1     1    11     2    27     8     0     2   -56.0   -9.040  -64.552    524.0    937.3
     1     1    11     2    27     7     0     1   -57.0   -9.178  -64.686    532.4    935.4
     1     1    11     2    27     6     0     0   -58.0   -9.320  -64.811    533.3    934.5
     1     1    11     2    27     5     0     1   -59.0   -9.463  -64.936    530.9    934.3
     1     1    11     2    27     4     0     2   -60.0   -9.604  -65.068    528.5    934.0
     1     1    11     2    27     3     0     3   -61.0   -9.737  -65.203    525.9    933.9
     1     1    11     2    27     2     0     2   -62.0   -9.852  -65.340    523.8    933.7
     1     1    11     2    27     1     0     1   -63.0   -9.940  -65.480    525.0    933.4
     1     1    11     2    27     0     0     0   -64.0  -10.000  -65.616    533.4    932.4
     1     1    11     2    26    23     0     1   -65.0  -10.044  -65.736    544.0    930.6
     1     1    11     2    26    22     0     2   -66.0  -10.080  -65.834    546.7    930.0
     1     1    11     2    26    21     0     3   -67.0  -10.109  -65.912    535.3    930.9
     1     1    11     2    26    20     0     2   -68.0  -10.127  -65.980    523.0    934.5
     1     1    11     2    26    19     0     1   -69.0  -10.139  -66.049    527.9    934.9
     1     1    11     2    26    18     0     0   -70.0  -10.149  -66.120    553.6    932.8
     1     1    11     2    26    17     0     1   -71.0  -10.154  -66.205    583.8    928.2
     1     1    11     2    26    16     0     2   -72.0  -10.149  -66.305    600.7    926.7
     1     1    11     2    26    15     0     3   -73.0  -10.130  -66.422    605.0    926.6
     1     1    11     2    26    14     0     2   -74.0  -10.079  -66.548    606.5    926.9
     1     1    11     2    26    13     0     1   -75.0   -9.973  -66.677    605.1    925.9
     1     1    11     2    26    12     0     0   -76.0   -9.813  -66.794    591.1    927.3
     1     1    11     2    26    11     0     1   -77.0   -9.649  -66.902    572.8    930.3
     1     1    11     2    26    10     0     2   -78.0   -9.531  -67.017    552.5    931.8
     1     1    11     2    26     9     0     3   -79.0   -9.460  -67.148    531.9    933.8
     1     1    11     2    26     8     0     2   -80.0   -9.411  -67.288    511.1    935.4
     1     1    11     2    26     7     0     1   -81.0   -9.360  -67.424    489.2    938.1
     1     1    11     2    26     6     0     0   -82.0   -9.310  -67.561    470.8    940.2
     1     1    11     2    26     5     0     1   -83.0   -9.251  -67.691    453.4    941.6
     1     1    11     2    26     4     0     2   -84.0   -9.170  -67.801    436.1    943.9
     1     1    11     2    26     3     0     3   -85.0   -9.051  -67.887    427.1    945.7
     1     1    11     2    26     2     0     2   -86.0   -8.907  -67.934    424.2    945.1
     1     1    11     2    26     1     0     1   -87.0   -8.771  -67.935    412.7    946.1
     1     1    11     2    26     0     0     0   -88.0   -8.645  -67.891    393.2    948.7
     1     1    11     2    25    23     0     1   -89.0   -8.533  -67.839    378.5    951.6
     1     1    11     2    25    22     0     2   -90.0   -8.436  -67.814    374.8    952.3
     1     1    11     2    25    21     0     3   -91.0   -8.351  -67.816    383.6    951.7
     1     1    11     2    25    20     0     2   -92.0   -8.280  -67.841    395.6    950.7
     1     1    11     2    25    19     0     1   -93.0   -8.224  -67.883    399.2    951.5
     1     1    11     2    25    18     0     0   -94.0   -8.185  -67.945    393.4    953.1
     1     1    11     2    25    17     0     1   -95.0   -8.153  -68.013    382.8    955.4
     1     1    11     2    25    16     0     2   -96.0   -8.115  -68.071    371.5    956.9
     1     1    11     2    25    15     0     3   -97.0   -8.072  -68.116    359.1    958.8
     1     1    11     2    25    14     0     2   -98.0   -8.019  -68.147    351.3    959.7
     1     1    11     2    25    13     0     1   -99.0   -7.955  -68.158    353.5    959.0
     1     1    11     2    25    12     0     0  -100.0   -7.877  -68.146    365.0    957.4
     1     1    11     2    25    11     0     1  -101.0   -7.782  -68.112    378.7    955.2
     1     1    11     2    25    10     0     2  -102.0   -7.668  -68.058    387.2    954.3
     1     1    11     2    25     9     0     3  -103.0   -7.538  -67.987    388.3    954.0
     1     1    11     2    25     8     0     2  -104.0   -7.406  -67.912    386.6    954.7
     1     1    11     2    25     7     0     1  -105.0   -7.280  -67.840    385.9    954.6
     1     1    11     2    25     6     0     0  -106.0   -7.162  -67.771    383.9    954.7
     1     1    11     2    25     5     0     1  -107.0   -7.049  -67.702    381.6    955.2
     1     1    11     2    25     4     0     2  -108.0   -6.937  -67.630    381.9    955.3
     1     1    11     2    25     3     0     3  -109.0   -6.824  -67.558    385.4    955.2
     1     1    11     2    25     2     0     2  -110.0   -6.708  -67.482    391.3    954.2
     1     1    11     2    25     1     0     1  -111.0   -6.593  -67.400    400.3    953.2
     1     1    11     2    25     0     0     0  -112.0   -6.478  -67.313    414.0    951.7
     1     1    11     2    24    23     0     1  -113.0   -6.365  -67.222    426.5    949.9
     1     1    11     2    24    22     0     2  -114.0   -6.256  -67.131    431.9    949.5
     1     1    11     2    24    21     0     3  -115.0   -6.151  -67.040    430.4    949.9
     1     1    11     2    24    20     0     2  -116.0   -6.050  -66.949    414.3    951.9
     1     1    11     2    24    19     0     1  -117.0   -5.955  -66.857    380.0    956.3
     1     1    11     2    24    18     0     0  -118.0   -5.858  -66.761    337.2    961.9
     1     1    11     2    24    17     0     1  -119.0   -5.764  -66.667    303.1    967.5
     1     1    11     2    24    16     0     2  -120.0   -5.679  -66.582    284.6    969.7
     1     1    11     2    24    15     0     3  -121.0   -5.603  -66.499    277.7    970.8
     1     1    11     2    24    14     0     2  -122.0   -5.530  -66.408    278.7    969.7
     1     1    11     2    24    13     0     1  -123.0   -5.457  -66.300    285.0    968.0
     1     1    11     2    24    12     0     0  -124.0   -5.386  -66.179    293.9    965.9
     1     1    11     2    24    11     0     1  -125.0   -5.318  -66.060    303.3    963.8
     1     1    11     2    24    10     0     2  -126.0   -5.247  -65.954    312.9    962.1
     1     1    11     2    24     9     0     3  -127.0   -5.176  -65.863    322.6    960.5
     1     1    11     2    24     8     0     2  -128.0   -5.102  -65.776    330.4    959.5
     1     1    11     2    24     7     0     1  -129.0   -5.026  -65.686    333.3    959.1
     1     1    11     2    24     6     0     0  -130.0   -4.949  -65.590    331.0    959.6
     1     1    11     2    24     5     0     1  -131.0   -4.880  -65.490    327.0    960.6
     1     1    11     2    24     4     0     2  -132.0   -4.829  -65.389    324.4    961.1
     1     1    11     2    24     3     0     3  -133.0   -4.798  -65.288    324.1    961.4
     1     1    11     2    24     2     0     2  -134.0   -4.780  -65.193    324.6    960.8
     1     1    11     2    24     1     0     1  -135.0   -4.772  -65.108    324.7    960.6
     1     1    11     2    24     0     0     0  -136.0   -4.773  -65.034    325.2    960.3
     1     1    11     2    23    23     0     1  -137.0   -4.786  -64.975    326.3    959.8
     1     1    11     2    23    22     0     2  -138.0   -4.815  -64.937    327.1    959.4
     1     1    11     2    23    21     0     3  -139.0   -4.862  -64.920    327.4    958.9
     1     1    11     2    23    20     0     2  -140.0   -4.901  -64.907    329.0    959.7
     1     1    11     2    23    19     0     1  -141.0   -4.911  -64.885    333.3    960.3
     1     1    11     2    23    18     0     0  -142.0   -4.891  -64.855    339.3    960.7
     1     1    11     2    23    17     0     1  -143.0   -4.847  -64.814    348.6    960.8
     1     1    11     2    23    16     0     2  -144.0   -4.783  -64.763    363.4    960.0
     1     1    11     2    23    15     0     3  -145.0   -4.697  -64.702    381.8    959.0
     1     1    11     2    23    14     0     2  -146.0   -4.597  -64.629    397.8    957.4
     1     1    11     2    23    13     0     1  -147.0   -4.496  -64.549    408.9    957.0
     1     1    11     2    23    12     0     0  -148.0   -4.396  -64.461    418.6    956.7
     1     1    11     2    23    11     0     1  -149.0   -4.294  -64.361    423.8    955.6
     1     1    11     2    23    10     0     2  -150.0   -4.184  -64.236    423.8    955.8
     1     1    11     2    23     9     0     3  -151.0   -4.063  -64.072    428.8    955.7
     1     1    11     2    23     8     0     2  -152.0   -3.938  -63.880    439.9    954.6
     1     1    11     2    23     7     0     1  -153.0   -3.818  -63.686    445.2    953.9
     1     1    11     2    23     6     0     0  -154.0   -3.705  -63.495    440.6    955.0
     1     1    11     2    23     5     0     1  -155.0   -3.608  -63.311    430.1    957.0
     1     1    11     2    23     4     0     2  -156.0   -3.539  -63.143    418.6    958.6
     1     1    11     2    23     3     0     3  -157.0   -3.500  -62.991    406.8    960.1
     1     1    11     2    23     2     0     2  -158.0   -3.478  -62.850    394.5    960.9
     1     1    11     2    23     1     0     1  -159.0   -3.459  -62.714    382.5    961.8
     1     1    11     2    23     0     0     0  -160.0   -3.448  -62.589    372.7    962.5
     1     1    11     2    22    23     0     1  -161.0   -3.446  -62.481    366.8    962.5
     1     1    11     2    22    22     0     2  -162.0   -3.453  -62.389    364.1    962.1
     1     1    11     2    22    21     0     3  -163.0   -3.471  -62.315    362.9    961.5
     1     1    11     2    22    20     0     2  -164.0   -3.490  -62.247    359.5    962.3
     1     1    11     2    22    19     0     1  -165.0   -3.501  -62.175    351.7    964.0
     1     1    11     2    22    18     0     0  -166.0   -3.504  -62.098    339.6    966.0
     1     1    11     2    22    17     0     1  -167.0   -3.497  -62.008    326.1    968.6
     1     1    11     2    22    16     0     2  -168.0   -3.478  -61.894    313.3    970.7
     1     1    11     2    22    15     0     3  -169.0   -3.445  -61.755    300.7    972.8
     1     1    11     2    22    14     0     2  -170.0   -3.406  -61.592    289.5    974.1
     1     1    11     2    22    13     0     1  -171.0   -3.369  -61.404    281.9    975.0
     1     1    11     2    22    12     0     0  -172.0   -3.334  -61.193    279.1    975.4
     1     1    11     2    22    11     0     1  -173.0   -3.309  -60.979    277.0    974.5
     1     1    11     2    22    10     0     2  -174.0   -3.296  -60.791    271.6    974.7
     1     1    11     2    22     9     0     3  -175.0   -3.294  -60.625    265.0    975.0
     1     1    11     2    22     8     0     2  -176.0   -3.299  -60.469    259.6    975.6
     1     1    11     2    22     7     0     1  -177.0   -3.309  -60.309    256.9    975.8
     1     1    11     2    22     6     0     0  -178.0   -3.323  -60.143    256.6    975.8
     1     1    11     2    22     5     0     1  -179.0   -3.344  -59.968    259.4    975.6
     1     1    11     2    22     4     0     2  -180.0   -3.378  -59.781    265.6    974.8
     1     1    11     2    22     3     0     3  -181.0   -3.426  -59.585    274.5    973.5
     1     1    11     2    22     2     0     2  -182.0   -3.476  -59.383    285.2    971.2
     1     1    11     2    22     1     0     1  -183.0   -3.518  -59.171    296.9    968.9
     1     1    11     2    22     0     0     0  -184.0   -3.553  -58.947    311.0    966.7
     1     1    11     2    21    23     0     1  -185.0   -3.578  -58.732    323.6    964.5
     1     1    11     2    21    22     0     2  -186.0   -3.591  -58.549    331.6    963.4
     1     1    11     2    21    21     0     3  -187.0   -3.596  -58.393    337.6    962.6
     1     1    11     2    21    20     0     2  -188.0   -3.588  -58.254    340.8    962.9
     1     1    11     2    21    19     0     1  -189.0   -3.562  -58.122    338.1    963.9
     1     1    11     2    21    18     0     0  -190.0   -3.520  -57.996    327.1    965.9
     1     1    11     2    21    17     0     1  -191.0   -3.465  -57.877    312.7    969.0
     1     1    11     2    21    16     0     2  -192.0   -3.404  -57.766    300.4    971.2
     1     1    11     2    21    15     0     3  -193.0   -3.335  -57.660    289.4    973.4
     1     1    11     2    21    14     0     2  -194.0   -3.267  -57.553    278.8    974.8
     1     1    11     2    21    13     0     1  -195.0   -3.205  -57.435    267.8    976.3
     1     1    11     2    21    12     0     0  -196.0   -3.143  -57.303    256.0    977.7
     1     1    11     2    21    11     0     1  -197.0   -3.085  -57.153    244.0    978.5
     1     1    11     2    21    10     0     2  -198.0   -3.037  -56.987    232.5    979.2
     1     1    11     2    21     9     0     3  -199.0   -3.007  -56.813    221.5    979.2
     1     1    11     2    21     8     0     2  -200.0   -2.985  -56.649    211.7    979.6
     1     1    11     2    21     7     0     1  -201.0   -2.959  -56.504    203.5    979.8
     1     1    11     2    21     6     0     0  -202.0   -2.930  -56.375    195.9    980.1
     1     1    11     2    21     5     0     1  -203.0   -2.893  -56.262    187.7    981.0
     1     1    11     2    21     4     0     2  -204.0   -2.845  -56.166    177.1    982.4
     1     1    11     2    21     3     0     3  -205.0   -2.786  -56.086    163.0    984.3
     1     1    11     2    21     2     0     2  -206.0   -2.728  -56.012    151.1    986.0
     1     1    11     2    21     1     0     1  -207.0   -2.679  -55.933    148.3    985.9
     1     1    11     2    21     0     0     0  -208.0   -2.639  -55.847    154.4    984.6
     1     1    11     2    20    23     0     1  -209.0   -2.602  -55.756    163.3    982.5
     1     1    11     2    20    22     0     2  -210.0   -2.563  -55.673    170.1    981.3
     1     1    11     2    20    21     0     3  -211.0   -2.524  -55.602    175.9    980.3
     1     1    11     2    20    20     0     2  -212.0   -2.485  -55.538    180.1    980.4
     1     1    11     2    20    19     0     1  -213.0   -2.448  -55.478    181.7    981.0
     1     1    11     2    20    18     0     0  -214.0   -2.413  -55.423    181.5    981.9
     1     1    11     2    20    17     0     1  -215.0   -2.381  -55.370    179.2    983.1
     1     1    11     2    20    16     0     2  -216.0   -2.353  -55.315    173.6    984.6
     1     1    11     2    20    15     0     3  -217.0   -2.330  -55.255    163.6    986.7
     1     1    11     2    20    14     0     2  -218.0   -2.312  -55.191    152.2    988.3
     1     1    11     2    20    13     0     1  -219.0   -2.298  -55.124    143.4    989.3
     1     1    11     2    20    12     0     0  -220.0   -2.285  -55.052    137.6    989.7
     1     1    11     2    20    11     0     1  -221.0   -2.269  -54.973    133.9    989.3
     1     1    11     2    20    10     0     2  -222.0   -2.246  -54.886    132.0    988.7
     1     1    11     2    20     9     0     3  -223.0   -2.217  -54.790    131.4    988.0
     1     1    11     2    20     8     0     2  -224.0   -2.183  -54.691    131.8    987.8
     1     1    11     2    20     7     0     1  -225.0   -2.146  -54.590    133.7    987.4
     1     1    11     2    20     6     0     0  -226.0   -2.105  -54.487    137.1    986.9
     1     1    11     2    20     5     0     1  -227.0   -2.071  -54.386    140.7    986.7
     1     1    11     2    20     4     0     2  -228.0   -2.053  -54.290    143.0    986.7
     1     1    11     2    20     3     0     3  -229.0   -2.050  -54.198    144.2    986.8
     1     1    11     2    20     2     0     2  -230.0   -2.043  -54.108    142.9    986.0
     1     1    11     2    20     1     0     1  -231.0   -2.017  -54.014    137.1    985.9
     1     1    11     2    20     0     0     0  -232.0   -1.975  -53.918    126.6    986.1
     1     1    11     2    19    23     0     1  -233.0   -1.923  -53.824    117.4    985.7
     1     1    11     2    19    22     0     2  -234.0   -1.867  -53.734    113.5    984.3
     1     1    11     2    19    21     0     3  -235.0   -1.808  -53.648    113.3    982.5
     1     1    11     2    19    20     0     2  -236.0   -1.751  -53.561    113.1    982.2
     1     1    11     2    19    19     0     1  -237.0   -1.701  -53.472    110.5    982.8
     1     1    11     2    19    18     0     0  -238.0   -1.658  -53.383    107.3    983.7
     1     1    11     2    19    17     0     1  -239.0   -1.621  -53.299    105.7    984.4
     1     1    11     2    19    16     0     2  -240.0   -1.588  -53.218    106.8    984.8
     1     1    11     2    19    15     0     3  -241.0   -1.560  -53.137    109.6    985.1
     1     1    11     2    19    14     0     2  -242.0   -1.534  -53.053    113.8    984.9
     1     1    11     2    19    13     0     1  -243.0   -1.506  -52.966    119.5    984.6
     1     1    11     2    19    12     0     0  -244.0   -1.474  -52.872    127.1    984.3
     1     1    11     2    19    11     0     1  -245.0   -1.431  -52.773    136.7    982.8
     1     1    11     2    19    10     0     2  -246.0   -1.372  -52.676    149.3    980.8
     1     1    11     2    19     9     0     3  -247.0   -1.297  -52.585    166.5    978.0
     1     1    11     2    19     8     0     2  -248.0   -1.211  -52.496    185.3    975.2
     1     1    11     2    19     7     0     1  -249.0   -1.119  -52.407    199.8    973.5
     1     1    11     2    19     6     0     0  -250.0   -1.022  -52.319    206.6    972.7
     1     1    11     2    19     5     0     1  -251.0   -0.917  -52.226    208.4    973.9
     1     1    11     2    19     4     0     2  -252.0   -0.801  -52.122    206.7    974.6
     1     1    11     2    19     3     0     3  -253.0   -0.676  -52.006    198.5    975.7
     1     1    11     2    19     2     0     2  -254.0   -0.545  -51.884    183.5    977.3
     1     1    11     2    19     1     0     1  -255.0   -0.412  -51.766    163.3    980.0
     1     1    11     2    19     0     0     0  -256.0   -0.274  -51.652    139.7    983.6
     1     1    11     2    18    23     0     1  -257.0   -0.144  -51.550    118.2    986.3
     1     1    11     2    18    22     0     2  -258.0   -0.028  -51.462    103.1    988.2
     1     1    11     2    18    21     0     3  -259.0    0.077  -51.380     95.6    989.7
     1     1    11     2    18    20     0     2  -260.0    0.170  -51.302     91.6    991.0
     1     1    11     2    18    19     0     1  -261.0    0.249  -51.231     86.6    992.7
     1     1    11     2    18    18     0     0  -262.0    0.313  -51.165     79.7    994.6
     1     1    11     2    18    17     0     1  -263.0    0.364  -51.101     71.8    997.4
     1     1    11     2    18    16     0     2  -264.0    0.403  -51.038     63.0   1000.1
     1     1    11     2    18    15     0     3  -265.0    0.429  -50.975     52.3   1002.8
     1     1    11     2    18    14     0     2  -266.0    0.452  -50.914     43.8   1004.1
     1     1    11     2    18    13     0     1  -267.0    0.482  -50.854     41.2   1004.5
     1     1    11     2    18    12     0     0  -268.0    0.519  -50.797     43.5   1004.5
     1     1    11     2    18    11     0     1  -269.0    0.558  -50.749     47.3   1003.3
     1     1    11     2    18    10     0     2  -270.0    0.593  -50.720     48.1   1002.6
     1     1    11     2    18     9     0     3  -271.0    0.625  -50.711     45.9   1002.2
     1     1    11     2    18     8     0     2  -272.0    0.658  -50.705     43.0   1002.3
     1     1    11     2    18     7     0     1  -273.0    0.698  -50.689     41.5   1002.1
     1     1    11     2    18     6     0     0  -274.0    0.742  -50.662     41.2   1001.7
     1     1    11     2    18     5     0     1  -275.0    0.791  -50.626     40.9   1002.1
     1     1    11     2    18     4     0     2  -276.0    0.840  -50.584     39.3   1002.8
     1     1    11     2    18     3     0     3  -277.0    0.889  -50.536     36.5   1003.7
     1     1    11     2    18     2     0     2  -278.0    0.936  -50.479     33.7   1004.1
     1     1    11     2    18     1     0     1  -279.0    0.980  -50.412     32.0   1004.3
     1     1    11     2    18     0     0     0  -280.0    1.019  -50.332     31.3   1004.5
     1     1    11     2    17    23     0     1  -281.0    1.057  -50.237     31.1   1004.3
     1     1    11     2    17    22     0     2  -282.0    1.097  -50.124     30.6   1004.3
     1     1    11     2    17    21     0     3  -283.0    1.139  -49.992     29.7   1004.6
     1     1    11     2    17    20     0     2  -284.0    1.178  -49.839     27.7   1005.0
     1     1    11     2    17    19     0     1  -285.0    1.210  -49.666     24.2   1005.7
     1     1    11     2    17    18     0     0  -286.0    1.235  -49.475     19.7   1006.5
     1     1    11     2    17    17     0     1  -287.0    1.259  -49.265     15.4   1007.4
     1     1    11     2    17    16     0     2  -288.0    1.286  -49.034     12.2   1008.1
     1     1    11     2    17    15     0     3  -289.0    1.321  -48.785      9.8   1008.4
     1     1    11     2    17    14     0     2  -290.0    1.374  -48.529      8.3   1008.5
     1     1    11     2    17    13     0     1  -291.0    1.455  -48.274      7.1   1008.6
     1     1    11     2    17    12     0     0  -292.0    1.565  -48.021      6.1   1008.6
     1     1    11     2    17    11     0     1  -293.0    1.682  -47.775      6.0   1008.5
     1     1    11     2    17    10     0     2  -294.0    1.785  -47.541      6.5   1008.4
     1     1    11     2    17     9     0     3  -295.0    1.873  -47.316      7.1   1008.3
     1     1    11     2    17     8     0     2  -296.0    1.955  -47.095      7.2   1008.4
     1     1    11     2    17     7     0     1  -297.0    2.039  -46.874      6.8   1008.5
     1     1    11     2    17     6     0     0  -298.0    2.132  -46.651      5.8   1008.6
     1     1    11     2    17     5     0     1  -299.0    2.235  -46.427      4.7   1008.7
     1     1    11     2    17     4     0     2  -300.0    2.346  -46.203      3.9   1008.8
     1     1    11     2    17     3     0     3  -301.0    2.466  -45.980      3.7   1008.9
     1     1    11     2    17     2     0     2  -302.0    2.593  -45.754      3.6   1009.1
     1     1    11     2    17     1     0     1  -303.0    2.722  -45.519      3.4   1009.2
     1     1    11     2    17     0     0     0  -304.0    2.851  -45.282      3.4   1009.3
     1     1    11     2    16    23     0     1  -305.0    2.974  -45.051      3.5   1009.2
     1     1    11     2    16    22     0     2  -306.0    3.092  -44.832      4.1   1009.1
     1     1    11     2    16    21     0     3  -307.0    3.204  -44.621      5.0   1009.0
     1     1    11     2    16    20     0     2  -308.0    3.315  -44.412      5.9   1009.2
     1     1    11     2    16    19     0     1  -309.0    3.429  -44.201      6.5   1009.4
     1     1    11     2    16    18     0     0  -310.0    3.546  -43.990      6.7   1009.6
     1     1    11     2    16    17     0     1  -311.0    3.664  -43.772      6.8   1009.7
     1     1    11     2    16    16     0     2  -312.0    3.781  -43.540      7.0   1009.8
     1     1    11     2    16    15     0     3  -313.0    3.897  -43.293      7.2   1009.9
     1     1    11     2    16    14     0     2  -314.0    4.014  -43.040      7.4   1010.3
     1     1    11     2    16    13     0     1  -315.0    4.137  -42.788      7.4   1010.6
     1     1    11     2    16    12     0     0  -316.0    4.271  -42.538      7.4   1011.0
     1     1    11     2    16    11     0     1  -317.0    4.412  -42.285      7.4   1009.9
     1     1    11     2    16    10     0     2  -318.0    4.560  -42.030      7.4   1008.9
     1     1    11     2    16     9     0     3  -319.0    4.712  -41.776      7.4   1007.8
     1     1    11     2    16     8     0     2  -320.0    4.864  -41.521      7.2   1008.3
     1     1    11     2    16     7     0     1  -321.0    5.015  -41.266      6.8   1008.8
     1     1    11     2    16     6     0     0  -322.0    5.164  -41.009      6.0   1009.3
     1     1    11     2    16     5     0     1  -323.0    5.315  -40.747      5.1   1009.7
     1     1    11     2    16     4     0     2  -324.0    5.468  -40.475      4.4   1010.1
     1     1    11     2    16     3     0     3  -325.0    5.624  -40.193      3.9   1010.5
     1     1    11     2    16     2     0     2  -326.0    5.781  -39.902      3.6   1009.8
     1     1    11     2    16     1     0     1  -327.0    5.940  -39.606      3.5   1009.0
     1     1    11     2    16     0     0     0  -328.0    6.098  -39.308      3.5   1008.6
     1     1    11     2    15    23     0     1  -329.0    6.257  -39.011      3.6   1009.1
     1     1    11     2    15    22     0     2  -330.0    6.424  -38.717      4.1   1009.2
     1     1    11     2    15    21     0     3  -331.0    6.600  -38.427      4.9   1008.9
     1     1    11     2    15    20     0     2  -332.0    6.779  -38.142      5.7   1009.0
     1     1    11     2    15    19     0     1  -333.0    6.955  -37.864      6.2   1009.1
     1     1    11     2    15    18     0     0  -334.0    7.130  -37.591      6.4   1009.2
     1     1    11     2    15    17     0     1  -335.0    7.310  -37.313      6.2   1009.4
     1     1    11     2    15    16     0     2  -336.0    7.504  -37.023      5.6   1009.6
