     3     1
    GDAS    11     9     1     0     0
    GDAS    11     9     8     0     0
    GDAS    11     9    15     0     0
     1 BACKWARD OMEGA   
  2011     9    17    15   -8.800  -56.800  4419.6
     1 PRESSURE
     1     1    11     9    17    15     0     3     0.0   -8.800  -56.800   4419.6    584.9
     1     1    11     9    17    14     0     2    -1.0   -8.819  -56.727   4440.3    583.2
     1     1    11     9    17    13     0     1    -2.0   -8.828  -56.661   4464.7    580.9
     1     1    11     9    17    12     0     0    -3.0   -8.827  -56.601   4491.6    578.3
     1     1    11     9    17    11     0     1    -4.0   -8.818  -56.546   4518.6    575.4
     1     1    11     9    17    10     0     2    -5.0   -8.801  -56.495   4544.4    572.8
     1     1    11     9    17     9     0     3    -6.0   -8.775  -56.449   4569.9    570.0
     1     1    11     9    17     8     0     2    -7.0   -8.744  -56.405   4594.8    567.6
     1     1    11     9    17     7     0     1    -8.0   -8.709  -56.359   4618.6    565.4
     1     1    11     9    17     6     0     0    -9.0   -8.672  -56.312   4642.4    563.1
     1     1    11     9    17     5     0     1   -10.0   -8.631  -56.261   4655.4    560.8
     1     1    11     9    17     4     0     2   -11.0   -8.587  -56.198   4645.5    560.8
     1     1    11     9    17     3     0     3   -12.0   -8.540  -56.121   4610.8    562.4
     1     1    11     9    17     2     0     2   -13.0   -8.489  -56.030   4585.2    565.5
     1     1    11     9    17     1     0     1   -14.0   -8.431  -55.928   4600.1    563.3
     1     1    11     9    17     0     0     0   -15.0   -8.366  -55.818   4649.5    558.7
     1     1    11     9    16    23     0     1   -16.0   -8.301  -55.700   4698.1    552.2
     1     1    11     9    16    22     0     2   -17.0   -8.244  -55.580   4717.8    550.3
     1     1    11     9    16    21     0     3   -18.0   -8.194  -55.454   4708.4    550.6
     1     1    11     9    16    20     0     2   -19.0   -8.151  -55.331   4685.0    553.6
     1     1    11     9    16    19     0     1   -20.0   -8.117  -55.220   4664.8    555.6
     1     1    11     9    16    18     0     0   -21.0   -8.093  -55.119   4650.8    557.2
     1     1    11     9    16    17     0     1   -22.0   -8.082  -55.036   4643.3    558.2
     1     1    11     9    16    16     0     2   -23.0   -8.082  -54.976   4639.5    558.8
     1     1    11     9    16    15     0     3   -24.0   -8.095  -54.942   4639.9    559.0
     1     1    11     9    16    14     0     2   -25.0   -8.114  -54.924   4645.5    558.1
     1     1    11     9    16    13     0     1   -26.0   -8.130  -54.910   4656.0    556.9
     1     1    11     9    16    12     0     0   -27.0   -8.145  -54.903   4671.1    555.4
     1     1    11     9    16    11     0     1   -28.0   -8.153  -54.902   4694.0    553.7
     1     1    11     9    16    10     0     2   -29.0   -8.150  -54.907   4727.8    551.1
     1     1    11     9    16     9     0     3   -30.0   -8.134  -54.920   4773.2    547.9
     1     1    11     9    16     8     0     2   -31.0   -8.111  -54.939   4816.8    544.1
     1     1    11     9    16     7     0     1   -32.0   -8.086  -54.957   4844.7    542.5
     1     1    11     9    16     6     0     0   -33.0   -8.061  -54.970   4857.6    541.9
     1     1    11     9    16     5     0     1   -34.0   -8.037  -54.980   4857.2    542.6
     1     1    11     9    16     4     0     2   -35.0   -8.016  -54.985   4843.5    544.0
     1     1    11     9    16     3     0     3   -36.0   -8.002  -54.985   4814.0    546.5
     1     1    11     9    16     2     0     2   -37.0   -7.984  -54.973   4765.6    549.8
     1     1    11     9    16     1     0     1   -38.0   -7.951  -54.940   4700.9    554.8
     1     1    11     9    16     0     0     0   -39.0   -7.906  -54.887   4628.4    560.5
     1     1    11     9    15    23     0     1   -40.0   -7.855  -54.820   4564.7    566.0
     1     1    11     9    15    22     0     2   -41.0   -7.804  -54.748   4517.3    569.3
     1     1    11     9    15    21     0     3   -42.0   -7.752  -54.672   4479.5    571.9
     1     1    11     9    15    20     0     2   -43.0   -7.700  -54.603   4452.1    574.7
     1     1    11     9    15    19     0     1   -44.0   -7.646  -54.549   4439.4    576.2
     1     1    11     9    15    18     0     0   -45.0   -7.593  -54.515   4441.9    576.7
     1     1    11     9    15    17     0     1   -46.0   -7.542  -54.495   4450.3    576.5
     1     1    11     9    15    16     0     2   -47.0   -7.501  -54.484   4457.5    577.0
     1     1    11     9    15    15     0     3   -48.0   -7.468  -54.480   4466.1    577.3
     1     1    11     9    15    14     0     2   -49.0   -7.439  -54.477   4485.3    576.5
     1     1    11     9    15    13     0     1   -50.0   -7.409  -54.472   4523.6    573.8
     1     1    11     9    15    12     0     0   -51.0   -7.378  -54.466   4580.0    569.9
     1     1    11     9    15    11     0     1   -52.0   -7.350  -54.471   4636.1    564.6
     1     1    11     9    15    10     0     2   -53.0   -7.332  -54.488   4672.5    561.9
     1     1    11     9    15     9     0     3   -54.0   -7.323  -54.516   4688.1    560.5
     1     1    11     9    15     8     0     2   -55.0   -7.323  -54.546   4704.0    560.8
     1     1    11     9    15     7     0     1   -56.0   -7.329  -54.580   4743.2    558.0
     1     1    11     9    15     6     0     0   -57.0   -7.343  -54.621   4806.2    553.4
     1     1    11     9    15     5     0     1   -58.0   -7.360  -54.655   4888.7    547.6
     1     1    11     9    15     4     0     2   -59.0   -7.375  -54.664   4983.6    541.2
     1     1    11     9    15     3     0     3   -60.0   -7.386  -54.650   5088.2    534.3
     1     1    11     9    15     2     0     2   -61.0   -7.392  -54.627   5169.7    526.5
     1     1    11     9    15     1     0     1   -62.0   -7.394  -54.606   5198.8    524.6
     1     1    11     9    15     0     0     0   -63.0   -7.395  -54.583   5177.6    526.1
     1     1    11     9    14    23     0     1   -64.0   -7.403  -54.561   5133.4    530.5
     1     1    11     9    14    22     0     2   -65.0   -7.423  -54.544   5090.5    532.8
     1     1    11     9    14    21     0     3   -66.0   -7.453  -54.532   5047.7    535.1
     1     1    11     9    14    20     0     2   -67.0   -7.490  -54.525   5021.7    537.7
     1     1    11     9    14    19     0     1   -68.0   -7.525  -54.526   5028.8    536.9
     1     1    11     9    14    18     0     0   -69.0   -7.555  -54.537   5068.8    534.0
     1     1    11     9    14    17     0     1   -70.0   -7.585  -54.553   5121.3    529.1
     1     1    11     9    14    16     0     2   -71.0   -7.622  -54.565   5164.8    526.2
     1     1    11     9    14    15     0     3   -72.0   -7.666  -54.572   5199.6    523.8
     1     1    11     9    14    14     0     2   -73.0   -7.715  -54.578   5226.8    521.5
     1     1    11     9    14    13     0     1   -74.0   -7.764  -54.588   5247.5    519.5
     1     1    11     9    14    12     0     0   -75.0   -7.814  -54.600   5261.5    518.0
     1     1    11     9    14    11     0     1   -76.0   -7.860  -54.620   5276.6    516.7
     1     1    11     9    14    10     0     2   -77.0   -7.891  -54.649   5300.7    514.5
     1     1    11     9    14     9     0     3   -78.0   -7.908  -54.687   5333.2    511.8
     1     1    11     9    14     8     0     2   -79.0   -7.914  -54.735   5358.5    509.3
     1     1    11     9    14     7     0     1   -80.0   -7.920  -54.795   5362.0    509.2
     1     1    11     9    14     6     0     0   -81.0   -7.929  -54.868   5345.2    510.4
     1     1    11     9    14     5     0     1   -82.0   -7.942  -54.937   5335.0    513.2
     1     1    11     9    14     4     0     2   -83.0   -7.950  -54.985   5357.3    512.1
     1     1    11     9    14     3     0     3   -84.0   -7.950  -55.012   5413.0    509.0
     1     1    11     9    14     2     0     2   -85.0   -7.944  -55.022   5468.5    503.1
     1     1    11     9    14     1     0     1   -86.0   -7.944  -55.021   5482.7    502.1
     1     1    11     9    14     0     0     0   -87.0   -7.950  -55.011   5454.0    504.0
     1     1    11     9    13    23     0     1   -88.0   -7.955  -55.003   5426.2    508.1
     1     1    11     9    13    22     0     2   -89.0   -7.951  -55.001   5439.7    506.9
     1     1    11     9    13    21     0     3   -90.0   -7.936  -55.006   5492.3    503.1
     1     1    11     9    13    20     0     2   -91.0   -7.899  -55.006   5554.5    497.7
     1     1    11     9    13    19     0     1   -92.0   -7.827  -54.996   5602.0    495.2
     1     1    11     9    13    18     0     0   -93.0   -7.718  -54.978   5625.9    494.3
     1     1    11     9    13    17     0     1   -94.0   -7.582  -54.949   5630.4    496.0
     1     1    11     9    13    16     0     2   -95.0   -7.436  -54.905   5630.0    497.6
     1     1    11     9    13    15     0     3   -96.0   -7.279  -54.847   5629.1    499.4
     1     1    11     9    13    14     0     2   -97.0   -7.127  -54.774   5628.2    500.8
     1     1    11     9    13    13     0     1   -98.0   -6.992  -54.687   5632.1    502.2
     1     1    11     9    13    12     0     0   -99.0   -6.875  -54.583   5643.0    501.6
     1     1    11     9    13    11     0     1  -100.0   -6.777  -54.469   5646.1    499.9
     1     1    11     9    13    10     0     2  -101.0   -6.701  -54.352   5622.7    501.4
     1     1    11     9    13     9     0     3  -102.0   -6.647  -54.232   5577.2    504.4
     1     1    11     9    13     8     0     2  -103.0   -6.608  -54.110   5526.4    509.1
     1     1    11     9    13     7     0     1  -104.0   -6.576  -53.992   5486.3    512.1
     1     1    11     9    13     6     0     0  -105.0   -6.551  -53.877   5452.5    513.4
     1     1    11     9    13     5     0     1  -106.0   -6.539  -53.763   5425.8    514.4
     1     1    11     9    13     4     0     2  -107.0   -6.539  -53.645   5404.7    515.3
     1     1    11     9    13     3     0     3  -108.0   -6.551  -53.523   5391.9    515.5
     1     1    11     9    13     2     0     2  -109.0   -6.568  -53.399   5393.4    514.8
     1     1    11     9    13     1     0     1  -110.0   -6.584  -53.272   5411.6    512.5
     1     1    11     9    13     0     0     0  -111.0   -6.601  -53.144   5442.1    509.3
     1     1    11     9    12    23     0     1  -112.0   -6.619  -53.014   5478.2    505.2
     1     1    11     9    12    22     0     2  -113.0   -6.635  -52.882   5516.9    502.4
     1     1    11     9    12    21     0     3  -114.0   -6.648  -52.745   5553.4    500.1
     1     1    11     9    12    20     0     2  -115.0   -6.656  -52.598   5574.6    498.2
     1     1    11     9    12    19     0     1  -116.0   -6.653  -52.440   5567.2    499.1
     1     1    11     9    12    18     0     0  -117.0   -6.637  -52.271   5533.1    501.8
     1     1    11     9    12    17     0     1  -118.0   -6.608  -52.093   5494.7    506.1
     1     1    11     9    12    16     0     2  -119.0   -6.570  -51.904   5476.2    508.0
     1     1    11     9    12    15     0     3  -120.0   -6.526  -51.703   5486.2    508.1
     1     1    11     9    12    14     0     2  -121.0   -6.482  -51.489   5520.0    505.5
     1     1    11     9    12    13     0     1  -122.0   -6.442  -51.264   5562.9    502.7
     1     1    11     9    12    12     0     0  -123.0   -6.405  -51.032   5603.4    500.1
     1     1    11     9    12    11     0     1  -124.0   -6.369  -50.797   5616.4    497.5
     1     1    11     9    12    10     0     2  -125.0   -6.336  -50.565   5594.9    498.3
     1     1    11     9    12     9     0     3  -126.0   -6.309  -50.338   5552.1    500.4
     1     1    11     9    12     8     0     2  -127.0   -6.288  -50.114   5510.7    503.5
     1     1    11     9    12     7     0     1  -128.0   -6.266  -49.887   5492.2    505.6
     1     1    11     9    12     6     0     0  -129.0   -6.242  -49.652   5507.7    507.8
     1     1    11     9    12     5     0     1  -130.0   -6.227  -49.408   5550.2    507.2
     1     1    11     9    12     4     0     2  -131.0   -6.234  -49.158   5599.9    506.5
     1     1    11     9    12     3     0     3  -132.0   -6.258  -48.900   5633.7    505.1
     1     1    11     9    12     2     0     2  -133.0   -6.289  -48.648   5661.2    503.6
     1     1    11     9    12     1     0     1  -134.0   -6.318  -48.411   5713.7    499.3
     1     1    11     9    12     0     0     0  -135.0   -6.344  -48.184   5789.8    493.6
     1     1    11     9    11    23     0     1  -136.0   -6.366  -47.957   5870.1    486.3
     1     1    11     9    11    22     0     2  -137.0   -6.382  -47.730   5932.7    481.2
     1     1    11     9    11    21     0     3  -138.0   -6.391  -47.503   5973.5    477.6
     1     1    11     9    11    20     0     2  -139.0   -6.399  -47.268   5992.7    475.6
     1     1    11     9    11    19     0     1  -140.0   -6.410  -47.019   5991.6    474.8
     1     1    11     9    11    18     0     0  -141.0   -6.423  -46.749   5983.2    475.8
     1     1    11     9    11    17     0     1  -142.0   -6.443  -46.453   5978.2    476.6
     1     1    11     9    11    16     0     2  -143.0   -6.472  -46.131   5980.6    476.5
     1     1    11     9    11    15     0     3  -144.0   -6.511  -45.790   5987.6    476.1
     1     1    11     9    11    14     0     2  -145.0   -6.556  -45.447   6004.6    475.5
     1     1    11     9    11    13     0     1  -146.0   -6.605  -45.108   6039.9    473.7
     1     1    11     9    11    12     0     0  -147.0   -6.658  -44.770   6098.6    470.8
     1     1    11     9    11    11     0     1  -148.0   -6.715  -44.435   6171.6    465.8
     1     1    11     9    11    10     0     2  -149.0   -6.777  -44.110   6244.0    461.5
     1     1    11     9    11     9     0     3  -150.0   -6.849  -43.796   6311.8    457.7
     1     1    11     9    11     8     0     2  -151.0   -6.926  -43.490   6360.7    455.1
     1     1    11     9    11     7     0     1  -152.0   -6.996  -43.183   6376.5    455.0
     1     1    11     9    11     6     0     0  -153.0   -7.055  -42.878   6353.0    456.3
     1     1    11     9    11     5     0     1  -154.0   -7.094  -42.572   6318.8    458.9
     1     1    11     9    11     4     0     2  -155.0   -7.112  -42.257   6304.5    458.7
     1     1    11     9    11     3     0     3  -156.0   -7.117  -41.929   6299.2    457.4
     1     1    11     9    11     2     0     2  -157.0   -7.116  -41.584   6294.4    454.8
     1     1    11     9    11     1     0     1  -158.0   -7.114  -41.219   6300.8    451.3
     1     1    11     9    11     0     0     0  -159.0   -7.117  -40.836   6323.9    446.6
     1     1    11     9    10    23     0     1  -160.0   -7.136  -40.425   6351.8    439.7
     1     1    11     9    10    22     0     2  -161.0   -7.179  -39.981   6370.9    434.5
     1     1    11     9    10    21     0     3  -162.0   -7.232  -39.521   6407.1    436.4
     1     1    11     9    10    20     0     2  -163.0   -7.275  -39.069   6417.9    440.2
     1     1    11     9    10    19     0     1  -164.0   -7.312  -38.623   6401.4    441.8
     1     1    11     9    10    18     0     0  -165.0   -7.354  -38.173   6382.9    442.9
     1     1    11     9    10    17     0     1  -166.0   -7.402  -37.721   6372.4    441.2
     1     1    11     9    10    16     0     2  -167.0   -7.458  -37.273   6363.3    437.3
     1     1    11     9    10    15     0     3  -168.0   -7.521  -36.827   6356.5    436.7
     1     1    11     9    10    14     0     2  -169.0   -7.591  -36.370   6369.7    438.0
     1     1    11     9    10    13     0     1  -170.0   -7.669  -35.896   6396.9    440.5
     1     1    11     9    10    12     0     0  -171.0   -7.742  -35.420   6393.6    450.9
     1     1    11     9    10    11     0     1  -172.0   -7.794  -34.970   6324.0    469.8
     1     1    11     9    10    10     0     2  -173.0   -7.841  -34.542   6231.6    477.5
     1     1    11     9    10     9     0     3  -174.0   -7.895  -34.123   6184.2    480.6
     1     1    11     9    10     8     0     2  -175.0   -7.954  -33.705   6162.7    481.4
     1     1    11     9    10     7     0     1  -176.0   -8.018  -33.286   6153.8    481.7
     1     1    11     9    10     6     0     0  -177.0   -8.091  -32.870   6148.8    481.5
     1     1    11     9    10     5     0     1  -178.0   -8.166  -32.462   6137.9    482.3
     1     1    11     9    10     4     0     2  -179.0   -8.239  -32.056   6125.3    483.9
     1     1    11     9    10     3     0     3  -180.0   -8.312  -31.649   6124.3    484.6
     1     1    11     9    10     2     0     2  -181.0   -8.392  -31.237   6132.5    483.7
     1     1    11     9    10     1     0     1  -182.0   -8.481  -30.820   6135.5    483.3
     1     1    11     9    10     0     0     0  -183.0   -8.581  -30.400   6128.7    484.0
     1     1    11     9     9    23     0     1  -184.0   -8.696  -29.984   6131.7    484.7
     1     1    11     9     9    22     0     2  -185.0   -8.826  -29.577   6166.5    482.6
     1     1    11     9     9    21     0     3  -186.0   -8.973  -29.181   6233.7    477.9
     1     1    11     9     9    20     0     2  -187.0   -9.129  -28.805   6303.8    472.2
     1     1    11     9     9    19     0     1  -188.0   -9.284  -28.449   6355.9    469.3
     1     1    11     9     9    18     0     0  -189.0   -9.439  -28.113   6399.8    467.1
     1     1    11     9     9    17     0     1  -190.0   -9.592  -27.790   6435.0    464.7
     1     1    11     9     9    16     0     2  -191.0   -9.738  -27.474   6455.4    463.5
     1     1    11     9     9    15     0     3  -192.0   -9.878  -27.164   6461.8    463.3
     1     1    11     9     9    14     0     2  -193.0  -10.014  -26.858   6464.4    463.7
     1     1    11     9     9    13     0     1  -194.0  -10.152  -26.554   6475.7    463.4
     1     1    11     9     9    12     0     0  -195.0  -10.291  -26.253   6498.0    462.1
     1     1    11     9     9    11     0     1  -196.0  -10.427  -25.961   6525.3    459.9
     1     1    11     9     9    10     0     2  -197.0  -10.554  -25.687   6548.8    458.0
     1     1    11     9     9     9     0     3  -198.0  -10.671  -25.431   6563.9    456.9
     1     1    11     9     9     8     0     2  -199.0  -10.780  -25.190   6575.3    456.5
     1     1    11     9     9     7     0     1  -200.0  -10.886  -24.959   6589.3    455.7
     1     1    11     9     9     6     0     0  -201.0  -10.989  -24.739   6608.3    454.6
     1     1    11     9     9     5     0     1  -202.0  -11.091  -24.528   6638.4    453.4
     1     1    11     9     9     4     0     2  -203.0  -11.197  -24.326   6681.1    451.0
     1     1    11     9     9     3     0     3  -204.0  -11.309  -24.134   6731.2    448.2
     1     1    11     9     9     2     0     2  -205.0  -11.429  -23.951   6779.3    445.2
     1     1    11     9     9     1     0     1  -206.0  -11.552  -23.775   6821.0    443.1
     1     1    11     9     9     0     0     0  -207.0  -11.677  -23.607   6861.9    441.1
     1     1    11     9     8    23     0     1  -208.0  -11.803  -23.449   6901.1    438.4
     1     1    11     9     8    22     0     2  -209.0  -11.930  -23.306   6934.5    436.3
     1     1    11     9     8    21     0     3  -210.0  -12.058  -23.175   6960.6    434.6
     1     1    11     9     8    20     0     2  -211.0  -12.182  -23.057   6978.0    433.6
     1     1    11     9     8    19     0     1  -212.0  -12.298  -22.949   6986.7    433.1
     1     1    11     9     8    18     0     0  -213.0  -12.405  -22.852   6987.4    433.0
     1     1    11     9     8    17     0     1  -214.0  -12.502  -22.764   6991.1    433.4
     1     1    11     9     8    16     0     2  -215.0  -12.588  -22.688   7010.2    432.4
     1     1    11     9     8    15     0     3  -216.0  -12.661  -22.625   7046.7    430.4
     1     1    11     9     8    14     0     2  -217.0  -12.724  -22.570   7093.4    427.5
     1     1    11     9     8    13     0     1  -218.0  -12.773  -22.517   7141.9    425.0
     1     1    11     9     8    12     0     0  -219.0  -12.811  -22.464   7191.7    422.3
     1     1    11     9     8    11     0     1  -220.0  -12.836  -22.411   7239.2    419.3
     1     1    11     9     8    10     0     2  -221.0  -12.850  -22.358   7280.3    416.8
     1     1    11     9     8     9     0     3  -222.0  -12.853  -22.302   7314.5    414.6
     1     1    11     9     8     8     0     2  -223.0  -12.845  -22.247   7341.1    413.1
     1     1    11     9     8     7     0     1  -224.0  -12.828  -22.193   7360.1    411.9
     1     1    11     9     8     6     0     0  -225.0  -12.801  -22.141   7371.7    411.2
     1     1    11     9     8     5     0     1  -226.0  -12.768  -22.078   7383.6    411.2
     1     1    11     9     8     4     0     2  -227.0  -12.731  -21.996   7402.6    410.4
     1     1    11     9     8     3     0     3  -228.0  -12.694  -21.894   7428.0    409.2
     1     1    11     9     8     2     0     2  -229.0  -12.663  -21.781   7447.8    407.7
     1     1    11     9     8     1     0     1  -230.0  -12.645  -21.666   7450.3    407.7
     1     1    11     9     8     0     0     0  -231.0  -12.638  -21.548   7437.5    408.6
     1     1    11     9     7    23     0     1  -232.0  -12.642  -21.434   7426.4    410.0
     1     1    11     9     7    22     0     2  -233.0  -12.659  -21.329   7431.2    409.5
     1     1    11     9     7    21     0     3  -234.0  -12.689  -21.234   7449.3    408.3
     1     1    11     9     7    20     0     2  -235.0  -12.728  -21.146   7463.9    406.5
     1     1    11     9     7    19     0     1  -236.0  -12.770  -21.063   7459.3    406.6
     1     1    11     9     7    18     0     0  -237.0  -12.815  -20.985   7436.9    407.7
     1     1    11     9     7    17     0     1  -238.0  -12.860  -20.905   7417.7    409.8
     1     1    11     9     7    16     0     2  -239.0  -12.907  -20.822   7421.9    409.6
     1     1    11     9     7    15     0     3  -240.0  -12.956  -20.734   7449.8    408.1
     1     1    11     9     7    14     0     2  -241.0  -13.009  -20.648   7483.6    405.5
     1     1    11     9     7    13     0     1  -242.0  -13.066  -20.565   7504.1    404.6
     1     1    11     9     7    12     0     0  -243.0  -13.125  -20.484   7512.0    404.4
     1     1    11     9     7    11     0     1  -244.0  -13.182  -20.410   7518.5    404.3
     1     1    11     9     7    10     0     2  -245.0  -13.234  -20.348   7532.7    403.2
     1     1    11     9     7     9     0     3  -246.0  -13.281  -20.298   7554.3    401.7
     1     1    11     9     7     8     0     2  -247.0  -13.324  -20.261   7579.8    400.0
     1     1    11     9     7     7     0     1  -248.0  -13.362  -20.234   7606.2    398.5
     1     1    11     9     7     6     0     0  -249.0  -13.394  -20.218   7633.2    396.9
     1     1    11     9     7     5     0     1  -250.0  -13.430  -20.207   7660.9    395.6
     1     1    11     9     7     4     0     2  -251.0  -13.480  -20.195   7688.7    394.3
     1     1    11     9     7     3     0     3  -252.0  -13.543  -20.185   7715.3    393.0
     1     1    11     9     7     2     0     2  -253.0  -13.627  -20.177   7732.3    391.9
     1     1    11     9     7     1     0     1  -254.0  -13.734  -20.172   7733.3    392.0
     1     1    11     9     7     0     0     0  -255.0  -13.864  -20.167   7720.7    392.8
     1     1    11     9     6    23     0     1  -256.0  -14.015  -20.173   7715.9    394.1
     1     1    11     9     6    22     0     2  -257.0  -14.185  -20.210   7740.3    392.7
     1     1    11     9     6    21     0     3  -258.0  -14.372  -20.286   7791.9    389.9
     1     1    11     9     6    20     0     2  -259.0  -14.574  -20.398   7855.1    385.8
     1     1    11     9     6    19     0     1  -260.0  -14.792  -20.535   7917.6    382.4
     1     1    11     9     6    18     0     0  -261.0  -15.026  -20.701   7982.3    379.0
     1     1    11     9     6    17     0     1  -262.0  -15.284  -20.884   8038.3    375.4
     1     1    11     9     6    16     0     2  -263.0  -15.572  -21.073   8076.0    373.6
     1     1    11     9     6    15     0     3  -264.0  -15.886  -21.265   8105.4    372.3
     1     1    11     9     6    14     0     2  -265.0  -16.218  -21.483   8140.4    371.0
     1     1    11     9     6    13     0     1  -266.0  -16.558  -21.742   8187.3    368.6
     1     1    11     9     6    12     0     0  -267.0  -16.900  -22.038   8245.3    365.8
     1     1    11     9     6    11     0     1  -268.0  -17.242  -22.371   8309.8    362.0
     1     1    11     9     6    10     0     2  -269.0  -17.585  -22.740   8364.8    358.6
     1     1    11     9     6     9     0     3  -270.0  -17.921  -23.137   8394.1    356.5
     1     1    11     9     6     8     0     2  -271.0  -18.253  -23.562   8412.2    356.5
     1     1    11     9     6     7     0     1  -272.0  -18.584  -24.014   8449.8    355.0
     1     1    11     9     6     6     0     0  -273.0  -18.917  -24.483   8529.9    351.6
     1     1    11     9     6     5     0     1  -274.0  -19.250  -24.959   8637.0    345.1
     1     1    11     9     6     4     0     2  -275.0  -19.596  -25.430   8742.9    340.3
     1     1    11     9     6     3     0     3  -276.0  -19.977  -25.885   8860.0    335.3
     1     1    11     9     6     2     0     2  -277.0  -20.391  -26.340   9004.0    328.8
     1     1    11     9     6     1     0     1  -278.0  -20.841  -26.812   9195.9    320.3
     1     1    11     9     6     0     0     0  -279.0  -21.337  -27.300   9427.1    308.7
     1     1    11     9     5    23     0     1  -280.0  -21.883  -27.831   9606.4    297.8
     1     1    11     9     5    22     0     2  -281.0  -22.479  -28.401   9699.6    294.8
     1     1    11     9     5    21     0     3  -282.0  -23.159  -28.975   9771.5    292.5
     1     1    11     9     5    20     0     2  -283.0  -23.896  -29.573   9886.4    288.9
     1     1    11     9     5    19     0     1  -284.0  -24.660  -30.233  10059.8    280.2
     1     1    11     9     5    18     0     0  -285.0  -25.466  -30.972  10234.7    271.7
