     3     1
    GDAS    11    10     8     0     0
    GDAS    11    10    15     0     0
    GDAS    11    10    22     0     0
     1 BACKWARD OMEGA   
  2011    10    24    16   -8.850  -56.740   914.4
     1 PRESSURE
     1     1    11    10    24    16     0     2     0.0   -8.850  -56.740    914.4    888.4
     1     1    11    10    24    15     0     3    -1.0   -8.736  -56.599    885.9    888.0
     1     1    11    10    24    14     0     2    -2.0   -8.611  -56.421    869.4    888.5
     1     1    11    10    24    13     0     1    -3.0   -8.469  -56.183    889.0    882.4
     1     1    11    10    24    12     0     0    -4.0   -8.314  -55.893    942.7    872.4
     1     1    11    10    24    11     0     1    -5.0   -8.161  -55.567   1002.0    861.8
     1     1    11    10    24    10     0     2    -6.0   -8.028  -55.228   1031.9    858.5
     1     1    11    10    24     9     0     3    -7.0   -7.922  -54.883   1026.8    860.9
     1     1    11    10    24     8     0     2    -8.0   -7.838  -54.542   1012.3    865.1
     1     1    11    10    24     7     0     1    -9.0   -7.770  -54.206   1014.4    865.6
     1     1    11    10    24     6     0     0   -10.0   -7.714  -53.869   1030.0    864.4
     1     1    11    10    24     5     0     1   -11.0   -7.670  -53.534   1038.6    863.7
     1     1    11    10    24     4     0     2   -12.0   -7.640  -53.207   1026.3    865.9
     1     1    11    10    24     3     0     3   -13.0   -7.632  -52.886   1001.8    869.7
     1     1    11    10    24     2     0     2   -14.0   -7.636  -52.578    985.7    872.8
     1     1    11    10    24     1     0     1   -15.0   -7.642  -52.290    985.7    872.3
     1     1    11    10    24     0     0     0   -16.0   -7.649  -52.025    991.3    871.3
     1     1    11    10    23    23     0     1   -17.0   -7.660  -51.772    990.0    870.1
     1     1    11    10    23    22     0     2   -18.0   -7.676  -51.522    981.2    871.0
     1     1    11    10    23    21     0     3   -19.0   -7.698  -51.276    979.0    871.3
     1     1    11    10    23    20     0     2   -20.0   -7.721  -51.041    987.8    870.4
     1     1    11    10    23    19     0     1   -21.0   -7.740  -50.825    988.2    869.4
     1     1    11    10    23    18     0     0   -22.0   -7.756  -50.626    966.7    872.4
     1     1    11    10    23    17     0     1   -23.0   -7.765  -50.430    933.5    877.9
     1     1    11    10    23    16     0     2   -24.0   -7.764  -50.224    897.9    882.9
     1     1    11    10    23    15     0     3   -25.0   -7.753  -50.010    861.8    887.9
     1     1    11    10    23    14     0     2   -26.0   -7.729  -49.774    839.0    893.5
     1     1    11    10    23    13     0     1   -27.0   -7.684  -49.504    844.4    895.8
     1     1    11    10    23    12     0     0   -28.0   -7.614  -49.198    884.0    895.0
     1     1    11    10    23    11     0     1   -29.0   -7.523  -48.867    951.7    887.9
     1     1    11    10    23    10     0     2   -30.0   -7.421  -48.526   1023.0    878.9
     1     1    11    10    23     9     0     3   -31.0   -7.311  -48.167   1083.1    872.1
     1     1    11    10    23     8     0     2   -32.0   -7.204  -47.792   1122.1    864.7
     1     1    11    10    23     7     0     1   -33.0   -7.110  -47.405   1143.7    859.0
     1     1    11    10    23     6     0     0   -34.0   -7.023  -47.013   1165.9    853.0
     1     1    11    10    23     5     0     1   -35.0   -6.945  -46.624   1190.9    849.2
     1     1    11    10    23     4     0     2   -36.0   -6.879  -46.246   1216.6    847.0
     1     1    11    10    23     3     0     3   -37.0   -6.823  -45.881   1251.8    844.7
     1     1    11    10    23     2     0     2   -38.0   -6.776  -45.538   1293.4    841.9
     1     1    11    10    23     1     0     1   -39.0   -6.738  -45.218   1330.8    839.7
     1     1    11    10    23     0     0     0   -40.0   -6.701  -44.921   1364.1    837.9
     1     1    11    10    22    23     0     1   -41.0   -6.666  -44.645   1395.5    835.5
     1     1    11    10    22    22     0     2   -42.0   -6.635  -44.387   1430.1    833.0
     1     1    11    10    22    21     0     3   -43.0   -6.611  -44.143   1476.3    829.4
     1     1    11    10    22    20     0     2   -44.0   -6.589  -43.911   1523.2    824.4
     1     1    11    10    22    19     0     1   -45.0   -6.560  -43.695   1551.7    822.7
     1     1    11    10    22    18     0     0   -46.0   -6.524  -43.497   1560.4    823.5
     1     1    11    10    22    17     0     1   -47.0   -6.485  -43.301   1564.4    825.9
     1     1    11    10    22    16     0     2   -48.0   -6.444  -43.093   1578.2    826.4
     1     1    11    10    22    15     0     3   -49.0   -6.401  -42.871   1598.5    824.1
     1     1    11    10    22    14     0     2   -50.0   -6.359  -42.630   1617.0    820.6
     1     1    11    10    22    13     0     1   -51.0   -6.322  -42.373   1630.8    817.8
     1     1    11    10    22    12     0     0   -52.0   -6.290  -42.104   1640.9    815.4
     1     1    11    10    22    11     0     1   -53.0   -6.260  -41.829   1652.5    808.5
     1     1    11    10    22    10     0     2   -54.0   -6.228  -41.550   1682.0    797.2
     1     1    11    10    22     9     0     3   -55.0   -6.182  -41.272   1736.0    782.2
     1     1    11    10    22     8     0     2   -56.0   -6.113  -40.999   1798.5    765.5
     1     1    11    10    22     7     0     1   -57.0   -6.031  -40.725   1855.3    758.1
     1     1    11    10    22     6     0     0   -58.0   -5.949  -40.449   1896.0    755.6
     1     1    11    10    22     5     0     1   -59.0   -5.875  -40.178   1931.9    753.8
     1     1    11    10    22     4     0     2   -60.0   -5.812  -39.916   1974.7    752.6
     1     1    11    10    22     3     0     3   -61.0   -5.754  -39.670   2029.8    754.6
     1     1    11    10    22     2     0     2   -62.0   -5.700  -39.433   2080.6    755.7
     1     1    11    10    22     1     0     1   -63.0   -5.655  -39.196   2113.0    759.8
     1     1    11    10    22     0     0     0   -64.0   -5.622  -38.957   2128.0    764.9
     1     1    11    10    21    23     0     1   -65.0   -5.600  -38.729   2139.5    766.5
     1     1    11    10    21    22     0     2   -66.0   -5.585  -38.516   2156.8    765.3
     1     1    11    10    21    21     0     3   -67.0   -5.580  -38.309   2161.6    765.3
     1     1    11    10    21    20     0     2   -68.0   -5.580  -38.103   2133.7    768.4
     1     1    11    10    21    19     0     1   -69.0   -5.580  -37.900   2063.4    776.3
     1     1    11    10    21    18     0     0   -70.0   -5.578  -37.706   1962.2    787.8
     1     1    11    10    21    17     0     1   -71.0   -5.575  -37.515   1860.7    801.1
     1     1    11    10    21    16     0     2   -72.0   -5.571  -37.316   1775.1    810.1
     1     1    11    10    21    15     0     3   -73.0   -5.568  -37.108   1689.8    819.2
     1     1    11    10    21    14     0     2   -74.0   -5.560  -36.893   1618.6    829.1
     1     1    11    10    21    13     0     1   -75.0   -5.544  -36.673   1582.4    832.6
     1     1    11    10    21    12     0     0   -76.0   -5.520  -36.446   1570.7    833.3
     1     1    11    10    21    11     0     1   -77.0   -5.491  -36.210   1572.5    833.1
     1     1    11    10    21    10     0     2   -78.0   -5.466  -35.965   1591.5    832.3
     1     1    11    10    21     9     0     3   -79.0   -5.445  -35.719   1634.3    830.6
     1     1    11    10    21     8     0     2   -80.0   -5.429  -35.487   1678.8    826.5
     1     1    11    10    21     7     0     1   -81.0   -5.421  -35.267   1704.6    825.8
     1     1    11    10    21     6     0     0   -82.0   -5.424  -35.053   1711.7    826.8
     1     1    11    10    21     5     0     1   -83.0   -5.435  -34.848   1713.7    828.8
     1     1    11    10    21     4     0     2   -84.0   -5.445  -34.657   1723.8    827.9
     1     1    11    10    21     3     0     3   -85.0   -5.455  -34.479   1738.1    826.6
     1     1    11    10    21     2     0     2   -86.0   -5.464  -34.305   1752.2    825.2
     1     1    11    10    21     1     0     1   -87.0   -5.474  -34.126   1762.7    824.3
     1     1    11    10    21     0     0     0   -88.0   -5.484  -33.941   1766.2    823.9
     1     1    11    10    20    23     0     1   -89.0   -5.498  -33.754   1761.6    823.8
     1     1    11    10    20    22     0     2   -90.0   -5.517  -33.569   1752.6    824.4
     1     1    11    10    20    21     0     3   -91.0   -5.540  -33.385   1746.4    824.7
     1     1    11    10    20    20     0     2   -92.0   -5.562  -33.208   1750.5    824.8
     1     1    11    10    20    19     0     1   -93.0   -5.581  -33.046   1767.2    823.2
     1     1    11    10    20    18     0     0   -94.0   -5.595  -32.899   1792.4    820.6
     1     1    11    10    20    17     0     1   -95.0   -5.609  -32.758   1814.5    818.0
     1     1    11    10    20    16     0     2   -96.0   -5.622  -32.613   1825.0    817.4
     1     1    11    10    20    15     0     3   -97.0   -5.634  -32.465   1825.3    817.7
     1     1    11    10    20    14     0     2   -98.0   -5.647  -32.313   1820.3    818.8
     1     1    11    10    20    13     0     1   -99.0   -5.661  -32.160   1815.9    819.6
     1     1    11    10    20    12     0     0  -100.0   -5.677  -32.006   1814.0    820.1
     1     1    11    10    20    11     0     1  -101.0   -5.694  -31.846   1814.2    819.7
     1     1    11    10    20    10     0     2  -102.0   -5.712  -31.673   1815.9    819.4
     1     1    11    10    20     9     0     3  -103.0   -5.731  -31.492   1822.2    818.7
     1     1    11    10    20     8     0     2  -104.0   -5.754  -31.313   1831.3    817.4
     1     1    11    10    20     7     0     1  -105.0   -5.781  -31.146   1840.2    816.5
     1     1    11    10    20     6     0     0  -106.0   -5.812  -30.989   1849.3    815.6
     1     1    11    10    20     5     0     1  -107.0   -5.848  -30.836   1858.3    814.8
     1     1    11    10    20     4     0     2  -108.0   -5.890  -30.677   1866.4    814.1
     1     1    11    10    20     3     0     3  -109.0   -5.938  -30.511   1872.9    813.6
     1     1    11    10    20     2     0     2  -110.0   -5.990  -30.337   1876.9    813.2
     1     1    11    10    20     1     0     1  -111.0   -6.046  -30.156   1875.5    813.3
     1     1    11    10    20     0     0     0  -112.0   -6.105  -29.968   1865.9    814.3
     1     1    11    10    19    23     0     1  -113.0   -6.160  -29.774   1857.8    815.8
     1     1    11    10    19    22     0     2  -114.0   -6.205  -29.575   1861.8    815.1
     1     1    11    10    19    21     0     3  -115.0   -6.242  -29.377   1878.5    813.1
     1     1    11    10    19    20     0     2  -116.0   -6.276  -29.184   1900.3    810.2
     1     1    11    10    19    19     0     1  -117.0   -6.317  -29.002   1919.3    808.4
     1     1    11    10    19    18     0     0  -118.0   -6.361  -28.829   1936.2    806.9
     1     1    11    10    19    17     0     1  -119.0   -6.403  -28.658   1951.6    805.6
     1     1    11    10    19    16     0     2  -120.0   -6.436  -28.481   1965.3    804.4
     1     1    11    10    19    15     0     3  -121.0   -6.463  -28.296   1977.5    803.4
     1     1    11    10    19    14     0     2  -122.0   -6.487  -28.102   1984.0    802.8
     1     1    11    10    19    13     0     1  -123.0   -6.512  -27.898   1980.1    803.4
     1     1    11    10    19    12     0     0  -124.0   -6.537  -27.681   1964.4    805.2
     1     1    11    10    19    11     0     1  -125.0   -6.562  -27.460   1945.3    807.6
     1     1    11    10    19    10     0     2  -126.0   -6.588  -27.247   1932.2    808.5
     1     1    11    10    19     9     0     3  -127.0   -6.616  -27.043   1924.9    808.9
     1     1    11    10    19     8     0     2  -128.0   -6.643  -26.847   1928.3    808.8
     1     1    11    10    19     7     0     1  -129.0   -6.665  -26.659   1948.0    806.5
     1     1    11    10    19     6     0     0  -130.0   -6.681  -26.480   1983.6    802.8
     1     1    11    10    19     5     0     1  -131.0   -6.689  -26.307   2025.0    798.1
     1     1    11    10    19     4     0     2  -132.0   -6.686  -26.136   2062.4    794.7
     1     1    11    10    19     3     0     3  -133.0   -6.673  -25.966   2095.4    791.7
     1     1    11    10    19     2     0     2  -134.0   -6.655  -25.798   2122.0    789.3
     1     1    11    10    19     1     0     1  -135.0   -6.637  -25.637   2140.4    787.7
     1     1    11    10    19     0     0     0  -136.0   -6.618  -25.478   2150.7    787.0
     1     1    11    10    18    23     0     1  -137.0   -6.598  -25.323   2160.3    786.4
     1     1    11    10    18    22     0     2  -138.0   -6.575  -25.175   2177.1    784.6
     1     1    11    10    18    21     0     3  -139.0   -6.551  -25.034   2203.3    782.0
     1     1    11    10    18    20     0     2  -140.0   -6.529  -24.903   2234.5    778.6
     1     1    11    10    18    19     0     1  -141.0   -6.508  -24.780   2265.0    775.6
     1     1    11    10    18    18     0     0  -142.0   -6.490  -24.667   2293.0    772.7
     1     1    11    10    18    17     0     1  -143.0   -6.470  -24.558   2317.8    770.6
     1     1    11    10    18    16     0     2  -144.0   -6.445  -24.449   2339.7    768.6
     1     1    11    10    18    15     0     3  -145.0   -6.415  -24.341   2359.0    767.0
     1     1    11    10    18    14     0     2  -146.0   -6.383  -24.233   2373.5    765.8
     1     1    11    10    18    13     0     1  -147.0   -6.347  -24.120   2381.4    765.4
     1     1    11    10    18    12     0     0  -148.0   -6.307  -24.001   2383.9    765.6
     1     1    11    10    18    11     0     1  -149.0   -6.271  -23.878   2386.0    765.6
     1     1    11    10    18    10     0     2  -150.0   -6.248  -23.756   2392.4    764.8
     1     1    11    10    18     9     0     3  -151.0   -6.238  -23.635   2402.5    763.6
     1     1    11    10    18     8     0     2  -152.0   -6.239  -23.518   2414.7    762.1
     1     1    11    10    18     7     0     1  -153.0   -6.243  -23.411   2427.5    760.7
     1     1    11    10    18     6     0     0  -154.0   -6.253  -23.312   2440.1    759.4
     1     1    11    10    18     5     0     1  -155.0   -6.266  -23.220   2450.6    758.4
     1     1    11    10    18     4     0     2  -156.0   -6.281  -23.133   2457.7    757.8
     1     1    11    10    18     3     0     3  -157.0   -6.297  -23.050   2461.5    757.5
     1     1    11    10    18     2     0     2  -158.0   -6.316  -22.971   2464.1    757.8
     1     1    11    10    18     1     0     1  -159.0   -6.340  -22.897   2467.2    757.9
     1     1    11    10    18     0     0     0  -160.0   -6.367  -22.830   2471.2    758.0
     1     1    11    10    17    23     0     1  -161.0   -6.396  -22.769   2478.1    757.4
     1     1    11    10    17    22     0     2  -162.0   -6.424  -22.718   2489.7    756.2
     1     1    11    10    17    21     0     3  -163.0   -6.450  -22.678   2506.6    754.6
     1     1    11    10    17    20     0     2  -164.0   -6.475  -22.645   2527.0    752.5
     1     1    11    10    17    19     0     1  -165.0   -6.498  -22.616   2548.8    750.4
     1     1    11    10    17    18     0     0  -166.0   -6.518  -22.592   2571.8    748.2
     1     1    11    10    17    17     0     1  -167.0   -6.537  -22.566   2599.2    746.1
     1     1    11    10    17    16     0     2  -168.0   -6.557  -22.533   2634.0    743.2
     1     1    11    10    17    15     0     3  -169.0   -6.577  -22.492   2676.4    739.7
     1     1    11    10    17    14     0     2  -170.0   -6.597  -22.449   2725.2    735.5
     1     1    11    10    17    13     0     1  -171.0   -6.616  -22.408   2778.9    731.0
     1     1    11    10    17    12     0     0  -172.0   -6.633  -22.369   2837.2    726.1
     1     1    11    10    17    11     0     1  -173.0   -6.649  -22.334   2891.3    720.5
     1     1    11    10    17    10     0     2  -174.0   -6.666  -22.302   2932.4    716.7
     1     1    11    10    17     9     0     3  -175.0   -6.684  -22.269   2960.4    714.1
     1     1    11    10    17     8     0     2  -176.0   -6.700  -22.240   2981.7    712.6
     1     1    11    10    17     7     0     1  -177.0   -6.711  -22.218   3002.8    710.6
     1     1    11    10    17     6     0     0  -178.0   -6.717  -22.205   3023.7    708.5
     1     1    11    10    17     5     0     1  -179.0   -6.716  -22.197   3043.9    706.9
     1     1    11    10    17     4     0     2  -180.0   -6.704  -22.189   3062.7    705.4
     1     1    11    10    17     3     0     3  -181.0   -6.683  -22.182   3080.2    704.0
     1     1    11    10    17     2     0     2  -182.0   -6.663  -22.178   3092.3    703.1
     1     1    11    10    17     1     0     1  -183.0   -6.653  -22.179   3095.0    703.3
     1     1    11    10    17     0     0     0  -184.0   -6.655  -22.184   3088.2    704.4
     1     1    11    10    16    23     0     1  -185.0   -6.662  -22.193   3087.6    705.5
     1     1    11    10    16    22     0     2  -186.0   -6.668  -22.212   3108.2    703.5
     1     1    11    10    16    21     0     3  -187.0   -6.673  -22.245   3149.9    699.7
     1     1    11    10    16    20     0     2  -188.0   -6.675  -22.292   3196.3    694.4
     1     1    11    10    16    19     0     1  -189.0   -6.672  -22.347   3230.7    691.4
     1     1    11    10    16    18     0     0  -190.0   -6.666  -22.406   3253.1    689.5
     1     1    11    10    16    17     0     1  -191.0   -6.651  -22.468   3269.5    688.5
     1     1    11    10    16    16     0     2  -192.0   -6.625  -22.531   3285.2    687.0
     1     1    11    10    16    15     0     3  -193.0   -6.588  -22.596   3299.8    685.6
     1     1    11    10    16    14     0     2  -194.0   -6.539  -22.659   3316.4    684.9
     1     1    11    10    16    13     0     1  -195.0   -6.479  -22.720   3339.2    683.4
     1     1    11    10    16    12     0     0  -196.0   -6.407  -22.780   3370.1    681.3
     1     1    11    10    16    11     0     1  -197.0   -6.333  -22.844   3408.4    677.8
     1     1    11    10    16    10     0     2  -198.0   -6.265  -22.917   3451.6    673.9
     1     1    11    10    16     9     0     3  -199.0   -6.203  -23.001   3499.1    669.8
     1     1    11    10    16     8     0     2  -200.0   -6.142  -23.094   3552.6    665.4
     1     1    11    10    16     7     0     1  -201.0   -6.075  -23.197   3613.0    660.2
     1     1    11    10    16     6     0     0  -202.0   -6.001  -23.309   3676.9    654.7
     1     1    11    10    16     5     0     1  -203.0   -5.917  -23.435   3723.0    649.5
     1     1    11    10    16     4     0     2  -204.0   -5.825  -23.573   3734.7    648.8
     1     1    11    10    16     3     0     3  -205.0   -5.725  -23.720   3717.2    650.4
     1     1    11    10    16     2     0     2  -206.0   -5.624  -23.868   3693.4    654.2
     1     1    11    10    16     1     0     1  -207.0   -5.528  -24.014   3681.3    655.3
     1     1    11    10    16     0     0     0  -208.0   -5.439  -24.158   3675.9    655.9
     1     1    11    10    15    23     0     1  -209.0   -5.354  -24.304   3670.7    655.7
     1     1    11    10    15    22     0     2  -210.0   -5.271  -24.457   3664.9    656.2
     1     1    11    10    15    21     0     3  -211.0   -5.190  -24.618   3664.8    656.2
     1     1    11    10    15    20     0     2  -212.0   -5.112  -24.784   3681.3    655.3
     1     1    11    10    15    19     0     1  -213.0   -5.037  -24.950   3715.9    652.0
     1     1    11    10    15    18     0     0  -214.0   -4.968  -25.116   3758.9    648.1
     1     1    11    10    15    17     0     1  -215.0   -4.900  -25.283   3798.3    644.4
     1     1    11    10    15    16     0     2  -216.0   -4.826  -25.452   3828.3    642.2
     1     1    11    10    15    15     0     3  -217.0   -4.743  -25.621   3853.3    640.4
     1     1    11    10    15    14     0     2  -218.0   -4.654  -25.792   3871.3    639.0
     1     1    11    10    15    13     0     1  -219.0   -4.558  -25.965   3878.1    638.8
     1     1    11    10    15    12     0     0  -220.0   -4.456  -26.137   3873.3    639.4
     1     1    11    10    15    11     0     1  -221.0   -4.348  -26.306   3866.9    640.6
     1     1    11    10    15    10     0     2  -222.0   -4.236  -26.475   3869.7    640.2
     1     1    11    10    15     9     0     3  -223.0   -4.120  -26.646   3882.6    639.0
     1     1    11    10    15     8     0     2  -224.0   -4.008  -26.819   3910.3    637.0
     1     1    11    10    15     7     0     1  -225.0   -3.909  -26.993   3957.9    633.2
     1     1    11    10    15     6     0     0  -226.0   -3.821  -27.171   4023.6    627.7
     1     1    11    10    15     5     0     1  -227.0   -3.740  -27.354   4085.5    621.7
     1     1    11    10    15     4     0     2  -228.0   -3.660  -27.540   4125.3    618.9
     1     1    11    10    15     3     0     3  -229.0   -3.586  -27.729   4143.1    617.7
     1     1    11    10    15     2     0     2  -230.0   -3.519  -27.916   4144.6    618.3
     1     1    11    10    15     1     0     1  -231.0   -3.463  -28.098   4137.2    619.2
     1     1    11    10    15     0     0     0  -232.0   -3.413  -28.274   4122.7    620.6
     1     1    11    10    14    23     0     1  -233.0   -3.369  -28.445   4105.1    621.9
     1     1    11    10    14    22     0     2  -234.0   -3.327  -28.608   4087.7    622.9
     1     1    11    10    14    21     0     3  -235.0   -3.288  -28.763   4069.8    623.9
     1     1    11    10    14    20     0     2  -236.0   -3.251  -28.910   4064.7    625.3
     1     1    11    10    14    19     0     1  -237.0   -3.220  -29.051   4088.3    623.5
     1     1    11    10    14    18     0     0  -238.0   -3.196  -29.186   4143.1    619.3
     1     1    11    10    14    17     0     1  -239.0   -3.183  -29.317   4213.7    613.0
     1     1    11    10    14    16     0     2  -240.0   -3.182  -29.448   4281.3    608.0
     1     1    11    10    14    15     0     3  -241.0   -3.195  -29.577   4342.1    603.5
     1     1    11    10    14    14     0     2  -242.0   -3.215  -29.707   4389.0    599.8
     1     1    11    10    14    13     0     1  -243.0   -3.234  -29.835   4415.4    597.9
     1     1    11    10    14    12     0     0  -244.0   -3.252  -29.963   4419.8    597.7
     1     1    11    10    14    11     0     1  -245.0   -3.272  -30.092   4421.6    598.7
     1     1    11    10    14    10     0     2  -246.0   -3.299  -30.225   4438.7    597.1
     1     1    11    10    14     9     0     3  -247.0   -3.335  -30.360   4469.7    594.4
     1     1    11    10    14     8     0     2  -248.0   -3.378  -30.497   4500.6    591.0
     1     1    11    10    14     7     0     1  -249.0   -3.420  -30.632   4521.8    589.3
     1     1    11    10    14     6     0     0  -250.0   -3.463  -30.763   4537.8    588.1
     1     1    11    10    14     5     0     1  -251.0   -3.504  -30.889   4557.6    587.4
     1     1    11    10    14     4     0     2  -252.0   -3.541  -31.006   4587.6    585.3
     1     1    11    10    14     3     0     3  -253.0   -3.572  -31.113   4626.8    582.7
     1     1    11    10    14     2     0     2  -254.0   -3.602  -31.208   4661.2    579.6
     1     1    11    10    14     1     0     1  -255.0   -3.635  -31.291   4676.8    578.8
     1     1    11    10    14     0     0     0  -256.0   -3.671  -31.363   4672.9    579.4
     1     1    11    10    13    23     0     1  -257.0   -3.711  -31.427   4660.8    581.0
     1     1    11    10    13    22     0     2  -258.0   -3.760  -31.486   4652.6    581.5
     1     1    11    10    13    21     0     3  -259.0   -3.819  -31.542   4648.8    581.7
     1     1    11    10    13    20     0     2  -260.0   -3.883  -31.598   4644.7    581.5
     1     1    11    10    13    19     0     1  -261.0   -3.943  -31.653   4636.1    582.0
     1     1    11    10    13    18     0     0  -262.0   -3.996  -31.707   4624.6    582.8
     1     1    11    10    13    17     0     1  -263.0   -4.048  -31.758   4617.3    584.0
     1     1    11    10    13    16     0     2  -264.0   -4.104  -31.803   4620.4    584.0
     1     1    11    10    13    15     0     3  -265.0   -4.165  -31.845   4634.3    583.2
     1     1    11    10    13    14     0     2  -266.0   -4.230  -31.884   4658.4    581.5
     1     1    11    10    13    13     0     1  -267.0   -4.301  -31.924   4690.2    579.3
     1     1    11    10    13    12     0     0  -268.0   -4.379  -31.966   4727.4    576.6
     1     1    11    10    13    11     0     1  -269.0   -4.463  -32.011   4767.9    573.4
     1     1    11    10    13    10     0     2  -270.0   -4.549  -32.059   4809.1    570.1
     1     1    11    10    13     9     0     3  -271.0   -4.637  -32.111   4847.3    567.0
     1     1    11    10    13     8     0     2  -272.0   -4.734  -32.168   4875.6    564.3
     1     1    11    10    13     7     0     1  -273.0   -4.845  -32.233   4891.2    563.2
     1     1    11    10    13     6     0     0  -274.0   -4.969  -32.303   4899.4    562.6
     1     1    11    10    13     5     0     1  -275.0   -5.096  -32.374   4909.2    562.6
     1     1    11    10    13     4     0     2  -276.0   -5.217  -32.442   4926.4    561.6
     1     1    11    10    13     3     0     3  -277.0   -5.334  -32.510   4950.6    560.2
     1     1    11    10    13     2     0     2  -278.0   -5.443  -32.580   4976.8    558.4
     1     1    11    10    13     1     0     1  -279.0   -5.542  -32.648   5000.7    557.1
     1     1    11    10    13     0     0     0  -280.0   -5.631  -32.713   5023.6    555.9
     1     1    11    10    12    23     0     1  -281.0   -5.707  -32.776   5044.8    554.2
     1     1    11    10    12    22     0     2  -282.0   -5.768  -32.832   5063.1    552.7
     1     1    11    10    12    21     0     3  -283.0   -5.813  -32.880   5078.4    551.5
     1     1    11    10    12    20     0     2  -284.0   -5.847  -32.935   5091.8    550.6
     1     1    11    10    12    19     0     1  -285.0   -5.870  -33.008   5103.8    549.6
     1     1    11    10    12    18     0     0  -286.0   -5.881  -33.099   5113.1    548.8
     1     1    11    10    12    17     0     1  -287.0   -5.887  -33.197   5122.3    548.6
     1     1    11    10    12    16     0     2  -288.0   -5.896  -33.294   5133.2    548.1
     1     1    11    10    12    15     0     3  -289.0   -5.907  -33.391   5147.1    547.4
     1     1    11    10    12    14     0     2  -290.0   -5.920  -33.488   5163.0    546.3
     1     1    11    10    12    13     0     1  -291.0   -5.938  -33.590   5180.0    545.4
     1     1    11    10    12    12     0     0  -292.0   -5.959  -33.694   5199.2    544.3
     1     1    11    10    12    11     0     1  -293.0   -5.978  -33.790   5233.8    542.5
     1     1    11    10    12    10     0     2  -294.0   -5.990  -33.870   5294.8    537.9
     1     1    11    10    12     9     0     3  -295.0   -5.999  -33.939   5377.2    531.8
     1     1    11    10    12     8     0     2  -296.0   -6.003  -34.002   5461.2    524.9
     1     1    11    10    12     7     0     1  -297.0   -6.002  -34.062   5531.0    520.0
     1     1    11    10    12     6     0     0  -298.0   -5.995  -34.118   5586.8    516.2
     1     1    11    10    12     5     0     1  -299.0   -5.975  -34.172   5623.3    513.7
     1     1    11    10    12     4     0     2  -300.0   -5.941  -34.216   5637.1    513.0
     1     1    11    10    12     3     0     3  -301.0   -5.894  -34.247   5630.8    513.7
     1     1    11    10    12     2     0     2  -302.0   -5.839  -34.264   5619.8    515.6
     1     1    11    10    12     1     0     1  -303.0   -5.780  -34.270   5617.7    515.9
     1     1    11    10    12     0     0     0  -304.0   -5.716  -34.268   5623.9    515.7
     1     1    11    10    11    23     0     1  -305.0   -5.655  -34.259   5633.2    514.6
     1     1    11    10    11    22     0     2  -306.0   -5.602  -34.244   5641.9    513.9
     1     1    11    10    11    21     0     3  -307.0   -5.558  -34.225   5652.2    513.1
     1     1    11    10    11    20     0     2  -308.0   -5.525  -34.204   5669.2    512.3
     1     1    11    10    11    19     0     1  -309.0   -5.502  -34.182   5696.5    510.5
     1     1    11    10    11    18     0     0  -310.0   -5.489  -34.164   5733.8    508.1
     1     1    11    10    11    17     0     1  -311.0   -5.482  -34.144   5769.5    505.2
     1     1    11    10    11    16     0     2  -312.0   -5.474  -34.118   5791.8    503.9
     1     1    11    10    11    15     0     3  -313.0   -5.464  -34.082   5798.2    503.6
     1     1    11    10    11    14     0     2  -314.0   -5.460  -34.036   5801.6    504.4
     1     1    11    10    11    13     0     1  -315.0   -5.467  -33.985   5817.3    503.5
     1     1    11    10    11    12     0     0  -316.0   -5.485  -33.935   5847.8    501.7
     1     1    11    10    11    11     0     1  -317.0   -5.512  -33.890   5889.8    498.4
     1     1    11    10    11    10     0     2  -318.0   -5.545  -33.852   5938.5    495.0
     1     1    11    10    11     9     0     3  -319.0   -5.587  -33.823   5993.2    491.3
     1     1    11    10    11     8     0     2  -320.0   -5.634  -33.807   6032.1    487.4
     1     1    11    10    11     7     0     1  -321.0   -5.683  -33.804   6033.8    487.3
     1     1    11    10    11     6     0     0  -322.0   -5.733  -33.809   5998.8    489.4
     1     1    11    10    11     5     0     1  -323.0   -5.780  -33.814   5954.3    494.1
     1     1    11    10    11     4     0     2  -324.0   -5.821  -33.819   5927.5    496.1
     1     1    11    10    11     3     0     3  -325.0   -5.856  -33.825   5919.5    496.8
     1     1    11    10    11     2     0     2  -326.0   -5.887  -33.830   5914.6    496.4
     1     1    11    10    11     1     0     1  -327.0   -5.919  -33.829   5895.9    497.9
     1     1    11    10    11     0     0     0  -328.0   -5.952  -33.818   5862.8    500.3
     1     1    11    10    10    23     0     1  -329.0   -5.987  -33.803   5823.8    503.0
     1     1    11    10    10    22     0     2  -330.0   -6.027  -33.791   5787.1    505.0
     1     1    11    10    10    21     0     3  -331.0   -6.072  -33.782   5752.2    506.9
     1     1    11    10    10    20     0     2  -332.0   -6.119  -33.777   5731.6    509.0
     1     1    11    10    10    19     0     1  -333.0   -6.168  -33.781   5737.9    508.5
     1     1    11    10    10    18     0     0  -334.0   -6.218  -33.798   5770.9    506.3
     1     1    11    10    10    17     0     1  -335.0   -6.264  -33.822   5818.3    502.5
     1     1    11    10    10    16     0     2  -336.0   -6.303  -33.845   5867.5    499.4
