     3     1
    GDAS    11    12     1     0     0
    GDAS    11    12     8     0     0
    GDAS    11    12    15     0     0
     1 BACKWARD OMEGA   
  2011    12    18    15   -8.830  -56.780  3962.4
     1 PRESSURE
     1     1    11    12    18    15     0     3     0.0   -8.830  -56.780   3962.4    617.6
     1     1    11    12    18    14     0     2    -1.0   -8.781  -56.841   3926.9    618.3
     1     1    11    12    18    13     0     1    -2.0   -8.726  -56.895   3847.9    623.8
     1     1    11    12    18    12     0     0    -3.0   -8.665  -56.943   3725.8    632.5
     1     1    11    12    18    11     0     1    -4.0   -8.594  -57.001   3599.0    644.4
     1     1    11    12    18    10     0     2    -5.0   -8.516  -57.078   3508.2    650.8
     1     1    11    12    18     9     0     3    -6.0   -8.434  -57.170   3456.2    654.5
     1     1    11    12    18     8     0     2    -7.0   -8.353  -57.263   3423.6    655.6
     1     1    11    12    18     7     0     1    -8.0   -8.271  -57.346   3390.0    658.6
     1     1    11    12    18     6     0     0    -9.0   -8.186  -57.422   3356.9    661.9
     1     1    11    12    18     5     0     1   -10.0   -8.101  -57.493   3330.4    665.7
     1     1    11    12    18     4     0     2   -11.0   -8.020  -57.563   3312.0    668.5
     1     1    11    12    18     3     0     3   -12.0   -7.946  -57.632   3297.6    671.6
     1     1    11    12    18     2     0     2   -13.0   -7.875  -57.702   3279.8    674.2
     1     1    11    12    18     1     0     1   -14.0   -7.804  -57.775   3255.2    677.7
     1     1    11    12    18     0     0     0   -15.0   -7.732  -57.853   3227.3    681.4
     1     1    11    12    17    23     0     1   -16.0   -7.659  -57.930   3200.6    684.4
     1     1    11    12    17    22     0     2   -17.0   -7.586  -58.004   3172.9    686.6
     1     1    11    12    17    21     0     3   -18.0   -7.510  -58.072   3133.6    688.6
     1     1    11    12    17    20     0     2   -19.0   -7.426  -58.138   3083.5    693.3
     1     1    11    12    17    19     0     1   -20.0   -7.330  -58.203   3037.6    698.2
     1     1    11    12    17    18     0     0   -21.0   -7.225  -58.269   3017.4    701.1
     1     1    11    12    17    17     0     1   -22.0   -7.119  -58.332   3009.9    700.0
     1     1    11    12    17    16     0     2   -23.0   -7.012  -58.387   2985.5    702.1
     1     1    11    12    17    15     0     3   -24.0   -6.900  -58.432   2939.1    706.5
     1     1    11    12    17    14     0     2   -25.0   -6.778  -58.467   2898.9    712.8
     1     1    11    12    17    13     0     1   -26.0   -6.653  -58.495   2892.5    713.3
     1     1    11    12    17    12     0     0   -27.0   -6.530  -58.516   2914.6    711.4
     1     1    11    12    17    11     0     1   -28.0   -6.413  -58.536   2942.7    707.0
     1     1    11    12    17    10     0     2   -29.0   -6.302  -58.556   2952.1    705.5
     1     1    11    12    17     9     0     3   -30.0   -6.191  -58.568   2935.0    706.3
     1     1    11    12    17     8     0     2   -31.0   -6.074  -58.574   2916.8    710.5
     1     1    11    12    17     7     0     1   -32.0   -5.950  -58.575   2928.8    709.9
     1     1    11    12    17     6     0     0   -33.0   -5.819  -58.576   2974.5    706.0
     1     1    11    12    17     5     0     1   -34.0   -5.681  -58.571   3027.5    699.7
     1     1    11    12    17     4     0     2   -35.0   -5.535  -58.554   3064.8    697.1
     1     1    11    12    17     3     0     3   -36.0   -5.382  -58.527   3092.1    695.5
     1     1    11    12    17     2     0     2   -37.0   -5.236  -58.493   3127.1    693.6
     1     1    11    12    17     1     0     1   -38.0   -5.115  -58.457   3180.0    688.8
     1     1    11    12    17     0     0     0   -39.0   -5.019  -58.419   3241.5    683.1
     1     1    11    12    16    23     0     1   -40.0   -4.934  -58.388   3267.8    677.3
     1     1    11    12    16    22     0     2   -41.0   -4.844  -58.366   3221.4    681.0
     1     1    11    12    16    21     0     3   -42.0   -4.749  -58.354   3110.7    690.2
     1     1    11    12    16    20     0     2   -43.0   -4.643  -58.342   2999.4    704.8
     1     1    11    12    16    19     0     1   -44.0   -4.533  -58.333   2936.9    710.3
     1     1    11    12    16    18     0     0   -45.0   -4.425  -58.327   2913.3    712.6
     1     1    11    12    16    17     0     1   -46.0   -4.317  -58.315   2910.6    712.3
     1     1    11    12    16    16     0     2   -47.0   -4.205  -58.286   2918.5    712.5
     1     1    11    12    16    15     0     3   -48.0   -4.090  -58.241   2945.0    711.2
     1     1    11    12    16    14     0     2   -49.0   -3.975  -58.187   2980.7    707.2
     1     1    11    12    16    13     0     1   -50.0   -3.854  -58.131   3011.4    704.8
     1     1    11    12    16    12     0     0   -51.0   -3.727  -58.073   3037.4    703.1
     1     1    11    12    16    11     0     1   -52.0   -3.601  -58.014   3063.9    701.1
     1     1    11    12    16    10     0     2   -53.0   -3.487  -57.955   3094.0    698.4
     1     1    11    12    16     9     0     3   -54.0   -3.384  -57.897   3125.7    695.5
     1     1    11    12    16     8     0     2   -55.0   -3.289  -57.837   3147.7    693.0
     1     1    11    12    16     7     0     1   -56.0   -3.199  -57.767   3150.0    693.0
     1     1    11    12    16     6     0     0   -57.0   -3.110  -57.685   3133.6    694.5
     1     1    11    12    16     5     0     1   -58.0   -3.025  -57.591   3122.1    698.1
     1     1    11    12    16     4     0     2   -59.0   -2.949  -57.491   3139.3    697.1
     1     1    11    12    16     3     0     3   -60.0   -2.891  -57.391   3186.0    693.6
     1     1    11    12    16     2     0     2   -61.0   -2.846  -57.297   3232.7    686.9
     1     1    11    12    16     1     0     1   -62.0   -2.809  -57.210   3247.2    685.5
     1     1    11    12    16     0     0     0   -63.0   -2.779  -57.122   3228.9    686.8
     1     1    11    12    15    23     0     1   -64.0   -2.757  -57.031   3204.9    690.6
     1     1    11    12    15    22     0     2   -65.0   -2.745  -56.939   3204.3    690.2
     1     1    11    12    15    21     0     3   -66.0   -2.741  -56.853   3230.1    687.5
     1     1    11    12    15    20     0     2   -67.0   -2.742  -56.775   3264.9    683.4
     1     1    11    12    15    19     0     1   -68.0   -2.750  -56.706   3289.0    681.7
     1     1    11    12    15    18     0     0   -69.0   -2.764  -56.645   3300.5    681.0
     1     1    11    12    15    17     0     1   -70.0   -2.781  -56.588   3309.9    681.3
     1     1    11    12    15    16     0     2   -71.0   -2.796  -56.534   3326.7    680.1
     1     1    11    12    15    15     0     3   -72.0   -2.811  -56.482   3349.7    678.4
     1     1    11    12    15    14     0     2   -73.0   -2.826  -56.435   3361.4    675.8
     1     1    11    12    15    13     0     1   -74.0   -2.843  -56.398   3344.9    676.9
     1     1    11    12    15    12     0     0   -75.0   -2.860  -56.368   3299.9    680.4
     1     1    11    12    15    11     0     1   -76.0   -2.872  -56.342   3257.4    686.1
     1     1    11    12    15    10     0     2   -77.0   -2.875  -56.315   3248.2    686.3
     1     1    11    12    15     9     0     3   -78.0   -2.869  -56.288   3272.1    683.8
     1     1    11    12    15     8     0     2   -79.0   -2.859  -56.261   3311.6    679.2
     1     1    11    12    15     7     0     1   -80.0   -2.845  -56.230   3351.2    676.1
     1     1    11    12    15     6     0     0   -81.0   -2.828  -56.198   3394.3    672.7
     1     1    11    12    15     5     0     1   -82.0   -2.814  -56.161   3427.6    669.2
     1     1    11    12    15     4     0     2   -83.0   -2.806  -56.110   3434.1    669.0
     1     1    11    12    15     3     0     3   -84.0   -2.804  -56.043   3408.7    671.1
     1     1    11    12    15     2     0     2   -85.0   -2.803  -55.964   3375.3    675.8
     1     1    11    12    15     1     0     1   -86.0   -2.806  -55.880   3367.8    676.3
     1     1    11    12    15     0     0     0   -87.0   -2.814  -55.793   3386.0    674.4
     1     1    11    12    14    23     0     1   -88.0   -2.819  -55.710   3414.1    670.6
     1     1    11    12    14    22     0     2   -89.0   -2.810  -55.640   3437.6    668.1
     1     1    11    12    14    21     0     3   -90.0   -2.788  -55.582   3454.6    666.4
     1     1    11    12    14    20     0     2   -91.0   -2.763  -55.528   3469.1    665.9
     1     1    11    12    14    19     0     1   -92.0   -2.750  -55.470   3485.4    665.0
     1     1    11    12    14    18     0     0   -93.0   -2.748  -55.409   3504.8    663.8
     1     1    11    12    14    17     0     1   -94.0   -2.758  -55.345   3536.1    662.3
     1     1    11    12    14    16     0     2   -95.0   -2.779  -55.279   3587.3    658.5
     1     1    11    12    14    15     0     3   -96.0   -2.814  -55.212   3658.3    653.1
     1     1    11    12    14    14     0     2   -97.0   -2.866  -55.148   3718.7    645.8
     1     1    11    12    14    13     0     1   -98.0   -2.932  -55.089   3738.1    643.9
     1     1    11    12    14    12     0     0   -99.0   -3.007  -55.037   3713.7    645.4
     1     1    11    12    14    11     0     1  -100.0   -3.077  -54.991   3686.1    650.2
     1     1    11    12    14    10     0     2  -101.0   -3.136  -54.952   3694.6    648.5
     1     1    11    12    14     9     0     3  -102.0   -3.187  -54.920   3735.8    644.4
     1     1    11    12    14     8     0     2  -103.0   -3.238  -54.888   3792.2    638.7
     1     1    11    12    14     7     0     1  -104.0   -3.295  -54.850   3845.6    634.3
     1     1    11    12    14     6     0     0  -105.0   -3.357  -54.807   3893.7    630.4
     1     1    11    12    14     5     0     1  -106.0   -3.417  -54.760   3929.3    627.4
     1     1    11    12    14     4     0     2  -107.0   -3.465  -54.706   3947.1    626.3
     1     1    11    12    14     3     0     3  -108.0   -3.502  -54.644   3945.8    626.5
     1     1    11    12    14     2     0     2  -109.0   -3.531  -54.579   3935.3    627.8
     1     1    11    12    14     1     0     1  -110.0   -3.560  -54.520   3930.0    628.0
     1     1    11    12    14     0     0     0  -111.0   -3.591  -54.468   3935.3    627.3
     1     1    11    12    13    23     0     1  -112.0   -3.619  -54.421   3943.5    625.5
     1     1    11    12    13    22     0     2  -113.0   -3.635  -54.376   3943.1    625.0
     1     1    11    12    13    21     0     3  -114.0   -3.639  -54.331   3931.4    625.4
     1     1    11    12    13    20     0     2  -115.0   -3.636  -54.281   3922.4    627.5
     1     1    11    12    13    19     0     1  -116.0   -3.638  -54.224   3931.1    627.2
     1     1    11    12    13    18     0     0  -117.0   -3.646  -54.162   3958.6    625.4
     1     1    11    12    13    17     0     1  -118.0   -3.662  -54.100   3993.4    621.8
     1     1    11    12    13    16     0     2  -119.0   -3.686  -54.043   4022.3    619.6
     1     1    11    12    13    15     0     3  -120.0   -3.715  -53.989   4044.6    618.0
     1     1    11    12    13    14     0     2  -121.0   -3.749  -53.940   4064.9    616.8
     1     1    11    12    13    13     0     1  -122.0   -3.791  -53.899   4086.5    615.0
     1     1    11    12    13    12     0     0  -123.0   -3.841  -53.864   4108.5    613.2
     1     1    11    12    13    11     0     1  -124.0   -3.891  -53.831   4124.6    611.2
     1     1    11    12    13    10     0     2  -125.0   -3.928  -53.793   4128.0    610.5
     1     1    11    12    13     9     0     3  -126.0   -3.951  -53.747   4117.6    611.0
     1     1    11    12    13     8     0     2  -127.0   -3.967  -53.701   4116.8    613.1
     1     1    11    12    13     7     0     1  -128.0   -3.989  -53.665   4148.5    610.9
     1     1    11    12    13     6     0     0  -129.0   -4.025  -53.643   4213.1    606.2
     1     1    11    12    13     5     0     1  -130.0   -4.064  -53.632   4285.5    599.0
     1     1    11    12    13     4     0     2  -131.0   -4.094  -53.621   4339.5    595.1
     1     1    11    12    13     3     0     3  -132.0   -4.110  -53.609   4375.2    592.7
     1     1    11    12    13     2     0     2  -133.0   -4.116  -53.592   4390.6    591.5
     1     1    11    12    13     1     0     1  -134.0   -4.111  -53.561   4383.2    592.2
     1     1    11    12    13     0     0     0  -135.0   -4.096  -53.517   4350.0    594.8
     1     1    11    12    12    23     0     1  -136.0   -4.070  -53.474   4317.3    599.4
     1     1    11    12    12    22     0     2  -137.0   -4.034  -53.444   4316.8    599.7
     1     1    11    12    12    21     0     3  -138.0   -3.992  -53.430   4351.9    597.2
     1     1    11    12    12    20     0     2  -139.0   -3.946  -53.423   4400.7    592.2
     1     1    11    12    12    19     0     1  -140.0   -3.899  -53.414   4443.5    589.5
     1     1    11    12    12    18     0     0  -141.0   -3.851  -53.402   4481.2    587.0
     1     1    11    12    12    17     0     1  -142.0   -3.810  -53.385   4500.0    584.9
     1     1    11    12    12    16     0     2  -143.0   -3.783  -53.357   4485.7    586.4
     1     1    11    12    12    15     0     3  -144.0   -3.766  -53.317   4438.9    590.2
     1     1    11    12    12    14     0     2  -145.0   -3.756  -53.265   4401.8    596.0
     1     1    11    12    12    13     0     1  -146.0   -3.750  -53.210   4414.4    595.1
     1     1    11    12    12    12     0     0  -147.0   -3.753  -53.155   4473.8    590.6
     1     1    11    12    12    11     0     1  -148.0   -3.768  -53.095   4552.6    582.9
     1     1    11    12    12    10     0     2  -149.0   -3.796  -53.027   4630.8    577.4
     1     1    11    12    12     9     0     3  -150.0   -3.840  -52.953   4716.2    571.3
     1     1    11    12    12     8     0     2  -151.0   -3.893  -52.880   4802.4    564.5
     1     1    11    12    12     7     0     1  -152.0   -3.949  -52.811   4874.5    559.1
     1     1    11    12    12     6     0     0  -153.0   -4.003  -52.743   4925.2    555.2
     1     1    11    12    12     5     0     1  -154.0   -4.054  -52.675   4963.3    553.2
     1     1    11    12    12     4     0     2  -155.0   -4.103  -52.606   5002.9    550.1
     1     1    11    12    12     3     0     3  -156.0   -4.150  -52.537   5043.3    546.9
     1     1    11    12    12     2     0     2  -157.0   -4.193  -52.470   5068.3    543.4
     1     1    11    12    12     1     0     1  -158.0   -4.230  -52.406   5061.5    543.3
     1     1    11    12    12     0     0     0  -159.0   -4.257  -52.343   5022.9    545.5
     1     1    11    12    11    23     0     1  -160.0   -4.284  -52.284   4982.3    549.5
     1     1    11    12    11    22     0     2  -161.0   -4.323  -52.233   4965.2    549.7
     1     1    11    12    11    21     0     3  -162.0   -4.374  -52.193   4970.1    548.4
     1     1    11    12    11    20     0     2  -163.0   -4.432  -52.159   4983.2    546.1
     1     1    11    12    11    19     0     1  -164.0   -4.491  -52.125   4991.2    545.1
     1     1    11    12    11    18     0     0  -165.0   -4.552  -52.091   4994.9    544.4
     1     1    11    12    11    17     0     1  -166.0   -4.614  -52.056   4995.8    543.8
     1     1    11    12    11    16     0     2  -167.0   -4.676  -52.016   4994.4    543.2
     1     1    11    12    11    15     0     3  -168.0   -4.738  -51.972   4991.1    542.8
     1     1    11    12    11    14     0     2  -169.0   -4.794  -51.916   4979.6    542.4
     1     1    11    12    11    13     0     1  -170.0   -4.836  -51.841   4954.1    543.6
     1     1    11    12    11    12     0     0  -171.0   -4.861  -51.745   4916.3    545.8
     1     1    11    12    11    11     0     1  -172.0   -4.870  -51.637   4870.1    548.4
     1     1    11    12    11    10     0     2  -173.0   -4.867  -51.527   4813.9    551.4
     1     1    11    12    11     9     0     3  -174.0   -4.853  -51.416   4742.4    555.7
     1     1    11    12    11     8     0     2  -175.0   -4.844  -51.309   4685.6    561.8
     1     1    11    12    11     7     0     1  -176.0   -4.854  -51.207   4675.9    562.3
     1     1    11    12    11     6     0     0  -177.0   -4.884  -51.106   4719.3    559.0
     1     1    11    12    11     5     0     1  -178.0   -4.924  -51.006   4793.2    551.6
     1     1    11    12    11     4     0     2  -179.0   -4.968  -50.911   4866.7    546.6
     1     1    11    12    11     3     0     3  -180.0   -5.015  -50.824   4929.6    542.5
     1     1    11    12    11     2     0     2  -181.0   -5.062  -50.751   4985.2    539.7
     1     1    11    12    11     1     0     1  -182.0   -5.104  -50.696   5041.8    536.2
     1     1    11    12    11     0     0     0  -183.0   -5.139  -50.656   5101.5    532.5
     1     1    11    12    10    23     0     1  -184.0   -5.172  -50.626   5160.6    527.9
     1     1    11    12    10    22     0     2  -185.0   -5.208  -50.604   5214.4    524.1
     1     1    11    12    10    21     0     3  -186.0   -5.244  -50.590   5265.1    520.5
     1     1    11    12    10    20     0     2  -187.0   -5.277  -50.577   5310.1    517.5
     1     1    11    12    10    19     0     1  -188.0   -5.304  -50.558   5344.7    515.3
     1     1    11    12    10    18     0     0  -189.0   -5.325  -50.535   5368.8    514.0
     1     1    11    12    10    17     0     1  -190.0   -5.343  -50.504   5389.3    513.3
     1     1    11    12    10    16     0     2  -191.0   -5.361  -50.462   5413.5    512.1
     1     1    11    12    10    15     0     3  -192.0   -5.380  -50.410   5443.1    510.5
     1     1    11    12    10    14     0     2  -193.0   -5.397  -50.347   5478.1    508.2
     1     1    11    12    10    13     0     1  -194.0   -5.405  -50.268   5516.8    505.7
     1     1    11    12    10    12     0     0  -195.0   -5.405  -50.176   5557.9    503.2
     1     1    11    12    10    11     0     1  -196.0   -5.398  -50.073   5591.1    500.3
     1     1    11    12    10    10     0     2  -197.0   -5.382  -49.964   5606.0    499.5
     1     1    11    12    10     9     0     3  -198.0   -5.358  -49.848   5604.0    500.2
     1     1    11    12    10     8     0     2  -199.0   -5.331  -49.725   5596.7    502.3
     1     1    11    12    10     7     0     1  -200.0   -5.306  -49.597   5596.7    503.1
     1     1    11    12    10     6     0     0  -201.0   -5.282  -49.461   5604.3    503.4
     1     1    11    12    10     5     0     1  -202.0   -5.261  -49.314   5617.3    503.5
     1     1    11    12    10     4     0     2  -203.0   -5.248  -49.154   5634.0    503.5
     1     1    11    12    10     3     0     3  -204.0   -5.244  -48.980   5654.0    503.1
     1     1    11    12    10     2     0     2  -205.0   -5.241  -48.796   5670.7    501.1
     1     1    11    12    10     1     0     1  -206.0   -5.237  -48.606   5689.7    499.2
     1     1    11    12    10     0     0     0  -207.0   -5.233  -48.413   5716.1    496.8
     1     1    11    12     9    23     0     1  -208.0   -5.231  -48.220   5750.8    493.4
     1     1    11    12     9    22     0     2  -209.0   -5.231  -48.028   5793.1    489.7
     1     1    11    12     9    21     0     3  -210.0   -5.236  -47.838   5846.1    485.8
     1     1    11    12     9    20     0     2  -211.0   -5.242  -47.648   5902.4    482.1
     1     1    11    12     9    19     0     1  -212.0   -5.246  -47.455   5955.9    478.7
     1     1    11    12     9    18     0     0  -213.0   -5.247  -47.258   6004.9    475.7
     1     1    11    12     9    17     0     1  -214.0   -5.243  -47.060   6042.7    473.2
     1     1    11    12     9    16     0     2  -215.0   -5.227  -46.863   6066.8    472.3
     1     1    11    12     9    15     0     3  -216.0   -5.197  -46.664   6081.1    472.3
     1     1    11    12     9    14     0     2  -217.0   -5.155  -46.462   6110.7    472.2
     1     1    11    12     9    13     0     1  -218.0   -5.106  -46.259   6175.9    468.4
     1     1    11    12     9    12     0     0  -219.0   -5.058  -46.056   6272.6    462.8
     1     1    11    12     9    11     0     1  -220.0   -5.019  -45.859   6362.3    455.8
     1     1    11    12     9    10     0     2  -221.0   -4.987  -45.676   6411.1    453.8
     1     1    11    12     9     9     0     3  -222.0   -4.956  -45.511   6419.8    454.1
     1     1    11    12     9     8     0     2  -223.0   -4.931  -45.359   6393.7    457.1
     1     1    11    12     9     7     0     1  -224.0   -4.917  -45.210   6337.9    461.4
     1     1    11    12     9     6     0     0  -225.0   -4.916  -45.069   6253.3    467.4
     1     1    11    12     9     5     0     1  -226.0   -4.921  -44.928   6169.6    474.7
     1     1    11    12     9     4     0     2  -227.0   -4.924  -44.777   6118.7    477.5
     1     1    11    12     9     3     0     3  -228.0   -4.926  -44.616   6103.2    478.1
     1     1    11    12     9     2     0     2  -229.0   -4.925  -44.445   6095.2    476.3
     1     1    11    12     9     1     0     1  -230.0   -4.916  -44.268   6063.9    477.6
     1     1    11    12     9     0     0     0  -231.0   -4.900  -44.086   6006.5    480.5
     1     1    11    12     8    23     0     1  -232.0   -4.876  -43.905   5957.6    485.5
     1     1    11    12     8    22     0     2  -233.0   -4.844  -43.730   5950.2    486.3
     1     1    11    12     8    21     0     3  -234.0   -4.803  -43.559   5981.9    484.6
     1     1    11    12     8    20     0     2  -235.0   -4.758  -43.383   6017.0    480.7
     1     1    11    12     8    19     0     1  -236.0   -4.712  -43.195   6019.6    481.0
     1     1    11    12     8    18     0     0  -237.0   -4.665  -42.999   5989.5    483.4
     1     1    11    12     8    17     0     1  -238.0   -4.618  -42.787   5943.9    487.2
     1     1    11    12     8    16     0     2  -239.0   -4.568  -42.551   5904.6    489.2
     1     1    11    12     8    15     0     3  -240.0   -4.514  -42.295   5865.5    491.1
     1     1    11    12     8    14     0     2  -241.0   -4.453  -42.034   5831.7    493.3
     1     1    11    12     8    13     0     1  -242.0   -4.383  -41.782   5791.1    491.0
     1     1    11    12     8    12     0     0  -243.0   -4.303  -41.538   5744.7    488.3
     1     1    11    12     8    11     0     1  -244.0   -4.223  -41.303   5698.5    485.5
     1     1    11    12     8    10     0     2  -245.0   -4.151  -41.071   5674.2    481.1
     1     1    11    12     8     9     0     3  -246.0   -4.084  -40.834   5710.4    478.7
     1     1    11    12     8     8     0     2  -247.0   -4.024  -40.595   5785.4    476.9
     1     1    11    12     8     7     0     1  -248.0   -3.976  -40.365   5874.2    475.9
     1     1    11    12     8     6     0     0  -249.0   -3.946  -40.149   5971.3    474.1
     1     1    11    12     8     5     0     1  -250.0   -3.934  -39.948   6051.3    470.9
     1     1    11    12     8     4     0     2  -251.0   -3.939  -39.755   6098.4    469.1
     1     1    11    12     8     3     0     3  -252.0   -3.962  -39.568   6131.5    467.3
     1     1    11    12     8     2     0     2  -253.0   -3.998  -39.385   6175.9    466.1
     1     1    11    12     8     1     0     1  -254.0   -4.040  -39.210   6256.2    461.4
     1     1    11    12     8     0     0     0  -255.0   -4.092  -39.047   6369.9    455.2
     1     1    11    12     7    23     0     1  -256.0   -4.148  -38.904   6499.8    447.6
     1     1    11    12     7    22     0     2  -257.0   -4.199  -38.782   6622.4    441.7
     1     1    11    12     7    21     0     3  -258.0   -4.245  -38.680   6738.5    436.3
     1     1    11    12     7    20     0     2  -259.0   -4.282  -38.596   6855.3    430.7
     1     1    11    12     7    19     0     1  -260.0   -4.310  -38.527   6977.3    424.8
     1     1    11    12     7    18     0     0  -261.0   -4.333  -38.472   7106.1    418.4
     1     1    11    12     7    17     0     1  -262.0   -4.360  -38.425   7224.0    411.5
     1     1    11    12     7    16     0     2  -263.0   -4.395  -38.379   7310.7    407.3
     1     1    11    12     7    15     0     3  -264.0   -4.436  -38.330   7364.9    404.8
     1     1    11    12     7    14     0     2  -265.0   -4.487  -38.283   7389.1    404.0
     1     1    11    12     7    13     0     1  -266.0   -4.549  -38.243   7386.3    404.4
     1     1    11    12     7    12     0     0  -267.0   -4.620  -38.205   7357.4    406.1
     1     1    11    12     7    11     0     1  -268.0   -4.686  -38.167   7322.3    408.7
     1     1    11    12     7    10     0     2  -269.0   -4.741  -38.128   7299.8    409.7
     1     1    11    12     7     9     0     3  -270.0   -4.786  -38.091   7290.2    410.0
     1     1    11    12     7     8     0     2  -271.0   -4.828  -38.058   7281.7    409.9
     1     1    11    12     7     7     0     1  -272.0   -4.870  -38.033   7262.2    410.8
     1     1    11    12     7     6     0     0  -273.0   -4.913  -38.015   7231.1    412.3
     1     1    11    12     7     5     0     1  -274.0   -4.954  -37.994   7207.0    414.7
     1     1    11    12     7     4     0     2  -275.0   -4.990  -37.960   7209.2    414.5
     1     1    11    12     7     3     0     3  -276.0   -5.021  -37.917   7237.7    412.9
     1     1    11    12     7     2     0     2  -277.0   -5.045  -37.866   7285.2    410.1
     1     1    11    12     7     1     0     1  -278.0   -5.060  -37.808   7345.3    407.0
     1     1    11    12     7     0     0     0  -279.0   -5.068  -37.746   7419.5    403.3
     1     1    11    12     6    23     0     1  -280.0   -5.074  -37.680   7512.4    398.5
     1     1    11    12     6    22     0     2  -281.0   -5.082  -37.612   7626.4    392.3
     1     1    11    12     6    21     0     3  -282.0   -5.095  -37.543   7755.9    385.3
     1     1    11    12     6    20     0     2  -283.0   -5.116  -37.479   7865.8    378.1
     1     1    11    12     6    19     0     1  -284.0   -5.149  -37.416   7927.6    374.9
     1     1    11    12     6    18     0     0  -285.0   -5.194  -37.351   7945.3    374.0
     1     1    11    12     6    17     0     1  -286.0   -5.247  -37.283   7942.3    375.2
     1     1    11    12     6    16     0     2  -287.0   -5.308  -37.219   7936.6    375.4
     1     1    11    12     6    15     0     3  -288.0   -5.378  -37.158   7925.4    375.8
     1     1    11    12     6    14     0     2  -289.0   -5.456  -37.098   7912.0    376.5
     1     1    11    12     6    13     0     1  -290.0   -5.542  -37.037   7900.6    376.9
     1     1    11    12     6    12     0     0  -291.0   -5.636  -36.973   7890.9    377.1
     1     1    11    12     6    11     0     1  -292.0   -5.733  -36.900   7881.4    376.6
     1     1    11    12     6    10     0     2  -293.0   -5.827  -36.814   7871.2    376.0
     1     1    11    12     6     9     0     3  -294.0   -5.920  -36.716   7859.2    375.5
     1     1    11    12     6     8     0     2  -295.0   -6.012  -36.616   7845.7    375.1
     1     1    11    12     6     7     0     1  -296.0   -6.100  -36.526   7828.5    374.1
     1     1    11    12     6     6     0     0  -297.0   -6.184  -36.446   7811.7    373.2
     1     1    11    12     6     5     0     1  -298.0   -6.267  -36.370   7801.1    372.7
     1     1    11    12     6     4     0     2  -299.0   -6.350  -36.295   7804.4    371.2
     1     1    11    12     6     3     0     3  -300.0   -6.436  -36.221   7822.5    368.9
     1     1    11    12     6     2     0     2  -301.0   -6.520  -36.145   7838.2    365.9
     1     1    11    12     6     1     0     1  -302.0   -6.597  -36.063   7833.4    364.9
     1     1    11    12     6     0     0     0  -303.0   -6.668  -35.974   7810.9    365.5
     1     1    11    12     5    23     0     1  -304.0   -6.732  -35.878   7799.8    368.0
     1     1    11    12     5    22     0     2  -305.0   -6.792  -35.781   7811.2    368.6
     1     1    11    12     5    21     0     3  -306.0   -6.848  -35.682   7843.4    368.5
     1     1    11    12     5    20     0     2  -307.0   -6.897  -35.578   7887.4    367.7
     1     1    11    12     5    19     0     1  -308.0   -6.939  -35.466   7935.5    367.7
     1     1    11    12     5    18     0     0  -309.0   -6.972  -35.344   7989.0    367.7
     1     1    11    12     5    17     0     1  -310.0   -7.004  -35.210   8032.3    368.1
     1     1    11    12     5    16     0     2  -311.0   -7.042  -35.059   8044.1    371.2
     1     1    11    12     5    15     0     3  -312.0   -7.086  -34.894   8002.8    375.2
     1     1    11    12     5    14     0     2  -313.0   -7.134  -34.719   7947.1    379.8
     1     1    11    12     5    13     0     1  -314.0   -7.181  -34.541   7913.1    381.6
     1     1    11    12     5    12     0     0  -315.0   -7.228  -34.358   7892.7    382.7
     1     1    11    12     5    11     0     1  -316.0   -7.271  -34.173   7885.8    383.4
     1     1    11    12     5    10     0     2  -317.0   -7.306  -33.991   7898.9    382.9
     1     1    11    12     5     9     0     3  -318.0   -7.332  -33.815   7932.7    380.9
     1     1    11    12     5     8     0     2  -319.0   -7.353  -33.653   7967.5    378.0
     1     1    11    12     5     7     0     1  -320.0   -7.371  -33.505   7981.3    377.3
     1     1    11    12     5     6     0     0  -321.0   -7.387  -33.369   7975.2    377.6
     1     1    11    12     5     5     0     1  -322.0   -7.405  -33.230   7966.9    379.0
     1     1    11    12     5     4     0     2  -323.0   -7.425  -33.077   7971.6    378.9
     1     1    11    12     5     3     0     3  -324.0   -7.452  -32.907   7983.3    378.3
     1     1    11    12     5     2     0     2  -325.0   -7.477  -32.724   7995.7    377.8
     1     1    11    12     5     1     0     1  -326.0   -7.497  -32.536   8011.9    377.5
     1     1    11    12     5     0     0     0  -327.0   -7.514  -32.345   8040.2    376.5
     1     1    11    12     4    23     0     1  -328.0   -7.532  -32.159   8079.2    374.1
     1     1    11    12     4    22     0     2  -329.0   -7.555  -31.977   8123.3    371.7
     1     1    11    12     4    21     0     3  -330.0   -7.582  -31.797   8169.1    369.1
     1     1    11    12     4    20     0     2  -331.0   -7.614  -31.616   8209.4    366.9
     1     1    11    12     4    19     0     1  -332.0   -7.654  -31.432   8239.0    365.3
     1     1    11    12     4    18     0     0  -333.0   -7.702  -31.245   8254.9    364.4
     1     1    11    12     4    17     0     1  -334.0   -7.756  -31.057   8253.6    364.4
     1     1    11    12     4    16     0     2  -335.0   -7.811  -30.872   8238.7    365.5
     1     1    11    12     4    15     0     3  -336.0   -7.865  -30.690   8217.3    366.7
