     3     1
    GDAS    11    12     1     0     0
    GDAS    11    12     8     0     0
    GDAS    11    12    15     0     0
     1 BACKWARD OMEGA   
  2011    12    18    16   -8.860  -56.740   914.4
     1 PRESSURE
     1     1    11    12    18    16     0     2     0.0   -8.860  -56.740    914.4    888.0
     1     1    11    12    18    15     0     3    -1.0   -8.739  -56.677    944.4    882.9
     1     1    11    12    18    14     0     2    -2.0   -8.607  -56.598    970.9    876.4
     1     1    11    12    18    13     0     1    -3.0   -8.478  -56.499    991.1    871.1
     1     1    11    12    18    12     0     0    -4.0   -8.348  -56.378   1008.1    866.3
     1     1    11    12    18    11     0     1    -5.0   -8.211  -56.269   1011.5    861.1
     1     1    11    12    18    10     0     2    -6.0   -8.069  -56.202    986.8    860.1
     1     1    11    12    18     9     0     3    -7.0   -7.928  -56.170    940.6    865.0
     1     1    11    12    18     8     0     2    -8.0   -7.790  -56.144    903.4    873.7
     1     1    11    12    18     7     0     1    -9.0   -7.652  -56.106    891.8    876.6
     1     1    11    12    18     6     0     0   -10.0   -7.512  -56.061    898.4    877.7
     1     1    11    12    18     5     0     1   -11.0   -7.382  -56.010    916.9    878.0
     1     1    11    12    18     4     0     2   -12.0   -7.275  -55.950    942.4    877.8
     1     1    11    12    18     3     0     3   -13.0   -7.186  -55.885    973.2    876.7
     1     1    11    12    18     2     0     2   -14.0   -7.103  -55.814   1001.2    874.6
     1     1    11    12    18     1     0     1   -15.0   -7.012  -55.736   1019.9    874.2
     1     1    11    12    18     0     0     0   -16.0   -6.914  -55.649   1027.9    873.8
     1     1    11    12    17    23     0     1   -17.0   -6.816  -55.552   1024.8    873.8
     1     1    11    12    17    22     0     2   -18.0   -6.725  -55.444   1014.7    874.4
     1     1    11    12    17    21     0     3   -19.0   -6.645  -55.327   1003.9    874.8
     1     1    11    12    17    20     0     2   -20.0   -6.570  -55.204    991.4    875.6
     1     1    11    12    17    19     0     1   -21.0   -6.496  -55.076    972.1    877.2
     1     1    11    12    17    18     0     0   -22.0   -6.425  -54.942    950.7    880.0
     1     1    11    12    17    17     0     1   -23.0   -6.347  -54.804    935.0    883.0
     1     1    11    12    17    16     0     2   -24.0   -6.252  -54.660    927.5    884.8
     1     1    11    12    17    15     0     3   -25.0   -6.135  -54.508    930.4    885.8
     1     1    11    12    17    14     0     2   -26.0   -6.001  -54.344    959.2    885.1
     1     1    11    12    17    13     0     1   -27.0   -5.856  -54.168   1007.1    879.5
     1     1    11    12    17    12     0     0   -28.0   -5.705  -53.980   1042.4    875.9
     1     1    11    12    17    11     0     1   -29.0   -5.549  -53.795   1052.2    873.4
     1     1    11    12    17    10     0     2   -30.0   -5.384  -53.624   1032.5    874.7
     1     1    11    12    17     9     0     3   -31.0   -5.206  -53.467    976.9    880.4
     1     1    11    12    17     8     0     2   -32.0   -5.023  -53.318    883.0    892.0
     1     1    11    12    17     7     0     1   -33.0   -4.850  -53.167    777.1    907.2
     1     1    11    12    17     6     0     0   -34.0   -4.692  -53.015    683.7    919.4
     1     1    11    12    17     5     0     1   -35.0   -4.546  -52.860    590.9    928.4
     1     1    11    12    17     4     0     2   -36.0   -4.418  -52.695    500.0    939.6
     1     1    11    12    17     3     0     3   -37.0   -4.318  -52.506    431.6    948.5
     1     1    11    12    17     2     0     2   -38.0   -4.237  -52.283    394.9    951.9
     1     1    11    12    17     1     0     1   -39.0   -4.167  -52.036    380.6    952.5
     1     1    11    12    17     0     0     0   -40.0   -4.104  -51.786    381.2    952.5
     1     1    11    12    16    23     0     1   -41.0   -4.030  -51.552    400.0    950.9
     1     1    11    12    16    22     0     2   -42.0   -3.939  -51.334    432.8    946.2
     1     1    11    12    16    21     0     3   -43.0   -3.845  -51.128    458.2    941.8
     1     1    11    12    16    20     0     2   -44.0   -3.752  -50.934    467.7    941.7
     1     1    11    12    16    19     0     1   -45.0   -3.661  -50.755    466.0    943.8
     1     1    11    12    16    18     0     0   -46.0   -3.574  -50.591    458.8    946.1
     1     1    11    12    16    17     0     1   -47.0   -3.496  -50.432    451.6    949.4
     1     1    11    12    16    16     0     2   -48.0   -3.430  -50.274    447.2    951.5
     1     1    11    12    16    15     0     3   -49.0   -3.374  -50.113    441.4    953.6
     1     1    11    12    16    14     0     2   -50.0   -3.317  -49.948    434.0    955.3
     1     1    11    12    16    13     0     1   -51.0   -3.250  -49.779    427.8    955.9
     1     1    11    12    16    12     0     0   -52.0   -3.171  -49.607    424.7    956.1
     1     1    11    12    16    11     0     1   -53.0   -3.074  -49.413    427.0    954.5
     1     1    11    12    16    10     0     2   -54.0   -2.954  -49.180    440.3    951.5
     1     1    11    12    16     9     0     3   -55.0   -2.814  -48.900    469.2    947.5
     1     1    11    12    16     8     0     2   -56.0   -2.670  -48.594    498.7    944.1
     1     1    11    12    16     7     0     1   -57.0   -2.530  -48.280    517.2    943.4
     1     1    11    12    16     6     0     0   -58.0   -2.390  -47.959    527.9    943.0
     1     1    11    12    16     5     0     1   -59.0   -2.249  -47.628    536.4    942.6
     1     1    11    12    16     4     0     2   -60.0   -2.110  -47.282    552.2    941.1
     1     1    11    12    16     3     0     3   -61.0   -1.977  -46.917    583.0    938.2
     1     1    11    12    16     2     0     2   -62.0   -1.845  -46.540    617.4    935.4
     1     1    11    12    16     1     0     1   -63.0   -1.715  -46.161    644.6    934.9
     1     1    11    12    16     0     0     0   -64.0   -1.591  -45.774    674.8    932.8
     1     1    11    12    15    23     0     1   -65.0   -1.483  -45.391    704.2    928.6
     1     1    11    12    15    22     0     2   -66.0   -1.401  -45.021    727.0    926.1
     1     1    11    12    15    21     0     3   -67.0   -1.346  -44.659    741.7    924.1
     1     1    11    12    15    20     0     2   -68.0   -1.304  -44.286    747.5    924.5
     1     1    11    12    15    19     0     1   -69.0   -1.264  -43.894    753.3    925.1
     1     1    11    12    15    18     0     0   -70.0   -1.237  -43.489    767.3    924.1
     1     1    11    12    15    17     0     1   -71.0   -1.227  -43.082    788.5    922.2
     1     1    11    12    15    16     0     2   -72.0   -1.233  -42.678    809.9    920.3
     1     1    11    12    15    15     0     3   -73.0   -1.250  -42.275    826.0    919.1
     1     1    11    12    15    14     0     2   -74.0   -1.270  -41.867    837.4    918.0
     1     1    11    12    15    13     0     1   -75.0   -1.289  -41.451    845.5    917.1
     1     1    11    12    15    12     0     0   -76.0   -1.311  -41.025    848.7    916.6
     1     1    11    12    15    11     0     1   -77.0   -1.336  -40.604    849.9    916.6
     1     1    11    12    15    10     0     2   -78.0   -1.364  -40.203    850.5    916.0
     1     1    11    12    15     9     0     3   -79.0   -1.392  -39.820    845.6    915.9
     1     1    11    12    15     8     0     2   -80.0   -1.421  -39.444    837.2    916.9
     1     1    11    12    15     7     0     1   -81.0   -1.455  -39.065    831.4    917.4
     1     1    11    12    15     6     0     0   -82.0   -1.496  -38.683    830.1    917.3
     1     1    11    12    15     5     0     1   -83.0   -1.542  -38.304    835.3    917.3
     1     1    11    12    15     4     0     2   -84.0   -1.594  -37.930    846.7    916.3
     1     1    11    12    15     3     0     3   -85.0   -1.651  -37.562    862.5    915.0
     1     1    11    12    15     2     0     2   -86.0   -1.711  -37.194    882.6    913.1
     1     1    11    12    15     1     0     1   -87.0   -1.777  -36.826    906.7    910.5
     1     1    11    12    15     0     0     0   -88.0   -1.847  -36.458    933.4    907.5
     1     1    11    12    14    23     0     1   -89.0   -1.921  -36.093    959.8    903.9
     1     1    11    12    14    22     0     2   -90.0   -1.999  -35.732    988.6    900.6
     1     1    11    12    14    21     0     3   -91.0   -2.077  -35.377   1025.0    896.4
     1     1    11    12    14    20     0     2   -92.0   -2.150  -35.029   1061.9    891.8
     1     1    11    12    14    19     0     1   -93.0   -2.217  -34.682   1086.3    889.0
     1     1    11    12    14    18     0     0   -94.0   -2.280  -34.334   1096.3    888.2
     1     1    11    12    14    17     0     1   -95.0   -2.345  -33.985   1105.4    889.1
     1     1    11    12    14    16     0     2   -96.0   -2.415  -33.643   1124.9    887.7
     1     1    11    12    14    15     0     3   -97.0   -2.487  -33.309   1151.9    885.3
     1     1    11    12    14    14     0     2   -98.0   -2.554  -32.973   1176.4    882.2
     1     1    11    12    14    13     0     1   -99.0   -2.611  -32.622   1192.8    880.6
     1     1    11    12    14    12     0     0  -100.0   -2.658  -32.254   1207.6    879.6
     1     1    11    12    14    11     0     1  -101.0   -2.699  -31.883   1228.6    877.4
     1     1    11    12    14    10     0     2  -102.0   -2.738  -31.526   1254.0    874.0
     1     1    11    12    14     9     0     3  -103.0   -2.771  -31.182   1274.1    871.1
     1     1    11    12    14     8     0     2  -104.0   -2.803  -30.846   1286.7    870.0
     1     1    11    12    14     7     0     1  -105.0   -2.843  -30.516   1299.4    869.2
     1     1    11    12    14     6     0     0  -106.0   -2.891  -30.189   1321.0    867.3
     1     1    11    12    14     5     0     1  -107.0   -2.941  -29.862   1354.4    864.1
     1     1    11    12    14     4     0     2  -108.0   -2.985  -29.532   1394.0    860.0
     1     1    11    12    14     3     0     3  -109.0   -3.021  -29.198   1432.9    856.3
     1     1    11    12    14     2     0     2  -110.0   -3.053  -28.862   1463.0    852.9
     1     1    11    12    14     1     0     1  -111.0   -3.086  -28.527   1482.5    851.7
     1     1    11    12    14     0     0     0  -112.0   -3.122  -28.193   1499.9    850.5
     1     1    11    12    13    23     0     1  -113.0   -3.154  -27.865   1526.1    848.1
     1     1    11    12    13    22     0     2  -114.0   -3.176  -27.548   1566.2    843.5
     1     1    11    12    13    21     0     3  -115.0   -3.187  -27.244   1617.0    837.9
     1     1    11    12    13    20     0     2  -116.0   -3.189  -26.945   1664.7    831.9
     1     1    11    12    13    19     0     1  -117.0   -3.184  -26.648   1692.8    828.7
     1     1    11    12    13    18     0     0  -118.0   -3.173  -26.354   1697.8    828.2
     1     1    11    12    13    17     0     1  -119.0   -3.155  -26.059   1689.6    830.1
     1     1    11    12    13    16     0     2  -120.0   -3.125  -25.762   1684.1    831.5
     1     1    11    12    13    15     0     3  -121.0   -3.084  -25.460   1691.3    831.4
     1     1    11    12    13    14     0     2  -122.0   -3.039  -25.158   1711.1    829.5
     1     1    11    12    13    13     0     1  -123.0   -2.995  -24.857   1737.1    827.2
     1     1    11    12    13    12     0     0  -124.0   -2.953  -24.562   1767.4    824.7
     1     1    11    12    13    11     0     1  -125.0   -2.912  -24.273   1795.0    821.3
     1     1    11    12    13    10     0     2  -126.0   -2.876  -23.987   1814.4    819.5
     1     1    11    12    13     9     0     3  -127.0   -2.845  -23.703   1826.6    818.3
     1     1    11    12    13     8     0     2  -128.0   -2.820  -23.423   1834.2    817.5
     1     1    11    12    13     7     0     1  -129.0   -2.799  -23.149   1839.0    816.5
     1     1    11    12    13     6     0     0  -130.0   -2.780  -22.879   1837.7    816.1
     1     1    11    12    13     5     0     1  -131.0   -2.761  -22.615   1831.9    817.1
     1     1    11    12    13     4     0     2  -132.0   -2.737  -22.359   1824.7    817.9
     1     1    11    12    13     3     0     3  -133.0   -2.706  -22.109   1816.3    818.8
     1     1    11    12    13     2     0     2  -134.0   -2.671  -21.862   1814.1    820.0
     1     1    11    12    13     1     0     1  -135.0   -2.635  -21.614   1825.5    819.2
     1     1    11    12    13     0     0     0  -136.0   -2.598  -21.365   1849.2    817.1
     1     1    11    12    12    23     0     1  -137.0   -2.561  -21.119   1873.5    813.5
     1     1    11    12    12    22     0     2  -138.0   -2.526  -20.876   1888.5    811.9
     1     1    11    12    12    21     0     3  -139.0   -2.491  -20.639   1896.8    811.1
     1     1    11    12    12    20     0     2  -140.0   -2.459  -20.408   1905.9    810.4
     1     1    11    12    12    19     0     1  -141.0   -2.431  -20.181   1921.4    808.6
     1     1    11    12    12    18     0     0  -142.0   -2.408  -19.959   1943.1    806.1
     1     1    11    12    12    17     0     1  -143.0   -2.389  -19.738   1970.5    803.7
     1     1    11    12    12    16     0     2  -144.0   -2.376  -19.516   2002.8    800.9
     1     1    11    12    12    15     0     3  -145.0   -2.368  -19.292   2039.8    797.6
     1     1    11    12    12    14     0     2  -146.0   -2.362  -19.065   2076.3    794.0
     1     1    11    12    12    13     0     1  -147.0   -2.356  -18.834   2106.9    791.4
     1     1    11    12    12    12     0     0  -148.0   -2.349  -18.599   2131.2    789.4
     1     1    11    12    12    11     0     1  -149.0   -2.340  -18.364   2146.8    787.6
     1     1    11    12    12    10     0     2  -150.0   -2.328  -18.129   2150.1    787.2
     1     1    11    12    12     9     0     3  -151.0   -2.313  -17.895   2140.3    788.0
     1     1    11    12    12     8     0     2  -152.0   -2.296  -17.662   2127.5    789.7
     1     1    11    12    12     7     0     1  -153.0   -2.281  -17.435   2121.8    789.8
     1     1    11    12    12     6     0     0  -154.0   -2.265  -17.214   2122.8    789.2
     1     1    11    12    12     5     0     1  -155.0   -2.251  -17.000   2130.4    788.6
     1     1    11    12    12     4     0     2  -156.0   -2.245  -16.791   2145.8    787.4
     1     1    11    12    12     3     0     3  -157.0   -2.247  -16.586   2169.1    785.3
     1     1    11    12    12     2     0     2  -158.0   -2.252  -16.383   2193.8    782.9
     1     1    11    12    12     1     0     1  -159.0   -2.253  -16.181   2216.1    781.5
     1     1    11    12    12     0     0     0  -160.0   -2.251  -15.977   2240.2    779.8
     1     1    11    12    11    23     0     1  -161.0   -2.250  -15.771   2266.0    777.1
     1     1    11    12    11    22     0     2  -162.0   -2.252  -15.566   2292.4    774.5
     1     1    11    12    11    21     0     3  -163.0   -2.260  -15.363   2321.3    771.7
     1     1    11    12    11    20     0     2  -164.0   -2.269  -15.167   2352.5    768.4
     1     1    11    12    11    19     0     1  -165.0   -2.274  -14.981   2384.6    765.1
     1     1    11    12    11    18     0     0  -166.0   -2.276  -14.805   2415.3    761.9
     1     1    11    12    11    17     0     1  -167.0   -2.277  -14.633   2441.3    759.5
     1     1    11    12    11    16     0     2  -168.0   -2.280  -14.459   2461.4    757.8
     1     1    11    12    11    15     0     3  -169.0   -2.283  -14.282   2476.2    756.6
     1     1    11    12    11    14     0     2  -170.0   -2.286  -14.103   2487.1    755.8
     1     1    11    12    11    13     0     1  -171.0   -2.286  -13.919   2494.8    755.4
     1     1    11    12    11    12     0     0  -172.0   -2.285  -13.732   2499.7    755.1
     1     1    11    12    11    11     0     1  -173.0   -2.282  -13.544   2501.8    755.0
     1     1    11    12    11    10     0     2  -174.0   -2.277  -13.361   2500.4    755.3
     1     1    11    12    11     9     0     3  -175.0   -2.271  -13.181   2495.6    755.8
     1     1    11    12    11     8     0     2  -176.0   -2.260  -13.003   2496.7    756.1
     1     1    11    12    11     7     0     1  -177.0   -2.245  -12.822   2515.2    754.3
     1     1    11    12    11     6     0     0  -178.0   -2.225  -12.641   2554.2    750.5
     1     1    11    12    11     5     0     1  -179.0   -2.204  -12.462   2608.9    745.1
     1     1    11    12    11     4     0     2  -180.0   -2.180  -12.286   2671.0    739.5
     1     1    11    12    11     3     0     3  -181.0   -2.154  -12.111   2736.6    733.6
     1     1    11    12    11     2     0     2  -182.0   -2.125  -11.933   2794.0    727.9
     1     1    11    12    11     1     0     1  -183.0   -2.094  -11.746   2832.7    724.8
     1     1    11    12    11     0     0     0  -184.0   -2.060  -11.551   2852.7    723.4
     1     1    11    12    10    23     0     1  -185.0   -2.024  -11.357   2862.4    723.1
     1     1    11    12    10    22     0     2  -186.0   -1.993  -11.173   2867.5    722.4
     1     1    11    12    10    21     0     3  -187.0   -1.966  -11.000   2864.8    722.4
     1     1    11    12    10    20     0     2  -188.0   -1.937  -10.828   2863.1    723.0
     1     1    11    12    10    19     0     1  -189.0   -1.903  -10.652   2870.6    721.8
     1     1    11    12    10    18     0     0  -190.0   -1.866  -10.470   2884.2    720.0
     1     1    11    12    10    17     0     1  -191.0   -1.830  -10.285   2892.0    718.6
     1     1    11    12    10    16     0     2  -192.0   -1.796  -10.095   2884.4    719.4
     1     1    11    12    10    15     0     3  -193.0   -1.766   -9.901   2862.1    721.5
     1     1    11    12    10    14     0     2  -194.0   -1.735   -9.703   2842.1    724.8
     1     1    11    12    10    13     0     1  -195.0   -1.700   -9.500   2840.9    725.1
     1     1    11    12    10    12     0     0  -196.0   -1.663   -9.291   2858.6    723.8
     1     1    11    12    10    11     0     1  -197.0   -1.624   -9.079   2883.5    720.8
     1     1    11    12    10    10     0     2  -198.0   -1.587   -8.866   2904.9    719.2
     1     1    11    12    10     9     0     3  -199.0   -1.550   -8.651   2925.9    717.8
     1     1    11    12    10     8     0     2  -200.0   -1.513   -8.434   2949.9    715.4
     1     1    11    12    10     7     0     1  -201.0   -1.474   -8.217   2974.8    712.6
     1     1    11    12    10     6     0     0  -202.0   -1.435   -7.999   2994.4    710.2
     1     1    11    12    10     5     0     1  -203.0   -1.391   -7.777   3008.3    709.3
     1     1    11    12    10     4     0     2  -204.0   -1.339   -7.545   3019.4    708.4
     1     1    11    12    10     3     0     3  -205.0   -1.281   -7.306   3028.1    707.8
     1     1    11    12    10     2     0     2  -206.0   -1.218   -7.060   3032.7    707.4
     1     1    11    12    10     1     0     1  -207.0   -1.151   -6.811   3035.9    707.8
     1     1    11    12    10     0     0     0  -208.0   -1.078   -6.559   3044.6    707.5
     1     1    11    12     9    23     0     1  -209.0   -1.003   -6.305   3054.3    706.1
     1     1    11    12     9    22     0     2  -210.0   -0.931   -6.048   3054.5    705.8
     1     1    11    12     9    21     0     3  -211.0   -0.859   -5.785   3041.3    706.9
     1     1    11    12     9    20     0     2  -212.0   -0.786   -5.520   3025.8    708.7
     1     1    11    12     9    19     0     1  -213.0   -0.716   -5.257   3016.8    708.9
     1     1    11    12     9    18     0     0  -214.0   -0.648   -4.997   3010.7    708.9
     1     1    11    12     9    17     0     1  -215.0   -0.582   -4.742   3010.1    709.4
     1     1    11    12     9    16     0     2  -216.0   -0.518   -4.493   3017.5    708.8
     1     1    11    12     9    15     0     3  -217.0   -0.454   -4.247   3029.8    707.7
     1     1    11    12     9    14     0     2  -218.0   -0.390   -4.000   3045.1    706.7
     1     1    11    12     9    13     0     1  -219.0   -0.322   -3.747   3062.6    705.5
     1     1    11    12     9    12     0     0  -220.0   -0.251   -3.487   3081.9    704.1
     1     1    11    12     9    11     0     1  -221.0   -0.175   -3.221   3099.6    702.6
     1     1    11    12     9    10     0     2  -222.0   -0.095   -2.948   3111.4    701.7
     1     1    11    12     9     9     0     3  -223.0   -0.007   -2.672   3116.1    701.6
     1     1    11    12     9     8     0     2  -224.0    0.094   -2.399   3115.7    701.4
     1     1    11    12     9     7     0     1  -225.0    0.209   -2.135   3113.5    701.4
     1     1    11    12     9     6     0     0  -226.0    0.338   -1.880   3111.8    701.2
     1     1    11    12     9     5     0     1  -227.0    0.471   -1.634   3115.0    701.2
     1     1    11    12     9     4     0     2  -228.0    0.599   -1.400   3123.5    700.2
     1     1    11    12     9     3     0     3  -229.0    0.721   -1.181   3129.8    699.2
     1     1    11    12     9     2     0     2  -230.0    0.838   -0.971   3135.4    699.6
     1     1    11    12     9     1     0     1  -231.0    0.946   -0.762   3148.1    699.1
     1     1    11    12     9     0     0     0  -232.0    1.043   -0.551   3169.8    697.5
     1     1    11    12     8    23     0     1  -233.0    1.124   -0.332   3197.6    695.0
     1     1    11    12     8    22     0     2  -234.0    1.181   -0.100   3231.8    692.2
     1     1    11    12     8    21     0     3  -235.0    1.214    0.127   3259.2    688.5
     1     1    11    12     8    20     0     2  -236.0    1.227    0.345   3269.6    687.6
     1     1    11    12     8    19     0     1  -237.0    1.225    0.562   3273.0    687.7
     1     1    11    12     8    18     0     0  -238.0    1.212    0.781   3286.1    687.0
     1     1    11    12     8    17     0     1  -239.0    1.197    1.007   3310.4    684.3
     1     1    11    12     8    16     0     2  -240.0    1.192    1.241   3334.8    682.0
     1     1    11    12     8    15     0     3  -241.0    1.201    1.485   3361.7    680.1
     1     1    11    12     8    14     0     2  -242.0    1.217    1.734   3390.4    677.6
     1     1    11    12     8    13     0     1  -243.0    1.232    1.986   3407.8    676.0
     1     1    11    12     8    12     0     0  -244.0    1.249    2.243   3408.5    676.4
     1     1    11    12     8    11     0     1  -245.0    1.275    2.509   3386.5    677.9
     1     1    11    12     8    10     0     2  -246.0    1.311    2.781   3321.3    682.3
     1     1    11    12     8     9     0     3  -247.0    1.359    3.057   3194.8    692.8
     1     1    11    12     8     8     0     2  -248.0    1.423    3.337   3076.2    708.5
     1     1    11    12     8     7     0     1  -249.0    1.491    3.620   3017.5    711.7
     1     1    11    12     8     6     0     0  -250.0    1.555    3.906   2989.2    712.8
     1     1    11    12     8     5     0     1  -251.0    1.615    4.195   2960.6    713.6
     1     1    11    12     8     4     0     2  -252.0    1.674    4.483   2921.4    717.5
     1     1    11    12     8     3     0     3  -253.0    1.732    4.766   2887.3    721.1
     1     1    11    12     8     2     0     2  -254.0    1.789    5.052   2857.3    723.3
     1     1    11    12     8     1     0     1  -255.0    1.852    5.353   2818.0    726.8
     1     1    11    12     8     0     0     0  -256.0    1.923    5.670   2776.2    731.8
     1     1    11    12     7    23     0     1  -257.0    2.001    6.000   2736.5    734.9
     1     1    11    12     7    22     0     2  -258.0    2.090    6.338   2697.5    738.9
     1     1    11    12     7    21     0     3  -259.0    2.189    6.686   2668.6    741.9
     1     1    11    12     7    20     0     2  -260.0    2.294    7.035   2656.3    742.8
     1     1    11    12     7    19     0     1  -261.0    2.403    7.376   2656.3    742.0
     1     1    11    12     7    18     0     0  -262.0    2.510    7.708   2659.9    741.2
     1     1    11    12     7    17     0     1  -263.0    2.615    8.034   2662.2    740.7
     1     1    11    12     7    16     0     2  -264.0    2.721    8.349   2675.3    741.5
     1     1    11    12     7    15     0     3  -265.0    2.825    8.659   2716.8    739.6
     1     1    11    12     7    14     0     2  -266.0    2.917    8.977   2778.8    735.4
     1     1    11    12     7    13     0     1  -267.0    2.983    9.310   2832.7    727.9
     1     1    11    12     7    12     0     0  -268.0    3.028    9.655   2884.0    721.9
     1     1    11    12     7    11     0     1  -269.0    3.071   10.013   2928.6    713.4
     1     1    11    12     7    10     0     2  -270.0    3.121   10.384   2930.9    693.3
     1     1    11    12     7     9     0     3  -271.0    3.167   10.761   2937.9    674.0
     1     1    11    12     7     8     0     2  -272.0    3.205   11.134   2965.9    658.6
     1     1    11    12     7     7     0     1  -273.0    3.241   11.499   3012.1    655.1
     1     1    11    12     7     6     0     0  -274.0    3.280   11.851   3064.5    651.1
     1     1    11    12     7     5     0     1  -275.0    3.318   12.189   3122.1    645.9
     1     1    11    12     7     4     0     2  -276.0    3.352   12.512   3167.3    643.1
     1     1    11    12     7     3     0     3  -277.0    3.376   12.819   3195.2    642.0
     1     1    11    12     7     2     0     2  -278.0    3.396   13.115   3212.4    642.3
     1     1    11    12     7     1     0     1  -279.0    3.419   13.411   3226.2    642.0
     1     1    11    12     7     0     0     0  -280.0    3.444   13.708   3236.1    641.9
     1     1    11    12     6    23     0     1  -281.0    3.470   14.007   3241.3    642.4
     1     1    11    12     6    22     0     2  -282.0    3.493   14.310   3246.9    643.4
     1     1    11    12     6    21     0     3  -283.0    3.511   14.618   3258.4    643.8
     1     1    11    12     6    20     0     2  -284.0    3.519   14.935   3270.1    643.2
     1     1    11    12     6    19     0     1  -285.0    3.521   15.255   3271.3    644.7
     1     1    11    12     6    18     0     0  -286.0    3.521   15.566   3254.8    648.2
     1     1    11    12     6    17     0     1  -287.0    3.522   15.866   3232.5    652.9
     1     1    11    12     6    16     0     2  -288.0    3.518   16.157   3214.6    654.6
     1     1    11    12     6    15     0     3  -289.0    3.506   16.443   3201.8    654.6
     1     1    11    12     6    14     0     2  -290.0    3.487   16.722   3190.6    654.7
     1     1    11    12     6    13     0     1  -291.0    3.461   16.994   3175.1    655.7
     1     1    11    12     6    12     0     0  -292.0    3.430   17.268   3158.4    658.3
     1     1    11    12     6    11     0     1  -293.0    3.401   17.551   3143.6    661.3
     1     1    11    12     6    10     0     2  -294.0    3.379   17.842   3134.9    663.3
     1     1    11    12     6     9     0     3  -295.0    3.365   18.140   3133.4    664.5
     1     1    11    12     6     8     0     2  -296.0    3.364   18.446   3139.3    663.7
     1     1    11    12     6     7     0     1  -297.0    3.376   18.761   3152.2    662.4
     1     1    11    12     6     6     0     0  -298.0    3.401   19.087   3172.9    660.1
     1     1    11    12     6     5     0     1  -299.0    3.432   19.409   3205.3    656.9
     1     1    11    12     6     4     0     2  -300.0    3.464   19.714   3258.8    652.1
     1     1    11    12     6     3     0     3  -301.0    3.492   19.998   3338.4    645.2
     1     1    11    12     6     2     0     2  -302.0    3.516   20.272   3421.8    637.1
     1     1    11    12     6     1     0     1  -303.0    3.541   20.544   3480.7    632.6
     1     1    11    12     6     0     0     0  -304.0    3.569   20.818   3511.3    630.2
     1     1    11    12     5    23     0     1  -305.0    3.601   21.091   3520.5    630.2
     1     1    11    12     5    22     0     2  -306.0    3.635   21.364   3522.8    630.0
     1     1    11    12     5    21     0     3  -307.0    3.673   21.642   3527.3    629.5
     1     1    11    12     5    20     0     2  -308.0    3.714   21.927   3536.5    628.0
     1     1    11    12     5    19     0     1  -309.0    3.752   22.217   3542.0    626.3
     1     1    11    12     5    18     0     0  -310.0    3.787   22.505   3535.5    625.9
     1     1    11    12     5    17     0     1  -311.0    3.817   22.789   3523.2    626.3
     1     1    11    12     5    16     0     2  -312.0    3.837   23.069   3516.5    626.1
     1     1    11    12     5    15     0     3  -313.0    3.847   23.350   3524.3    625.0
     1     1    11    12     5    14     0     2  -314.0    3.846   23.635   3545.4    622.6
     1     1    11    12     5    13     0     1  -315.0    3.837   23.922   3574.5    620.0
     1     1    11    12     5    12     0     0  -316.0    3.819   24.210   3609.0    616.8
     1     1    11    12     5    11     0     1  -317.0    3.791   24.499   3642.5    613.5
     1     1    11    12     5    10     0     2  -318.0    3.752   24.794   3668.7    611.1
     1     1    11    12     5     9     0     3  -319.0    3.703   25.092   3685.4    609.4
     1     1    11    12     5     8     0     2  -320.0    3.650   25.391   3698.2    608.5
     1     1    11    12     5     7     0     1  -321.0    3.595   25.689   3714.2    606.5
     1     1    11    12     5     6     0     0  -322.0    3.538   25.987   3734.3    604.0
     1     1    11    12     5     5     0     1  -323.0    3.484   26.282   3765.8    601.1
     1     1    11    12     5     4     0     2  -324.0    3.438   26.573   3816.1    596.2
     1     1    11    12     5     3     0     3  -325.0    3.397   26.860   3884.4    589.9
     1     1    11    12     5     2     0     2  -326.0    3.363   27.146   3949.0    582.1
     1     1    11    12     5     1     0     1  -327.0    3.345   27.433   3987.6    577.1
     1     1    11    12     5     0     0     0  -328.0    3.347   27.721   4000.1    574.3
     1     1    11    12     4    23     0     1  -329.0    3.365   28.007   3998.3    573.7
     1     1    11    12     4    22     0     2  -330.0    3.390   28.291   3995.7    573.1
     1     1    11    12     4    21     0     3  -331.0    3.419   28.571   3996.4    572.6
     1     1    11    12     4    20     0     2  -332.0    3.454   28.844   4002.2    571.1
     1     1    11    12     4    19     0     1  -333.0    3.492   29.111   4009.3    569.3
     1     1    11    12     4    18     0     0  -334.0    3.535   29.371   4014.0    567.1
     1     1    11    12     4    17     0     1  -335.0    3.579   29.622   4013.8    565.3
     1     1    11    12     4    16     0     2  -336.0    3.618   29.860   4009.1    564.0
