     3     1
    GDAS    11     9     1     0     0
    GDAS    11     9     8     0     0
    GDAS    11     9    15     0     0
     1 BACKWARD OMEGA   
  2011     9    17    16   -8.870  -56.870  1219.2
     1 PRESSURE
     1     1    11     9    17    16     0     2     0.0   -8.870  -56.870   1219.2    860.6
     1     1    11     9    17    15     0     3    -1.0   -8.827  -56.700   1222.7    860.4
     1     1    11     9    17    14     0     2    -2.0   -8.773  -56.509   1230.6    853.7
     1     1    11     9    17    13     0     1    -3.0   -8.713  -56.285   1207.2    852.5
     1     1    11     9    17    12     0     0    -4.0   -8.633  -56.010   1140.0    854.9
     1     1    11     9    17    11     0     1    -5.0   -8.549  -55.710   1043.3    862.2
     1     1    11     9    17    10     0     2    -6.0   -8.479  -55.410    940.6    869.5
     1     1    11     9    17     9     0     3    -7.0   -8.413  -55.085    826.5    878.7
     1     1    11     9    17     8     0     2    -8.0   -8.355  -54.735    707.6    892.0
     1     1    11     9    17     7     0     1    -9.0   -8.325  -54.376    596.3    903.8
     1     1    11     9    17     6     0     0   -10.0   -8.330  -54.022    493.5    914.2
     1     1    11     9    17     5     0     1   -11.0   -8.352  -53.692    419.9    926.0
     1     1    11     9    17     4     0     2   -12.0   -8.379  -53.376    380.9    930.3
     1     1    11     9    17     3     0     3   -13.0   -8.410  -53.071    360.6    932.9
     1     1    11     9    17     2     0     2   -14.0   -8.447  -52.774    354.3    934.1
     1     1    11     9    17     1     0     1   -15.0   -8.491  -52.492    358.6    933.6
     1     1    11     9    17     0     0     0   -16.0   -8.542  -52.231    362.8    933.3
     1     1    11     9    16    23     0     1   -17.0   -8.591  -51.999    361.9    933.8
     1     1    11     9    16    22     0     2   -18.0   -8.629  -51.793    357.8    932.6
     1     1    11     9    16    21     0     3   -19.0   -8.653  -51.612    350.4    931.3
     1     1    11     9    16    20     0     2   -20.0   -8.667  -51.443    342.5    931.8
     1     1    11     9    16    19     0     1   -21.0   -8.670  -51.275    337.3    931.4
     1     1    11     9    16    18     0     0   -22.0   -8.663  -51.108    332.8    931.0
     1     1    11     9    16    17     0     1   -23.0   -8.648  -50.937    327.6    933.0
     1     1    11     9    16    16     0     2   -24.0   -8.633  -50.757    320.2    937.8
     1     1    11     9    16    15     0     3   -25.0   -8.618  -50.572    309.1    943.1
     1     1    11     9    16    14     0     2   -26.0   -8.598  -50.368    295.1    948.4
     1     1    11     9    16    13     0     1   -27.0   -8.572  -50.138    274.3    954.2
     1     1    11     9    16    12     0     0   -28.0   -8.541  -49.883    248.4    960.1
     1     1    11     9    16    11     0     1   -29.0   -8.514  -49.605    242.4    961.6
     1     1    11     9    16    10     0     2   -30.0   -8.497  -49.283    276.5    958.4
     1     1    11     9    16     9     0     3   -31.0   -8.485  -48.862    366.3    949.4
     1     1    11     9    16     8     0     2   -32.0   -8.484  -48.354    470.2    936.3
     1     1    11     9    16     7     0     1   -33.0   -8.507  -47.827    566.3    926.1
     1     1    11     9    16     6     0     0   -34.0   -8.547  -47.292    729.4    901.1
     1     1    11     9    16     5     0     1   -35.0   -8.596  -46.791    920.3    866.7
     1     1    11     9    16     4     0     2   -36.0   -8.655  -46.323    985.1    855.8
     1     1    11     9    16     3     0     3   -37.0   -8.735  -45.850    888.9    872.6
     1     1    11     9    16     2     0     2   -38.0   -8.834  -45.381    775.1    888.9
     1     1    11     9    16     1     0     1   -39.0   -8.946  -44.930    711.1    888.2
     1     1    11     9    16     0     0     0   -40.0   -9.069  -44.493    702.9    899.5
     1     1    11     9    15    23     0     1   -41.0   -9.194  -44.093    753.8    897.1
     1     1    11     9    15    22     0     2   -42.0   -9.314  -43.739    798.7    882.2
     1     1    11     9    15    21     0     3   -43.0   -9.429  -43.428    801.5    876.3
     1     1    11     9    15    20     0     2   -44.0   -9.539  -43.142    769.7    876.6
     1     1    11     9    15    19     0     1   -45.0   -9.646  -42.862    719.5    883.5
     1     1    11     9    15    18     0     0   -46.0   -9.749  -42.589    675.8    890.7
     1     1    11     9    15    17     0     1   -47.0   -9.854  -42.310    638.4    894.5
     1     1    11     9    15    16     0     2   -48.0   -9.964  -42.016    579.8    898.1
     1     1    11     9    15    15     0     3   -49.0  -10.095  -41.710    503.3    900.0
     1     1    11     9    15    14     0     2   -50.0  -10.257  -41.395    452.7    900.4
     1     1    11     9    15    13     0     1   -51.0  -10.443  -41.077    438.6    896.6
     1     1    11     9    15    12     0     0   -52.0  -10.638  -40.769    456.9    902.3
     1     1    11     9    15    11     0     1   -53.0  -10.842  -40.476    494.0    907.5
     1     1    11     9    15    10     0     2   -54.0  -11.059  -40.191    517.5    912.6
     1     1    11     9    15     9     0     3   -55.0  -11.289  -39.910    499.0    919.6
     1     1    11     9    15     8     0     2   -56.0  -11.530  -39.638    461.4    929.5
     1     1    11     9    15     7     0     1   -57.0  -11.775  -39.374    432.3    937.0
     1     1    11     9    15     6     0     0   -58.0  -12.024  -39.117    414.8    944.4
     1     1    11     9    15     5     0     1   -59.0  -12.273  -38.872    386.5    952.6
     1     1    11     9    15     4     0     2   -60.0  -12.509  -38.650    329.8    965.8
     1     1    11     9    15     3     0     3   -61.0  -12.730  -38.446    264.9    980.8
     1     1    11     9    15     2     0     2   -62.0  -12.937  -38.252    212.2    992.1
     1     1    11     9    15     1     0     1   -63.0  -13.135  -38.058    179.7    998.9
     1     1    11     9    15     0     0     0   -64.0  -13.329  -37.863    162.6   1000.9
     1     1    11     9    14    23     0     1   -65.0  -13.523  -37.672    154.0   1001.3
     1     1    11     9    14    22     0     2   -66.0  -13.719  -37.486    152.6   1001.0
     1     1    11     9    14    21     0     3   -67.0  -13.912  -37.304    158.2    999.8
     1     1    11     9    14    20     0     2   -68.0  -14.089  -37.125    165.0    998.3
     1     1    11     9    14    19     0     1   -69.0  -14.235  -36.947    167.0    998.1
     1     1    11     9    14    18     0     0   -70.0  -14.353  -36.771    164.9    998.5
     1     1    11     9    14    17     0     1   -71.0  -14.454  -36.592    161.0    999.7
     1     1    11     9    14    16     0     2   -72.0  -14.552  -36.406    157.5   1000.7
     1     1    11     9    14    15     0     3   -73.0  -14.649  -36.210    154.4   1001.6
     1     1    11     9    14    14     0     2   -74.0  -14.745  -36.002    151.8   1002.0
     1     1    11     9    14    13     0     1   -75.0  -14.837  -35.784    148.5   1002.5
     1     1    11     9    14    12     0     0   -76.0  -14.923  -35.559    144.4   1003.2
     1     1    11     9    14    11     0     1   -77.0  -15.005  -35.330    142.6   1003.1
     1     1    11     9    14    10     0     2   -78.0  -15.086  -35.099    145.7   1002.0
     1     1    11     9    14     9     0     3   -79.0  -15.168  -34.865    153.0   1000.3
     1     1    11     9    14     8     0     2   -80.0  -15.251  -34.631    160.8    998.9
     1     1    11     9    14     7     0     1   -81.0  -15.336  -34.398    167.5    998.1
     1     1    11     9    14     6     0     0   -82.0  -15.423  -34.165    175.2    997.1
     1     1    11     9    14     5     0     1   -83.0  -15.512  -33.932    182.4    996.5
     1     1    11     9    14     4     0     2   -84.0  -15.601  -33.697    186.6    996.5
     1     1    11     9    14     3     0     3   -85.0  -15.693  -33.463    188.1    996.9
     1     1    11     9    14     2     0     2   -86.0  -15.787  -33.229    189.0    997.0
     1     1    11     9    14     1     0     1   -87.0  -15.884  -32.993    190.9    996.8
     1     1    11     9    14     0     0     0   -88.0  -15.988  -32.754    194.0    996.3
     1     1    11     9    13    23     0     1   -89.0  -16.095  -32.516    198.2    995.5
     1     1    11     9    13    22     0     2   -90.0  -16.205  -32.279    203.7    994.6
     1     1    11     9    13    21     0     3   -91.0  -16.316  -32.042    211.4    993.5
     1     1    11     9    13    20     0     2   -92.0  -16.421  -31.808    219.6    992.5
     1     1    11     9    13    19     0     1   -93.0  -16.515  -31.580    225.1    992.0
     1     1    11     9    13    18     0     0   -94.0  -16.601  -31.356    227.1    991.9
     1     1    11     9    13    17     0     1   -95.0  -16.683  -31.135    227.9    992.3
     1     1    11     9    13    16     0     2   -96.0  -16.764  -30.917    230.8    992.2
     1     1    11     9    13    15     0     3   -97.0  -16.841  -30.704    236.1    991.9
     1     1    11     9    13    14     0     2   -98.0  -16.917  -30.493    242.6    991.6
     1     1    11     9    13    13     0     1   -99.0  -16.996  -30.284    249.7    991.4
     1     1    11     9    13    12     0     0  -100.0  -17.078  -30.073    257.6    991.1
     1     1    11     9    13    11     0     1  -101.0  -17.162  -29.859    264.5    989.8
     1     1    11     9    13    10     0     2  -102.0  -17.245  -29.642    270.2    988.8
     1     1    11     9    13     9     0     3  -103.0  -17.325  -29.422    278.0    987.6
     1     1    11     9    13     8     0     2  -104.0  -17.406  -29.202    288.8    985.8
     1     1    11     9    13     7     0     1  -105.0  -17.487  -28.982    301.6    983.8
     1     1    11     9    13     6     0     0  -106.0  -17.571  -28.761    315.2    981.8
     1     1    11     9    13     5     0     1  -107.0  -17.654  -28.543    325.3    980.7
     1     1    11     9    13     4     0     2  -108.0  -17.736  -28.328    329.5    980.9
     1     1    11     9    13     3     0     3  -109.0  -17.816  -28.115    329.7    981.5
     1     1    11     9    13     2     0     2  -110.0  -17.893  -27.904    329.1    982.1
     1     1    11     9    13     1     0     1  -111.0  -17.964  -27.695    329.7    982.2
     1     1    11     9    13     0     0     0  -112.0  -18.028  -27.486    332.6    982.2
     1     1    11     9    12    23     0     1  -113.0  -18.081  -27.271    339.2    981.0
     1     1    11     9    12    22     0     2  -114.0  -18.118  -27.046    350.1    979.5
     1     1    11     9    12    21     0     3  -115.0  -18.138  -26.812    364.5    977.4
     1     1    11     9    12    20     0     2  -116.0  -18.152  -26.573    378.4    975.4
     1     1    11     9    12    19     0     1  -117.0  -18.169  -26.333    388.3    974.2
     1     1    11     9    12    18     0     0  -118.0  -18.189  -26.092    392.7    973.4
     1     1    11     9    12    17     0     1  -119.0  -18.208  -25.842    392.9    973.9
     1     1    11     9    12    16     0     2  -120.0  -18.224  -25.579    389.9    974.4
     1     1    11     9    12    15     0     3  -121.0  -18.237  -25.305    382.1    975.4
     1     1    11     9    12    14     0     2  -122.0  -18.251  -25.026    369.9    977.3
     1     1    11     9    12    13     0     1  -123.0  -18.269  -24.744    357.2    979.4
     1     1    11     9    12    12     0     0  -124.0  -18.291  -24.456    346.4    981.1
     1     1    11     9    12    11     0     1  -125.0  -18.316  -24.163    338.4    981.9
     1     1    11     9    12    10     0     2  -126.0  -18.341  -23.867    333.2    982.2
     1     1    11     9    12     9     0     3  -127.0  -18.367  -23.567    330.0    982.3
     1     1    11     9    12     8     0     2  -128.0  -18.397  -23.258    328.1    982.2
     1     1    11     9    12     7     0     1  -129.0  -18.431  -22.938    327.6    982.1
     1     1    11     9    12     6     0     0  -130.0  -18.471  -22.611    329.2    981.7
     1     1    11     9    12     5     0     1  -131.0  -18.512  -22.285    330.1    981.5
     1     1    11     9    12     4     0     2  -132.0  -18.549  -21.966    327.8    982.2
     1     1    11     9    12     3     0     3  -133.0  -18.580  -21.654    322.6    983.1
     1     1    11     9    12     2     0     2  -134.0  -18.607  -21.341    317.3    984.5
     1     1    11     9    12     1     0     1  -135.0  -18.631  -21.022    314.4    985.3
     1     1    11     9    12     0     0     0  -136.0  -18.653  -20.696    314.3    985.8
     1     1    11     9    11    23     0     1  -137.0  -18.678  -20.362    315.9    985.3
     1     1    11     9    11    22     0     2  -138.0  -18.709  -20.018    317.7    984.9
     1     1    11     9    11    21     0     3  -139.0  -18.742  -19.663    318.8    984.6
     1     1    11     9    11    20     0     2  -140.0  -18.783  -19.300    319.0    984.3
     1     1    11     9    11    19     0     1  -141.0  -18.836  -18.931    319.1    983.8
     1     1    11     9    11    18     0     0  -142.0  -18.902  -18.555    318.8    983.4
     1     1    11     9    11    17     0     1  -143.0  -18.975  -18.173    318.4    983.6
     1     1    11     9    11    16     0     2  -144.0  -19.048  -17.790    318.4    983.7
     1     1    11     9    11    15     0     3  -145.0  -19.122  -17.407    318.4    983.9
     1     1    11     9    11    14     0     2  -146.0  -19.200  -17.023    318.4    984.6
     1     1    11     9    11    13     0     1  -147.0  -19.288  -16.635    318.6    985.2
     1     1    11     9    11    12     0     0  -148.0  -19.388  -16.246    318.7    985.9
     1     1    11     9    11    11     0     1  -149.0  -19.495  -15.862    318.7    985.7
     1     1    11     9    11    10     0     2  -150.0  -19.600  -15.490    318.9    985.5
     1     1    11     9    11     9     0     3  -151.0  -19.699  -15.126    319.1    985.3
     1     1    11     9    11     8     0     2  -152.0  -19.796  -14.764    319.5    985.0
     1     1    11     9    11     7     0     1  -153.0  -19.901  -14.403    320.2    984.7
     1     1    11     9    11     6     0     0  -154.0  -20.015  -14.044    320.5    984.4
     1     1    11     9    11     5     0     1  -155.0  -20.135  -13.685    320.4    984.7
     1     1    11     9    11     4     0     2  -156.0  -20.260  -13.323    320.5    984.8
     1     1    11     9    11     3     0     3  -157.0  -20.392  -12.960    320.8    985.0
     1     1    11     9    11     2     0     2  -158.0  -20.529  -12.598    321.6    985.4
     1     1    11     9    11     1     0     1  -159.0  -20.671  -12.240    324.0    985.6
     1     1    11     9    11     0     0     0  -160.0  -20.825  -11.887    328.7    985.6
     1     1    11     9    10    23     0     1  -161.0  -20.982  -11.544    333.4    984.5
     1     1    11     9    10    22     0     2  -162.0  -21.132  -11.213    334.4    984.1
     1     1    11     9    10    21     0     3  -163.0  -21.276  -10.896    331.4    984.2
     1     1    11     9    10    20     0     2  -164.0  -21.416  -10.584    329.3    984.8
     1     1    11     9    10    19     0     1  -165.0  -21.553  -10.272    334.1    983.9
     1     1    11     9    10    18     0     0  -166.0  -21.681   -9.958    347.8    982.1
     1     1    11     9    10    17     0     1  -167.0  -21.813   -9.648    364.7    979.5
     1     1    11     9    10    16     0     2  -168.0  -21.962   -9.345    377.2    978.4
     1     1    11     9    10    15     0     3  -169.0  -22.129   -9.044    385.7    977.8
     1     1    11     9    10    14     0     2  -170.0  -22.297   -8.744    390.8    977.6
     1     1    11     9    10    13     0     1  -171.0  -22.449   -8.444    393.4    977.6
     1     1    11     9    10    12     0     0  -172.0  -22.591   -8.145    394.2    977.7
     1     1    11     9    10    11     0     1  -173.0  -22.726   -7.842    394.7    977.9
     1     1    11     9    10    10     0     2  -174.0  -22.856   -7.534    395.6    977.9
     1     1    11     9    10     9     0     3  -175.0  -22.983   -7.223    396.0    978.0
     1     1    11     9    10     8     0     2  -176.0  -23.113   -6.916    398.7    977.7
     1     1    11     9    10     7     0     1  -177.0  -23.249   -6.621    407.1    976.4
     1     1    11     9    10     6     0     0  -178.0  -23.392   -6.334    421.7    974.5
     1     1    11     9    10     5     0     1  -179.0  -23.537   -6.054    439.2    972.2
     1     1    11     9    10     4     0     2  -180.0  -23.677   -5.785    454.8    970.3
     1     1    11     9    10     3     0     3  -181.0  -23.814   -5.526    468.1    968.8
     1     1    11     9    10     2     0     2  -182.0  -23.950   -5.272    480.6    967.8
     1     1    11     9    10     1     0     1  -183.0  -24.087   -5.016    494.3    966.5
     1     1    11     9    10     0     0     0  -184.0  -24.224   -4.761    509.3    964.9
     1     1    11     9     9    23     0     1  -185.0  -24.360   -4.506    524.4    963.1
     1     1    11     9     9    22     0     2  -186.0  -24.491   -4.254    539.0    961.5
     1     1    11     9     9    21     0     3  -187.0  -24.619   -4.002    554.0    959.9
     1     1    11     9     9    20     0     2  -188.0  -24.748   -3.755    568.2    957.8
     1     1    11     9     9    19     0     1  -189.0  -24.887   -3.519    580.0    956.1
     1     1    11     9     9    18     0     0  -190.0  -25.035   -3.292    590.2    954.7
     1     1    11     9     9    17     0     1  -191.0  -25.191   -3.076    597.4    953.5
     1     1    11     9     9    16     0     2  -192.0  -25.357   -2.872    600.5    953.1
     1     1    11     9     9    15     0     3  -193.0  -25.533   -2.679    601.3    952.9
     1     1    11     9     9    14     0     2  -194.0  -25.717   -2.498    602.2    953.3
     1     1    11     9     9    13     0     1  -195.0  -25.908   -2.330    605.2    953.4
     1     1    11     9     9    12     0     0  -196.0  -26.108   -2.175    611.8    953.1
     1     1    11     9     9    11     0     1  -197.0  -26.315   -2.036    623.3    952.1
     1     1    11     9     9    10     0     2  -198.0  -26.527   -1.915    639.4    950.4
     1     1    11     9     9     9     0     3  -199.0  -26.743   -1.811    659.6    948.2
     1     1    11     9     9     8     0     2  -200.0  -26.960   -1.727    683.3    944.8
     1     1    11     9     9     7     0     1  -201.0  -27.175   -1.664    707.3    941.3
     1     1    11     9     9     6     0     0  -202.0  -27.387   -1.625    728.8    938.4
     1     1    11     9     9     5     0     1  -203.0  -27.596   -1.609    749.5    936.3
     1     1    11     9     9     4     0     2  -204.0  -27.800   -1.613    772.9    933.8
     1     1    11     9     9     3     0     3  -205.0  -27.996   -1.634    802.0    930.6
     1     1    11     9     9     2     0     2  -206.0  -28.188   -1.677    829.1    926.9
     1     1    11     9     9     1     0     1  -207.0  -28.383   -1.749    846.6    925.4
     1     1    11     9     9     0     0     0  -208.0  -28.583   -1.846    857.9    924.6
     1     1    11     9     8    23     0     1  -209.0  -28.776   -1.960    864.4    923.9
     1     1    11     9     8    22     0     2  -210.0  -28.951   -2.082    864.7    923.9
     1     1    11     9     8    21     0     3  -211.0  -29.107   -2.214    859.4    924.6
     1     1    11     9     8    20     0     2  -212.0  -29.249   -2.358    857.6    925.2
     1     1    11     9     8    19     0     1  -213.0  -29.381   -2.515    866.8    923.6
     1     1    11     9     8    18     0     0  -214.0  -29.500   -2.681    885.0    921.1
     1     1    11     9     8    17     0     1  -215.0  -29.608   -2.847    901.1    918.0
     1     1    11     9     8    16     0     2  -216.0  -29.705   -3.005    904.7    917.5
     1     1    11     9     8    15     0     3  -217.0  -29.794   -3.156    896.6    918.5
     1     1    11     9     8    14     0     2  -218.0  -29.881   -3.299    888.7    920.4
     1     1    11     9     8    13     0     1  -219.0  -29.972   -3.431    890.5    919.7
     1     1    11     9     8    12     0     0  -220.0  -30.063   -3.551    899.5    918.1
     1     1    11     9     8    11     0     1  -221.0  -30.158   -3.671    914.3    916.8
     1     1    11     9     8    10     0     2  -222.0  -30.263   -3.804    934.3    914.7
     1     1    11     9     8     9     0     3  -223.0  -30.378   -3.948    959.4    912.1
     1     1    11     9     8     8     0     2  -224.0  -30.499   -4.101    988.1    908.2
     1     1    11     9     8     7     0     1  -225.0  -30.618   -4.258   1020.3    904.3
     1     1    11     9     8     6     0     0  -226.0  -30.738   -4.415   1058.5    899.9
     1     1    11     9     8     5     0     1  -227.0  -30.858   -4.570   1094.9    894.9
     1     1    11     9     8     4     0     2  -228.0  -30.977   -4.722   1118.6    891.9
     1     1    11     9     8     3     0     3  -229.0  -31.098   -4.874   1127.1    890.7
     1     1    11     9     8     2     0     2  -230.0  -31.229   -5.030   1127.4    891.5
     1     1    11     9     8     1     0     1  -231.0  -31.381   -5.196   1129.4    891.6
     1     1    11     9     8     0     0     0  -232.0  -31.558   -5.369   1136.7    891.0
     1     1    11     9     7    23     0     1  -233.0  -31.749   -5.548   1150.9    889.5
     1     1    11     9     7    22     0     2  -234.0  -31.942   -5.734   1170.1    887.1
     1     1    11     9     7    21     0     3  -235.0  -32.137   -5.927   1188.8    884.6
     1     1    11     9     7    20     0     2  -236.0  -32.329   -6.126   1208.4    882.2
     1     1    11     9     7    19     0     1  -237.0  -32.514   -6.331   1233.8    878.8
     1     1    11     9     7    18     0     0  -238.0  -32.692   -6.540   1266.6    874.8
     1     1    11     9     7    17     0     1  -239.0  -32.867   -6.742   1305.2    869.8
     1     1    11     9     7    16     0     2  -240.0  -33.041   -6.924   1347.6    865.0
     1     1    11     9     7    15     0     3  -241.0  -33.217   -7.084   1393.5    859.6
     1     1    11     9     7    14     0     2  -242.0  -33.395   -7.223   1434.5    854.6
     1     1    11     9     7    13     0     1  -243.0  -33.574   -7.343   1466.2    851.6
     1     1    11     9     7    12     0     0  -244.0  -33.756   -7.440   1494.6    848.9
     1     1    11     9     7    11     0     1  -245.0  -33.941   -7.519   1524.6    845.6
     1     1    11     9     7    10     0     2  -246.0  -34.134   -7.589   1555.0    841.8
     1     1    11     9     7     9     0     3  -247.0  -34.339   -7.652   1584.6    838.6
     1     1    11     9     7     8     0     2  -248.0  -34.546   -7.710   1621.4    834.9
     1     1    11     9     7     7     0     1  -249.0  -34.750   -7.760   1672.2    829.3
     1     1    11     9     7     6     0     0  -250.0  -34.953   -7.795   1739.2    822.1
     1     1    11     9     7     5     0     1  -251.0  -35.154   -7.816   1802.4    813.2
     1     1    11     9     7     4     0     2  -252.0  -35.352   -7.830   1840.7    808.7
     1     1    11     9     7     3     0     3  -253.0  -35.548   -7.829   1856.3    806.8
     1     1    11     9     7     2     0     2  -254.0  -35.736   -7.820   1861.9    807.2
     1     1    11     9     7     1     0     1  -255.0  -35.914   -7.817   1870.2    806.7
     1     1    11     9     7     0     0     0  -256.0  -36.083   -7.819   1890.1    805.4
     1     1    11     9     6    23     0     1  -257.0  -36.227   -7.824   1915.0    801.6
     1     1    11     9     6    22     0     2  -258.0  -36.329   -7.831   1929.9    800.0
     1     1    11     9     6    21     0     3  -259.0  -36.392   -7.845   1932.4    799.6
     1     1    11     9     6    20     0     2  -260.0  -36.426   -7.856   1926.5    800.1
     1     1    11     9     6    19     0     1  -261.0  -36.439   -7.856   1917.8    800.4
     1     1    11     9     6    18     0     0  -262.0  -36.428   -7.846   1904.6    801.1
     1     1    11     9     6    17     0     1  -263.0  -36.390   -7.828   1910.2    802.9
     1     1    11     9     6    16     0     2  -264.0  -36.316   -7.804   1957.2    798.1
     1     1    11     9     6    15     0     3  -265.0  -36.203   -7.781   2043.0    789.4
     1     1    11     9     6    14     0     2  -266.0  -36.067   -7.778   2117.7    777.5
     1     1    11     9     6    13     0     1  -267.0  -35.933   -7.813   2133.0    776.0
     1     1    11     9     6    12     0     0  -268.0  -35.807   -7.884   2083.1    780.5
     1     1    11     9     6    11     0     1  -269.0  -35.694   -8.007   2018.0    791.7
     1     1    11     9     6    10     0     2  -270.0  -35.593   -8.193   1996.2    793.8
     1     1    11     9     6     9     0     3  -271.0  -35.505   -8.435   2026.8    790.7
     1     1    11     9     6     8     0     2  -272.0  -35.412   -8.719   2083.4    781.9
     1     1    11     9     6     7     0     1  -273.0  -35.307   -9.035   2130.3    776.9
     1     1    11     9     6     6     0     0  -274.0  -35.201   -9.384   2154.7    773.5
     1     1    11     9     6     5     0     1  -275.0  -35.103   -9.763   2162.4    774.0
     1     1    11     9     6     4     0     2  -276.0  -35.015  -10.160   2176.9    773.2
     1     1    11     9     6     3     0     3  -277.0  -34.935  -10.571   2210.9    770.2
     1     1    11     9     6     2     0     2  -278.0  -34.861  -10.987   2262.2    764.8
     1     1    11     9     6     1     0     1  -279.0  -34.809  -11.400   2314.5    758.7
     1     1    11     9     6     0     0     0  -280.0  -34.778  -11.812   2365.3    754.5
     1     1    11     9     5    23     0     1  -281.0  -34.767  -12.206   2419.6    749.1
     1     1    11     9     5    22     0     2  -282.0  -34.768  -12.573   2473.2    743.9
     1     1    11     9     5    21     0     3  -283.0  -34.760  -12.927   2523.9    739.3
     1     1    11     9     5    20     0     2  -284.0  -34.761  -13.263   2559.5    734.4
     1     1    11     9     5    19     0     1  -285.0  -34.793  -13.571   2570.0    733.2
     1     1    11     9     5    18     0     0  -286.0  -34.839  -13.857   2559.8    733.9
     1     1    11     9     5    17     0     1  -287.0  -34.914  -14.132   2555.4    736.6
     1     1    11     9     5    16     0     2  -288.0  -35.040  -14.400   2586.5    734.0
     1     1    11     9     5    15     0     3  -289.0  -35.191  -14.666   2656.1    727.7
     1     1    11     9     5    14     0     2  -290.0  -35.351  -14.935   2734.5    717.8
     1     1    11     9     5    13     0     1  -291.0  -35.542  -15.193   2783.3    712.7
     1     1    11     9     5    12     0     0  -292.0  -35.774  -15.431   2811.4    711.3
     1     1    11     9     5    11     0     1  -293.0  -36.033  -15.654   2786.3    708.7
     1     1    11     9     5    10     0     2  -294.0  -36.317  -15.870   2723.3    720.1
     1     1    11     9     5     9     0     3  -295.0  -36.601  -16.095   2713.1    722.4
     1     1    11     9     5     8     0     2  -296.0  -36.895  -16.307   2675.0    716.4
     1     1    11     9     5     7     0     1  -297.0  -37.237  -16.469   2541.5    731.2
     1     1    11     9     5     6     0     0  -298.0  -37.618  -16.577   2420.5    748.8
     1     1    11     9     5     5     0     1  -299.0  -38.008  -16.643   2355.3    751.9
     1     1    11     9     5     4     0     2  -300.0  -38.415  -16.667   2278.6    755.7
     1     1    11     9     5     3     0     3  -301.0  -38.848  -16.650   2189.2    767.2
     1     1    11     9     5     2     0     2  -302.0  -39.288  -16.582   2130.9    773.0
     1     1    11     9     5     1     0     1  -303.0  -39.723  -16.450   2109.3    774.7
     1     1    11     9     5     0     0     0  -304.0  -40.141  -16.251   2128.1    773.2
     1     1    11     9     4    23     0     1  -305.0  -40.544  -16.008   2145.5    766.3
     1     1    11     9     4    22     0     2  -306.0  -40.944  -15.725   2123.3    768.2
     1     1    11     9     4    21     0     3  -307.0  -41.339  -15.386   2105.6    772.2
     1     1    11     9     4    20     0     2  -308.0  -41.693  -15.027   2148.4    769.6
     1     1    11     9     4    19     0     1  -309.0  -41.968  -14.686   2205.4    758.1
     1     1    11     9     4    18     0     0  -310.0  -42.158  -14.381   2174.1    757.3
     1     1    11     9     4    17     0     1  -311.0  -42.230  -14.107   2038.9    772.6
     1     1    11     9     4    16     0     2  -312.0  -42.141  -13.877   1867.0    791.6
     1     1    11     9     4    15     0     3  -313.0  -41.872  -13.753   1764.8    806.3
     1     1    11     9     4    14     0     2  -314.0  -41.507  -13.705   1730.3    805.7
     1     1    11     9     4    13     0     1  -315.0  -41.106  -13.710   1732.4    807.6
     1     1    11     9     4    12     0     0  -316.0  -40.660  -13.788   1757.1    802.4
     1     1    11     9     4    11     0     1  -317.0  -40.218  -13.917   1735.2    802.6
     1     1    11     9     4    10     0     2  -318.0  -39.801  -14.079   1688.5    812.2
     1     1    11     9     4     9     0     3  -319.0  -39.386  -14.272   1629.4    815.4
     1     1    11     9     4     8     0     2  -320.0  -38.957  -14.511   1537.5    825.9
     1     1    11     9     4     7     0     1  -321.0  -38.517  -14.805   1447.1    838.3
     1     1    11     9     4     6     0     0  -322.0  -38.074  -15.111   1378.7    844.2
     1     1    11     9     4     5     0     1  -323.0  -37.655  -15.464   1340.7    850.8
     1     1    11     9     4     4     0     2  -324.0  -37.283  -15.865   1346.6    851.1
     1     1    11     9     4     3     0     3  -325.0  -36.936  -16.245   1376.3    846.7
     1     1    11     9     4     2     0     2  -326.0  -36.629  -16.604   1388.0    843.5
     1     1    11     9     4     1     0     1  -327.0  -36.375  -16.936   1352.7    847.0
     1     1    11     9     4     0     0     0  -328.0  -36.156  -17.217   1289.3    855.8
     1     1    11     9     3    23     0     1  -329.0  -35.968  -17.472   1212.7    864.7
     1     1    11     9     3    22     0     2  -330.0  -35.802  -17.720   1151.6    874.9
     1     1    11     9     3    21     0     3  -331.0  -35.617  -17.951   1149.1    877.6
     1     1    11     9     3    20     0     2  -332.0  -35.413  -18.165   1154.3    870.4
     1     1    11     9     3    19     0     1  -333.0  -35.214  -18.360   1108.6    875.3
     1     1    11     9     3    18     0     0  -334.0  -34.992  -18.530   1011.7    885.6
     1     1    11     9     3    17     0     1  -335.0  -34.765  -18.692    921.6    902.4
     1     1    11     9     3    16     0     2  -336.0  -34.558  -18.850    883.1    906.5
