     3     1
    GDAS    11    12     1     0     0
    GDAS    11    12     8     0     0
    GDAS    11    12    15     0     0
     1 BACKWARD OMEGA   
  2011    12    18    15   -8.860  -56.750  3048.0
     1 PRESSURE
     1     1    11    12    18    15     0     3     0.0   -8.860  -56.750   3048.0    690.7
     1     1    11    12    18    14     0     2    -1.0   -8.732  -56.831   2974.2    694.5
     1     1    11    12    18    13     0     1    -2.0   -8.607  -56.898   2878.7    700.6
     1     1    11    12    18    12     0     0    -3.0   -8.481  -56.950   2755.8    709.1
     1     1    11    12    18    11     0     1    -4.0   -8.351  -56.999   2632.7    720.1
     1     1    11    12    18    10     0     2    -5.0   -8.219  -57.061   2537.0    726.8
     1     1    11    12    18     9     0     3    -6.0   -8.093  -57.138   2465.7    732.1
     1     1    11    12    18     8     0     2    -7.0   -7.968  -57.220   2414.6    737.2
     1     1    11    12    18     7     0     1    -8.0   -7.836  -57.293   2384.0    743.0
     1     1    11    12    18     6     0     0    -9.0   -7.696  -57.356   2373.3    746.4
     1     1    11    12    18     5     0     1   -10.0   -7.556  -57.409   2372.5    748.1
     1     1    11    12    18     4     0     2   -11.0   -7.421  -57.453   2371.0    750.2
     1     1    11    12    18     3     0     3   -12.0   -7.294  -57.489   2366.4    752.3
     1     1    11    12    18     2     0     2   -13.0   -7.165  -57.517   2364.1    754.1
     1     1    11    12    18     1     0     1   -14.0   -7.026  -57.538   2370.0    754.4
     1     1    11    12    18     0     0     0   -15.0   -6.877  -57.551   2383.8    753.8
     1     1    11    12    17    23     0     1   -16.0   -6.728  -57.558   2381.4    751.8
     1     1    11    12    17    22     0     2   -17.0   -6.579  -57.557   2352.0    755.6
     1     1    11    12    17    21     0     3   -18.0   -6.432  -57.546   2321.4    759.4
     1     1    11    12    17    20     0     2   -19.0   -6.283  -57.529   2316.8    762.3
     1     1    11    12    17    19     0     1   -20.0   -6.132  -57.512   2342.6    760.0
     1     1    11    12    17    18     0     0   -21.0   -5.982  -57.496   2373.1    757.2
     1     1    11    12    17    17     0     1   -22.0   -5.830  -57.477   2408.1    755.6
     1     1    11    12    17    16     0     2   -23.0   -5.677  -57.448   2459.6    751.1
     1     1    11    12    17    15     0     3   -24.0   -5.524  -57.413   2522.5    745.6
     1     1    11    12    17    14     0     2   -25.0   -5.374  -57.372   2577.7    739.3
     1     1    11    12    17    13     0     1   -26.0   -5.225  -57.321   2607.7    736.6
     1     1    11    12    17    12     0     0   -27.0   -5.076  -57.260   2613.9    736.2
     1     1    11    12    17    11     0     1   -28.0   -4.920  -57.186   2615.7    737.1
     1     1    11    12    17    10     0     2   -29.0   -4.753  -57.098   2627.6    735.2
     1     1    11    12    17     9     0     3   -30.0   -4.570  -56.996   2642.0    733.0
     1     1    11    12    17     8     0     2   -31.0   -4.377  -56.886   2646.9    732.0
     1     1    11    12    17     7     0     1   -32.0   -4.183  -56.773   2641.2    733.3
     1     1    11    12    17     6     0     0   -33.0   -3.984  -56.652   2630.7    735.1
     1     1    11    12    17     5     0     1   -34.0   -3.783  -56.520   2623.8    737.6
     1     1    11    12    17     4     0     2   -35.0   -3.581  -56.378   2624.6    738.2
     1     1    11    12    17     3     0     3   -36.0   -3.374  -56.221   2623.5    738.4
     1     1    11    12    17     2     0     2   -37.0   -3.172  -56.047   2602.8    739.1
     1     1    11    12    17     1     0     1   -38.0   -2.989  -55.851   2560.0    743.3
     1     1    11    12    17     0     0     0   -39.0   -2.826  -55.636   2511.6    748.9
     1     1    11    12    16    23     0     1   -40.0   -2.669  -55.421   2484.0    752.7
     1     1    11    12    16    22     0     2   -41.0   -2.504  -55.225   2491.4    751.6
     1     1    11    12    16    21     0     3   -42.0   -2.327  -55.052   2522.6    748.1
     1     1    11    12    16    20     0     2   -43.0   -2.141  -54.891   2554.3    744.4
     1     1    11    12    16    19     0     1   -44.0   -1.952  -54.732   2573.8    742.3
     1     1    11    12    16    18     0     0   -45.0   -1.764  -54.572   2581.8    737.4
     1     1    11    12    16    17     0     1   -46.0   -1.592  -54.415   2587.4    733.7
     1     1    11    12    16    16     0     2   -47.0   -1.444  -54.263   2598.9    729.5
     1     1    11    12    16    15     0     3   -48.0   -1.314  -54.116   2617.9    724.8
     1     1    11    12    16    14     0     2   -49.0   -1.192  -53.977   2635.0    719.4
     1     1    11    12    16    13     0     1   -50.0   -1.071  -53.849   2648.9    717.3
     1     1    11    12    16    12     0     0   -51.0   -0.951  -53.733   2668.5    715.9
     1     1    11    12    16    11     0     1   -52.0   -0.840  -53.624   2700.5    714.9
     1     1    11    12    16    10     0     2   -53.0   -0.747  -53.522   2744.2    712.1
     1     1    11    12    16     9     0     3   -54.0   -0.670  -53.427   2794.3    708.6
     1     1    11    12    16     8     0     2   -55.0   -0.601  -53.337   2837.3    705.2
     1     1    11    12    16     7     0     1   -56.0   -0.533  -53.245   2862.3    704.3
     1     1    11    12    16     6     0     0   -57.0   -0.466  -53.149   2870.8    704.9
     1     1    11    12    16     5     0     1   -58.0   -0.404  -53.048   2862.4    707.4
     1     1    11    12    16     4     0     2   -59.0   -0.349  -52.938   2836.4    711.1
     1     1    11    12    16     3     0     3   -60.0   -0.304  -52.817   2798.8    715.5
     1     1    11    12    16     2     0     2   -61.0   -0.263  -52.694   2776.8    719.4
     1     1    11    12    16     1     0     1   -62.0   -0.219  -52.579   2787.1    718.1
     1     1    11    12    16     0     0     0   -63.0   -0.172  -52.472   2820.1    714.6
     1     1    11    12    15    23     0     1   -64.0   -0.126  -52.373   2853.8    709.7
     1     1    11    12    15    22     0     2   -65.0   -0.087  -52.280   2872.0    707.5
     1     1    11    12    15    21     0     3   -66.0   -0.057  -52.196   2875.9    706.5
     1     1    11    12    15    20     0     2   -67.0   -0.024  -52.113   2852.2    707.4
     1     1    11    12    15    19     0     1   -68.0    0.022  -52.021   2785.1    713.1
     1     1    11    12    15    18     0     0   -69.0    0.079  -51.914   2685.0    724.3
     1     1    11    12    15    17     0     1   -70.0    0.132  -51.792   2592.1    737.1
     1     1    11    12    15    16     0     2   -71.0    0.168  -51.661   2531.7    744.1
     1     1    11    12    15    15     0     3   -72.0    0.188  -51.520   2493.9    749.3
     1     1    11    12    15    14     0     2   -73.0    0.199  -51.373   2479.2    752.9
     1     1    11    12    15    13     0     1   -74.0    0.209  -51.221   2490.8    753.6
     1     1    11    12    15    12     0     0   -75.0    0.218  -51.064   2523.9    752.3
     1     1    11    12    15    11     0     1   -76.0    0.227  -50.909   2561.0    748.2
     1     1    11    12    15    10     0     2   -77.0    0.234  -50.756   2588.1    745.4
     1     1    11    12    15     9     0     3   -78.0    0.242  -50.606   2605.7    743.5
     1     1    11    12    15     8     0     2   -79.0    0.249  -50.457   2617.3    742.9
     1     1    11    12    15     7     0     1   -80.0    0.256  -50.312   2627.4    742.2
     1     1    11    12    15     6     0     0   -81.0    0.260  -50.170   2637.8    741.5
     1     1    11    12    15     5     0     1   -82.0    0.263  -50.030   2652.0    740.9
     1     1    11    12    15     4     0     2   -83.0    0.264  -49.887   2670.3    739.4
     1     1    11    12    15     3     0     3   -84.0    0.264  -49.743   2690.8    737.9
     1     1    11    12    15     2     0     2   -85.0    0.261  -49.598   2710.2    735.8
     1     1    11    12    15     1     0     1   -86.0    0.255  -49.453   2727.1    734.3
     1     1    11    12    15     0     0     0   -87.0    0.245  -49.308   2745.9    732.7
     1     1    11    12    14    23     0     1   -88.0    0.230  -49.164   2768.6    730.3
     1     1    11    12    14    22     0     2   -89.0    0.210  -49.024   2796.6    727.6
     1     1    11    12    14    21     0     3   -90.0    0.185  -48.885   2830.7    724.2
     1     1    11    12    14    20     0     2   -91.0    0.157  -48.748   2863.5    720.9
     1     1    11    12    14    19     0     1   -92.0    0.128  -48.613   2885.6    719.0
     1     1    11    12    14    18     0     0   -93.0    0.099  -48.479   2893.6    718.3
     1     1    11    12    14    17     0     1   -94.0    0.068  -48.341   2889.4    719.4
     1     1    11    12    14    16     0     2   -95.0    0.036  -48.197   2880.0    720.9
     1     1    11    12    14    15     0     3   -96.0    0.003  -48.050   2873.7    722.2
     1     1    11    12    14    14     0     2   -97.0   -0.031  -47.898   2857.8    722.1
     1     1    11    12    14    13     0     1   -98.0   -0.068  -47.742   2816.9    725.8
     1     1    11    12    14    12     0     0   -99.0   -0.112  -47.582   2755.6    731.5
     1     1    11    12    14    11     0     1  -100.0   -0.156  -47.416   2706.0    738.0
     1     1    11    12    14    10     0     2  -101.0   -0.188  -47.243   2695.6    738.4
     1     1    11    12    14     9     0     3  -102.0   -0.203  -47.063   2724.2    735.5
     1     1    11    12    14     8     0     2  -103.0   -0.210  -46.888   2772.5    729.5
     1     1    11    12    14     7     0     1  -104.0   -0.219  -46.726   2816.5    725.5
     1     1    11    12    14     6     0     0  -105.0   -0.231  -46.574   2850.9    722.3
     1     1    11    12    14     5     0     1  -106.0   -0.247  -46.429   2877.5    720.8
     1     1    11    12    14     4     0     2  -107.0   -0.270  -46.288   2900.1    719.3
     1     1    11    12    14     3     0     3  -108.0   -0.300  -46.152   2917.8    718.1
     1     1    11    12    14     2     0     2  -109.0   -0.330  -46.019   2938.4    716.9
     1     1    11    12    14     1     0     1  -110.0   -0.356  -45.888   2972.4    714.0
     1     1    11    12    14     0     0     0  -111.0   -0.374  -45.759   3021.1    709.7
     1     1    11    12    13    23     0     1  -112.0   -0.386  -45.629   3068.6    704.0
     1     1    11    12    13    22     0     2  -113.0   -0.394  -45.494   3101.6    701.0
     1     1    11    12    13    21     0     3  -114.0   -0.399  -45.357   3121.8    699.0
     1     1    11    12    13    20     0     2  -115.0   -0.403  -45.217   3137.2    698.6
     1     1    11    12    13    19     0     1  -116.0   -0.411  -45.074   3155.3    697.3
     1     1    11    12    13    18     0     0  -117.0   -0.423  -44.929   3176.1    695.8
     1     1    11    12    13    17     0     1  -118.0   -0.439  -44.781   3192.1    694.2
     1     1    11    12    13    16     0     2  -119.0   -0.460  -44.630   3196.2    694.2
     1     1    11    12    13    15     0     3  -120.0   -0.486  -44.475   3189.0    695.1
     1     1    11    12    13    14     0     2  -121.0   -0.508  -44.315   3174.9    696.6
     1     1    11    12    13    13     0     1  -122.0   -0.519  -44.148   3156.6    698.0
     1     1    11    12    13    12     0     0  -123.0   -0.519  -43.972   3132.0    700.0
     1     1    11    12    13    11     0     1  -124.0   -0.518  -43.792   3123.2    702.2
     1     1    11    12    13    10     0     2  -125.0   -0.519  -43.615   3150.6    699.4
     1     1    11    12    13     9     0     3  -126.0   -0.519  -43.441   3209.0    694.0
     1     1    11    12    13     8     0     2  -127.0   -0.519  -43.270   3275.6    686.7
     1     1    11    12    13     7     0     1  -128.0   -0.524  -43.100   3332.1    682.1
     1     1    11    12    13     6     0     0  -129.0   -0.534  -42.931   3381.3    678.1
     1     1    11    12    13     5     0     1  -130.0   -0.546  -42.761   3418.2    674.9
     1     1    11    12    13     4     0     2  -131.0   -0.558  -42.587   3434.4    673.7
     1     1    11    12    13     3     0     3  -132.0   -0.571  -42.407   3424.8    674.7
     1     1    11    12    13     2     0     2  -133.0   -0.587  -42.218   3405.5    677.9
     1     1    11    12    13     1     0     1  -134.0   -0.602  -42.024   3399.1    678.7
     1     1    11    12    13     0     0     0  -135.0   -0.615  -41.825   3412.2    677.9
     1     1    11    12    12    23     0     1  -136.0   -0.627  -41.632   3431.0    674.7
     1     1    11    12    12    22     0     2  -137.0   -0.644  -41.447   3437.5    673.8
     1     1    11    12    12    21     0     3  -138.0   -0.666  -41.269   3432.2    674.0
     1     1    11    12    12    20     0     2  -139.0   -0.696  -41.093   3423.0    675.4
     1     1    11    12    12    19     0     1  -140.0   -0.735  -40.916   3417.4    675.9
     1     1    11    12    12    18     0     0  -141.0   -0.783  -40.736   3413.6    676.1
     1     1    11    12    12    17     0     1  -142.0   -0.832  -40.552   3409.9    676.6
     1     1    11    12    12    16     0     2  -143.0   -0.876  -40.364   3407.6    677.2
     1     1    11    12    12    15     0     3  -144.0   -0.912  -40.172   3410.2    677.5
     1     1    11    12    12    14     0     2  -145.0   -0.940  -39.979   3417.9    676.9
     1     1    11    12    12    13     0     1  -146.0   -0.959  -39.783   3426.2    676.1
     1     1    11    12    12    12     0     0  -147.0   -0.971  -39.583   3428.8    675.8
     1     1    11    12    12    11     0     1  -148.0   -0.976  -39.381   3434.8    675.9
     1     1    11    12    12    10     0     2  -149.0   -0.973  -39.179   3461.0    673.7
     1     1    11    12    12     9     0     3  -150.0   -0.961  -38.976   3513.9    669.2
     1     1    11    12    12     8     0     2  -151.0   -0.937  -38.779   3572.1    662.4
     1     1    11    12    12     7     0     1  -152.0   -0.907  -38.588   3609.5    659.1
     1     1    11    12    12     6     0     0  -153.0   -0.872  -38.401   3625.1    657.7
     1     1    11    12    12     5     0     1  -154.0   -0.834  -38.214   3631.8    658.5
     1     1    11    12    12     4     0     2  -155.0   -0.792  -38.023   3643.3    657.8
     1     1    11    12    12     3     0     3  -156.0   -0.743  -37.828   3658.2    656.8
     1     1    11    12    12     2     0     2  -157.0   -0.690  -37.630   3674.6    655.6
     1     1    11    12    12     1     0     1  -158.0   -0.631  -37.426   3691.2    654.5
     1     1    11    12    12     0     0     0  -159.0   -0.569  -37.219   3708.5    653.4
     1     1    11    12    11    23     0     1  -160.0   -0.510  -37.012   3730.6    651.5
     1     1    11    12    11    22     0     2  -161.0   -0.467  -36.810   3762.1    648.7
     1     1    11    12    11    21     0     3  -162.0   -0.440  -36.615   3804.6    645.1
     1     1    11    12    11    20     0     2  -163.0   -0.418  -36.429   3851.5    640.8
     1     1    11    12    11    19     0     1  -164.0   -0.391  -36.252   3898.0    637.2
     1     1    11    12    11    18     0     0  -165.0   -0.356  -36.084   3948.7    633.4
     1     1    11    12    11    17     0     1  -166.0   -0.308  -35.920   3998.1    629.2
     1     1    11    12    11    16     0     2  -167.0   -0.243  -35.754   4036.9    626.3
     1     1    11    12    11    15     0     3  -168.0   -0.159  -35.588   4064.0    624.5
     1     1    11    12    11    14     0     2  -169.0   -0.062  -35.422   4081.0    623.4
     1     1    11    12    11    13     0     1  -170.0    0.039  -35.257   4088.4    622.9
     1     1    11    12    11    12     0     0  -171.0    0.145  -35.093   4081.0    623.3
     1     1    11    12    11    11     0     1  -172.0    0.253  -34.925   4065.9    625.1
     1     1    11    12    11    10     0     2  -173.0    0.360  -34.749   4058.8    625.6
     1     1    11    12    11     9     0     3  -174.0    0.466  -34.565   4066.9    625.0
     1     1    11    12    11     8     0     2  -175.0    0.569  -34.378   4089.5    622.8
     1     1    11    12    11     7     0     1  -176.0    0.669  -34.192   4118.4    620.3
     1     1    11    12    11     6     0     0  -177.0    0.769  -34.008   4146.9    617.7
     1     1    11    12    11     5     0     1  -178.0    0.867  -33.823   4171.8    616.1
     1     1    11    12    11     4     0     2  -179.0    0.964  -33.636   4192.6    614.6
     1     1    11    12    11     3     0     3  -180.0    1.061  -33.444   4204.9    613.6
     1     1    11    12    11     2     0     2  -181.0    1.155  -33.244   4201.0    613.8
     1     1    11    12    11     1     0     1  -182.0    1.247  -33.033   4170.2    615.9
     1     1    11    12    11     0     0     0  -183.0    1.337  -32.812   4107.6    620.9
     1     1    11    12    10    23     0     1  -184.0    1.427  -32.584   4012.0    627.8
     1     1    11    12    10    22     0     2  -185.0    1.517  -32.351   3885.1    637.7
     1     1    11    12    10    21     0     3  -186.0    1.606  -32.113   3728.1    649.7
     1     1    11    12    10    20     0     2  -187.0    1.689  -31.874   3586.0    664.6
     1     1    11    12    10    19     0     1  -188.0    1.761  -31.636   3496.3    671.0
     1     1    11    12    10    18     0     0  -189.0    1.825  -31.406   3432.4    674.6
     1     1    11    12    10    17     0     1  -190.0    1.885  -31.179   3357.2    679.5
     1     1    11    12    10    16     0     2  -191.0    1.948  -30.954   3263.5    688.6
     1     1    11    12    10    15     0     3  -192.0    2.015  -30.729   3139.6    697.4
     1     1    11    12    10    14     0     2  -193.0    2.083  -30.495   2935.9    712.4
     1     1    11    12    10    13     0     1  -194.0    2.148  -30.243   2656.7    739.5
     1     1    11    12    10    12     0     0  -195.0    2.208  -29.977   2353.7    768.8
     1     1    11    12    10    11     0     1  -196.0    2.259  -29.704   2113.7    796.7
     1     1    11    12    10    10     0     2  -197.0    2.299  -29.431   1969.2    807.6
     1     1    11    12    10     9     0     3  -198.0    2.328  -29.163   1875.0    814.7
     1     1    11    12    10     8     0     2  -199.0    2.346  -28.895   1798.0    820.3
     1     1    11    12    10     7     0     1  -200.0    2.354  -28.625   1721.4    827.1
     1     1    11    12    10     6     0     0  -201.0    2.353  -28.353   1643.7    834.4
     1     1    11    12    10     5     0     1  -202.0    2.335  -28.079   1563.5    842.5
     1     1    11    12    10     4     0     2  -203.0    2.297  -27.801   1493.4    851.0
     1     1    11    12    10     3     0     3  -204.0    2.240  -27.519   1451.3    855.7
     1     1    11    12    10     2     0     2  -205.0    2.168  -27.227   1435.2    856.8
     1     1    11    12    10     1     0     1  -206.0    2.083  -26.920   1438.8    857.0
     1     1    11    12    10     0     0     0  -207.0    1.990  -26.595   1471.1    854.8
     1     1    11    12     9    23     0     1  -208.0    1.903  -26.261   1520.7    848.0
     1     1    11    12     9    22     0     2  -209.0    1.825  -25.924   1568.4    842.7
     1     1    11    12     9    21     0     3  -210.0    1.754  -25.580   1600.8    838.0
     1     1    11    12     9    20     0     2  -211.0    1.686  -25.229   1608.6    837.0
     1     1    11    12     9    19     0     1  -212.0    1.618  -24.870   1602.0    838.1
     1     1    11    12     9    18     0     0  -213.0    1.551  -24.505   1595.1    839.0
     1     1    11    12     9    17     0     1  -214.0    1.489  -24.131   1592.8    839.2
     1     1    11    12     9    16     0     2  -215.0    1.438  -23.747   1591.7    839.2
     1     1    11    12     9    15     0     3  -216.0    1.395  -23.352   1588.2    839.6
     1     1    11    12     9    14     0     2  -217.0    1.358  -22.947   1587.1    840.5
     1     1    11    12     9    13     0     1  -218.0    1.327  -22.535   1593.0    840.2
     1     1    11    12     9    12     0     0  -219.0    1.309  -22.115   1603.6    839.3
     1     1    11    12     9    11     0     1  -220.0    1.301  -21.699   1619.8    838.1
     1     1    11    12     9    10     0     2  -221.0    1.303  -21.293   1642.7    835.8
     1     1    11    12     9     9     0     3  -222.0    1.312  -20.893   1667.5    833.1
     1     1    11    12     9     8     0     2  -223.0    1.326  -20.497   1689.6    830.4
     1     1    11    12     9     7     0     1  -224.0    1.347  -20.102   1704.0    828.3
     1     1    11    12     9     6     0     0  -225.0    1.378  -19.702   1704.5    827.6
     1     1    11    12     9     5     0     1  -226.0    1.414  -19.297   1693.1    829.2
     1     1    11    12     9     4     0     2  -227.0    1.451  -18.887   1679.1    831.1
     1     1    11    12     9     3     0     3  -228.0    1.489  -18.471   1672.5    832.3
     1     1    11    12     9     2     0     2  -229.0    1.528  -18.050   1685.3    832.0
     1     1    11    12     9     1     0     1  -230.0    1.573  -17.625   1721.7    828.7
     1     1    11    12     9     0     0     0  -231.0    1.627  -17.194   1777.2    823.4
     1     1    11    12     8    23     0     1  -232.0    1.687  -16.752   1830.6    816.4
     1     1    11    12     8    22     0     2  -233.0    1.744  -16.303   1862.0    812.9
     1     1    11    12     8    21     0     3  -234.0    1.792  -15.852   1872.6    811.9
     1     1    11    12     8    20     0     2  -235.0    1.834  -15.401   1880.2    812.3
     1     1    11    12     8    19     0     1  -236.0    1.878  -14.946   1897.7    810.0
     1     1    11    12     8    18     0     0  -237.0    1.921  -14.488   1919.2    807.4
     1     1    11    12     8    17     0     1  -238.0    1.956  -14.037   1931.1    805.3
     1     1    11    12     8    16     0     2  -239.0    1.981  -13.597   1926.3    806.1
     1     1    11    12     8    15     0     3  -240.0    1.996  -13.162   1913.2    807.8
     1     1    11    12     8    14     0     2  -241.0    2.012  -12.725   1907.1    809.9
     1     1    11    12     8    13     0     1  -242.0    2.042  -12.287   1911.9    809.3
     1     1    11    12     8    12     0     0  -243.0    2.081  -11.845   1918.3    808.8
     1     1    11    12     8    11     0     1  -244.0    2.132  -11.400   1924.2    808.3
     1     1    11    12     8    10     0     2  -245.0    2.194  -10.955   1930.9    807.8
     1     1    11    12     8     9     0     3  -246.0    2.267  -10.511   1947.8    807.1
     1     1    11    12     8     8     0     2  -247.0    2.354  -10.074   1984.3    803.5
     1     1    11    12     8     7     0     1  -248.0    2.457   -9.650   2023.8    797.9
     1     1    11    12     8     6     0     0  -249.0    2.574   -9.240   2047.4    795.3
     1     1    11    12     8     5     0     1  -250.0    2.690   -8.838   2060.4    794.7
     1     1    11    12     8     4     0     2  -251.0    2.790   -8.432   2072.3    793.7
     1     1    11    12     8     3     0     3  -252.0    2.877   -8.022   2081.9    792.3
     1     1    11    12     8     2     0     2  -253.0    2.959   -7.616   2093.5    792.6
     1     1    11    12     8     1     0     1  -254.0    3.041   -7.219   2111.0    791.2
     1     1    11    12     8     0     0     0  -255.0    3.119   -6.834   2127.9    790.1
     1     1    11    12     7    23     0     1  -256.0    3.192   -6.454   2140.5    788.8
     1     1    11    12     7    22     0     2  -257.0    3.258   -6.077   2148.9    788.2
     1     1    11    12     7    21     0     3  -258.0    3.317   -5.700   2154.0    787.6
     1     1    11    12     7    20     0     2  -259.0    3.372   -5.327   2170.4    787.2
     1     1    11    12     7    19     0     1  -260.0    3.422   -4.958   2209.8    783.0
     1     1    11    12     7    18     0     0  -261.0    3.463   -4.593   2265.2    777.2
     1     1    11    12     7    17     0     1  -262.0    3.503   -4.235   2306.1    770.9
     1     1    11    12     7    16     0     2  -263.0    3.548   -3.884   2300.1    770.8
     1     1    11    12     7    15     0     3  -264.0    3.598   -3.545   2257.6    776.3
     1     1    11    12     7    14     0     2  -265.0    3.649   -3.215   2206.1    782.4
     1     1    11    12     7    13     0     1  -266.0    3.696   -2.889   2151.5    787.3
     1     1    11    12     7    12     0     0  -267.0    3.740   -2.562   2097.3    793.5
     1     1    11    12     7    11     0     1  -268.0    3.782   -2.229   2063.3    797.8
     1     1    11    12     7    10     0     2  -269.0    3.825   -1.885   2048.7    798.0
     1     1    11    12     7     9     0     3  -270.0    3.868   -1.535   2040.7    798.8
     1     1    11    12     7     8     0     2  -271.0    3.915   -1.189   2042.9    798.6
     1     1    11    12     7     7     0     1  -272.0    3.961   -0.852   2059.1    796.7
     1     1    11    12     7     6     0     0  -273.0    4.001   -0.519   2085.4    793.5
     1     1    11    12     7     5     0     1  -274.0    4.047   -0.192   2110.2    790.3
     1     1    11    12     7     4     0     2  -275.0    4.112    0.136   2123.0    788.8
     1     1    11    12     7     3     0     3  -276.0    4.193    0.471   2118.2    788.9
     1     1    11    12     7     2     0     2  -277.0    4.280    0.798   2112.1    791.7
     1     1    11    12     7     1     0     1  -278.0    4.362    1.105   2130.0    791.0
     1     1    11    12     7     0     0     0  -279.0    4.434    1.398   2167.7    787.0
     1     1    11    12     6    23     0     1  -280.0    4.508    1.695   2199.2    782.7
     1     1    11    12     6    22     0     2  -281.0    4.590    2.014   2215.2    782.0
     1     1    11    12     6    21     0     3  -282.0    4.673    2.356   2226.7    781.2
     1     1    11    12     6    20     0     2  -283.0    4.754    2.706   2227.9    779.9
     1     1    11    12     6    19     0     1  -284.0    4.829    3.051   2215.2    781.2
     1     1    11    12     6    18     0     0  -285.0    4.895    3.387   2207.4    782.9
     1     1    11    12     6    17     0     1  -286.0    4.959    3.698   2225.8    781.6
     1     1    11    12     6    16     0     2  -287.0    5.027    3.979   2270.5    776.7
     1     1    11    12     6    15     0     3  -288.0    5.096    4.239   2314.9    770.3
     1     1    11    12     6    14     0     2  -289.0    5.160    4.492   2343.1    768.3
     1     1    11    12     6    13     0     1  -290.0    5.218    4.746   2371.8    767.3
     1     1    11    12     6    12     0     0  -291.0    5.262    5.002   2424.5    763.7
     1     1    11    12     6    11     0     1  -292.0    5.300    5.267   2467.9    753.9
     1     1    11    12     6    10     0     2  -293.0    5.344    5.548   2466.2    752.0
     1     1    11    12     6     9     0     3  -294.0    5.389    5.849   2423.7    753.9
     1     1    11    12     6     8     0     2  -295.0    5.439    6.154   2364.9    757.9
     1     1    11    12     6     7     0     1  -296.0    5.496    6.448   2316.8    759.2
     1     1    11    12     6     6     0     0  -297.0    5.557    6.736   2278.6    759.1
     1     1    11    12     6     5     0     1  -298.0    5.626    7.021   2253.6    760.1
     1     1    11    12     6     4     0     2  -299.0    5.701    7.301   2264.0    762.8
     1     1    11    12     6     3     0     3  -300.0    5.774    7.578   2313.6    760.8
     1     1    11    12     6     2     0     2  -301.0    5.834    7.851   2376.3    755.3
     1     1    11    12     6     1     0     1  -302.0    5.888    8.113   2415.4    751.4
     1     1    11    12     6     0     0     0  -303.0    5.939    8.367   2427.2    750.1
     1     1    11    12     5    23     0     1  -304.0    5.975    8.601   2425.8    751.0
     1     1    11    12     5    22     0     2  -305.0    5.980    8.812   2420.7    751.4
     1     1    11    12     5    21     0     3  -306.0    5.944    9.014   2418.3    748.1
     1     1    11    12     5    20     0     2  -307.0    5.876    9.238   2397.1    722.9
     1     1    11    12     5    19     0     1  -308.0    5.799    9.499   2376.4    698.7
     1     1    11    12     5    18     0     0  -309.0    5.733    9.771   2363.9    677.2
     1     1    11    12     5    17     0     1  -310.0    5.694   10.037   2340.1    661.4
     1     1    11    12     5    16     0     2  -311.0    5.679   10.291   2287.8    673.8
     1     1    11    12     5    15     0     3  -312.0    5.676   10.541   2188.1    690.9
     1     1    11    12     5    14     0     2  -313.0    5.683   10.806   2090.5    709.8
     1     1    11    12     5    13     0     1  -314.0    5.701   11.097   2023.4    721.9
     1     1    11    12     5    12     0     0  -315.0    5.722   11.398   1962.6    727.1
     1     1    11    12     5    11     0     1  -316.0    5.747   11.695   1911.7    734.2
     1     1    11    12     5    10     0     2  -317.0    5.770   11.990   1881.7    738.4
     1     1    11    12     5     9     0     3  -318.0    5.787   12.286   1869.9    740.8
     1     1    11    12     5     8     0     2  -319.0    5.798   12.572   1869.1    741.8
     1     1    11    12     5     7     0     1  -320.0    5.808   12.839   1881.0    742.5
     1     1    11    12     5     6     0     0  -321.0    5.816   13.093   1907.5    739.6
     1     1    11    12     5     5     0     1  -322.0    5.818   13.340   1925.5    733.6
     1     1    11    12     5     4     0     2  -323.0    5.815   13.578   1915.9    732.1
     1     1    11    12     5     3     0     3  -324.0    5.808   13.802   1878.9    733.2
     1     1    11    12     5     2     0     2  -325.0    5.800   14.005   1828.9    737.2
     1     1    11    12     5     1     0     1  -326.0    5.801   14.193   1792.0    741.9
     1     1    11    12     5     0     0     0  -327.0    5.812   14.377   1776.4    742.9
     1     1    11    12     4    23     0     1  -328.0    5.830   14.563   1774.2    742.9
     1     1    11    12     4    22     0     2  -329.0    5.851   14.753   1777.4    742.5
     1     1    11    12     4    21     0     3  -330.0    5.879   14.953   1779.0    742.1
     1     1    11    12     4    20     0     2  -331.0    5.926   15.162   1773.2    742.3
     1     1    11    12     4    19     0     1  -332.0    6.003   15.375   1759.7    743.5
     1     1    11    12     4    18     0     0  -333.0    6.106   15.593   1747.9    745.7
     1     1    11    12     4    17     0     1  -334.0    6.219   15.822   1744.8    747.3
     1     1    11    12     4    16     0     2  -335.0    6.334   16.055   1749.4    749.7
     1     1    11    12     4    15     0     3  -336.0    6.454   16.280   1756.9    753.9
