     3     1
    GDAS    11    10     8     0     0
    GDAS    11    10    15     0     0
    GDAS    11    10    22     0     0
     1 BACKWARD OMEGA   
  2011    10    24    16   -8.860  -56.740  1219.2
     1 PRESSURE
     1     1    11    10    24    16     0     2     0.0   -8.860  -56.740   1219.2    857.9
     1     1    11    10    24    15     0     3    -1.0   -8.717  -56.585   1179.1    857.7
     1     1    11    10    24    14     0     2    -2.0   -8.563  -56.389   1153.9    859.3
     1     1    11    10    24    13     0     1    -3.0   -8.386  -56.132   1177.1    852.4
     1     1    11    10    24    12     0     0    -4.0   -8.191  -55.819   1243.8    841.2
     1     1    11    10    24    11     0     1    -5.0   -8.003  -55.475   1313.1    830.5
     1     1    11    10    24    10     0     2    -6.0   -7.838  -55.128   1343.1    830.2
     1     1    11    10    24     9     0     3    -7.0   -7.695  -54.778   1333.2    834.0
     1     1    11    10    24     8     0     2    -8.0   -7.570  -54.429   1313.6    839.0
     1     1    11    10    24     7     0     1    -9.0   -7.464  -54.083   1306.2    842.0
     1     1    11    10    24     6     0     0   -10.0   -7.376  -53.738   1309.8    841.2
     1     1    11    10    24     5     0     1   -11.0   -7.304  -53.396   1313.9    839.0
     1     1    11    10    24     4     0     2   -12.0   -7.251  -53.058   1314.0    836.4
     1     1    11    10    24     3     0     3   -13.0   -7.222  -52.724   1312.1    837.5
     1     1    11    10    24     2     0     2   -14.0   -7.205  -52.403   1312.0    839.3
     1     1    11    10    24     1     0     1   -15.0   -7.193  -52.104   1317.2    840.0
     1     1    11    10    24     0     0     0   -16.0   -7.184  -51.829   1329.5    839.7
     1     1    11    10    23    23     0     1   -17.0   -7.177  -51.569   1329.7    837.0
     1     1    11    10    23    22     0     2   -18.0   -7.174  -51.315   1299.8    839.7
     1     1    11    10    23    21     0     3   -19.0   -7.180  -51.069   1248.4    844.7
     1     1    11    10    23    20     0     2   -20.0   -7.193  -50.835   1198.5    851.9
     1     1    11    10    23    19     0     1   -21.0   -7.206  -50.621   1152.3    855.7
     1     1    11    10    23    18     0     0   -22.0   -7.221  -50.427   1087.7    861.3
     1     1    11    10    23    17     0     1   -23.0   -7.233  -50.238   1018.9    871.0
     1     1    11    10    23    16     0     2   -24.0   -7.235  -50.039    967.3    877.0
     1     1    11    10    23    15     0     3   -25.0   -7.228  -49.830    937.2    882.3
     1     1    11    10    23    14     0     2   -26.0   -7.207  -49.595    929.4    884.8
     1     1    11    10    23    13     0     1   -27.0   -7.168  -49.317    946.0    885.5
     1     1    11    10    23    12     0     0   -28.0   -7.107  -48.993    996.1    883.2
     1     1    11    10    23    11     0     1   -29.0   -7.030  -48.639   1062.7    873.6
     1     1    11    10    23    10     0     2   -30.0   -6.944  -48.276   1125.2    867.2
     1     1    11    10    23     9     0     3   -31.0   -6.851  -47.900   1186.6    859.8
     1     1    11    10    23     8     0     2   -32.0   -6.759  -47.516   1240.6    850.1
     1     1    11    10    23     7     0     1   -33.0   -6.671  -47.132   1284.4    843.4
     1     1    11    10    23     6     0     0   -34.0   -6.583  -46.754   1326.2    838.7
     1     1    11    10    23     5     0     1   -35.0   -6.497  -46.383   1363.1    835.6
     1     1    11    10    23     4     0     2   -36.0   -6.421  -46.020   1402.5    834.3
     1     1    11    10    23     3     0     3   -37.0   -6.353  -45.666   1449.0    830.4
     1     1    11    10    23     2     0     2   -38.0   -6.293  -45.327   1483.6    826.4
     1     1    11    10    23     1     0     1   -39.0   -6.237  -45.008   1494.0    825.4
     1     1    11    10    23     0     0     0   -40.0   -6.185  -44.708   1499.9    828.0
     1     1    11    10    22    23     0     1   -41.0   -6.138  -44.430   1522.7    826.5
     1     1    11    10    22    22     0     2   -42.0   -6.096  -44.169   1567.2    822.8
     1     1    11    10    22    21     0     3   -43.0   -6.057  -43.921   1632.0    816.7
     1     1    11    10    22    20     0     2   -44.0   -6.017  -43.686   1691.3    810.6
     1     1    11    10    22    19     0     1   -45.0   -5.973  -43.464   1729.7    809.3
     1     1    11    10    22    18     0     0   -46.0   -5.924  -43.259   1762.5    808.4
     1     1    11    10    22    17     0     1   -47.0   -5.876  -43.056   1803.7    806.7
     1     1    11    10    22    16     0     2   -48.0   -5.829  -42.840   1849.6    801.4
     1     1    11    10    22    15     0     3   -49.0   -5.780  -42.611   1885.5    796.4
     1     1    11    10    22    14     0     2   -50.0   -5.735  -42.377   1910.7    793.1
     1     1    11    10    22    13     0     1   -51.0   -5.696  -42.141   1931.0    790.0
     1     1    11    10    22    12     0     0   -52.0   -5.661  -41.901   1952.5    784.9
     1     1    11    10    22    11     0     1   -53.0   -5.617  -41.654   1979.6    774.8
     1     1    11    10    22    10     0     2   -54.0   -5.555  -41.400   2012.7    764.8
     1     1    11    10    22     9     0     3   -55.0   -5.474  -41.141   2051.7    755.1
     1     1    11    10    22     8     0     2   -56.0   -5.383  -40.879   2092.1    747.7
     1     1    11    10    22     7     0     1   -57.0   -5.288  -40.619   2119.0    742.6
     1     1    11    10    22     6     0     0   -58.0   -5.193  -40.369   2123.8    739.3
     1     1    11    10    22     5     0     1   -59.0   -5.102  -40.130   2123.2    737.3
     1     1    11    10    22     4     0     2   -60.0   -5.018  -39.902   2149.7    736.9
     1     1    11    10    22     3     0     3   -61.0   -4.944  -39.685   2223.1    739.2
     1     1    11    10    22     2     0     2   -62.0   -4.881  -39.475   2308.6    736.2
     1     1    11    10    22     1     0     1   -63.0   -4.826  -39.265   2375.4    737.4
     1     1    11    10    22     0     0     0   -64.0   -4.776  -39.060   2432.7    738.6
     1     1    11    10    21    23     0     1   -65.0   -4.730  -38.865   2489.2    737.3
     1     1    11    10    21    22     0     2   -66.0   -4.688  -38.684   2544.6    734.4
     1     1    11    10    21    21     0     3   -67.0   -4.646  -38.513   2588.6    732.7
     1     1    11    10    21    20     0     2   -68.0   -4.602  -38.344   2613.5    733.1
     1     1    11    10    21    19     0     1   -69.0   -4.556  -38.176   2617.4    735.9
     1     1    11    10    21    18     0     0   -70.0   -4.507  -38.005   2602.5    740.4
     1     1    11    10    21    17     0     1   -71.0   -4.454  -37.832   2575.3    744.6
     1     1    11    10    21    16     0     2   -72.0   -4.395  -37.654   2546.8    748.1
     1     1    11    10    21    15     0     3   -73.0   -4.326  -37.470   2517.9    751.6
     1     1    11    10    21    14     0     2   -74.0   -4.250  -37.281   2497.2    755.0
     1     1    11    10    21    13     0     1   -75.0   -4.169  -37.089   2489.6    756.2
     1     1    11    10    21    12     0     0   -76.0   -4.084  -36.895   2492.2    756.8
     1     1    11    10    21    11     0     1   -77.0   -4.005  -36.710   2511.9    755.6
     1     1    11    10    21    10     0     2   -78.0   -3.941  -36.545   2556.5    751.5
     1     1    11    10    21     9     0     3   -79.0   -3.894  -36.399   2628.5    744.8
     1     1    11    10    21     8     0     2   -80.0   -3.859  -36.270   2700.7    735.9
     1     1    11    10    21     7     0     1   -81.0   -3.828  -36.150   2742.6    731.7
     1     1    11    10    21     6     0     0   -82.0   -3.800  -36.036   2751.2    730.7
     1     1    11    10    21     5     0     1   -83.0   -3.774  -35.927   2749.4    733.3
     1     1    11    10    21     4     0     2   -84.0   -3.756  -35.827   2759.5    732.5
     1     1    11    10    21     3     0     3   -85.0   -3.747  -35.734   2777.7    731.1
     1     1    11    10    21     2     0     2   -86.0   -3.745  -35.639   2798.6    729.1
     1     1    11    10    21     1     0     1   -87.0   -3.749  -35.533   2818.7    727.6
     1     1    11    10    21     0     0     0   -88.0   -3.758  -35.414   2839.9    726.0
     1     1    11    10    20    23     0     1   -89.0   -3.774  -35.286   2854.6    723.4
     1     1    11    10    20    22     0     2   -90.0   -3.797  -35.157   2853.6    722.9
     1     1    11    10    20    21     0     3   -91.0   -3.826  -35.027   2835.3    723.9
     1     1    11    10    20    20     0     2   -92.0   -3.857  -34.899   2815.8    727.1
     1     1    11    10    20    19     0     1   -93.0   -3.891  -34.773   2812.1    727.5
     1     1    11    10    20    18     0     0   -94.0   -3.928  -34.651   2824.7    726.4
     1     1    11    10    20    17     0     1   -95.0   -3.966  -34.536   2846.3    724.3
     1     1    11    10    20    16     0     2   -96.0   -4.002  -34.431   2869.2    722.6
     1     1    11    10    20    15     0     3   -97.0   -4.038  -34.336   2891.5    720.9
     1     1    11    10    20    14     0     2   -98.0   -4.077  -34.240   2918.2    719.3
     1     1    11    10    20    13     0     1   -99.0   -4.124  -34.135   2955.8    716.3
     1     1    11    10    20    12     0     0  -100.0   -4.179  -34.022   3005.5    712.3
     1     1    11    10    20    11     0     1  -101.0   -4.239  -33.905   3053.6    706.7
     1     1    11    10    20    10     0     2  -102.0   -4.299  -33.788   3089.3    703.7
     1     1    11    10    20     9     0     3  -103.0   -4.356  -33.671   3119.2    701.2
     1     1    11    10    20     8     0     2  -104.0   -4.409  -33.552   3143.3    698.9
     1     1    11    10    20     7     0     1  -105.0   -4.461  -33.427   3156.6    697.6
     1     1    11    10    20     6     0     0  -106.0   -4.509  -33.296   3157.4    697.4
     1     1    11    10    20     5     0     1  -107.0   -4.558  -33.158   3150.2    698.7
     1     1    11    10    20     4     0     2  -108.0   -4.612  -33.012   3137.0    699.8
     1     1    11    10    20     3     0     3  -109.0   -4.672  -32.860   3116.0    701.9
     1     1    11    10    20     2     0     2  -110.0   -4.738  -32.709   3106.5    704.3
     1     1    11    10    20     1     0     1  -111.0   -4.807  -32.560   3120.4    702.8
     1     1    11    10    20     0     0     0  -112.0   -4.879  -32.409   3148.3    700.3
     1     1    11    10    19    23     0     1  -113.0   -4.955  -32.260   3179.1    696.8
     1     1    11    10    19    22     0     2  -114.0   -5.037  -32.120   3211.0    694.1
     1     1    11    10    19    21     0     3  -115.0   -5.126  -31.996   3251.4    690.5
     1     1    11    10    19    20     0     2  -116.0   -5.222  -31.890   3297.0    686.2
     1     1    11    10    19    19     0     1  -117.0   -5.322  -31.805   3342.0    682.6
     1     1    11    10    19    18     0     0  -118.0   -5.424  -31.738   3388.8    679.0
     1     1    11    10    19    17     0     1  -119.0   -5.528  -31.687   3435.3    675.1
     1     1    11    10    19    16     0     2  -120.0   -5.635  -31.646   3476.4    671.9
     1     1    11    10    19    15     0     3  -121.0   -5.745  -31.616   3509.0    669.3
     1     1    11    10    19    14     0     2  -122.0   -5.855  -31.592   3527.0    667.7
     1     1    11    10    19    13     0     1  -123.0   -5.963  -31.570   3526.6    668.1
     1     1    11    10    19    12     0     0  -124.0   -6.067  -31.551   3509.5    669.8
     1     1    11    10    19    11     0     1  -125.0   -6.154  -31.534   3494.3    672.0
     1     1    11    10    19    10     0     2  -126.0   -6.212  -31.518   3498.6    671.3
     1     1    11    10    19     9     0     3  -127.0   -6.242  -31.503   3522.3    669.0
     1     1    11    10    19     8     0     2  -128.0   -6.256  -31.490   3548.1    665.3
     1     1    11    10    19     7     0     1  -129.0   -6.264  -31.481   3559.6    664.1
     1     1    11    10    19     6     0     0  -130.0   -6.266  -31.476   3557.0    664.1
     1     1    11    10    19     5     0     1  -131.0   -6.261  -31.474   3552.0    665.6
     1     1    11    10    19     4     0     2  -132.0   -6.248  -31.476   3555.5    665.6
     1     1    11    10    19     3     0     3  -133.0   -6.227  -31.480   3568.0    664.9
     1     1    11    10    19     2     0     2  -134.0   -6.197  -31.486   3584.1    663.3
     1     1    11    10    19     1     0     1  -135.0   -6.158  -31.491   3598.2    662.3
     1     1    11    10    19     0     0     0  -136.0   -6.109  -31.495   3610.1    661.6
     1     1    11    10    18    23     0     1  -137.0   -6.052  -31.501   3629.8    660.3
     1     1    11    10    18    22     0     2  -138.0   -5.988  -31.509   3667.3    656.9
     1     1    11    10    18    21     0     3  -139.0   -5.917  -31.522   3722.1    652.2
     1     1    11    10    18    20     0     2  -140.0   -5.846  -31.539   3782.4    646.4
     1     1    11    10    18    19     0     1  -141.0   -5.781  -31.557   3836.8    642.1
     1     1    11    10    18    18     0     0  -142.0   -5.721  -31.575   3885.3    638.3
     1     1    11    10    18    17     0     1  -143.0   -5.661  -31.588   3928.2    635.0
     1     1    11    10    18    16     0     2  -144.0   -5.596  -31.591   3966.0    632.1
     1     1    11    10    18    15     0     3  -145.0   -5.525  -31.582   3998.2    629.6
     1     1    11    10    18    14     0     2  -146.0   -5.452  -31.568   4023.4    627.7
     1     1    11    10    18    13     0     1  -147.0   -5.380  -31.553   4039.8    626.5
     1     1    11    10    18    12     0     0  -148.0   -5.312  -31.540   4045.2    626.2
     1     1    11    10    18    11     0     1  -149.0   -5.246  -31.530   4048.3    626.4
     1     1    11    10    18    10     0     2  -150.0   -5.182  -31.524   4059.9    625.3
     1     1    11    10    18     9     0     3  -151.0   -5.118  -31.522   4082.9    623.4
     1     1    11    10    18     8     0     2  -152.0   -5.056  -31.524   4116.0    620.5
     1     1    11    10    18     7     0     1  -153.0   -4.997  -31.530   4156.8    617.2
     1     1    11    10    18     6     0     0  -154.0   -4.942  -31.541   4204.6    613.5
     1     1    11    10    18     5     0     1  -155.0   -4.891  -31.552   4249.2    609.6
     1     1    11    10    18     4     0     2  -156.0   -4.843  -31.561   4281.5    607.4
     1     1    11    10    18     3     0     3  -157.0   -4.802  -31.566   4302.2    606.1
     1     1    11    10    18     2     0     2  -158.0   -4.767  -31.573   4311.8    605.7
     1     1    11    10    18     1     0     1  -159.0   -4.740  -31.588   4310.4    606.0
     1     1    11    10    18     0     0     0  -160.0   -4.721  -31.612   4297.3    607.2
     1     1    11    10    17    23     0     1  -161.0   -4.707  -31.651   4286.2    608.9
     1     1    11    10    17    22     0     2  -162.0   -4.695  -31.710   4291.1    608.2
     1     1    11    10    17    21     0     3  -163.0   -4.685  -31.789   4312.1    606.4
     1     1    11    10    17    20     0     2  -164.0   -4.683  -31.883   4343.5    603.7
     1     1    11    10    17    19     0     1  -165.0   -4.694  -31.989   4380.2    601.0
     1     1    11    10    17    18     0     0  -166.0   -4.719  -32.106   4422.4    597.9
     1     1    11    10    17    17     0     1  -167.0   -4.745  -32.232   4467.8    594.5
     1     1    11    10    17    16     0     2  -168.0   -4.760  -32.365   4514.6    591.1
     1     1    11    10    17    15     0     3  -169.0   -4.763  -32.503   4562.4    587.7
     1     1    11    10    17    14     0     2  -170.0   -4.758  -32.641   4613.2    584.4
     1     1    11    10    17    13     0     1  -171.0   -4.748  -32.773   4671.9    580.5
     1     1    11    10    17    12     0     0  -172.0   -4.736  -32.899   4744.3    575.7
     1     1    11    10    17    11     0     1  -173.0   -4.719  -33.014   4822.0    569.0
     1     1    11    10    17    10     0     2  -174.0   -4.694  -33.118   4889.3    563.7
     1     1    11    10    17     9     0     3  -175.0   -4.661  -33.215   4940.3    559.7
     1     1    11    10    17     8     0     2  -176.0   -4.627  -33.310   4976.9    557.4
     1     1    11    10    17     7     0     1  -177.0   -4.600  -33.406   5002.9    555.4
     1     1    11    10    17     6     0     0  -178.0   -4.580  -33.505   5016.5    554.2
     1     1    11    10    17     5     0     1  -179.0   -4.568  -33.605   5017.4    554.4
     1     1    11    10    17     4     0     2  -180.0   -4.562  -33.708   5007.6    555.4
     1     1    11    10    17     3     0     3  -181.0   -4.563  -33.816   4989.7    557.0
     1     1    11    10    17     2     0     2  -182.0   -4.569  -33.928   4979.7    558.9
     1     1    11    10    17     1     0     1  -183.0   -4.579  -34.039   4992.7    558.3
     1     1    11    10    17     0     0     0  -184.0   -4.594  -34.144   5026.8    556.0
     1     1    11    10    16    23     0     1  -185.0   -4.605  -34.250   5070.0    551.9
     1     1    11    10    16    22     0     2  -186.0   -4.606  -34.367   5111.8    548.7
     1     1    11    10    16    21     0     3  -187.0   -4.597  -34.497   5150.8    545.6
     1     1    11    10    16    20     0     2  -188.0   -4.578  -34.630   5181.0    543.3
     1     1    11    10    16    19     0     1  -189.0   -4.546  -34.762   5198.4    542.3
     1     1    11    10    16    18     0     0  -190.0   -4.504  -34.891   5204.6    542.1
     1     1    11    10    16    17     0     1  -191.0   -4.454  -35.014   5212.9    542.5
     1     1    11    10    16    16     0     2  -192.0   -4.399  -35.121   5237.5    541.0
     1     1    11    10    16    15     0     3  -193.0   -4.338  -35.211   5280.7    538.1
     1     1    11    10    16    14     0     2  -194.0   -4.276  -35.284   5319.9    534.1
     1     1    11    10    16    13     0     1  -195.0   -4.218  -35.349   5330.1    533.5
     1     1    11    10    16    12     0     0  -196.0   -4.162  -35.410   5307.4    535.1
     1     1    11    10    16    11     0     1  -197.0   -4.116  -35.477   5272.3    538.5
     1     1    11    10    16    10     0     2  -198.0   -4.088  -35.554   5247.0    540.0
     1     1    11    10    16     9     0     3  -199.0   -4.078  -35.637   5234.1    540.5
     1     1    11    10    16     8     0     2  -200.0   -4.085  -35.729   5239.5    540.3
     1     1    11    10    16     7     0     1  -201.0   -4.108  -35.829   5269.3    538.2
     1     1    11    10    16     6     0     0  -202.0   -4.147  -35.931   5327.2    534.3
     1     1    11    10    16     5     0     1  -203.0   -4.191  -36.024   5391.7    528.6
     1     1    11    10    16     4     0     2  -204.0   -4.230  -36.100   5437.5    525.7
     1     1    11    10    16     3     0     3  -205.0   -4.262  -36.164   5463.8    524.1
     1     1    11    10    16     2     0     2  -206.0   -4.292  -36.224   5494.6    523.6
     1     1    11    10    16     1     0     1  -207.0   -4.326  -36.284   5551.8    519.7
     1     1    11    10    16     0     0     0  -208.0   -4.368  -36.340   5631.3    514.3
     1     1    11    10    15    23     0     1  -209.0   -4.417  -36.395   5718.6    507.5
     1     1    11    10    15    22     0     2  -210.0   -4.467  -36.458   5803.1    501.8
     1     1    11    10    15    21     0     3  -211.0   -4.516  -36.530   5888.9    496.0
     1     1    11    10    15    20     0     2  -212.0   -4.559  -36.602   5950.9    490.0
     1     1    11    10    15    19     0     1  -213.0   -4.591  -36.675   5959.2    489.1
     1     1    11    10    15    18     0     0  -214.0   -4.607  -36.755   5910.7    491.8
     1     1    11    10    15    17     0     1  -215.0   -4.614  -36.841   5842.0    498.5
     1     1    11    10    15    16     0     2  -216.0   -4.622  -36.923   5793.0    501.6
     1     1    11    10    15    15     0     3  -217.0   -4.634  -36.998   5766.6    503.3
     1     1    11    10    15    14     0     2  -218.0   -4.655  -37.069   5743.9    503.4
     1     1    11    10    15    13     0     1  -219.0   -4.684  -37.140   5705.5    505.8
     1     1    11    10    15    12     0     0  -220.0   -4.719  -37.213   5653.2    509.0
     1     1    11    10    15    11     0     1  -221.0   -4.760  -37.290   5603.3    512.6
     1     1    11    10    15    10     0     2  -222.0   -4.809  -37.367   5569.9    514.1
     1     1    11    10    15     9     0     3  -223.0   -4.869  -37.443   5551.3    514.6
     1     1    11    10    15     8     0     2  -224.0   -4.934  -37.520   5543.3    514.3
     1     1    11    10    15     7     0     1  -225.0   -4.999  -37.598   5543.1    513.7
     1     1    11    10    15     6     0     0  -226.0   -5.066  -37.675   5550.0    512.4
     1     1    11    10    15     5     0     1  -227.0   -5.139  -37.745   5552.6    510.9
     1     1    11    10    15     4     0     2  -228.0   -5.218  -37.805   5540.5    511.1
     1     1    11    10    15     3     0     3  -229.0   -5.306  -37.857   5515.2    512.0
     1     1    11    10    15     2     0     2  -230.0   -5.399  -37.901   5503.1    513.6
     1     1    11    10    15     1     0     1  -231.0   -5.495  -37.935   5526.7    511.0
     1     1    11    10    15     0     0     0  -232.0   -5.600  -37.958   5582.8    506.3
     1     1    11    10    14    23     0     1  -233.0   -5.721  -37.971   5645.2    499.1
     1     1    11    10    14    22     0     2  -234.0   -5.865  -37.979   5686.8    494.7
     1     1    11    10    14    21     0     3  -235.0   -6.029  -37.981   5708.8    491.6
     1     1    11    10    14    20     0     2  -236.0   -6.195  -37.985   5728.1    490.5
     1     1    11    10    14    19     0     1  -237.0   -6.351  -37.994   5753.7    488.2
     1     1    11    10    14    18     0     0  -238.0   -6.497  -38.007   5781.2    485.7
     1     1    11    10    14    17     0     1  -239.0   -6.638  -38.025   5796.0    483.7
     1     1    11    10    14    16     0     2  -240.0   -6.780  -38.050   5789.7    483.8
     1     1    11    10    14    15     0     3  -241.0   -6.922  -38.085   5770.5    484.7
     1     1    11    10    14    14     0     2  -242.0   -7.067  -38.126   5762.5    485.1
     1     1    11    10    14    13     0     1  -243.0   -7.221  -38.170   5783.8    480.7
     1     1    11    10    14    12     0     0  -244.0   -7.384  -38.214   5833.4    474.8
     1     1    11    10    14    11     0     1  -245.0   -7.553  -38.259   5886.7    467.0
     1     1    11    10    14    10     0     2  -246.0   -7.721  -38.310   5924.8    461.8
     1     1    11    10    14     9     0     3  -247.0   -7.887  -38.368   5953.3    457.6
     1     1    11    10    14     8     0     2  -248.0   -8.048  -38.423   5981.8    455.3
     1     1    11    10    14     7     0     1  -249.0   -8.204  -38.466   6017.3    455.1
     1     1    11    10    14     6     0     0  -250.0   -8.356  -38.496   6043.3    455.2
     1     1    11    10    14     5     0     1  -251.0   -8.509  -38.515   6049.1    456.6
     1     1    11    10    14     4     0     2  -252.0   -8.668  -38.527   6026.5    460.1
     1     1    11    10    14     3     0     3  -253.0   -8.833  -38.535   5972.6    465.5
     1     1    11    10    14     2     0     2  -254.0   -9.001  -38.549   5917.0    473.0
     1     1    11    10    14     1     0     1  -255.0   -9.171  -38.575   5890.1    475.6
     1     1    11    10    14     0     0     0  -256.0   -9.340  -38.610   5901.7    475.3
     1     1    11    10    13    23     0     1  -257.0   -9.504  -38.657   5941.9    472.3
     1     1    11    10    13    22     0     2  -258.0   -9.660  -38.717   6003.8    468.3
     1     1    11    10    13    21     0     3  -259.0   -9.809  -38.789   6090.9    462.5
     1     1    11    10    13    20     0     2  -260.0   -9.953  -38.870   6173.9    455.0
     1     1    11    10    13    19     0     1  -261.0  -10.091  -38.954   6220.0    451.9
     1     1    11    10    13    18     0     0  -262.0  -10.227  -39.039   6228.5    452.1
     1     1    11    10    13    17     0     1  -263.0  -10.359  -39.119   6222.3    454.7
     1     1    11    10    13    16     0     2  -264.0  -10.482  -39.183   6219.8    455.5
     1     1    11    10    13    15     0     3  -265.0  -10.597  -39.230   6214.7    456.5
     1     1    11    10    13    14     0     2  -266.0  -10.702  -39.263   6211.9    457.8
     1     1    11    10    13    13     0     1  -267.0  -10.796  -39.290   6220.2    458.1
     1     1    11    10    13    12     0     0  -268.0  -10.880  -39.312   6242.4    457.5
     1     1    11    10    13    11     0     1  -269.0  -10.960  -39.331   6275.0    455.5
     1     1    11    10    13    10     0     2  -270.0  -11.041  -39.353   6311.4    453.2
     1     1    11    10    13     9     0     3  -271.0  -11.123  -39.375   6351.7    450.6
     1     1    11    10    13     8     0     2  -272.0  -11.206  -39.394   6396.1    447.8
     1     1    11    10    13     7     0     1  -273.0  -11.288  -39.406   6441.9    445.0
     1     1    11    10    13     6     0     0  -274.0  -11.372  -39.412   6488.0    442.3
     1     1    11    10    13     5     0     1  -275.0  -11.461  -39.413   6539.9    439.9
     1     1    11    10    13     4     0     2  -276.0  -11.558  -39.416   6604.8    436.7
     1     1    11    10    13     3     0     3  -277.0  -11.661  -39.421   6687.1    432.4
     1     1    11    10    13     2     0     2  -278.0  -11.770  -39.435   6779.9    426.9
     1     1    11    10    13     1     0     1  -279.0  -11.890  -39.465   6876.4    421.8
     1     1    11    10    13     0     0     0  -280.0  -12.013  -39.512   6980.6    416.1
     1     1    11    10    12    23     0     1  -281.0  -12.129  -39.571   7080.3    409.1
     1     1    11    10    12    22     0     2  -282.0  -12.232  -39.635   7171.3    403.4
     1     1    11    10    12    21     0     3  -283.0  -12.329  -39.703   7268.7    397.2
     1     1    11    10    12    20     0     2  -284.0  -12.423  -39.767   7357.7    390.0
     1     1    11    10    12    19     0     1  -285.0  -12.520  -39.823   7405.6    385.8
     1     1    11    10    12    18     0     0  -286.0  -12.623  -39.868   7400.9    384.4
     1     1    11    10    12    17     0     1  -287.0  -12.737  -39.900   7371.1    386.2
     1     1    11    10    12    16     0     2  -288.0  -12.864  -39.915   7353.0    386.4
     1     1    11    10    12    15     0     3  -289.0  -13.011  -39.912   7361.7    385.7
     1     1    11    10    12    14     0     2  -290.0  -13.175  -39.909   7392.1    384.7
     1     1    11    10    12    13     0     1  -291.0  -13.345  -39.925   7407.3    385.7
     1     1    11    10    12    12     0     0  -292.0  -13.522  -39.959   7415.7    386.8
     1     1    11    10    12    11     0     1  -293.0  -13.712  -40.025   7441.6    387.5
     1     1    11    10    12    10     0     2  -294.0  -13.915  -40.135   7505.9    385.9
     1     1    11    10    12     9     0     3  -295.0  -14.124  -40.287   7568.2    381.1
     1     1    11    10    12     8     0     2  -296.0  -14.337  -40.474   7589.1    375.9
     1     1    11    10    12     7     0     1  -297.0  -14.557  -40.692   7535.0    371.7
     1     1    11    10    12     6     0     0  -298.0  -14.777  -40.939   7343.6    370.8
     1     1    11    10    12     5     0     1  -299.0  -14.996  -41.205   6934.3    382.1
     1     1    11    10    12     4     0     2  -300.0  -15.184  -41.459   6371.4    420.6
     1     1    11    10    12     3     0     3  -301.0  -15.328  -41.678   5758.4    456.9
     1     1    11    10    12     2     0     2  -302.0  -15.454  -41.877   5183.6    496.1
     1     1    11    10    12     1     0     1  -303.0  -15.592  -42.077   4685.0    525.4
     1     1    11    10    12     0     0     0  -304.0  -15.737  -42.265   4172.2    556.1
     1     1    11    10    11    23     0     1  -305.0  -15.863  -42.441   3619.3    595.9
     1     1    11    10    11    22     0     2  -306.0  -15.963  -42.615   3073.2    637.2
     1     1    11    10    11    21     0     3  -307.0  -16.030  -42.779   2579.6    677.8
     1     1    11    10    11    20     0     2  -308.0  -16.052  -42.924   2209.3    712.9
     1     1    11    10    11    19     0     1  -309.0  -16.036  -43.054   1994.0    730.4
     1     1    11    10    11    18     0     0  -310.0  -16.001  -43.165   1894.3    738.4
     1     1    11    10    11    17     0     1  -311.0  -15.962  -43.273   1789.3    741.8
     1     1    11    10    11    16     0     2  -312.0  -15.916  -43.368   1620.1    763.5
     1     1    11    10    11    15     0     3  -313.0  -15.858  -43.442   1457.1    783.8
     1     1    11    10    11    14     0     2  -314.0  -15.791  -43.498   1343.3    798.4
     1     1    11    10    11    13     0     1  -315.0  -15.724  -43.542   1282.3    804.9
     1     1    11    10    11    12     0     0  -316.0  -15.656  -43.581   1250.1    809.2
     1     1    11    10    11    11     0     1  -317.0  -15.581  -43.606   1224.1    811.6
     1     1    11    10    11    10     0     2  -318.0  -15.492  -43.610   1191.7    815.9
     1     1    11    10    11     9     0     3  -319.0  -15.387  -43.593   1153.7    820.7
     1     1    11    10    11     8     0     2  -320.0  -15.277  -43.559   1111.4    826.5
     1     1    11    10    11     7     0     1  -321.0  -15.172  -43.510   1065.8    831.9
     1     1    11    10    11     6     0     0  -322.0  -15.074  -43.444   1019.1    837.3
     1     1    11    10    11     5     0     1  -323.0  -14.973  -43.353    997.6    841.9
     1     1    11    10    11     4     0     2  -324.0  -14.868  -43.242   1027.2    838.3
     1     1    11    10    11     3     0     3  -325.0  -14.768  -43.126   1110.1    830.2
     1     1    11    10    11     2     0     2  -326.0  -14.696  -43.031   1217.3    817.1
     1     1    11    10    11     1     0     1  -327.0  -14.659  -42.959   1303.9    808.2
     1     1    11    10    11     0     0     0  -328.0  -14.644  -42.896   1358.6    803.1
     1     1    11    10    10    23     0     1  -329.0  -14.628  -42.836   1398.5    800.6
     1     1    11    10    10    22     0     2  -330.0  -14.591  -42.786   1445.6    796.1
     1     1    11    10    10    21     0     3  -331.0  -14.535  -42.743   1502.7    790.9
     1     1    11    10    10    20     0     2  -332.0  -14.480  -42.705   1559.1    785.4
     1     1    11    10    10    19     0     1  -333.0  -14.444  -42.665   1601.4    782.2
     1     1    11    10    10    18     0     0  -334.0  -14.428  -42.621   1631.0    779.8
     1     1    11    10    10    17     0     1  -335.0  -14.426  -42.581   1644.0    778.3
     1     1    11    10    10    16     0     2  -336.0  -14.432  -42.558   1636.2    779.0
