     3     1
    GDAS    11    10     8     0     0
    GDAS    11    10    15     0     0
    GDAS    11    10    22     0     0
     1 BACKWARD OMEGA   
  2011    10    24    15   -8.860  -56.740  4419.6
     1 PRESSURE
     1     1    11    10    24    15     0     3     0.0   -8.860  -56.740   4419.6    585.1
     1     1    11    10    24    14     0     2    -1.0   -8.676  -56.616   4296.4    593.6
     1     1    11    10    24    13     0     1    -2.0   -8.495  -56.486   4241.7    593.5
     1     1    11    10    24    12     0     0    -3.0   -8.318  -56.352   4227.0    590.5
     1     1    11    10    24    11     0     1    -4.0   -8.140  -56.219   4211.6    586.4
     1     1    11    10    24    10     0     2    -5.0   -7.952  -56.089   4178.8    587.1
     1     1    11    10    24     9     0     3    -6.0   -7.748  -55.964   4149.8    591.9
     1     1    11    10    24     8     0     2    -7.0   -7.532  -55.836   4135.6    597.2
     1     1    11    10    24     7     0     1    -8.0   -7.312  -55.695   4142.1    599.6
     1     1    11    10    24     6     0     0    -9.0   -7.087  -55.545   4160.8    600.9
     1     1    11    10    24     5     0     1   -10.0   -6.867  -55.391   4164.1    600.8
     1     1    11    10    24     4     0     2   -11.0   -6.660  -55.237   4141.9    603.4
     1     1    11    10    24     3     0     3   -12.0   -6.464  -55.079   4116.9    605.6
     1     1    11    10    24     2     0     2   -13.0   -6.276  -54.917   4129.9    606.1
     1     1    11    10    24     1     0     1   -14.0   -6.093  -54.757   4200.4    600.4
     1     1    11    10    24     0     0     0   -15.0   -5.913  -54.606   4305.5    592.6
     1     1    11    10    23    23     0     1   -16.0   -5.730  -54.473   4385.2    583.8
     1     1    11    10    23    22     0     2   -17.0   -5.542  -54.352   4391.4    583.8
     1     1    11    10    23    21     0     3   -18.0   -5.349  -54.231   4319.1    588.7
     1     1    11    10    23    20     0     2   -19.0   -5.154  -54.102   4196.3    600.8
     1     1    11    10    23    19     0     1   -20.0   -4.959  -53.970   4082.9    611.3
     1     1    11    10    23    18     0     0   -21.0   -4.766  -53.841   4024.0    618.7
     1     1    11    10    23    17     0     1   -22.0   -4.571  -53.721   4004.8    619.4
     1     1    11    10    23    16     0     2   -23.0   -4.374  -53.610   3992.9    622.4
     1     1    11    10    23    15     0     3   -24.0   -4.172  -53.501   3996.2    624.7
     1     1    11    10    23    14     0     2   -25.0   -3.970  -53.396   4009.7    624.3
     1     1    11    10    23    13     0     1   -26.0   -3.780  -53.298   4029.1    623.8
     1     1    11    10    23    12     0     0   -27.0   -3.605  -53.211   4070.5    620.9
     1     1    11    10    23    11     0     1   -28.0   -3.437  -53.137   4124.7    615.3
     1     1    11    10    23    10     0     2   -29.0   -3.272  -53.076   4173.9    610.9
     1     1    11    10    23     9     0     3   -30.0   -3.111  -53.028   4214.4    607.2
     1     1    11    10    23     8     0     2   -31.0   -2.949  -52.995   4237.5    604.6
     1     1    11    10    23     7     0     1   -32.0   -2.785  -52.983   4230.7    605.2
     1     1    11    10    23     6     0     0   -33.0   -2.627  -53.002   4186.3    608.9
     1     1    11    10    23     5     0     1   -34.0   -2.470  -53.064   4140.0    616.2
     1     1    11    10    23     4     0     2   -35.0   -2.303  -53.168   4122.0    618.3
     1     1    11    10    23     3     0     3   -36.0   -2.130  -53.307   4123.7    618.7
     1     1    11    10    23     2     0     2   -37.0   -1.951  -53.475   4131.4    617.0
     1     1    11    10    23     1     0     1   -38.0   -1.763  -53.673   4133.7    612.9
     1     1    11    10    23     0     0     0   -39.0   -1.563  -53.910   4134.4    608.1
     1     1    11    10    22    23     0     1   -40.0   -1.365  -54.153   4141.7    603.7
     1     1    11    10    22    22     0     2   -41.0   -1.182  -54.360   4168.7    599.2
     1     1    11    10    22    21     0     3   -42.0   -1.016  -54.519   4225.2    592.8
     1     1    11    10    22    20     0     2   -43.0   -0.864  -54.677   4331.7    585.9
     1     1    11    10    22    19     0     1   -44.0   -0.728  -54.880   4473.9    574.0
     1     1    11    10    22    18     0     0   -45.0   -0.600  -55.130   4626.5    562.5
     1     1    11    10    22    17     0     1   -46.0   -0.491  -55.424   4785.6    551.7
     1     1    11    10    22    16     0     2   -47.0   -0.398  -55.763   4933.8    541.5
     1     1    11    10    22    15     0     3   -48.0   -0.306  -56.160   5038.6    534.4
     1     1    11    10    22    14     0     2   -49.0   -0.258  -56.586   5037.6    534.7
     1     1    11    10    22    13     0     1   -50.0   -0.254  -56.987   4924.1    546.0
     1     1    11    10    22    12     0     0   -51.0   -0.261  -57.385   4784.1    560.2
     1     1    11    10    22    11     0     1   -52.0   -0.320  -57.795   4594.5    567.1
     1     1    11    10    22    10     0     2   -53.0   -0.448  -58.181   4342.2    589.9
     1     1    11    10    22     9     0     3   -54.0   -0.626  -58.529   4148.1    612.1
     1     1    11    10    22     8     0     2   -55.0   -0.858  -58.827   4011.4    619.9
     1     1    11    10    22     7     0     1   -56.0   -1.133  -59.083   3799.7    630.5
     1     1    11    10    22     6     0     0   -57.0   -1.417  -59.336   3519.2    658.8
     1     1    11    10    22     5     0     1   -58.0   -1.690  -59.598   3304.7    681.7
     1     1    11    10    22     4     0     2   -59.0   -1.958  -59.859   3213.6    689.8
     1     1    11    10    22     3     0     3   -60.0   -2.229  -60.110   3240.3    688.6
     1     1    11    10    22     2     0     2   -61.0   -2.494  -60.351   3308.1    679.5
     1     1    11    10    22     1     0     1   -62.0   -2.749  -60.582   3355.8    676.7
     1     1    11    10    22     0     0     0   -63.0   -2.997  -60.805   3400.0    674.7
     1     1    11    10    21    23     0     1   -64.0   -3.238  -61.027   3436.7    669.8
     1     1    11    10    21    22     0     2   -65.0   -3.468  -61.247   3442.4    668.4
     1     1    11    10    21    21     0     3   -66.0   -3.683  -61.461   3415.2    670.5
     1     1    11    10    21    20     0     2   -67.0   -3.888  -61.669   3392.1    675.4
     1     1    11    10    21    19     0     1   -68.0   -4.086  -61.870   3408.1    674.5
     1     1    11    10    21    18     0     0   -69.0   -4.276  -62.066   3466.5    669.7
     1     1    11    10    21    17     0     1   -70.0   -4.469  -62.251   3504.5    661.9
     1     1    11    10    21    16     0     2   -71.0   -4.683  -62.422   3441.3    665.9
     1     1    11    10    21    15     0     3   -72.0   -4.934  -62.585   3234.4    681.5
     1     1    11    10    21    14     0     2   -73.0   -5.217  -62.755   3034.6    712.8
     1     1    11    10    21    13     0     1   -74.0   -5.497  -62.931   2987.3    713.9
     1     1    11    10    21    12     0     0   -75.0   -5.773  -63.115   3012.8    706.6
     1     1    11    10    21    11     0     1   -76.0   -6.031  -63.294   3038.2    701.5
     1     1    11    10    21    10     0     2   -77.0   -6.255  -63.457   3057.4    700.1
     1     1    11    10    21     9     0     3   -78.0   -6.451  -63.606   3093.2    696.9
     1     1    11    10    21     8     0     2   -79.0   -6.627  -63.737   3130.5    691.5
     1     1    11    10    21     7     0     1   -80.0   -6.788  -63.842   3143.0    689.9
     1     1    11    10    21     6     0     0   -81.0   -6.935  -63.923   3124.8    690.9
     1     1    11    10    21     5     0     1   -82.0   -7.076  -63.979   3095.8    695.3
     1     1    11    10    21     4     0     2   -83.0   -7.219  -64.007   3071.8    697.5
     1     1    11    10    21     3     0     3   -84.0   -7.365  -64.005   3044.0    699.7
     1     1    11    10    21     2     0     2   -85.0   -7.520  -63.985   2994.8    702.6
     1     1    11    10    21     1     0     1   -86.0   -7.684  -63.958   2918.2    709.2
     1     1    11    10    21     0     0     0   -87.0   -7.850  -63.923   2823.2    717.4
     1     1    11    10    20    23     0     1   -88.0   -8.020  -63.890   2756.1    726.6
     1     1    11    10    20    22     0     2   -89.0   -8.202  -63.870   2755.8    725.9
     1     1    11    10    20    21     0     3   -90.0   -8.394  -63.863   2814.1    720.0
     1     1    11    10    20    20     0     2   -91.0   -8.586  -63.857   2892.6    710.8
     1     1    11    10    20    19     0     1   -92.0   -8.771  -63.835   2955.4    705.6
     1     1    11    10    20    18     0     0   -93.0   -8.957  -63.797   3001.2    702.2
     1     1    11    10    20    17     0     1   -94.0   -9.144  -63.743   3026.4    699.5
     1     1    11    10    20    16     0     2   -95.0   -9.322  -63.673   3031.0    698.7
     1     1    11    10    20    15     0     3   -96.0   -9.484  -63.591   3019.6    699.3
     1     1    11    10    20    14     0     2   -97.0   -9.632  -63.504   3001.1    700.2
     1     1    11    10    20    13     0     1   -98.0   -9.773  -63.412   2999.6    700.5
     1     1    11    10    20    12     0     0   -99.0   -9.908  -63.314   3043.9    696.4
     1     1    11    10    20    11     0     1  -100.0  -10.049  -63.218   3088.9    686.2
     1     1    11    10    20    10     0     2  -101.0  -10.215  -63.122   3070.3    685.1
     1     1    11    10    20     9     0     3  -102.0  -10.410  -63.017   2988.4    690.2
     1     1    11    10    20     8     0     2  -103.0  -10.618  -62.896   2851.7    700.5
     1     1    11    10    20     7     0     1  -104.0  -10.827  -62.756   2621.2    716.7
     1     1    11    10    20     6     0     0  -105.0  -11.046  -62.611   2275.8    747.9
     1     1    11    10    20     5     0     1  -106.0  -11.274  -62.480   1967.6    789.7
     1     1    11    10    20     4     0     2  -107.0  -11.510  -62.361   1755.6    801.8
     1     1    11    10    20     3     0     3  -108.0  -11.761  -62.256   1544.0    815.4
     1     1    11    10    20     2     0     2  -109.0  -12.016  -62.157   1371.0    833.8
     1     1    11    10    20     1     0     1  -110.0  -12.262  -62.051   1291.1    844.2
     1     1    11    10    20     0     0     0  -111.0  -12.489  -61.938   1297.4    847.1
     1     1    11    10    19    23     0     1  -112.0  -12.700  -61.830   1288.8    841.3
     1     1    11    10    19    22     0     2  -113.0  -12.878  -61.737   1163.9    854.3
     1     1    11    10    19    21     0     3  -114.0  -13.007  -61.659    940.0    878.6
     1     1    11    10    19    20     0     2  -115.0  -13.095  -61.580    735.1    908.5
     1     1    11    10    19    19     0     1  -116.0  -13.198  -61.495    611.1    916.6
     1     1    11    10    19    18     0     0  -117.0  -13.328  -61.408    524.0    922.4
     1     1    11    10    19    17     0     1  -118.0  -13.469  -61.318    464.4    928.9
     1     1    11    10    19    16     0     2  -119.0  -13.604  -61.220    432.2    931.7
     1     1    11    10    19    15     0     3  -120.0  -13.734  -61.110    420.9    932.5
     1     1    11    10    19    14     0     2  -121.0  -13.865  -60.990    426.2    931.7
     1     1    11    10    19    13     0     1  -122.0  -14.008  -60.856    439.3    930.8
     1     1    11    10    19    12     0     0  -123.0  -14.164  -60.706    449.8    931.0
     1     1    11    10    19    11     0     1  -124.0  -14.323  -60.551    447.0    930.5
     1     1    11    10    19    10     0     2  -125.0  -14.467  -60.401    423.1    932.4
     1     1    11    10    19     9     0     3  -126.0  -14.602  -60.253    377.9    935.7
     1     1    11    10    19     8     0     2  -127.0  -14.722  -60.108    322.0    941.5
     1     1    11    10    19     7     0     1  -128.0  -14.824  -59.962    268.0    945.9
     1     1    11    10    19     6     0     0  -129.0  -14.908  -59.814    223.3    946.9
     1     1    11    10    19     5     0     1  -130.0  -14.986  -59.663    189.1    946.8
     1     1    11    10    19     4     0     2  -131.0  -15.062  -59.516    165.0    947.2
     1     1    11    10    19     3     0     3  -132.0  -15.139  -59.368    151.1    946.5
     1     1    11    10    19     2     0     2  -133.0  -15.225  -59.225    143.9    945.7
     1     1    11    10    19     1     0     1  -134.0  -15.323  -59.092    140.6    945.4
     1     1    11    10    19     0     0     0  -135.0  -15.428  -58.969    138.2    946.7
     1     1    11    10    18    23     0     1  -136.0  -15.531  -58.857    127.4    950.5
     1     1    11    10    18    22     0     2  -137.0  -15.623  -58.757    106.1    955.8
     1     1    11    10    18    21     0     3  -138.0  -15.700  -58.668     82.5    960.9
     1     1    11    10    18    20     0     2  -139.0  -15.766  -58.591     62.1    966.7
     1     1    11    10    18    19     0     1  -140.0  -15.829  -58.522     45.5    970.9
     1     1    11    10    18    18     0     0  -141.0  -15.890  -58.460     32.0    974.4
     1     1    11    10    18    17     0     1  -142.0  -15.956  -58.403     19.2    978.9
     1     1    11    10    18    16     0     2  -143.0  -16.030  -58.349      5.9    983.6
     1     1    11    10    18    15     0     3  -144.0  -16.111  -58.296      0.0    986.2
     1     1    11    10    18    14     0     2  -145.0  -16.194  -58.251      0.0    987.4
     1     1    11    10    18    13     0     1  -146.0  -16.272  -58.224      0.0    988.3
     1     1    11    10    18    12     0     0  -147.0  -16.347  -58.215      0.0    989.0
     1     1    11    10    18    11     0     1  -148.0  -16.418  -58.213      0.0    988.3
     1     1    11    10    18    10     0     2  -149.0  -16.487  -58.212      0.0    987.7
     1     1    11    10    18     9     0     3  -150.0  -16.554  -58.211      0.0    986.9
     1     1    11    10    18     8     0     2  -151.0  -16.620  -58.210      0.0    987.5
     1     1    11    10    18     7     0     1  -152.0  -16.686  -58.207      0.0    988.1
     1     1    11    10    18     6     0     0  -153.0  -16.753  -58.204      0.0    988.8
     1     1    11    10    18     5     0     1  -154.0  -16.820  -58.195      0.0    989.3
     1     1    11    10    18     4     0     2  -155.0  -16.888  -58.175      0.0    989.9
     1     1    11    10    18     3     0     3  -156.0  -16.957  -58.144      0.0    990.4
     1     1    11    10    18     2     0     2  -157.0  -17.024  -58.112      0.0    990.5
     1     1    11    10    18     1     0     1  -158.0  -17.088  -58.093      0.0    989.8
     1     1    11    10    18     0     0     0  -159.0  -17.146  -58.085      0.9    989.0
     1     1    11    10    17    23     0     1  -160.0  -17.210  -58.078      3.0    986.9
     1     1    11    10    17    22     0     2  -161.0  -17.289  -58.062      7.7    984.8
     1     1    11    10    17    21     0     3  -162.0  -17.387  -58.039     16.6    982.0
     1     1    11    10    17    20     0     2  -163.0  -17.499  -58.010     29.9    979.5
     1     1    11    10    17    19     0     1  -164.0  -17.612  -57.976     46.6    977.6
     1     1    11    10    17    18     0     0  -165.0  -17.727  -57.937     67.0    975.3
     1     1    11    10    17    17     0     1  -166.0  -17.846  -57.898     90.1    972.7
     1     1    11    10    17    16     0     2  -167.0  -17.972  -57.862    116.1    970.1
     1     1    11    10    17    15     0     3  -168.0  -18.103  -57.829    142.1    968.9
     1     1    11    10    17    14     0     2  -169.0  -18.240  -57.800    168.1    967.7
     1     1    11    10    17    13     0     1  -170.0  -18.386  -57.779    197.9    965.8
     1     1    11    10    17    12     0     0  -171.0  -18.542  -57.763    231.8    963.5
     1     1    11    10    17    11     0     1  -172.0  -18.718  -57.757    266.7    959.7
     1     1    11    10    17    10     0     2  -173.0  -18.923  -57.760    295.9    956.1
     1     1    11    10    17     9     0     3  -174.0  -19.152  -57.769    319.5    953.7
     1     1    11    10    17     8     0     2  -175.0  -19.391  -57.774    343.5    952.4
     1     1    11    10    17     7     0     1  -176.0  -19.623  -57.765    371.2    950.4
     1     1    11    10    17     6     0     0  -177.0  -19.848  -57.740    403.8    947.6
     1     1    11    10    17     5     0     1  -178.0  -20.081  -57.696    439.2    943.4
     1     1    11    10    17     4     0     2  -179.0  -20.336  -57.633    476.6    937.5
     1     1    11    10    17     3     0     3  -180.0  -20.617  -57.553    524.4    930.0
     1     1    11    10    17     2     0     2  -181.0  -20.918  -57.474    590.5    919.3
     1     1    11    10    17     1     0     1  -182.0  -21.233  -57.408    662.2    909.1
     1     1    11    10    17     0     0     0  -183.0  -21.558  -57.360    715.3    903.2
     1     1    11    10    16    23     0     1  -184.0  -21.879  -57.331    744.6    902.1
     1     1    11    10    16    22     0     2  -185.0  -22.178  -57.319    763.4    903.7
     1     1    11    10    16    21     0     3  -186.0  -22.457  -57.330    781.7    905.5
     1     1    11    10    16    20     0     2  -187.0  -22.720  -57.360    796.2    907.2
     1     1    11    10    16    19     0     1  -188.0  -22.973  -57.400    801.0    910.2
     1     1    11    10    16    18     0     0  -189.0  -23.220  -57.444    801.7    911.4
     1     1    11    10    16    17     0     1  -190.0  -23.460  -57.492    803.8    911.6
     1     1    11    10    16    16     0     2  -191.0  -23.687  -57.549    805.4    911.8
     1     1    11    10    16    15     0     3  -192.0  -23.901  -57.618    803.0    912.4
     1     1    11    10    16    14     0     2  -193.0  -24.114  -57.689    796.2    913.6
     1     1    11    10    16    13     0     1  -194.0  -24.342  -57.751    787.7    914.9
     1     1    11    10    16    12     0     0  -195.0  -24.588  -57.810    779.2    916.2
     1     1    11    10    16    11     0     1  -196.0  -24.842  -57.859    776.4    916.6
     1     1    11    10    16    10     0     2  -197.0  -25.089  -57.891    782.4    915.2
     1     1    11    10    16     9     0     3  -198.0  -25.321  -57.907    790.8    912.9
     1     1    11    10    16     8     0     2  -199.0  -25.548  -57.912    797.3    912.1
     1     1    11    10    16     7     0     1  -200.0  -25.783  -57.909    805.9    911.2
     1     1    11    10    16     6     0     0  -201.0  -26.022  -57.899    824.3    909.4
     1     1    11    10    16     5     0     1  -202.0  -26.272  -57.874    847.3    906.2
     1     1    11    10    16     4     0     2  -203.0  -26.539  -57.826    865.4    904.5
     1     1    11    10    16     3     0     3  -204.0  -26.819  -57.753    880.8    903.2
     1     1    11    10    16     2     0     2  -205.0  -27.104  -57.670    897.7    901.7
     1     1    11    10    16     1     0     1  -206.0  -27.386  -57.591    919.7    899.4
     1     1    11    10    16     0     0     0  -207.0  -27.664  -57.510    947.0    896.7
     1     1    11    10    15    23     0     1  -208.0  -27.930  -57.431    980.0    893.3
     1     1    11    10    15    22     0     2  -209.0  -28.177  -57.364   1009.6    889.0
     1     1    11    10    15    21     0     3  -210.0  -28.410  -57.315   1027.2    886.8
     1     1    11    10    15    20     0     2  -211.0  -28.632  -57.267   1029.7    886.5
     1     1    11    10    15    19     0     1  -212.0  -28.842  -57.206   1019.0    888.5
     1     1    11    10    15    18     0     0  -213.0  -29.042  -57.133   1004.5    890.6
     1     1    11    10    15    17     0     1  -214.0  -29.229  -57.055    993.4    892.4
     1     1    11    10    15    16     0     2  -215.0  -29.402  -56.978    984.5    893.1
     1     1    11    10    15    15     0     3  -216.0  -29.564  -56.903    969.5    894.3
     1     1    11    10    15    14     0     2  -217.0  -29.719  -56.821    941.7    896.6
     1     1    11    10    15    13     0     1  -218.0  -29.872  -56.727    903.7    900.8
     1     1    11    10    15    12     0     0  -219.0  -30.028  -56.620    866.1    904.4
     1     1    11    10    15    11     0     1  -220.0  -30.176  -56.501    830.3    905.4
     1     1    11    10    15    10     0     2  -221.0  -30.304  -56.370    794.6    906.6
     1     1    11    10    15     9     0     3  -222.0  -30.412  -56.223    761.3    907.4
     1     1    11    10    15     8     0     2  -223.0  -30.504  -56.055    746.1    907.5
     1     1    11    10    15     7     0     1  -224.0  -30.588  -55.872    763.0    904.8
     1     1    11    10    15     6     0     0  -225.0  -30.667  -55.685    807.5    900.7
     1     1    11    10    15     5     0     1  -226.0  -30.747  -55.494    859.6    895.0
     1     1    11    10    15     4     0     2  -227.0  -30.832  -55.297    894.0    892.5
     1     1    11    10    15     3     0     3  -228.0  -30.912  -55.091    898.2    893.6
     1     1    11    10    15     2     0     2  -229.0  -31.008  -54.890    877.1    895.8
     1     1    11    10    15     1     0     1  -230.0  -31.145  -54.710    848.0    896.1
     1     1    11    10    15     0     0     0  -231.0  -31.319  -54.556    815.6    897.9
     1     1    11    10    14    23     0     1  -232.0  -31.505  -54.446    780.3    901.7
     1     1    11    10    14    22     0     2  -233.0  -31.694  -54.398    741.5    906.7
     1     1    11    10    14    21     0     3  -234.0  -31.891  -54.416    693.9    913.5
     1     1    11    10    14    20     0     2  -235.0  -32.086  -54.486    638.9    921.8
     1     1    11    10    14    19     0     1  -236.0  -32.264  -54.590    587.7    927.8
     1     1    11    10    14    18     0     0  -237.0  -32.432  -54.727    545.6    931.1
     1     1    11    10    14    17     0     1  -238.0  -32.611  -54.875    506.5    932.8
     1     1    11    10    14    16     0     2  -239.0  -32.828  -55.007    467.4    934.6
     1     1    11    10    14    15     0     3  -240.0  -33.085  -55.123    441.9    938.8
     1     1    11    10    14    14     0     2  -241.0  -33.361  -55.251    451.3    940.8
     1     1    11    10    14    13     0     1  -242.0  -33.644  -55.409    495.1    936.8
     1     1    11    10    14    12     0     0  -243.0  -33.943  -55.588    554.2    931.3
     1     1    11    10    14    11     0     1  -244.0  -34.257  -55.769    590.3    929.0
     1     1    11    10    14    10     0     2  -245.0  -34.571  -55.937    585.6    934.5
     1     1    11    10    14     9     0     3  -246.0  -34.888  -56.094    565.6    941.9
     1     1    11    10    14     8     0     2  -247.0  -35.208  -56.239    551.1    944.9
     1     1    11    10    14     7     0     1  -248.0  -35.534  -56.371    550.4    945.1
     1     1    11    10    14     6     0     0  -249.0  -35.863  -56.496    568.4    943.0
     1     1    11    10    14     5     0     1  -250.0  -36.176  -56.619    593.4    939.3
     1     1    11    10    14     4     0     2  -251.0  -36.463  -56.742    610.7    937.4
     1     1    11    10    14     3     0     3  -252.0  -36.727  -56.869    620.9    937.0
     1     1    11    10    14     2     0     2  -253.0  -36.988  -57.000    630.6    936.5
     1     1    11    10    14     1     0     1  -254.0  -37.257  -57.127    643.5    934.7
     1     1    11    10    14     0     0     0  -255.0  -37.526  -57.247    663.7    931.8
     1     1    11    10    13    23     0     1  -256.0  -37.771  -57.383    689.8    927.0
     1     1    11    10    13    22     0     2  -257.0  -37.978  -57.566    714.0    922.0
     1     1    11    10    13    21     0     3  -258.0  -38.157  -57.798    729.3    918.9
     1     1    11    10    13    20     0     2  -259.0  -38.317  -58.052    736.1    918.5
     1     1    11    10    13    19     0     1  -260.0  -38.454  -58.291    739.0    919.3
     1     1    11    10    13    18     0     0  -261.0  -38.569  -58.514    737.3    920.6
     1     1    11    10    13    17     0     1  -262.0  -38.676  -58.708    734.9    922.6
     1     1    11    10    13    16     0     2  -263.0  -38.784  -58.855    737.2    923.9
     1     1    11    10    13    15     0     3  -264.0  -38.887  -58.946    746.9    924.6
     1     1    11    10    13    14     0     2  -265.0  -38.975  -58.996    759.7    924.1
     1     1    11    10    13    13     0     1  -266.0  -39.039  -59.018    768.2    923.9
     1     1    11    10    13    12     0     0  -267.0  -39.080  -59.009    771.5    923.8
     1     1    11    10    13    11     0     1  -268.0  -39.087  -58.983    764.5    924.1
     1     1    11    10    13    10     0     2  -269.0  -39.055  -58.954    743.5    926.4
     1     1    11    10    13     9     0     3  -270.0  -38.990  -58.927    709.8    930.1
     1     1    11    10    13     8     0     2  -271.0  -38.880  -58.876    674.6    933.9
     1     1    11    10    13     7     0     1  -272.0  -38.715  -58.779    649.1    934.7
     1     1    11    10    13     6     0     0  -273.0  -38.503  -58.646    634.5    933.8
     1     1    11    10    13     5     0     1  -274.0  -38.259  -58.461    625.3    931.5
     1     1    11    10    13     4     0     2  -275.0  -37.987  -58.191    598.9    930.6
     1     1    11    10    13     3     0     3  -276.0  -37.676  -57.822    529.4    941.7
     1     1    11    10    13     2     0     2  -277.0  -37.335  -57.349    443.4    960.2
     1     1    11    10    13     1     0     1  -278.0  -36.978  -56.795    371.8    970.4
     1     1    11    10    13     0     0     0  -279.0  -36.634  -56.190    334.3    976.9
     1     1    11    10    12    23     0     1  -280.0  -36.299  -55.563    322.4    975.7
     1     1    11    10    12    22     0     2  -281.0  -35.974  -54.919    303.2    977.1
     1     1    11    10    12    21     0     3  -282.0  -35.676  -54.264    281.6    981.7
     1     1    11    10    12    20     0     2  -283.0  -35.420  -53.602    267.2    983.5
     1     1    11    10    12    19     0     1  -284.0  -35.224  -52.934    261.5    985.1
     1     1    11    10    12    18     0     0  -285.0  -35.087  -52.262    263.7    984.9
     1     1    11    10    12    17     0     1  -286.0  -34.995  -51.624    266.6    985.4
     1     1    11    10    12    16     0     2  -287.0  -34.934  -51.056    267.3    986.6
     1     1    11    10    12    15     0     3  -288.0  -34.910  -50.555    265.3    987.9
     1     1    11    10    12    14     0     2  -289.0  -34.914  -50.105    261.4    988.9
     1     1    11    10    12    13     0     1  -290.0  -34.942  -49.690    255.7    989.4
     1     1    11    10    12    12     0     0  -291.0  -34.999  -49.302    247.0    990.4
     1     1    11    10    12    11     0     1  -292.0  -35.073  -48.936    239.3    991.4
     1     1    11    10    12    10     0     2  -293.0  -35.145  -48.591    235.7    991.5
     1     1    11    10    12     9     0     3  -294.0  -35.213  -48.270    236.2    991.2
     1     1    11    10    12     8     0     2  -295.0  -35.290  -47.976    238.3    990.6
     1     1    11    10    12     7     0     1  -296.0  -35.385  -47.713    239.4    990.3
     1     1    11    10    12     6     0     0  -297.0  -35.499  -47.478    239.8    990.0
     1     1    11    10    12     5     0     1  -298.0  -35.643  -47.270    240.2    989.7
     1     1    11    10    12     4     0     2  -299.0  -35.828  -47.089    240.0    989.3
     1     1    11    10    12     3     0     3  -300.0  -36.054  -46.936    238.0    989.0
     1     1    11    10    12     2     0     2  -301.0  -36.308  -46.824    238.3    989.3
     1     1    11    10    12     1     0     1  -302.0  -36.579  -46.764    244.5    988.4
     1     1    11    10    12     0     0     0  -303.0  -36.865  -46.748    256.0    987.0
     1     1    11    10    11    23     0     1  -304.0  -37.159  -46.779    271.2    984.4
     1     1    11    10    11    22     0     2  -305.0  -37.454  -46.858    287.5    981.4
     1     1    11    10    11    21     0     3  -306.0  -37.752  -46.977    301.5    978.7
     1     1    11    10    11    20     0     2  -307.0  -38.048  -47.130    310.1    977.1
     1     1    11    10    11    19     0     1  -308.0  -38.338  -47.320    315.6    976.4
     1     1    11    10    11    18     0     0  -309.0  -38.619  -47.552    321.3    975.1
     1     1    11    10    11    17     0     1  -310.0  -38.898  -47.815    326.9    973.8
     1     1    11    10    11    16     0     2  -311.0  -39.187  -48.105    333.2    972.4
     1     1    11    10    11    15     0     3  -312.0  -39.491  -48.437    339.6    970.9
     1     1    11    10    11    14     0     2  -313.0  -39.807  -48.793    348.6    969.8
     1     1    11    10    11    13     0     1  -314.0  -40.129  -49.146    365.1    967.7
     1     1    11    10    11    12     0     0  -315.0  -40.439  -49.502    387.8    964.6
     1     1    11    10    11    11     0     1  -316.0  -40.742  -49.865    409.4    960.7
     1     1    11    10    11    10     0     2  -317.0  -41.053  -50.233    425.5    958.0
     1     1    11    10    11     9     0     3  -318.0  -41.387  -50.590    439.8    955.4
     1     1    11    10    11     8     0     2  -319.0  -41.730  -50.923    447.9    953.4
     1     1    11    10    11     7     0     1  -320.0  -42.053  -51.255    444.5    954.1
     1     1    11    10    11     6     0     0  -321.0  -42.355  -51.619    438.8    955.7
     1     1    11    10    11     5     0     1  -322.0  -42.639  -51.980    437.6    956.3
     1     1    11    10    11     4     0     2  -323.0  -42.884  -52.300    435.7    956.6
     1     1    11    10    11     3     0     3  -324.0  -43.070  -52.613    432.4    957.9
     1     1    11    10    11     2     0     2  -325.0  -43.208  -52.919    429.5    958.3
     1     1    11    10    11     1     0     1  -326.0  -43.303  -53.187    423.5    959.0
     1     1    11    10    11     0     0     0  -327.0  -43.352  -53.409    416.4    960.2
     1     1    11    10    10    23     0     1  -328.0  -43.371  -53.571    411.4    960.5
     1     1    11    10    10    22     0     2  -329.0  -43.365  -53.654    407.7    960.5
     1     1    11    10    10    21     0     3  -330.0  -43.334  -53.650    402.9    960.5
     1     1    11    10    10    20     0     2  -331.0  -43.276  -53.546    395.9    961.3
     1     1    11    10    10    19     0     1  -332.0  -43.190  -53.322    385.7    962.2
     1     1    11    10    10    18     0     0  -333.0  -43.071  -52.949    370.8    963.5
     1     1    11    10    10    17     0     1  -334.0  -42.925  -52.446    358.6    965.9
     1     1    11    10    10    16     0     2  -335.0  -42.753  -51.836    344.3    966.6
     1     1    11    10    10    15     0     3  -336.0  -42.551  -51.099    334.8    969.5
