     3     1
    GDAS    11     4     1     0     0
    GDAS    11     4     8     0     0
    GDAS    11     4    15     0     0
     1 BACKWARD OMEGA   
  2011     4    16    16   -8.860  -56.760  3505.2
     1 PRESSURE
     1     1    11     4    16    16     0     2     0.0   -8.860  -56.760   3505.2    653.3
     1     1    11     4    16    15     0     3    -1.0   -8.788  -56.512   3480.1    652.5
     1     1    11     4    16    14     0     2    -2.0   -8.721  -56.244   3470.0    652.3
     1     1    11     4    16    13     0     1    -3.0   -8.658  -55.967   3496.0    647.2
     1     1    11     4    16    12     0     0    -4.0   -8.599  -55.690   3554.3    639.8
     1     1    11     4    16    11     0     1    -5.0   -8.547  -55.421   3621.2    630.4
     1     1    11     4    16    10     0     2    -6.0   -8.512  -55.163   3678.5    624.5
     1     1    11     4    16     9     0     3    -7.0   -8.495  -54.922   3736.0    619.3
     1     1    11     4    16     8     0     2    -8.0   -8.491  -54.693   3796.2    614.9
     1     1    11     4    16     7     0     1    -9.0   -8.494  -54.468   3854.7    610.7
     1     1    11     4    16     6     0     0   -10.0   -8.503  -54.245   3909.6    606.9
     1     1    11     4    16     5     0     1   -11.0   -8.515  -54.021   3962.1    603.8
     1     1    11     4    16     4     0     2   -12.0   -8.525  -53.790   4007.9    600.8
     1     1    11     4    16     3     0     3   -13.0   -8.529  -53.553   4037.5    599.3
     1     1    11     4    16     2     0     2   -14.0   -8.528  -53.314   4048.4    598.9
     1     1    11     4    16     1     0     1   -15.0   -8.525  -53.073   4045.0    599.9
     1     1    11     4    16     0     0     0   -16.0   -8.521  -52.828   4037.1    601.5
     1     1    11     4    15    23     0     1   -17.0   -8.521  -52.580   4044.0    602.4
     1     1    11     4    15    22     0     2   -18.0   -8.529  -52.333   4077.1    600.0
     1     1    11     4    15    21     0     3   -19.0   -8.547  -52.086   4131.0    596.2
     1     1    11     4    15    20     0     2   -20.0   -8.569  -51.841   4185.8    591.0
     1     1    11     4    15    19     0     1   -21.0   -8.592  -51.598   4231.4    587.2
     1     1    11     4    15    18     0     0   -22.0   -8.618  -51.357   4274.6    583.4
     1     1    11     4    15    17     0     1   -23.0   -8.641  -51.111   4319.9    579.3
     1     1    11     4    15    16     0     2   -24.0   -8.661  -50.855   4373.5    576.7
     1     1    11     4    15    15     0     3   -25.0   -8.679  -50.590   4427.3    575.7
     1     1    11     4    15    14     0     2   -26.0   -8.696  -50.318   4460.8    575.7
     1     1    11     4    15    13     0     1   -27.0   -8.709  -50.039   4467.0    578.9
     1     1    11     4    15    12     0     0   -28.0   -8.717  -49.752   4441.7    581.0
     1     1    11     4    15    11     0     1   -29.0   -8.726  -49.462   4419.1    583.7
     1     1    11     4    15    10     0     2   -30.0   -8.741  -49.173   4429.6    582.2
     1     1    11     4    15     9     0     3   -31.0   -8.763  -48.888   4478.8    578.3
     1     1    11     4    15     8     0     2   -32.0   -8.789  -48.602   4545.1    573.0
     1     1    11     4    15     7     0     1   -33.0   -8.817  -48.313   4600.9    570.1
     1     1    11     4    15     6     0     0   -34.0   -8.847  -48.020   4646.0    568.1
     1     1    11     4    15     5     0     1   -35.0   -8.876  -47.717   4671.9    561.4
     1     1    11     4    15     4     0     2   -36.0   -8.904  -47.398   4697.2    552.7
     1     1    11     4    15     3     0     3   -37.0   -8.929  -47.069   4709.1    544.4
     1     1    11     4    15     2     0     2   -38.0   -8.960  -46.736   4735.8    544.2
     1     1    11     4    15     1     0     1   -39.0   -9.000  -46.402   4772.5    544.7
     1     1    11     4    15     0     0     0   -40.0   -9.052  -46.067   4805.5    545.3
     1     1    11     4    14    23     0     1   -41.0   -9.117  -45.733   4798.1    542.3
     1     1    11     4    14    22     0     2   -42.0   -9.196  -45.403   4754.0    542.6
     1     1    11     4    14    21     0     3   -43.0   -9.288  -45.078   4693.6    544.5
     1     1    11     4    14    20     0     2   -44.0   -9.390  -44.757   4649.2    550.1
     1     1    11     4    14    19     0     1   -45.0   -9.498  -44.434   4619.8    553.9
     1     1    11     4    14    18     0     0   -46.0   -9.608  -44.113   4584.8    556.8
     1     1    11     4    14    17     0     1   -47.0   -9.721  -43.795   4543.9    559.5
     1     1    11     4    14    16     0     2   -48.0   -9.836  -43.478   4522.7    560.0
     1     1    11     4    14    15     0     3   -49.0   -9.949  -43.160   4529.1    560.0
     1     1    11     4    14    14     0     2   -50.0  -10.055  -42.845   4555.2    558.1
     1     1    11     4    14    13     0     1   -51.0  -10.160  -42.533   4579.0    554.8
     1     1    11     4    14    12     0     0   -52.0  -10.266  -42.222   4579.1    552.5
     1     1    11     4    14    11     0     1   -53.0  -10.369  -41.914   4551.4    551.9
     1     1    11     4    14    10     0     2   -54.0  -10.460  -41.621   4507.4    550.7
     1     1    11     4    14     9     0     3   -55.0  -10.541  -41.344   4463.6    551.0
     1     1    11     4    14     8     0     2   -56.0  -10.614  -41.079   4429.0    551.1
     1     1    11     4    14     7     0     1   -57.0  -10.681  -40.818   4424.2    555.2
     1     1    11     4    14     6     0     0   -58.0  -10.738  -40.554   4450.7    559.2
     1     1    11     4    14     5     0     1   -59.0  -10.789  -40.283   4496.3    561.4
     1     1    11     4    14     4     0     2   -60.0  -10.837  -40.001   4554.8    563.7
     1     1    11     4    14     3     0     3   -61.0  -10.885  -39.709   4611.9    561.4
     1     1    11     4    14     2     0     2   -62.0  -10.941  -39.415   4670.3    559.0
     1     1    11     4    14     1     0     1   -63.0  -11.010  -39.128   4721.0    557.1
     1     1    11     4    14     0     0     0   -64.0  -11.092  -38.848   4755.4    555.9
     1     1    11     4    13    23     0     1   -65.0  -11.178  -38.580   4793.6    555.2
     1     1    11     4    13    22     0     2   -66.0  -11.261  -38.330   4855.5    551.9
     1     1    11     4    13    21     0     3   -67.0  -11.335  -38.095   4941.3    547.1
     1     1    11     4    13    20     0     2   -68.0  -11.399  -37.869   5034.9    542.5
     1     1    11     4    13    19     0     1   -69.0  -11.453  -37.649   5114.0    540.8
     1     1    11     4    13    18     0     0   -70.0  -11.497  -37.432   5178.7    539.9
     1     1    11     4    13    17     0     1   -71.0  -11.533  -37.215   5228.2    539.2
     1     1    11     4    13    16     0     2   -72.0  -11.563  -36.996   5258.5    540.0
     1     1    11     4    13    15     0     3   -73.0  -11.587  -36.776   5263.2    539.8
     1     1    11     4    13    14     0     2   -74.0  -11.610  -36.554   5256.7    540.8
     1     1    11     4    13    13     0     1   -75.0  -11.632  -36.326   5244.5    541.8
     1     1    11     4    13    12     0     0   -76.0  -11.656  -36.091   5226.3    543.2
     1     1    11     4    13    11     0     1   -77.0  -11.681  -35.853   5204.0    544.3
     1     1    11     4    13    10     0     2   -78.0  -11.702  -35.623   5181.3    545.5
     1     1    11     4    13     9     0     3   -79.0  -11.717  -35.403   5159.6    546.5
     1     1    11     4    13     8     0     2   -80.0  -11.722  -35.187   5143.7    547.9
     1     1    11     4    13     7     0     1   -81.0  -11.714  -34.967   5139.1    548.1
     1     1    11     4    13     6     0     0   -82.0  -11.697  -34.741   5137.8    547.7
     1     1    11     4    13     5     0     1   -83.0  -11.673  -34.504   5129.2    548.2
     1     1    11     4    13     4     0     2   -84.0  -11.644  -34.255   5112.7    549.7
     1     1    11     4    13     3     0     3   -85.0  -11.610  -33.996   5094.3    551.3
     1     1    11     4    13     2     0     2   -86.0  -11.576  -33.729   5083.4    552.7
     1     1    11     4    13     1     0     1   -87.0  -11.545  -33.458   5082.0    552.7
     1     1    11     4    13     0     0     0   -88.0  -11.517  -33.177   5081.7    552.5
     1     1    11     4    12    23     0     1   -89.0  -11.491  -32.891   5079.6    552.5
     1     1    11     4    12    22     0     2   -90.0  -11.466  -32.604   5079.4    552.4
     1     1    11     4    12    21     0     3   -91.0  -11.441  -32.317   5081.6    551.8
     1     1    11     4    12    20     0     2   -92.0  -11.413  -32.031   5081.6    551.7
     1     1    11     4    12    19     0     1   -93.0  -11.385  -31.749   5075.5    552.1
     1     1    11     4    12    18     0     0   -94.0  -11.357  -31.475   5064.5    553.1
     1     1    11     4    12    17     0     1   -95.0  -11.331  -31.203   5067.4    554.2
     1     1    11     4    12    16     0     2   -96.0  -11.310  -30.927   5103.0    551.9
     1     1    11     4    12    15     0     3   -97.0  -11.289  -30.643   5168.0    547.2
     1     1    11     4    12    14     0     2   -98.0  -11.269  -30.352   5229.0    541.4
     1     1    11     4    12    13     0     1   -99.0  -11.251  -30.055   5263.0    539.6
     1     1    11     4    12    12     0     0  -100.0  -11.236  -29.754   5279.5    539.0
     1     1    11     4    12    11     0     1  -101.0  -11.222  -29.453   5302.3    538.4
     1     1    11     4    12    10     0     2  -102.0  -11.201  -29.155   5357.6    534.7
     1     1    11     4    12     9     0     3  -103.0  -11.171  -28.859   5446.6    528.0
     1     1    11     4    12     8     0     2  -104.0  -11.136  -28.563   5529.1    520.1
     1     1    11     4    12     7     0     1  -105.0  -11.103  -28.264   5575.4    517.3
     1     1    11     4    12     6     0     0  -106.0  -11.076  -27.966   5599.9    516.1
     1     1    11     4    12     5     0     1  -107.0  -11.060  -27.668   5615.3    515.7
     1     1    11     4    12     4     0     2  -108.0  -11.055  -27.371   5623.2    515.2
     1     1    11     4    12     3     0     3  -109.0  -11.058  -27.071   5619.2    515.6
     1     1    11     4    12     2     0     2  -110.0  -11.062  -26.769   5614.0    516.9
     1     1    11     4    12     1     0     1  -111.0  -11.065  -26.467   5619.8    516.6
     1     1    11     4    12     0     0     0  -112.0  -11.064  -26.163   5631.2    515.7
     1     1    11     4    11    23     0     1  -113.0  -11.061  -25.859   5644.7    514.7
     1     1    11     4    11    22     0     2  -114.0  -11.057  -25.559   5655.6    513.6
     1     1    11     4    11    21     0     3  -115.0  -11.050  -25.263   5656.1    513.2
     1     1    11     4    11    20     0     2  -116.0  -11.039  -24.971   5641.0    514.0
     1     1    11     4    11    19     0     1  -117.0  -11.027  -24.683   5613.1    516.0
     1     1    11     4    11    18     0     0  -118.0  -11.016  -24.395   5577.6    518.1
     1     1    11     4    11    17     0     1  -119.0  -11.010  -24.103   5555.4    521.1
     1     1    11     4    11    16     0     2  -120.0  -11.012  -23.807   5565.4    520.5
     1     1    11     4    11    15     0     3  -121.0  -11.024  -23.508   5603.4    518.0
     1     1    11     4    11    14     0     2  -122.0  -11.045  -23.208   5654.6    514.0
     1     1    11     4    11    13     0     1  -123.0  -11.072  -22.903   5707.2    510.9
     1     1    11     4    11    12     0     0  -124.0  -11.108  -22.595   5757.7    507.5
     1     1    11     4    11    11     0     1  -125.0  -11.152  -22.287   5789.8    504.4
     1     1    11     4    11    10     0     2  -126.0  -11.199  -21.985   5798.6    504.1
     1     1    11     4    11     9     0     3  -127.0  -11.247  -21.691   5796.7    504.4
     1     1    11     4    11     8     0     2  -128.0  -11.293  -21.403   5791.2    504.6
     1     1    11     4    11     7     0     1  -129.0  -11.340  -21.115   5776.9    504.9
     1     1    11     4    11     6     0     0  -130.0  -11.389  -20.827   5746.1    506.6
     1     1    11     4    11     5     0     1  -131.0  -11.442  -20.549   5715.5    510.0
     1     1    11     4    11     4     0     2  -132.0  -11.494  -20.286   5698.6    511.1
     1     1    11     4    11     3     0     3  -133.0  -11.546  -20.034   5686.6    511.9
     1     1    11     4    11     2     0     2  -134.0  -11.596  -19.785   5671.5    512.8
     1     1    11     4    11     1     0     1  -135.0  -11.645  -19.534   5653.0    514.4
     1     1    11     4    11     0     0     0  -136.0  -11.693  -19.282   5638.5    515.8
     1     1    11     4    10    23     0     1  -137.0  -11.741  -19.038   5639.0    516.2
     1     1    11     4    10    22     0     2  -138.0  -11.789  -18.809   5661.5    514.9
     1     1    11     4    10    21     0     3  -139.0  -11.833  -18.594   5703.1    512.1
     1     1    11     4    10    20     0     2  -140.0  -11.874  -18.389   5747.4    508.2
     1     1    11     4    10    19     0     1  -141.0  -11.914  -18.187   5781.0    505.9
     1     1    11     4    10    18     0     0  -142.0  -11.955  -17.987   5803.5    504.2
     1     1    11     4    10    17     0     1  -143.0  -11.999  -17.787   5822.9    503.5
     1     1    11     4    10    16     0     2  -144.0  -12.048  -17.580   5846.8    502.1
     1     1    11     4    10    15     0     3  -145.0  -12.098  -17.366   5874.4    500.3
     1     1    11     4    10    14     0     2  -146.0  -12.152  -17.148   5908.5    498.5
     1     1    11     4    10    13     0     1  -147.0  -12.210  -16.931   5953.8    495.8
     1     1    11     4    10    12     0     0  -148.0  -12.272  -16.717   6012.8    492.3
     1     1    11     4    10    11     0     1  -149.0  -12.337  -16.511   6081.8    487.6
     1     1    11     4    10    10     0     2  -150.0  -12.404  -16.321   6157.4    482.9
     1     1    11     4    10     9     0     3  -151.0  -12.475  -16.146   6243.0    477.7
     1     1    11     4    10     8     0     2  -152.0  -12.546  -15.981   6318.6    471.6
     1     1    11     4    10     7     0     1  -153.0  -12.616  -15.821   6360.8    468.6
     1     1    11     4    10     6     0     0  -154.0  -12.686  -15.664   6370.9    468.0
     1     1    11     4    10     5     0     1  -155.0  -12.761  -15.509   6372.7    469.3
     1     1    11     4    10     4     0     2  -156.0  -12.841  -15.354   6382.5    468.7
     1     1    11     4    10     3     0     3  -157.0  -12.927  -15.200   6396.1    468.0
     1     1    11     4    10     2     0     2  -158.0  -13.014  -15.049   6402.9    467.2
     1     1    11     4    10     1     0     1  -159.0  -13.101  -14.901   6397.5    467.8
     1     1    11     4    10     0     0     0  -160.0  -13.187  -14.758   6381.3    468.9
     1     1    11     4     9    23     0     1  -161.0  -13.272  -14.619   6363.9    470.6
     1     1    11     4     9    22     0     2  -162.0  -13.350  -14.483   6355.1    471.2
     1     1    11     4     9    21     0     3  -163.0  -13.419  -14.352   6355.3    471.3
     1     1    11     4     9    20     0     2  -164.0  -13.484  -14.230   6368.4    470.5
     1     1    11     4     9    19     0     1  -165.0  -13.547  -14.118   6397.4    468.4
     1     1    11     4     9    18     0     0  -166.0  -13.610  -14.016   6439.9    465.5
     1     1    11     4     9    17     0     1  -167.0  -13.675  -13.917   6481.0    462.1
     1     1    11     4     9    16     0     2  -168.0  -13.744  -13.814   6508.5    460.5
     1     1    11     4     9    15     0     3  -169.0  -13.817  -13.709   6524.0    459.6
     1     1    11     4     9    14     0     2  -170.0  -13.898  -13.603   6533.9    459.5
     1     1    11     4     9    13     0     1  -171.0  -13.991  -13.496   6543.4    459.1
     1     1    11     4     9    12     0     0  -172.0  -14.094  -13.389   6553.6    458.7
     1     1    11     4     9    11     0     1  -173.0  -14.203  -13.286   6565.0    457.8
     1     1    11     4     9    10     0     2  -174.0  -14.315  -13.188   6577.4    457.0
     1     1    11     4     9     9     0     3  -175.0  -14.433  -13.095   6591.4    456.0
     1     1    11     4     9     8     0     2  -176.0  -14.559  -13.010   6606.5    454.9
     1     1    11     4     9     7     0     1  -177.0  -14.696  -12.936   6622.2    453.8
     1     1    11     4     9     6     0     0  -178.0  -14.843  -12.877   6638.8    452.7
     1     1    11     4     9     5     0     1  -179.0  -15.000  -12.831   6660.6    451.8
     1     1    11     4     9     4     0     2  -180.0  -15.162  -12.791   6689.7    450.1
     1     1    11     4     9     3     0     3  -181.0  -15.332  -12.757   6720.6    448.3
     1     1    11     4     9     2     0     2  -182.0  -15.511  -12.726   6741.9    446.8
     1     1    11     4     9     1     0     1  -183.0  -15.699  -12.699   6745.7    446.8
     1     1    11     4     9     0     0     0  -184.0  -15.899  -12.677   6732.0    447.8
     1     1    11     4     8    23     0     1  -185.0  -16.117  -12.657   6710.3    449.6
     1     1    11     4     8    22     0     2  -186.0  -16.359  -12.639   6687.8    450.9
     1     1    11     4     8    21     0     3  -187.0  -16.623  -12.622   6660.8    452.4
     1     1    11     4     8    20     0     2  -188.0  -16.899  -12.615   6640.0    454.1
     1     1    11     4     8    19     0     1  -189.0  -17.179  -12.622   6648.1    453.8
     1     1    11     4     8    18     0     0  -190.0  -17.469  -12.641   6687.3    450.8
     1     1    11     4     8    17     0     1  -191.0  -17.765  -12.665   6733.6    447.1
     1     1    11     4     8    16     0     2  -192.0  -18.058  -12.689   6765.7    444.9
     1     1    11     4     8    15     0     3  -193.0  -18.345  -12.714   6781.5    444.1
     1     1    11     4     8    14     0     2  -194.0  -18.636  -12.733   6795.4    444.1
     1     1    11     4     8    13     0     1  -195.0  -18.942  -12.742   6818.8    442.7
     1     1    11     4     8    12     0     0  -196.0  -19.263  -12.747   6854.8    440.9
     1     1    11     4     8    11     0     1  -197.0  -19.590  -12.757   6900.2    437.7
     1     1    11     4     8    10     0     2  -198.0  -19.915  -12.773   6950.7    434.8
     1     1    11     4     8     9     0     3  -199.0  -20.228  -12.793   7011.8    431.4
     1     1    11     4     8     8     0     2  -200.0  -20.531  -12.813   7086.1    427.1
     1     1    11     4     8     7     0     1  -201.0  -20.830  -12.832   7174.6    422.1
     1     1    11     4     8     6     0     0  -202.0  -21.125  -12.848   7279.7    416.2
     1     1    11     4     8     5     0     1  -203.0  -21.421  -12.854   7398.2    409.7
     1     1    11     4     8     4     0     2  -204.0  -21.725  -12.846   7520.1    403.1
     1     1    11     4     8     3     0     3  -205.0  -22.041  -12.824   7635.4    396.8
     1     1    11     4     8     2     0     2  -206.0  -22.373  -12.789   7735.5    391.5
     1     1    11     4     8     1     0     1  -207.0  -22.721  -12.742   7819.6    387.4
     1     1    11     4     8     0     0     0  -208.0  -23.086  -12.679   7894.3    383.9
     1     1    11     4     7    23     0     1  -209.0  -23.473  -12.612   7959.3    380.4
     1     1    11     4     7    22     0     2  -210.0  -23.880  -12.552   8010.3    377.9
     1     1    11     4     7    21     0     3  -211.0  -24.305  -12.497   8050.3    376.0
     1     1    11     4     7    20     0     2  -212.0  -24.746  -12.444   8069.7    374.3
     1     1    11     4     7    19     0     1  -213.0  -25.203  -12.390   8058.7    374.7
     1     1    11     4     7    18     0     0  -214.0  -25.670  -12.335   8020.2    376.6
     1     1    11     4     7    17     0     1  -215.0  -26.137  -12.278   7980.4    379.9
     1     1    11     4     7    16     0     2  -216.0  -26.597  -12.221   7964.3    380.7
     1     1    11     4     7    15     0     3  -217.0  -27.047  -12.167   7961.4    380.2
     1     1    11     4     7    14     0     2  -218.0  -27.486  -12.118   7966.1    380.4
     1     1    11     4     7    13     0     1  -219.0  -27.912  -12.073   7991.1    379.7
     1     1    11     4     7    12     0     0  -220.0  -28.325  -12.032   8056.5    377.1
     1     1    11     4     7    11     0     1  -221.0  -28.729  -11.995   8156.7    371.0
     1     1    11     4     7    10     0     2  -222.0  -29.119  -11.962   8259.5    364.9
     1     1    11     4     7     9     0     3  -223.0  -29.487  -11.939   8345.5    360.3
     1     1    11     4     7     8     0     2  -224.0  -29.850  -11.926   8419.2    356.9
     1     1    11     4     7     7     0     1  -225.0  -30.225  -11.926   8485.9    353.2
     1     1    11     4     7     6     0     0  -226.0  -30.603  -11.933   8539.4    350.3
     1     1    11     4     7     5     0     1  -227.0  -30.990  -11.960   8582.7    348.7
     1     1    11     4     7     4     0     2  -228.0  -31.390  -12.021   8625.7    346.9
     1     1    11     4     7     3     0     3  -229.0  -31.805  -12.114   8670.8    345.0
     1     1    11     4     7     2     0     2  -230.0  -32.228  -12.260   8731.6    342.7
     1     1    11     4     7     1     0     1  -231.0  -32.650  -12.484   8812.7    338.5
     1     1    11     4     7     0     0     0  -232.0  -33.058  -12.790   8899.3    334.2
     1     1    11     4     6    23     0     1  -233.0  -33.442  -13.186   8989.1    330.1
     1     1    11     4     6    22     0     2  -234.0  -33.793  -13.685   9081.3    325.5
     1     1    11     4     6    21     0     3  -235.0  -34.098  -14.290   9151.5    321.4
     1     1    11     4     6    20     0     2  -236.0  -34.335  -14.965   9199.5    319.5
     1     1    11     4     6    19     0     1  -237.0  -34.498  -15.682   9233.2    317.3
     1     1    11     4     6    18     0     0  -238.0  -34.590  -16.440   9273.5    316.5
     1     1    11     4     6    17     0     1  -239.0  -34.601  -17.224   9329.6    312.9
     1     1    11     4     6    16     0     2  -240.0  -34.515  -18.032   9379.4    311.3
     1     1    11     4     6    15     0     3  -241.0  -34.340  -18.878   9394.2    309.1
     1     1    11     4     6    14     0     2  -242.0  -34.111  -19.700   9266.3    315.9
     1     1    11     4     6    13     0     1  -243.0  -33.825  -20.449   9114.7    323.0
     1     1    11     4     6    12     0     0  -244.0  -33.505  -21.143   8931.5    331.3
     1     1    11     4     6    11     0     1  -245.0  -33.167  -21.816   8777.2    341.4
     1     1    11     4     6    10     0     2  -246.0  -32.823  -22.479   8679.8    342.9
     1     1    11     4     6     9     0     3  -247.0  -32.463  -23.125   8647.1    347.6
     1     1    11     4     6     8     0     2  -248.0  -32.086  -23.760   8592.1    342.2
     1     1    11     4     6     7     0     1  -249.0  -31.673  -24.340   8431.9    354.1
     1     1    11     4     6     6     0     0  -250.0  -31.240  -24.869   8271.3    363.2
     1     1    11     4     6     5     0     1  -251.0  -30.805  -25.372   8140.5    370.4
     1     1    11     4     6     4     0     2  -252.0  -30.365  -25.856   8030.5    375.1
     1     1    11     4     6     3     0     3  -253.0  -29.914  -26.323   7943.6    380.8
     1     1    11     4     6     2     0     2  -254.0  -29.474  -26.782   7890.0    382.9
     1     1    11     4     6     1     0     1  -255.0  -29.063  -27.238   7865.9    384.8
     1     1    11     4     6     0     0     0  -256.0  -28.683  -27.693   7854.2    383.9
     1     1    11     4     5    23     0     1  -257.0  -28.328  -28.148   7809.5    385.3
     1     1    11     4     5    22     0     2  -258.0  -27.977  -28.610   7727.7    390.4
     1     1    11     4     5    21     0     3  -259.0  -27.633  -29.070   7582.1    395.8
     1     1    11     4     5    20     0     2  -260.0  -27.293  -29.528   7399.3    409.4
     1     1    11     4     5    19     0     1  -261.0  -26.945  -29.995   7193.4    417.0
     1     1    11     4     5    18     0     0  -262.0  -26.605  -30.477   6966.2    433.0
     1     1    11     4     5    17     0     1  -263.0  -26.285  -30.948   6768.0    444.1
     1     1    11     4     5    16     0     2  -264.0  -25.952  -31.383   6547.0    454.6
     1     1    11     4     5    15     0     3  -265.0  -25.600  -31.779   6295.8    471.9
     1     1    11     4     5    14     0     2  -266.0  -25.264  -32.140   6076.6    487.7
     1     1    11     4     5    13     0     1  -267.0  -24.955  -32.465   5884.6    498.0
     1     1    11     4     5    12     0     0  -268.0  -24.652  -32.758   5714.0    511.0
     1     1    11     4     5    11     0     1  -269.0  -24.363  -33.027   5596.2    518.8
     1     1    11     4     5    10     0     2  -270.0  -24.099  -33.269   5532.7    522.3
     1     1    11     4     5     9     0     3  -271.0  -23.848  -33.498   5537.1    523.2
     1     1    11     4     5     8     0     2  -272.0  -23.610  -33.740   5547.2    516.9
     1     1    11     4     5     7     0     1  -273.0  -23.385  -33.984   5483.8    521.5
     1     1    11     4     5     6     0     0  -274.0  -23.167  -34.209   5382.7    530.1
     1     1    11     4     5     5     0     1  -275.0  -22.967  -34.415   5308.2    537.9
     1     1    11     4     5     4     0     2  -276.0  -22.786  -34.611   5279.8    539.1
     1     1    11     4     5     3     0     3  -277.0  -22.606  -34.793   5273.4    539.0
     1     1    11     4     5     2     0     2  -278.0  -22.435  -34.971   5249.1    538.8
     1     1    11     4     5     1     0     1  -279.0  -22.291  -35.153   5194.5    543.5
     1     1    11     4     5     0     0     0  -280.0  -22.179  -35.335   5133.7    548.6
     1     1    11     4     4    23     0     1  -281.0  -22.094  -35.523   5043.8    552.2
     1     1    11     4     4    22     0     2  -282.0  -22.030  -35.721   4869.1    562.3
     1     1    11     4     4    21     0     3  -283.0  -21.978  -35.921   4568.4    582.2
     1     1    11     4     4    20     0     2  -284.0  -21.911  -36.142   4255.2    615.5
     1     1    11     4     4    19     0     1  -285.0  -21.821  -36.394   4055.2    629.6
     1     1    11     4     4    18     0     0  -286.0  -21.714  -36.663   3913.7    637.6
     1     1    11     4     4    17     0     1  -287.0  -21.588  -36.941   3792.0    647.3
     1     1    11     4     4    16     0     2  -288.0  -21.444  -37.229   3685.6    655.7
     1     1    11     4     4    15     0     3  -289.0  -21.292  -37.521   3581.3    663.5
     1     1    11     4     4    14     0     2  -290.0  -21.132  -37.806   3465.4    672.9
     1     1    11     4     4    13     0     1  -291.0  -20.965  -38.074   3341.3    684.0
     1     1    11     4     4    12     0     0  -292.0  -20.804  -38.318   3225.7    694.9
     1     1    11     4     4    11     0     1  -293.0  -20.652  -38.536   3119.4    702.5
     1     1    11     4     4    10     0     2  -294.0  -20.497  -38.733   3013.0    710.9
     1     1    11     4     4     9     0     3  -295.0  -20.331  -38.908   2904.5    719.5
     1     1    11     4     4     8     0     2  -296.0  -20.159  -39.062   2827.9    729.2
     1     1    11     4     4     7     0     1  -297.0  -19.997  -39.201   2812.5    730.0
     1     1    11     4     4     6     0     0  -298.0  -19.849  -39.335   2838.1    726.0
     1     1    11     4     4     5     0     1  -299.0  -19.710  -39.469   2869.3    721.5
     1     1    11     4     4     4     0     2  -300.0  -19.573  -39.599   2886.3    719.8
     1     1    11     4     4     3     0     3  -301.0  -19.435  -39.724   2889.4    719.0
     1     1    11     4     4     2     0     2  -302.0  -19.301  -39.837   2862.3    719.0
     1     1    11     4     4     1     0     1  -303.0  -19.177  -39.930   2782.9    724.3
     1     1    11     4     4     0     0     0  -304.0  -19.065  -39.997   2638.1    735.5
     1     1    11     4     3    23     0     1  -305.0  -18.970  -40.047   2491.2    752.2
     1     1    11     4     3    22     0     2  -306.0  -18.886  -40.098   2407.5    757.8
     1     1    11     4     3    21     0     3  -307.0  -18.807  -40.155   2378.6    757.3
     1     1    11     4     3    20     0     2  -308.0  -18.730  -40.218   2368.1    753.9
     1     1    11     4     3    19     0     1  -309.0  -18.655  -40.286   2349.2    753.6
     1     1    11     4     3    18     0     0  -310.0  -18.580  -40.354   2322.5    754.1
     1     1    11     4     3    17     0     1  -311.0  -18.505  -40.420   2286.6    755.8
     1     1    11     4     3    16     0     2  -312.0  -18.431  -40.480   2241.5    759.0
     1     1    11     4     3    15     0     3  -313.0  -18.359  -40.534   2191.0    762.8
     1     1    11     4     3    14     0     2  -314.0  -18.292  -40.581   2148.4    766.8
     1     1    11     4     3    13     0     1  -315.0  -18.236  -40.619   2124.8    768.5
     1     1    11     4     3    12     0     0  -316.0  -18.189  -40.646   2120.0    768.8
     1     1    11     4     3    11     0     1  -317.0  -18.143  -40.668   2118.4    766.5
     1     1    11     4     3    10     0     2  -318.0  -18.089  -40.690   2103.4    766.9
     1     1    11     4     3     9     0     3  -319.0  -18.024  -40.713   2073.6    768.6
     1     1    11     4     3     8     0     2  -320.0  -17.959  -40.738   2044.9    771.7
     1     1    11     4     3     7     0     1  -321.0  -17.907  -40.766   2034.2    771.1
     1     1    11     4     3     6     0     0  -322.0  -17.870  -40.796   2041.4    769.1
     1     1    11     4     3     5     0     1  -323.0  -17.850  -40.825   2053.3    766.3
     1     1    11     4     3     4     0     2  -324.0  -17.848  -40.854   2056.5    765.7
     1     1    11     4     3     3     0     3  -325.0  -17.865  -40.883   2050.3    766.1
     1     1    11     4     3     2     0     2  -326.0  -17.895  -40.923   2046.1    767.0
     1     1    11     4     3     1     0     1  -327.0  -17.938  -40.982   2056.0    765.3
     1     1    11     4     3     0     0     0  -328.0  -17.997  -41.062   2078.5    762.0
     1     1    11     4     2    23     0     1  -329.0  -18.063  -41.157   2086.7    756.9
     1     1    11     4     2    22     0     2  -330.0  -18.124  -41.261   2066.9    756.9
     1     1    11     4     2    21     0     3  -331.0  -18.180  -41.372   2031.9    758.6
     1     1    11     4     2    20     0     2  -332.0  -18.230  -41.490   1996.8    761.4
     1     1    11     4     2    19     0     1  -333.0  -18.275  -41.616   1972.5    762.9
     1     1    11     4     2    18     0     0  -334.0  -18.316  -41.753   1964.0    763.3
     1     1    11     4     2    17     0     1  -335.0  -18.343  -41.882   1978.3    762.0
     1     1    11     4     2    16     0     2  -336.0  -18.349  -41.983   2015.8    758.0
