     3     1
    GDAS    11     6     1     0     0
    GDAS    11     6     8     0     0
    GDAS    11     6    15     0     0
     1 BACKWARD OMEGA   
  2011     6    19    16   -8.860  -56.860   457.2
     1 PRESSURE
     1     1    11     6    19    16     0     2     0.0   -8.860  -56.860    457.2    939.2
     1     1    11     6    19    15     0     3    -1.0   -8.840  -56.786    443.1    940.7
     1     1    11     6    19    14     0     2    -2.0   -8.810  -56.692    438.4    940.1
     1     1    11     6    19    13     0     1    -3.0   -8.772  -56.571    447.9    937.1
     1     1    11     6    19    12     0     0    -4.0   -8.722  -56.425    473.7    931.8
     1     1    11     6    19    11     0     1    -5.0   -8.673  -56.267    504.3    924.2
     1     1    11     6    19    10     0     2    -6.0   -8.640  -56.113    526.6    919.3
     1     1    11     6    19     9     0     3    -7.0   -8.629  -55.963    540.6    915.7
     1     1    11     6    19     8     0     2    -8.0   -8.630  -55.815    548.4    913.6
     1     1    11     6    19     7     0     1    -9.0   -8.629  -55.665    552.3    911.7
     1     1    11     6    19     6     0     0   -10.0   -8.624  -55.515    553.3    910.1
     1     1    11     6    19     5     0     1   -11.0   -8.615  -55.359    552.0    909.0
     1     1    11     6    19     4     0     2   -12.0   -8.600  -55.193    548.8    908.1
     1     1    11     6    19     3     0     3   -13.0   -8.579  -55.017    544.3    907.4
     1     1    11     6    19     2     0     2   -14.0   -8.564  -54.841    535.2    908.2
     1     1    11     6    19     1     0     1   -15.0   -8.562  -54.674    518.0    910.3
     1     1    11     6    19     0     0     0   -16.0   -8.575  -54.516    492.6    913.2
     1     1    11     6    18    23     0     1   -17.0   -8.594  -54.368    462.1    917.1
     1     1    11     6    18    22     0     2   -18.0   -8.612  -54.229    431.4    920.9
     1     1    11     6    18    21     0     3   -19.0   -8.625  -54.098    403.6    924.2
     1     1    11     6    18    20     0     2   -20.0   -8.635  -53.975    380.6    927.0
     1     1    11     6    18    19     0     1   -21.0   -8.646  -53.861    361.1    929.3
     1     1    11     6    18    18     0     0   -22.0   -8.658  -53.757    343.4    931.4
     1     1    11     6    18    17     0     1   -23.0   -8.672  -53.653    326.2    934.1
     1     1    11     6    18    16     0     2   -24.0   -8.690  -53.540    310.0    936.7
     1     1    11     6    18    15     0     3   -25.0   -8.713  -53.417    296.7    939.0
     1     1    11     6    18    14     0     2   -26.0   -8.744  -53.286    291.0    939.9
     1     1    11     6    18    13     0     1   -27.0   -8.787  -53.146    298.5    938.7
     1     1    11     6    18    12     0     0   -28.0   -8.842  -52.985    323.5    935.4
     1     1    11     6    18    11     0     1   -29.0   -8.900  -52.797    360.7    930.9
     1     1    11     6    18    10     0     2   -30.0   -8.947  -52.593    401.4    927.7
     1     1    11     6    18     9     0     3   -31.0   -8.983  -52.381    446.0    924.4
     1     1    11     6    18     8     0     2   -32.0   -9.009  -52.162    495.4    921.1
     1     1    11     6    18     7     0     1   -33.0   -9.031  -51.932    551.2    916.5
     1     1    11     6    18     6     0     0   -34.0   -9.051  -51.686    615.2    907.9
     1     1    11     6    18     5     0     1   -35.0   -9.079  -51.429    686.0    898.1
     1     1    11     6    18     4     0     2   -36.0   -9.124  -51.168    758.8    888.9
     1     1    11     6    18     3     0     3   -37.0   -9.183  -50.906    830.9    883.0
     1     1    11     6    18     2     0     2   -38.0   -9.247  -50.663    896.1    881.4
     1     1    11     6    18     1     0     1   -39.0   -9.306  -50.451    951.2    880.1
     1     1    11     6    18     0     0     0   -40.0   -9.361  -50.266    997.6    879.0
     1     1    11     6    17    23     0     1   -41.0   -9.410  -50.103   1034.6    877.8
     1     1    11     6    17    22     0     2   -42.0   -9.451  -49.957   1062.6    876.4
     1     1    11     6    17    21     0     3   -43.0   -9.486  -49.826   1086.7    872.8
     1     1    11     6    17    20     0     2   -44.0   -9.517  -49.699   1112.7    869.3
     1     1    11     6    17    19     0     1   -45.0   -9.548  -49.563   1142.6    865.2
     1     1    11     6    17    18     0     0   -46.0   -9.578  -49.421   1176.9    860.4
     1     1    11     6    17    17     0     1   -47.0   -9.605  -49.266   1211.1    855.1
     1     1    11     6    17    16     0     2   -48.0   -9.628  -49.094   1240.5    850.6
     1     1    11     6    17    15     0     3   -49.0   -9.649  -48.904   1263.9    847.6
     1     1    11     6    17    14     0     2   -50.0   -9.663  -48.696   1284.3    846.2
     1     1    11     6    17    13     0     1   -51.0   -9.665  -48.471   1305.1    844.3
     1     1    11     6    17    12     0     0   -52.0   -9.660  -48.231   1323.7    842.7
     1     1    11     6    17    11     0     1   -53.0   -9.658  -47.984   1333.4    841.1
     1     1    11     6    17    10     0     2   -54.0   -9.669  -47.732   1340.7    838.4
     1     1    11     6    17     9     0     3   -55.0   -9.690  -47.474   1361.6    833.3
     1     1    11     6    17     8     0     2   -56.0   -9.719  -47.213   1393.8    827.8
     1     1    11     6    17     7     0     1   -57.0   -9.751  -46.946   1430.3    822.2
     1     1    11     6    17     6     0     0   -58.0   -9.786  -46.675   1454.6    816.5
     1     1    11     6    17     5     0     1   -59.0   -9.826  -46.398   1462.8    813.4
     1     1    11     6    17     4     0     2   -60.0   -9.870  -46.109   1461.2    809.6
     1     1    11     6    17     3     0     3   -61.0   -9.926  -45.801   1455.1    808.3
     1     1    11     6    17     2     0     2   -62.0  -10.005  -45.492   1450.3    807.9
     1     1    11     6    17     1     0     1   -63.0  -10.108  -45.186   1445.7    807.7
     1     1    11     6    17     0     0     0   -64.0  -10.228  -44.875   1441.5    808.7
     1     1    11     6    16    23     0     1   -65.0  -10.350  -44.579   1432.1    809.7
     1     1    11     6    16    22     0     2   -66.0  -10.467  -44.307   1405.9    812.1
     1     1    11     6    16    21     0     3   -67.0  -10.579  -44.047   1350.7    817.6
     1     1    11     6    16    20     0     2   -68.0  -10.687  -43.804   1285.1    827.8
     1     1    11     6    16    19     0     1   -69.0  -10.794  -43.585   1236.6    834.7
     1     1    11     6    16    18     0     0   -70.0  -10.901  -43.383   1209.0    839.1
     1     1    11     6    16    17     0     1   -71.0  -11.010  -43.181   1193.8    841.5
     1     1    11     6    16    16     0     2   -72.0  -11.130  -42.959   1185.1    841.8
     1     1    11     6    16    15     0     3   -73.0  -11.261  -42.715   1189.5    834.9
     1     1    11     6    16    14     0     2   -74.0  -11.403  -42.452   1216.1    822.9
     1     1    11     6    16    13     0     1   -75.0  -11.553  -42.182   1269.8    806.3
     1     1    11     6    16    12     0     0   -76.0  -11.704  -41.927   1342.7    788.6
     1     1    11     6    16    11     0     1   -77.0  -11.855  -41.690   1402.6    779.7
     1     1    11     6    16    10     0     2   -78.0  -12.018  -41.453   1422.4    779.4
     1     1    11     6    16     9     0     3   -79.0  -12.196  -41.193   1413.0    789.4
     1     1    11     6    16     8     0     2   -80.0  -12.391  -40.906   1362.9    804.6
     1     1    11     6    16     7     0     1   -81.0  -12.604  -40.616   1294.7    821.4
     1     1    11     6    16     6     0     0   -82.0  -12.824  -40.339   1279.0    827.9
     1     1    11     6    16     5     0     1   -83.0  -13.032  -40.068   1350.0    820.6
     1     1    11     6    16     4     0     2   -84.0  -13.231  -39.798   1456.1    816.8
     1     1    11     6    16     3     0     3   -85.0  -13.464  -39.530   1540.8    822.1
     1     1    11     6    16     2     0     2   -86.0  -13.735  -39.279   1594.7    829.0
     1     1    11     6    16     1     0     1   -87.0  -14.044  -39.055   1617.8    836.2
     1     1    11     6    16     0     0     0   -88.0  -14.379  -38.859   1631.0    839.3
     1     1    11     6    15    23     0     1   -89.0  -14.711  -38.681   1651.2    837.0
     1     1    11     6    15    22     0     2   -90.0  -15.033  -38.519   1672.6    835.0
     1     1    11     6    15    21     0     3   -91.0  -15.347  -38.373   1693.9    833.0
     1     1    11     6    15    20     0     2   -92.0  -15.655  -38.241   1713.2    831.4
     1     1    11     6    15    19     0     1   -93.0  -15.958  -38.121   1730.2    830.3
     1     1    11     6    15    18     0     0   -94.0  -16.261  -38.011   1745.4    829.2
     1     1    11     6    15    17     0     1   -95.0  -16.554  -37.910   1760.4    828.3
     1     1    11     6    15    16     0     2   -96.0  -16.830  -37.815   1780.5    826.9
     1     1    11     6    15    15     0     3   -97.0  -17.092  -37.730   1806.5    824.5
     1     1    11     6    15    14     0     2   -98.0  -17.346  -37.652   1828.3    821.8
     1     1    11     6    15    13     0     1   -99.0  -17.598  -37.578   1838.4    821.3
     1     1    11     6    15    12     0     0  -100.0  -17.853  -37.508   1842.4    821.5
     1     1    11     6    15    11     0     1  -101.0  -18.108  -37.440   1852.2    821.0
     1     1    11     6    15    10     0     2  -102.0  -18.359  -37.373   1878.2    818.1
     1     1    11     6    15     9     0     3  -103.0  -18.607  -37.311   1921.3    813.3
     1     1    11     6    15     8     0     2  -104.0  -18.851  -37.258   1975.8    807.4
     1     1    11     6    15     7     0     1  -105.0  -19.089  -37.214   2033.7    801.5
     1     1    11     6    15     6     0     0  -106.0  -19.325  -37.180   2089.2    795.8
     1     1    11     6    15     5     0     1  -107.0  -19.563  -37.158   2136.8    791.4
     1     1    11     6    15     4     0     2  -108.0  -19.804  -37.147   2177.2    788.3
     1     1    11     6    15     3     0     3  -109.0  -20.046  -37.150   2217.9    785.1
     1     1    11     6    15     2     0     2  -110.0  -20.287  -37.170   2260.6    781.1
     1     1    11     6    15     1     0     1  -111.0  -20.522  -37.212   2299.3    777.1
     1     1    11     6    15     0     0     0  -112.0  -20.750  -37.270   2325.7    774.3
     1     1    11     6    14    23     0     1  -113.0  -20.972  -37.338   2346.8    773.1
     1     1    11     6    14    22     0     2  -114.0  -21.190  -37.413   2375.9    770.3
     1     1    11     6    14    21     0     3  -115.0  -21.405  -37.492   2417.1    766.3
     1     1    11     6    14    20     0     2  -116.0  -21.609  -37.579   2459.6    761.2
     1     1    11     6    14    19     0     1  -117.0  -21.799  -37.672   2491.5    758.1
     1     1    11     6    14    18     0     0  -118.0  -21.977  -37.771   2513.5    756.0
     1     1    11     6    14    17     0     1  -119.0  -22.150  -37.873   2532.4    755.0
     1     1    11     6    14    16     0     2  -120.0  -22.326  -37.975   2551.5    753.2
     1     1    11     6    14    15     0     3  -121.0  -22.509  -38.076   2566.9    751.7
     1     1    11     6    14    14     0     2  -122.0  -22.698  -38.180   2581.5    751.0
     1     1    11     6    14    13     0     1  -123.0  -22.890  -38.293   2601.2    749.4
     1     1    11     6    14    12     0     0  -124.0  -23.090  -38.419   2626.4    747.3
     1     1    11     6    14    11     0     1  -125.0  -23.291  -38.569   2653.2    744.0
     1     1    11     6    14    10     0     2  -126.0  -23.487  -38.755   2680.2    741.3
     1     1    11     6    14     9     0     3  -127.0  -23.687  -38.978   2713.2    738.2
     1     1    11     6    14     8     0     2  -128.0  -23.884  -39.219   2753.5    734.2
     1     1    11     6    14     7     0     1  -129.0  -24.062  -39.462   2797.6    730.1
     1     1    11     6    14     6     0     0  -130.0  -24.222  -39.718   2844.1    725.8
     1     1    11     6    14     5     0     1  -131.0  -24.373  -39.983   2885.8    721.9
     1     1    11     6    14     4     0     2  -132.0  -24.513  -40.248   2914.8    719.5
     1     1    11     6    14     3     0     3  -133.0  -24.634  -40.512   2928.6    718.6
     1     1    11     6    14     2     0     2  -134.0  -24.747  -40.774   2934.3    718.8
     1     1    11     6    14     1     0     1  -135.0  -24.864  -41.028   2946.6    718.4
     1     1    11     6    14     0     0     0  -136.0  -24.979  -41.268   2974.0    716.2
     1     1    11     6    13    23     0     1  -137.0  -25.091  -41.494   3000.2    712.2
     1     1    11     6    13    22     0     2  -138.0  -25.210  -41.708   3006.4    711.6
     1     1    11     6    13    21     0     3  -139.0  -25.342  -41.906   2994.2    712.7
     1     1    11     6    13    20     0     2  -140.0  -25.482  -42.099   2978.4    715.2
     1     1    11     6    13    19     0     1  -141.0  -25.625  -42.300   2971.7    715.7
     1     1    11     6    13    18     0     0  -142.0  -25.780  -42.513   2970.6    715.6
     1     1    11     6    13    17     0     1  -143.0  -25.940  -42.739   2972.9    715.7
     1     1    11     6    13    16     0     2  -144.0  -26.097  -42.983   2979.3    715.4
     1     1    11     6    13    15     0     3  -145.0  -26.254  -43.248   2988.0    714.7
     1     1    11     6    13    14     0     2  -146.0  -26.406  -43.526   3003.5    714.2
     1     1    11     6    13    13     0     1  -147.0  -26.547  -43.813   3037.0    711.9
     1     1    11     6    13    12     0     0  -148.0  -26.678  -44.116   3093.7    707.4
     1     1    11     6    13    11     0     1  -149.0  -26.802  -44.441   3149.5    700.2
     1     1    11     6    13    10     0     2  -150.0  -26.914  -44.786   3175.9    697.1
     1     1    11     6    13     9     0     3  -151.0  -27.007  -45.148   3165.5    697.4
     1     1    11     6    13     8     0     2  -152.0  -27.077  -45.513   3143.6    701.6
     1     1    11     6    13     7     0     1  -153.0  -27.124  -45.880   3140.2    702.1
     1     1    11     6    13     6     0     0  -154.0  -27.144  -46.255   3160.0    700.7
     1     1    11     6    13     5     0     1  -155.0  -27.146  -46.619   3195.6    697.1
     1     1    11     6    13     4     0     2  -156.0  -27.127  -46.958   3240.7    693.8
     1     1    11     6    13     3     0     3  -157.0  -27.082  -47.279   3299.7    689.1
     1     1    11     6    13     2     0     2  -158.0  -27.030  -47.591   3356.3    682.8
     1     1    11     6    13     1     0     1  -159.0  -26.982  -47.892   3390.5    679.6
     1     1    11     6    13     0     0     0  -160.0  -26.927  -48.173   3387.9    675.4
     1     1    11     6    12    23     0     1  -161.0  -26.869  -48.446   3361.9    671.4
     1     1    11     6    12    22     0     2  -162.0  -26.812  -48.727   3330.3    665.5
     1     1    11     6    12    21     0     3  -163.0  -26.748  -49.011   3291.4    658.7
     1     1    11     6    12    20     0     2  -164.0  -26.677  -49.291   3255.7    653.2
     1     1    11     6    12    19     0     1  -165.0  -26.600  -49.558   3231.5    646.7
     1     1    11     6    12    18     0     0  -166.0  -26.517  -49.812   3218.7    640.1
     1     1    11     6    12    17     0     1  -167.0  -26.437  -50.048   3207.1    634.3
     1     1    11     6    12    16     0     2  -168.0  -26.366  -50.262   3188.3    633.1
     1     1    11     6    12    15     0     3  -169.0  -26.309  -50.458   3162.0    633.3
     1     1    11     6    12    14     0     2  -170.0  -26.268  -50.646   3141.1    634.3
     1     1    11     6    12    13     0     1  -171.0  -26.246  -50.838   3137.4    633.3
     1     1    11     6    12    12     0     0  -172.0  -26.241  -51.034   3149.7    631.2
     1     1    11     6    12    11     0     1  -173.0  -26.245  -51.241   3164.2    628.3
     1     1    11     6    12    10     0     2  -174.0  -26.247  -51.463   3167.3    627.5
     1     1    11     6    12     9     0     3  -175.0  -26.244  -51.695   3161.8    627.4
     1     1    11     6    12     8     0     2  -176.0  -26.231  -51.930   3159.9    627.9
     1     1    11     6    12     7     0     1  -177.0  -26.205  -52.160   3176.0    629.8
     1     1    11     6    12     6     0     0  -178.0  -26.168  -52.385   3199.9    632.6
     1     1    11     6    12     5     0     1  -179.0  -26.123  -52.607   3222.5    635.0
     1     1    11     6    12     4     0     2  -180.0  -26.075  -52.832   3239.9    637.7
     1     1    11     6    12     3     0     3  -181.0  -26.025  -53.064   3254.2    640.3
     1     1    11     6    12     2     0     2  -182.0  -25.973  -53.298   3272.8    642.3
     1     1    11     6    12     1     0     1  -183.0  -25.919  -53.530   3301.3    643.4
     1     1    11     6    12     0     0     0  -184.0  -25.861  -53.761   3337.0    644.0
     1     1    11     6    11    23     0     1  -185.0  -25.810  -53.979   3382.0    643.7
     1     1    11     6    11    22     0     2  -186.0  -25.780  -54.171   3438.0    641.7
     1     1    11     6    11    21     0     3  -187.0  -25.768  -54.335   3501.8    638.6
     1     1    11     6    11    20     0     2  -188.0  -25.772  -54.486   3554.1    635.3
     1     1    11     6    11    19     0     1  -189.0  -25.786  -54.638   3580.0    635.8
     1     1    11     6    11    18     0     0  -190.0  -25.805  -54.789   3585.9    637.8
     1     1    11     6    11    17     0     1  -191.0  -25.829  -54.932   3594.8    640.9
     1     1    11     6    11    16     0     2  -192.0  -25.862  -55.062   3622.7    640.0
     1     1    11     6    11    15     0     3  -193.0  -25.905  -55.175   3663.5    637.2
     1     1    11     6    11    14     0     2  -194.0  -25.962  -55.283   3713.5    633.7
     1     1    11     6    11    13     0     1  -195.0  -26.031  -55.396   3772.6    629.9
     1     1    11     6    11    12     0     0  -196.0  -26.116  -55.510   3846.1    625.1
     1     1    11     6    11    11     0     1  -197.0  -26.219  -55.617   3925.7    618.8
     1     1    11     6    11    10     0     2  -198.0  -26.346  -55.705   4000.7    613.9
     1     1    11     6    11     9     0     3  -199.0  -26.501  -55.770   4071.3    609.2
     1     1    11     6    11     8     0     2  -200.0  -26.685  -55.837   4135.3    605.4
     1     1    11     6    11     7     0     1  -201.0  -26.907  -55.926   4188.3    602.8
     1     1    11     6    11     6     0     0  -202.0  -27.174  -56.037   4225.0    601.5
     1     1    11     6    11     5     0     1  -203.0  -27.469  -56.187   4263.7    601.3
     1     1    11     6    11     4     0     2  -204.0  -27.778  -56.391   4332.9    597.9
     1     1    11     6    11     3     0     3  -205.0  -28.113  -56.653   4444.6    591.3
     1     1    11     6    11     2     0     2  -206.0  -28.472  -56.958   4575.8    580.0
     1     1    11     6    11     1     0     1  -207.0  -28.845  -57.290   4685.7    570.8
     1     1    11     6    11     0     0     0  -208.0  -29.240  -57.649   4757.8    564.9
     1     1    11     6    10    23     0     1  -209.0  -29.653  -58.051   4812.6    562.4
     1     1    11     6    10    22     0     2  -210.0  -30.063  -58.505   4891.3    558.4
     1     1    11     6    10    21     0     3  -211.0  -30.489  -58.990   5003.4    550.1
     1     1    11     6    10    20     0     2  -212.0  -30.940  -59.491   5127.6    540.2
     1     1    11     6    10    19     0     1  -213.0  -31.399  -60.007   5221.7    532.7
     1     1    11     6    10    18     0     0  -214.0  -31.877  -60.546   5281.7    527.8
     1     1    11     6    10    17     0     1  -215.0  -32.385  -61.109   5330.1    527.2
     1     1    11     6    10    16     0     2  -216.0  -32.923  -61.701   5395.8    520.5
     1     1    11     6    10    15     0     3  -217.0  -33.481  -62.353   5492.3    509.6
     1     1    11     6    10    14     0     2  -218.0  -34.047  -63.107   5563.0    501.1
     1     1    11     6    10    13     0     1  -219.0  -34.593  -63.951   5659.5    496.1
     1     1    11     6    10    12     0     0  -220.0  -35.096  -64.865   5853.0    477.6
     1     1    11     6    10    11     0     1  -221.0  -35.548  -65.811   6086.9    455.3
     1     1    11     6    10    10     0     2  -222.0  -35.975  -66.789   6311.5    442.0
     1     1    11     6    10     9     0     3  -223.0  -36.369  -67.781   6104.0    429.1
     1     1    11     6    10     8     0     2  -224.0  -36.737  -68.755   5431.4    449.8
     1     1    11     6    10     7     0     1  -225.0  -37.099  -69.781   5031.0    450.8
     1     1    11     6    10     6     0     0  -226.0  -37.407  -70.933   5434.6    421.4
     1     1    11     6    10     5     0     1  -227.0  -37.618  -72.266   6346.7    428.0
     1     1    11     6    10     4     0     2  -228.0  -37.753  -73.636   6346.5    456.5
     1     1    11     6    10     3     0     3  -229.0  -37.813  -75.014   6432.3    452.8
     1     1    11     6    10     2     0     2  -230.0  -37.785  -76.437   6402.5    455.7
     1     1    11     6    10     1     0     1  -231.0  -37.687  -77.881   6325.0    461.1
     1     1    11     6    10     0     0     0  -232.0  -37.503  -79.362   6245.7    466.4
     1     1    11     6     9    23     0     1  -233.0  -37.242  -80.898   6224.2    467.2
     1     1    11     6     9    22     0     2  -234.0  -36.944  -82.484   6208.6    467.8
     1     1    11     6     9    21     0     3  -235.0  -36.585  -84.082   6159.8    471.6
     1     1    11     6     9    20     0     2  -236.0  -36.165  -85.656   6135.9    473.3
     1     1    11     6     9    19     0     1  -237.0  -35.722  -87.201   6087.8    476.8
     1     1    11     6     9    18     0     0  -238.0  -35.250  -88.696   6010.5    482.6
     1     1    11     6     9    17     0     1  -239.0  -34.758  -90.135   5926.5    488.3
     1     1    11     6     9    16     0     2  -240.0  -34.273  -91.525   5840.4    494.6
     1     1    11     6     9    15     0     3  -241.0  -33.774  -92.890   5751.9    501.3
     1     1    11     6     9    14     0     2  -242.0  -33.280  -94.197   5685.1    505.8
     1     1    11     6     9    13     0     1  -243.0  -32.792  -95.454   5649.7    509.0
     1     1    11     6     9    12     0     0  -244.0  -32.280  -96.663   5682.3    506.5
     1     1    11     6     9    11     0     1  -245.0  -31.771  -97.816   5724.5    503.6
     1     1    11     6     9    10     0     2  -246.0  -31.295  -98.906   5715.8    504.6
     1     1    11     6     9     9     0     3  -247.0  -30.820  -99.949   5653.9    509.1
     1     1    11     6     9     8     0     2  -248.0  -30.332 -100.928   5585.3    515.2
     1     1    11     6     9     7     0     1  -249.0  -29.844 -101.837   5537.4    518.5
     1     1    11     6     9     6     0     0  -250.0  -29.363 -102.675   5478.5    523.3
     1     1    11     6     9     5     0     1  -251.0  -28.894 -103.440   5414.8    528.0
     1     1    11     6     9     4     0     2  -252.0  -28.432 -104.133   5358.4    531.7
     1     1    11     6     9     3     0     3  -253.0  -27.970 -104.757   5299.0    535.8
     1     1    11     6     9     2     0     2  -254.0  -27.518 -105.319   5236.6    540.4
     1     1    11     6     9     1     0     1  -255.0  -27.078 -105.829   5176.7    544.7
     1     1    11     6     9     0     0     0  -256.0  -26.644 -106.289   5123.3    548.6
     1     1    11     6     8    23     0     1  -257.0  -26.212 -106.698   5079.0    551.9
     1     1    11     6     8    22     0     2  -258.0  -25.788 -107.056   5039.4    554.7
     1     1    11     6     8    21     0     3  -259.0  -25.381 -107.368   5004.9    557.7
     1     1    11     6     8    20     0     2  -260.0  -24.990 -107.635   4973.8    559.8
     1     1    11     6     8    19     0     1  -261.0  -24.616 -107.860   4942.9    562.6
     1     1    11     6     8    18     0     0  -262.0  -24.257 -108.046   4914.1    564.8
     1     1    11     6     8    17     0     1  -263.0  -23.917 -108.200   4886.0    566.7
     1     1    11     6     8    16     0     2  -264.0  -23.602 -108.325   4857.4    568.5
     1     1    11     6     8    15     0     3  -265.0  -23.310 -108.425   4826.5    570.5
     1     1    11     6     8    14     0     2  -266.0  -23.037 -108.503   4800.4    572.6
     1     1    11     6     8    13     0     1  -267.0  -22.779 -108.560   4788.3    573.4
     1     1    11     6     8    12     0     0  -268.0  -22.534 -108.599   4790.5    572.8
     1     1    11     6     8    11     0     1  -269.0  -22.303 -108.624   4804.9    572.0
     1     1    11     6     8    10     0     2  -270.0  -22.084 -108.639   4827.7    570.4
     1     1    11     6     8     9     0     3  -271.0  -21.878 -108.645   4853.1    568.7
     1     1    11     6     8     8     0     2  -272.0  -21.683 -108.639   4868.5    567.0
     1     1    11     6     8     7     0     1  -273.0  -21.497 -108.613   4865.7    567.4
     1     1    11     6     8     6     0     0  -274.0  -21.318 -108.571   4849.7    568.9
     1     1    11     6     8     5     0     1  -275.0  -21.142 -108.518   4835.6    570.6
     1     1    11     6     8     4     0     2  -276.0  -20.966 -108.463   4834.7    570.5
     1     1    11     6     8     3     0     3  -277.0  -20.790 -108.407   4847.2    569.5
     1     1    11     6     8     2     0     2  -278.0  -20.616 -108.345   4872.7    567.5
     1     1    11     6     8     1     0     1  -279.0  -20.448 -108.275   4910.3    564.7
     1     1    11     6     8     0     0     0  -280.0  -20.287 -108.198   4961.5    561.1
     1     1    11     6     7    23     0     1  -281.0  -20.134 -108.111   5016.7    556.6
     1     1    11     6     7    22     0     2  -282.0  -19.988 -108.013   5063.5    553.3
     1     1    11     6     7    21     0     3  -283.0  -19.850 -107.904   5094.1    550.8
     1     1    11     6     7    20     0     2  -284.0  -19.720 -107.786   5109.6    550.6
     1     1    11     6     7    19     0     1  -285.0  -19.598 -107.654   5120.5    550.2
     1     1    11     6     7    18     0     0  -286.0  -19.485 -107.513   5130.7    549.9
     1     1    11     6     7    17     0     1  -287.0  -19.383 -107.366   5138.8    549.0
     1     1    11     6     7    16     0     2  -288.0  -19.295 -107.216   5140.3    548.8
     1     1    11     6     7    15     0     3  -289.0  -19.220 -107.066   5133.0    549.2
     1     1    11     6     7    14     0     2  -290.0  -19.157 -106.912   5118.7    550.2
     1     1    11     6     7    13     0     1  -291.0  -19.104 -106.752   5102.0    551.2
     1     1    11     6     7    12     0     0  -292.0  -19.059 -106.585   5086.6    552.2
     1     1    11     6     7    11     0     1  -293.0  -19.020 -106.408   5080.1    553.3
     1     1    11     6     7    10     0     2  -294.0  -18.984 -106.216   5087.2    552.9
     1     1    11     6     7     9     0     3  -295.0  -18.957 -106.007   5103.4    551.8
     1     1    11     6     7     8     0     2  -296.0  -18.943 -105.789   5128.5    550.5
     1     1    11     6     7     7     0     1  -297.0  -18.945 -105.572   5167.1    548.2
     1     1    11     6     7     6     0     0  -298.0  -18.964 -105.355   5224.6    544.6
     1     1    11     6     7     5     0     1  -299.0  -19.004 -105.148   5289.6    539.2
     1     1    11     6     7     4     0     2  -300.0  -19.063 -104.960   5348.9    535.2
     1     1    11     6     7     3     0     3  -301.0  -19.143 -104.791   5401.2    531.5
     1     1    11     6     7     2     0     2  -302.0  -19.230 -104.635   5445.6    528.5
     1     1    11     6     7     1     0     1  -303.0  -19.313 -104.489   5482.2    525.8
     1     1    11     6     7     0     0     0  -304.0  -19.397 -104.352   5508.1    523.9
     1     1    11     6     6    23     0     1  -305.0  -19.481 -104.227   5526.8    523.0
     1     1    11     6     6    22     0     2  -306.0  -19.561 -104.120   5546.5    522.0
     1     1    11     6     6    21     0     3  -307.0  -19.640 -104.031   5572.4    520.6
     1     1    11     6     6    20     0     2  -308.0  -19.716 -103.951   5594.8    518.6
     1     1    11     6     6    19     0     1  -309.0  -19.784 -103.871   5598.7    518.5
     1     1    11     6     6    18     0     0  -310.0  -19.847 -103.791   5580.0    519.9
     1     1    11     6     6    17     0     1  -311.0  -19.911 -103.714   5563.7    522.5
     1     1    11     6     6    16     0     2  -312.0  -19.980 -103.643   5578.0    521.3
     1     1    11     6     6    15     0     3  -313.0  -20.054 -103.576   5623.8    518.1
     1     1    11     6     6    14     0     2  -314.0  -20.133 -103.505   5672.4    512.8
     1     1    11     6     6    13     0     1  -315.0  -20.219 -103.421   5696.5    511.1
     1     1    11     6     6    12     0     0  -316.0  -20.312 -103.326   5698.1    510.8
     1     1    11     6     6    11     0     1  -317.0  -20.408 -103.213   5693.8    512.5
     1     1    11     6     6    10     0     2  -318.0  -20.503 -103.077   5699.8    512.5
     1     1    11     6     6     9     0     3  -319.0  -20.600 -102.916   5716.9    511.8
     1     1    11     6     6     8     0     2  -320.0  -20.700 -102.743   5745.1    510.2
     1     1    11     6     6     7     0     1  -321.0  -20.806 -102.569   5784.6    507.8
     1     1    11     6     6     6     0     0  -322.0  -20.924 -102.398   5833.2    504.8
     1     1    11     6     6     5     0     1  -323.0  -21.047 -102.236   5890.6    501.1
     1     1    11     6     6     4     0     2  -324.0  -21.170 -102.088   5959.3    496.8
     1     1    11     6     6     3     0     3  -325.0  -21.297 -101.954   6039.5    491.7
     1     1    11     6     6     2     0     2  -326.0  -21.430 -101.831   6118.5    485.7
     1     1    11     6     6     1     0     1  -327.0  -21.571 -101.712   6179.3    481.5
     1     1    11     6     6     0     0     0  -328.0  -21.724 -101.598   6212.8    478.9
     1     1    11     6     5    23     0     1  -329.0  -21.886 -101.489   6229.8    478.9
     1     1    11     6     5    22     0     2  -330.0  -22.054 -101.387   6252.2    477.9
     1     1    11     6     5    21     0     3  -331.0  -22.231 -101.294   6288.6    475.9
     1     1    11     6     5    20     0     2  -332.0  -22.417 -101.212   6318.5    472.8
     1     1    11     6     5    19     0     1  -333.0  -22.617 -101.141   6319.0    472.9
     1     1    11     6     5    18     0     0  -334.0  -22.836 -101.082   6291.7    474.7
     1     1    11     6     5    17     0     1  -335.0  -23.078 -101.041   6260.6    477.9
     1     1    11     6     5    16     0     2  -336.0  -23.351 -101.022   6250.1    478.4
