     3     1
    GDAS    11     4     1     0     0
    GDAS    11     4     8     0     0
    GDAS    11     4    15     0     0
     1 BACKWARD OMEGA   
  2011     4    16    17   -8.840  -56.780   914.4
     1 PRESSURE
     1     1    11     4    16    17     0     1     0.0   -8.840  -56.780    914.4    887.2
     1     1    11     4    16    16     0     2    -1.0   -8.858  -56.604    934.8    884.7
     1     1    11     4    16    15     0     3    -2.0   -8.857  -56.409    959.6    880.8
     1     1    11     4    16    14     0     2    -3.0   -8.842  -56.189    988.1    875.7
     1     1    11     4    16    13     0     1    -4.0   -8.816  -55.936   1022.7    869.4
     1     1    11     4    16    12     0     0    -5.0   -8.783  -55.648   1063.9    860.8
     1     1    11     4    16    11     0     1    -6.0   -8.756  -55.342   1099.8    851.4
     1     1    11     4    16    10     0     2    -7.0   -8.748  -55.038   1125.5    844.9
     1     1    11     4    16     9     0     3    -8.0   -8.758  -54.736   1143.6    842.5
     1     1    11     4    16     8     0     2    -9.0   -8.779  -54.437   1136.2    843.3
     1     1    11     4    16     7     0     1   -10.0   -8.814  -54.137   1090.9    848.9
     1     1    11     4    16     6     0     0   -11.0   -8.871  -53.841   1021.5    857.5
     1     1    11     4    16     5     0     1   -12.0   -8.942  -53.551    967.1    865.0
     1     1    11     4    16     4     0     2   -13.0   -9.013  -53.271    946.4    865.8
     1     1    11     4    16     3     0     3   -14.0   -9.085  -52.999    942.1    865.8
     1     1    11     4    16     2     0     2   -15.0   -9.164  -52.739    941.3    869.0
     1     1    11     4    16     1     0     1   -16.0   -9.249  -52.492    938.8    871.8
     1     1    11     4    16     0     0     0   -17.0   -9.340  -52.256    930.9    874.8
     1     1    11     4    15    23     0     1   -18.0   -9.429  -52.040    898.1    878.0
     1     1    11     4    15    22     0     2   -19.0   -9.509  -51.845    838.1    885.1
     1     1    11     4    15    21     0     3   -20.0   -9.583  -51.673    774.1    891.5
     1     1    11     4    15    20     0     2   -21.0   -9.647  -51.517    729.5    897.7
     1     1    11     4    15    19     0     1   -22.0   -9.697  -51.364    711.9    898.8
     1     1    11     4    15    18     0     0   -23.0   -9.734  -51.216    706.4    898.8
     1     1    11     4    15    17     0     1   -24.0   -9.764  -51.063    703.3    899.1
     1     1    11     4    15    16     0     2   -25.0   -9.795  -50.901    698.4    901.5
     1     1    11     4    15    15     0     3   -26.0   -9.830  -50.733    689.7    905.5
     1     1    11     4    15    14     0     2   -27.0   -9.881  -50.562    679.5    909.6
     1     1    11     4    15    13     0     1   -28.0   -9.961  -50.385    671.0    913.1
     1     1    11     4    15    12     0     0   -29.0  -10.073  -50.203    666.4    916.2
     1     1    11     4    15    11     0     1   -30.0  -10.197  -50.025    667.6    917.0
     1     1    11     4    15    10     0     2   -31.0  -10.308  -49.852    670.2    914.0
     1     1    11     4    15     9     0     3   -32.0  -10.405  -49.684    672.9    910.8
     1     1    11     4    15     8     0     2   -33.0  -10.488  -49.514    677.6    908.2
     1     1    11     4    15     7     0     1   -34.0  -10.555  -49.336    686.5    905.0
     1     1    11     4    15     6     0     0   -35.0  -10.607  -49.149    700.9    901.1
     1     1    11     4    15     5     0     1   -36.0  -10.646  -48.950    714.0    897.0
     1     1    11     4    15     4     0     2   -37.0  -10.676  -48.742    712.2    895.6
     1     1    11     4    15     3     0     3   -38.0  -10.700  -48.529    691.9    896.8
     1     1    11     4    15     2     0     2   -39.0  -10.729  -48.318    667.7    898.7
     1     1    11     4    15     1     0     1   -40.0  -10.775  -48.110    657.1    898.3
     1     1    11     4    15     0     0     0   -41.0  -10.836  -47.903    670.2    894.9
     1     1    11     4    14    23     0     1   -42.0  -10.899  -47.702    693.6    887.5
     1     1    11     4    14    22     0     2   -43.0  -10.955  -47.516    703.3    883.1
     1     1    11     4    14    21     0     3   -44.0  -11.002  -47.349    692.3    881.2
     1     1    11     4    14    20     0     2   -45.0  -11.036  -47.193    669.4    883.3
     1     1    11     4    14    19     0     1   -46.0  -11.054  -47.043    644.0    884.7
     1     1    11     4    14    18     0     0   -47.0  -11.060  -46.897    619.8    885.0
     1     1    11     4    14    17     0     1   -48.0  -11.055  -46.739    607.7    883.7
     1     1    11     4    14    16     0     2   -49.0  -11.042  -46.552    611.7    879.2
     1     1    11     4    14    15     0     3   -50.0  -11.022  -46.336    623.5    873.4
     1     1    11     4    14    14     0     2   -51.0  -11.008  -46.089    639.0    866.4
     1     1    11     4    14    13     0     1   -52.0  -11.006  -45.810    657.9    866.0
     1     1    11     4    14    12     0     0   -53.0  -11.015  -45.519    673.0    869.8
     1     1    11     4    14    11     0     1   -54.0  -11.045  -45.232    678.3    874.0
     1     1    11     4    14    10     0     2   -55.0  -11.098  -44.953    670.1    878.7
     1     1    11     4    14     9     0     3   -56.0  -11.167  -44.668    657.5    881.8
     1     1    11     4    14     8     0     2   -57.0  -11.248  -44.381    655.6    882.4
     1     1    11     4    14     7     0     1   -58.0  -11.330  -44.095    667.9    881.2
     1     1    11     4    14     6     0     0   -59.0  -11.408  -43.794    699.0    878.6
     1     1    11     4    14     5     0     1   -60.0  -11.479  -43.470    746.9    875.1
     1     1    11     4    14     4     0     2   -61.0  -11.540  -43.124    809.6    871.3
     1     1    11     4    14     3     0     3   -62.0  -11.596  -42.756    879.3    857.0
     1     1    11     4    14     2     0     2   -63.0  -11.664  -42.389    943.9    836.6
     1     1    11     4    14     1     0     1   -64.0  -11.753  -42.026   1012.6    816.6
     1     1    11     4    14     0     0     0   -65.0  -11.858  -41.671   1063.3    809.6
     1     1    11     4    13    23     0     1   -66.0  -11.978  -41.348   1035.6    815.4
     1     1    11     4    13    22     0     2   -67.0  -12.114  -41.063    926.9    834.4
     1     1    11     4    13    21     0     3   -68.0  -12.263  -40.808    786.4    861.5
     1     1    11     4    13    20     0     2   -69.0  -12.413  -40.573    677.6    881.2
     1     1    11     4    13    19     0     1   -70.0  -12.548  -40.350    613.6    890.6
     1     1    11     4    13    18     0     0   -71.0  -12.662  -40.135    569.7    894.9
     1     1    11     4    13    17     0     1   -72.0  -12.762  -39.928    526.2    901.2
     1     1    11     4    13    16     0     2   -73.0  -12.862  -39.731    481.8    913.2
     1     1    11     4    13    15     0     3   -74.0  -12.965  -39.550    438.1    926.2
     1     1    11     4    13    14     0     2   -75.0  -13.075  -39.389    405.2    939.8
     1     1    11     4    13    13     0     1   -76.0  -13.194  -39.259    385.5    949.4
     1     1    11     4    13    12     0     0   -77.0  -13.318  -39.165    371.3    956.8
     1     1    11     4    13    11     0     1   -78.0  -13.451  -39.102    360.6    961.1
     1     1    11     4    13    10     0     2   -79.0  -13.597  -39.065    352.7    963.9
     1     1    11     4    13     9     0     3   -80.0  -13.753  -39.052    346.5    965.6
     1     1    11     4    13     8     0     2   -81.0  -13.909  -39.048    335.0    967.3
     1     1    11     4    13     7     0     1   -82.0  -14.054  -39.038    310.9    970.8
     1     1    11     4    13     6     0     0   -83.0  -14.188  -39.024    274.5    975.3
     1     1    11     4    13     5     0     1   -84.0  -14.309  -39.008    234.6    981.2
     1     1    11     4    13     4     0     2   -85.0  -14.416  -38.991    198.0    985.7
     1     1    11     4    13     3     0     3   -86.0  -14.516  -38.971    165.0    989.8
     1     1    11     4    13     2     0     2   -87.0  -14.605  -38.938    136.5    993.5
     1     1    11     4    13     1     0     1   -88.0  -14.682  -38.879    113.8    996.1
     1     1    11     4    13     0     0     0   -89.0  -14.748  -38.794     96.6    998.3
     1     1    11     4    12    23     0     1   -90.0  -14.809  -38.687     82.5    999.5
     1     1    11     4    12    22     0     2   -91.0  -14.866  -38.562     69.8   1001.2
     1     1    11     4    12    21     0     3   -92.0  -14.921  -38.423     58.9   1002.8
     1     1    11     4    12    20     0     2   -93.0  -14.971  -38.277     50.4   1004.6
     1     1    11     4    12    19     0     1   -94.0  -15.015  -38.129     44.3   1005.7
     1     1    11     4    12    18     0     0   -95.0  -15.053  -37.982     40.4   1006.3
     1     1    11     4    12    17     0     1   -96.0  -15.084  -37.830     37.9   1007.4
     1     1    11     4    12    16     0     2   -97.0  -15.109  -37.666     36.5   1008.3
     1     1    11     4    12    15     0     3   -98.0  -15.126  -37.487     36.2   1009.2
     1     1    11     4    12    14     0     2   -99.0  -15.140  -37.293     36.4   1009.3
     1     1    11     4    12    13     0     1  -100.0  -15.157  -37.083     36.6   1009.4
     1     1    11     4    12    12     0     0  -101.0  -15.178  -36.858     36.8   1009.6
     1     1    11     4    12    11     0     1  -102.0  -15.202  -36.623     36.9   1009.3
     1     1    11     4    12    10     0     2  -103.0  -15.226  -36.382     37.0   1009.0
     1     1    11     4    12     9     0     3  -104.0  -15.248  -36.135     37.1   1008.6
     1     1    11     4    12     8     0     2  -105.0  -15.265  -35.879     36.8   1008.0
     1     1    11     4    12     7     0     1  -106.0  -15.279  -35.608     36.1   1007.4
     1     1    11     4    12     6     0     0  -107.0  -15.288  -35.326     35.1   1006.8
     1     1    11     4    12     5     0     1  -108.0  -15.302  -35.043     33.8   1007.8
     1     1    11     4    12     4     0     2  -109.0  -15.330  -34.759     32.2   1008.8
     1     1    11     4    12     3     0     3  -110.0  -15.369  -34.467     30.7   1009.7
     1     1    11     4    12     2     0     2  -111.0  -15.413  -34.164     29.8   1010.0
     1     1    11     4    12     1     0     1  -112.0  -15.460  -33.858     29.1   1010.2
     1     1    11     4    12     0     0     0  -113.0  -15.510  -33.551     28.3   1010.4
     1     1    11     4    11    23     0     1  -114.0  -15.562  -33.243     27.8   1009.6
     1     1    11     4    11    22     0     2  -115.0  -15.616  -32.937     27.8   1008.6
     1     1    11     4    11    21     0     3  -116.0  -15.673  -32.635     28.4   1007.7
     1     1    11     4    11    20     0     2  -117.0  -15.735  -32.329     29.7   1007.4
     1     1    11     4    11    19     0     1  -118.0  -15.802  -32.018     31.0   1007.3
     1     1    11     4    11    18     0     0  -119.0  -15.876  -31.700     31.5   1007.1
     1     1    11     4    11    17     0     1  -120.0  -15.951  -31.378     31.5   1007.9
     1     1    11     4    11    16     0     2  -121.0  -16.029  -31.056     31.5   1008.6
     1     1    11     4    11    15     0     3  -122.0  -16.111  -30.739     31.5   1009.4
     1     1    11     4    11    14     0     2  -123.0  -16.187  -30.426     31.4   1009.6
     1     1    11     4    11    13     0     1  -124.0  -16.250  -30.116     31.0   1009.8
     1     1    11     4    11    12     0     0  -125.0  -16.305  -29.804     30.2   1010.1
     1     1    11     4    11    11     0     1  -126.0  -16.355  -29.490     29.7   1010.2
     1     1    11     4    11    10     0     2  -127.0  -16.407  -29.176     30.3   1010.0
     1     1    11     4    11     9     0     3  -128.0  -16.467  -28.861     31.5   1009.8
     1     1    11     4    11     8     0     2  -129.0  -16.539  -28.542     32.9   1009.7
     1     1    11     4    11     7     0     1  -130.0  -16.626  -28.214     33.9   1009.7
     1     1    11     4    11     6     0     0  -131.0  -16.731  -27.885     34.4   1009.7
     1     1    11     4    11     5     0     1  -132.0  -16.846  -27.557     34.7   1009.9
     1     1    11     4    11     4     0     2  -133.0  -16.961  -27.234     35.2   1010.0
     1     1    11     4    11     3     0     3  -134.0  -17.085  -26.921     35.4   1010.2
     1     1    11     4    11     2     0     2  -135.0  -17.213  -26.619     35.5   1010.6
     1     1    11     4    11     1     0     1  -136.0  -17.341  -26.330     35.8   1011.0
     1     1    11     4    11     0     0     0  -137.0  -17.474  -26.059     35.9   1011.4
     1     1    11     4    10    23     0     1  -138.0  -17.606  -25.794     36.5   1010.7
     1     1    11     4    10    22     0     2  -139.0  -17.731  -25.520     38.2   1009.9
     1     1    11     4    10    21     0     3  -140.0  -17.854  -25.241     41.2   1009.0
     1     1    11     4    10    20     0     2  -141.0  -17.978  -24.960     44.6   1008.6
     1     1    11     4    10    19     0     1  -142.0  -18.101  -24.681     47.2   1008.3
     1     1    11     4    10    18     0     0  -143.0  -18.223  -24.410     48.5   1008.2
     1     1    11     4    10    17     0     1  -144.0  -18.343  -24.142     49.0   1008.4
     1     1    11     4    10    16     0     2  -145.0  -18.458  -23.873     49.0   1008.6
     1     1    11     4    10    15     0     3  -146.0  -18.566  -23.604     48.4   1008.9
     1     1    11     4    10    14     0     2  -147.0  -18.669  -23.340     47.1   1009.8
     1     1    11     4    10    13     0     1  -148.0  -18.770  -23.081     45.8   1010.8
     1     1    11     4    10    12     0     0  -149.0  -18.867  -22.826     45.2   1011.7
     1     1    11     4    10    11     0     1  -150.0  -18.963  -22.566     45.7   1011.5
     1     1    11     4    10    10     0     2  -151.0  -19.059  -22.296     47.4   1011.3
     1     1    11     4    10     9     0     3  -152.0  -19.153  -22.023     51.0   1010.8
     1     1    11     4    10     8     0     2  -153.0  -19.244  -21.757     55.1   1010.0
     1     1    11     4    10     7     0     1  -154.0  -19.330  -21.507     58.2   1009.3
     1     1    11     4    10     6     0     0  -155.0  -19.412  -21.275     61.3   1008.7
     1     1    11     4    10     5     0     1  -156.0  -19.492  -21.048     64.6   1009.0
     1     1    11     4    10     4     0     2  -157.0  -19.573  -20.812     67.1   1009.2
     1     1    11     4    10     3     0     3  -158.0  -19.658  -20.563     68.6   1009.6
     1     1    11     4    10     2     0     2  -159.0  -19.747  -20.304     69.1   1009.4
     1     1    11     4    10     1     0     1  -160.0  -19.845  -20.040     69.2   1009.4
     1     1    11     4    10     0     0     0  -161.0  -19.951  -19.774     69.2   1009.4
     1     1    11     4     9    23     0     1  -162.0  -20.062  -19.508     69.2   1009.9
     1     1    11     4     9    22     0     2  -163.0  -20.172  -19.245     69.2   1010.4
     1     1    11     4     9    21     0     3  -164.0  -20.278  -18.987     69.2   1010.9
     1     1    11     4     9    20     0     2  -165.0  -20.378  -18.735     70.3   1009.7
     1     1    11     4     9    19     0     1  -166.0  -20.471  -18.488     73.2   1008.5
     1     1    11     4     9    18     0     0  -167.0  -20.554  -18.246     77.4   1007.4
     1     1    11     4     9    17     0     1  -168.0  -20.631  -18.008     80.8   1007.0
     1     1    11     4     9    16     0     2  -169.0  -20.707  -17.771     82.2   1007.1
     1     1    11     4     9    15     0     3  -170.0  -20.784  -17.535     82.5   1007.3
     1     1    11     4     9    14     0     2  -171.0  -20.867  -17.299     82.5   1007.4
     1     1    11     4     9    13     0     1  -172.0  -20.958  -17.061     82.5   1007.5
     1     1    11     4     9    12     0     0  -173.0  -21.057  -16.822     82.5   1007.6
     1     1    11     4     9    11     0     1  -174.0  -21.163  -16.582     82.6   1007.5
     1     1    11     4     9    10     0     2  -175.0  -21.275  -16.342     83.2   1007.3
     1     1    11     4     9     9     0     3  -176.0  -21.389  -16.098     85.0   1006.9
     1     1    11     4     9     8     0     2  -177.0  -21.506  -15.853     87.2   1006.5
     1     1    11     4     9     7     0     1  -178.0  -21.624  -15.607     88.2   1006.5
     1     1    11     4     9     6     0     0  -179.0  -21.743  -15.358     88.1   1006.8
     1     1    11     4     9     5     0     1  -180.0  -21.862  -15.111     87.8   1007.1
     1     1    11     4     9     4     0     2  -181.0  -21.979  -14.869     87.6   1007.2
     1     1    11     4     9     3     0     3  -182.0  -22.095  -14.634     87.6   1007.3
     1     1    11     4     9     2     0     2  -183.0  -22.213  -14.407     88.2   1007.4
     1     1    11     4     9     1     0     1  -184.0  -22.335  -14.186     90.5   1007.2
     1     1    11     4     9     0     0     0  -185.0  -22.458  -13.969     95.3   1006.8
     1     1    11     4     8    23     0     1  -186.0  -22.585  -13.757    100.7   1005.9
     1     1    11     4     8    22     0     2  -187.0  -22.720  -13.551    104.1   1005.4
     1     1    11     4     8    21     0     3  -188.0  -22.862  -13.346    105.2   1005.3
     1     1    11     4     8    20     0     2  -189.0  -23.006  -13.144    105.2   1005.0
     1     1    11     4     8    19     0     1  -190.0  -23.147  -12.949    105.2   1004.6
     1     1    11     4     8    18     0     0  -191.0  -23.284  -12.759    105.2   1004.2
     1     1    11     4     8    17     0     1  -192.0  -23.418  -12.569    105.2   1004.3
     1     1    11     4     8    16     0     2  -193.0  -23.550  -12.373    105.2   1004.5
     1     1    11     4     8    15     0     3  -194.0  -23.678  -12.171    105.2   1004.6
     1     1    11     4     8    14     0     2  -195.0  -23.804  -11.958    105.2   1004.8
     1     1    11     4     8    13     0     1  -196.0  -23.929  -11.728    106.2   1004.9
     1     1    11     4     8    12     0     0  -197.0  -24.055  -11.477    110.2   1004.7
     1     1    11     4     8    11     0     1  -198.0  -24.189  -11.212    116.8   1003.6
     1     1    11     4     8    10     0     2  -199.0  -24.340  -10.937    123.5   1002.8
     1     1    11     4     8     9     0     3  -200.0  -24.506  -10.652    130.3   1002.1
     1     1    11     4     8     8     0     2  -201.0  -24.681  -10.364    137.9   1001.2
     1     1    11     4     8     7     0     1  -202.0  -24.865  -10.077    146.4    999.8
     1     1    11     4     8     6     0     0  -203.0  -25.054   -9.785    155.0    998.3
     1     1    11     4     8     5     0     1  -204.0  -25.249   -9.493    162.1    997.6
     1     1    11     4     8     4     0     2  -205.0  -25.457   -9.204    166.5    997.4
     1     1    11     4     8     3     0     3  -206.0  -25.680   -8.912    168.0    997.6
     1     1    11     4     8     2     0     2  -207.0  -25.915   -8.615    168.3    997.9
     1     1    11     4     8     1     0     1  -208.0  -26.156   -8.318    169.3    998.0
     1     1    11     4     8     0     0     0  -209.0  -26.402   -8.022    171.5    997.9
     1     1    11     4     7    23     0     1  -210.0  -26.643   -7.719    173.8    997.7
     1     1    11     4     7    22     0     2  -211.0  -26.872   -7.395    177.1    997.7
     1     1    11     4     7    21     0     3  -212.0  -27.087   -7.045    185.3    997.0
     1     1    11     4     7    20     0     2  -213.0  -27.299   -6.682    195.0    994.9
     1     1    11     4     7    19     0     1  -214.0  -27.520   -6.323    201.3    993.9
     1     1    11     4     7    18     0     0  -215.0  -27.746   -5.957    205.0    993.1
     1     1    11     4     7    17     0     1  -216.0  -27.970   -5.571    208.7    992.9
     1     1    11     4     7    16     0     2  -217.0  -28.192   -5.161    214.2    992.2
     1     1    11     4     7    15     0     3  -218.0  -28.408   -4.735    220.2    991.5
     1     1    11     4     7    14     0     2  -219.0  -28.628   -4.307    225.9    991.4
     1     1    11     4     7    13     0     1  -220.0  -28.858   -3.884    231.3    991.3
     1     1    11     4     7    12     0     0  -221.0  -29.087   -3.457    235.6    991.2
     1     1    11     4     7    11     0     1  -222.0  -29.310   -3.031    236.7    991.4
     1     1    11     4     7    10     0     2  -223.0  -29.527   -2.606    235.5    992.0
     1     1    11     4     7     9     0     3  -224.0  -29.741   -2.164    234.6    992.3
     1     1    11     4     7     8     0     2  -225.0  -29.951   -1.703    235.4    991.9
     1     1    11     4     7     7     0     1  -226.0  -30.160   -1.236    239.5    991.2
     1     1    11     4     7     6     0     0  -227.0  -30.371   -0.769    249.3    990.0
     1     1    11     4     7     5     0     1  -228.0  -30.596   -0.309    261.4    988.5
     1     1    11     4     7     4     0     2  -229.0  -30.804    0.141    268.3    986.9
     1     1    11     4     7     3     0     3  -230.0  -30.972    0.601    271.8    986.8
     1     1    11     4     7     2     0     2  -231.0  -31.121    1.056    273.9    986.3
     1     1    11     4     7     1     0     1  -232.0  -31.269    1.478    270.9    986.7
     1     1    11     4     7     0     0     0  -233.0  -31.424    1.877    264.1    987.8
     1     1    11     4     6    23     0     1  -234.0  -31.559    2.262    257.1    988.9
     1     1    11     4     6    22     0     2  -235.0  -31.655    2.620    252.0    989.5
     1     1    11     4     6    21     0     3  -236.0  -31.718    2.945    250.1    989.6
     1     1    11     4     6    20     0     2  -237.0  -31.766    3.237    249.9    988.8
     1     1    11     4     6    19     0     1  -238.0  -31.814    3.491    244.7    988.2
     1     1    11     4     6    18     0     0  -239.0  -31.861    3.696    227.1    988.8
     1     1    11     4     6    17     0     1  -240.0  -31.915    3.857    205.4    992.4
     1     1    11     4     6    16     0     2  -241.0  -31.994    3.980    190.2    994.4
     1     1    11     4     6    15     0     3  -242.0  -32.112    4.065    183.8    995.1
     1     1    11     4     6    14     0     2  -243.0  -32.246    4.112    178.2    995.1
     1     1    11     4     6    13     0     1  -244.0  -32.385    4.122    168.6    996.7
     1     1    11     4     6    12     0     0  -245.0  -32.552    4.097    159.6    998.2
     1     1    11     4     6    11     0     1  -246.0  -32.742    4.046    152.4    999.0
     1     1    11     4     6    10     0     2  -247.0  -32.929    3.968    143.4   1000.0
     1     1    11     4     6     9     0     3  -248.0  -33.113    3.869    131.8   1001.6
     1     1    11     4     6     8     0     2  -249.0  -33.285    3.751    120.7   1002.8
     1     1    11     4     6     7     0     1  -250.0  -33.450    3.616    111.1   1003.4
     1     1    11     4     6     6     0     0  -251.0  -33.634    3.468    102.9   1004.0
     1     1    11     4     6     5     0     1  -252.0  -33.823    3.303     96.3   1004.9
     1     1    11     4     6     4     0     2  -253.0  -33.976    3.094     84.9   1005.8
     1     1    11     4     6     3     0     3  -254.0  -34.105    2.831     67.3   1008.7
     1     1    11     4     6     2     0     2  -255.0  -34.225    2.559     54.9   1011.5
     1     1    11     4     6     1     0     1  -256.0  -34.317    2.284     48.2   1011.6
     1     1    11     4     6     0     0     0  -257.0  -34.369    1.972     40.3   1012.0
     1     1    11     4     5    23     0     1  -258.0  -34.399    1.640     33.5   1013.5
     1     1    11     4     5    22     0     2  -259.0  -34.412    1.306     30.0   1014.2
     1     1    11     4     5    21     0     3  -260.0  -34.390    0.953     28.1   1015.0
     1     1    11     4     5    20     0     2  -261.0  -34.344    0.590     26.9   1015.6
     1     1    11     4     5    19     0     1  -262.0  -34.286    0.227     25.6   1015.9
     1     1    11     4     5    18     0     0  -263.0  -34.221   -0.141     24.3   1016.0
     1     1    11     4     5    17     0     1  -264.0  -34.151   -0.505     23.3   1016.3
     1     1    11     4     5    16     0     2  -265.0  -34.057   -0.856     22.9   1016.4
     1     1    11     4     5    15     0     3  -266.0  -33.954   -1.191     22.8   1016.7
     1     1    11     4     5    14     0     2  -267.0  -33.848   -1.501     22.8   1018.0
     1     1    11     4     5    13     0     1  -268.0  -33.736   -1.777     22.8   1019.0
     1     1    11     4     5    12     0     0  -269.0  -33.617   -2.020     22.8   1019.9
     1     1    11     4     5    11     0     1  -270.0  -33.498   -2.245     22.9   1020.0
     1     1    11     4     5    10     0     2  -271.0  -33.388   -2.465     23.1   1020.2
     1     1    11     4     5     9     0     3  -272.0  -33.287   -2.683     23.9   1020.3
     1     1    11     4     5     8     0     2  -273.0  -33.194   -2.894     24.8   1019.9
     1     1    11     4     5     7     0     1  -274.0  -33.105   -3.094     25.7   1019.5
     1     1    11     4     5     6     0     0  -275.0  -33.017   -3.284     26.4   1019.2
     1     1    11     4     5     5     0     1  -276.0  -32.929   -3.466     26.8   1019.3
     1     1    11     4     5     4     0     2  -277.0  -32.841   -3.643     26.7   1019.4
     1     1    11     4     5     3     0     3  -278.0  -32.754   -3.820     26.2   1019.5
     1     1    11     4     5     2     0     2  -279.0  -32.664   -3.982     25.1   1020.5
     1     1    11     4     5     1     0     1  -280.0  -32.564   -4.112     23.8   1021.5
     1     1    11     4     5     0     0     0  -281.0  -32.454   -4.211     22.3   1022.6
     1     1    11     4     4    23     0     1  -282.0  -32.339   -4.280     21.0   1022.9
     1     1    11     4     4    22     0     2  -283.0  -32.222   -4.325     20.1   1023.1
     1     1    11     4     4    21     0     3  -284.0  -32.103   -4.345     19.5   1023.2
     1     1    11     4     4    20     0     2  -285.0  -31.983   -4.348     18.9   1022.9
     1     1    11     4     4    19     0     1  -286.0  -31.860   -4.338     18.3   1022.6
     1     1    11     4     4    18     0     0  -287.0  -31.736   -4.314     17.7   1022.3
     1     1    11     4     4    17     0     1  -288.0  -31.603   -4.270     17.2   1022.1
     1     1    11     4     4    16     0     2  -289.0  -31.459   -4.203     16.9   1021.9
     1     1    11     4     4    15     0     3  -290.0  -31.303   -4.113     16.8   1021.6
     1     1    11     4     4    14     0     2  -291.0  -31.148   -4.002     16.6   1021.4
     1     1    11     4     4    13     0     1  -292.0  -31.003   -3.871     16.3   1021.2
     1     1    11     4     4    12     0     0  -293.0  -30.869   -3.722     15.8   1021.5
     1     1    11     4     4    11     0     1  -294.0  -30.748   -3.547     15.5   1023.0
     1     1    11     4     4    10     0     2  -295.0  -30.646   -3.345     15.6   1024.0
     1     1    11     4     4     9     0     3  -296.0  -30.564   -3.120     16.0   1024.8
     1     1    11     4     4     8     0     2  -297.0  -30.505   -2.879     16.6   1023.6
     1     1    11     4     4     7     0     1  -298.0  -30.466   -2.630     17.3   1022.3
     1     1    11     4     4     6     0     0  -299.0  -30.449   -2.377     18.0   1021.1
     1     1    11     4     4     5     0     1  -300.0  -30.443   -2.129     18.6   1021.6
     1     1    11     4     4     4     0     2  -301.0  -30.443   -1.893     19.0   1022.3
     1     1    11     4     4     3     0     3  -302.0  -30.449   -1.666     19.2   1022.9
     1     1    11     4     4     2     0     2  -303.0  -30.461   -1.439     19.4   1023.2
     1     1    11     4     4     1     0     1  -304.0  -30.479   -1.204     19.6   1023.4
     1     1    11     4     4     0     0     0  -305.0  -30.501   -0.962     19.9   1023.7
     1     1    11     4     3    23     0     1  -306.0  -30.527   -0.714     20.4   1024.0
     1     1    11     4     3    22     0     2  -307.0  -30.559   -0.462     21.3   1024.4
     1     1    11     4     3    21     0     3  -308.0  -30.597   -0.206     22.6   1024.6
     1     1    11     4     3    20     0     2  -309.0  -30.658    0.048     24.2   1024.2
     1     1    11     4     3    19     0     1  -310.0  -30.747    0.296     25.7   1024.1
     1     1    11     4     3    18     0     0  -311.0  -30.848    0.536     27.1   1024.2
     1     1    11     4     3    17     0     1  -312.0  -30.952    0.769     28.3   1023.6
     1     1    11     4     3    16     0     2  -313.0  -31.051    0.997     29.1   1022.7
     1     1    11     4     3    15     0     3  -314.0  -31.144    1.219     29.2   1021.9
     1     1    11     4     3    14     0     2  -315.0  -31.240    1.434     29.0   1022.3
     1     1    11     4     3    13     0     1  -316.0  -31.345    1.636     29.0   1022.6
     1     1    11     4     3    12     0     0  -317.0  -31.460    1.824     28.8   1023.0
     1     1    11     4     3    11     0     1  -318.0  -31.582    2.001     28.6   1023.3
     1     1    11     4     3    10     0     2  -319.0  -31.710    2.169     29.2   1023.6
     1     1    11     4     3     9     0     3  -320.0  -31.841    2.330     30.8   1023.6
     1     1    11     4     3     8     0     2  -321.0  -31.972    2.481     32.9   1023.3
     1     1    11     4     3     7     0     1  -322.0  -32.108    2.621     35.0   1023.0
     1     1    11     4     3     6     0     0  -323.0  -32.248    2.750     36.7   1022.8
     1     1    11     4     3     5     0     1  -324.0  -32.397    2.865     38.0   1022.1
     1     1    11     4     3     4     0     2  -325.0  -32.562    2.968     39.1   1021.2
     1     1    11     4     3     3     0     3  -326.0  -32.738    3.059     40.2   1020.3
     1     1    11     4     3     2     0     2  -327.0  -32.921    3.140     41.2   1021.1
     1     1    11     4     3     1     0     1  -328.0  -33.110    3.210     42.0   1021.9
     1     1    11     4     3     0     0     0  -329.0  -33.303    3.261     42.7   1022.6
     1     1    11     4     2    23     0     1  -330.0  -33.497    3.292     43.7   1021.8
     1     1    11     4     2    22     0     2  -331.0  -33.689    3.305     45.6   1021.0
     1     1    11     4     2    21     0     3  -332.0  -33.880    3.308     48.6   1020.2
     1     1    11     4     2    20     0     2  -333.0  -34.072    3.300     52.0   1019.7
     1     1    11     4     2    19     0     1  -334.0  -34.262    3.274     55.0   1019.4
     1     1    11     4     2    18     0     0  -335.0  -34.447    3.229     58.0   1018.9
     1     1    11     4     2    17     0     1  -336.0  -34.623    3.166     60.8   1018.8
