     3     1
    GDAS    11     5     1     0     0
    GDAS    11     5     8     0     0
    GDAS    11     5    15     0     0
     1 BACKWARD OMEGA   
  2011     5    17    16   -8.900  -56.650  1219.2
     1 PRESSURE
     1     1    11     5    17    16     0     2     0.0   -8.900  -56.650   1219.2    857.4
     1     1    11     5    17    15     0     3    -1.0   -8.943  -56.522   1225.7    858.0
     1     1    11     5    17    14     0     2    -2.0   -8.991  -56.397   1244.8    854.8
     1     1    11     5    17    13     0     1    -3.0   -9.040  -56.272   1265.6    851.0
     1     1    11     5    17    12     0     0    -4.0   -9.089  -56.149   1283.3    847.6
     1     1    11     5    17    11     0     1    -5.0   -9.134  -56.025   1304.1    844.6
     1     1    11     5    17    10     0     2    -6.0   -9.174  -55.898   1332.5    839.2
     1     1    11     5    17     9     0     3    -7.0   -9.211  -55.768   1362.3    833.5
     1     1    11     5    17     8     0     2    -8.0   -9.250  -55.640   1380.5    829.1
     1     1    11     5    17     7     0     1    -9.0   -9.293  -55.519   1379.3    827.9
     1     1    11     5    17     6     0     0   -10.0   -9.340  -55.404   1361.0    828.6
     1     1    11     5    17     5     0     1   -11.0   -9.397  -55.300   1331.7    831.7
     1     1    11     5    17     4     0     2   -12.0   -9.467  -55.207   1297.0    835.3
     1     1    11     5    17     3     0     3   -13.0   -9.552  -55.128   1257.7    840.0
     1     1    11     5    17     2     0     2   -14.0   -9.647  -55.060   1207.7    845.1
     1     1    11     5    17     1     0     1   -15.0   -9.750  -55.002   1141.1    853.1
     1     1    11     5    17     0     0     0   -16.0   -9.864  -54.957   1063.1    862.3
     1     1    11     5    16    23     0     1   -17.0   -9.981  -54.922   1000.8    871.6
     1     1    11     5    16    22     0     2   -18.0  -10.082  -54.891    973.9    873.1
     1     1    11     5    16    21     0     3   -19.0  -10.163  -54.862    978.0    871.2
     1     1    11     5    16    20     0     2   -20.0  -10.229  -54.834    988.7    867.7
     1     1    11     5    16    19     0     1   -21.0  -10.284  -54.809    983.8    868.2
     1     1    11     5    16    18     0     0   -22.0  -10.327  -54.786    966.1    870.1
     1     1    11     5    16    17     0     1   -23.0  -10.366  -54.745    939.9    873.5
     1     1    11     5    16    16     0     2   -24.0  -10.407  -54.668    907.3    877.2
     1     1    11     5    16    15     0     3   -25.0  -10.449  -54.558    867.7    881.6
     1     1    11     5    16    14     0     2   -26.0  -10.509  -54.424    830.2    885.7
     1     1    11     5    16    13     0     1   -27.0  -10.596  -54.272    805.2    888.2
     1     1    11     5    16    12     0     0   -28.0  -10.709  -54.102    792.1    890.2
     1     1    11     5    16    11     0     1   -29.0  -10.822  -53.930    779.7    892.1
     1     1    11     5    16    10     0     2   -30.0  -10.913  -53.766    757.7    895.8
     1     1    11     5    16     9     0     3   -31.0  -10.985  -53.606    725.0    900.0
     1     1    11     5    16     8     0     2   -32.0  -11.055  -53.445    683.4    905.1
     1     1    11     5    16     7     0     1   -33.0  -11.139  -53.275    642.5    910.7
     1     1    11     5    16     6     0     0   -34.0  -11.241  -53.094    615.8    914.1
     1     1    11     5    16     5     0     1   -35.0  -11.349  -52.910    611.6    914.6
     1     1    11     5    16     4     0     2   -36.0  -11.454  -52.733    629.2    912.0
     1     1    11     5    16     3     0     3   -37.0  -11.554  -52.571    665.8    907.5
     1     1    11     5    16     2     0     2   -38.0  -11.650  -52.423    709.0    900.7
     1     1    11     5    16     1     0     1   -39.0  -11.742  -52.287    747.6    896.0
     1     1    11     5    16     0     0     0   -40.0  -11.830  -52.161    784.6    891.7
     1     1    11     5    15    23     0     1   -41.0  -11.912  -52.047    831.2    886.9
     1     1    11     5    15    22     0     2   -42.0  -11.984  -51.945    892.2    880.0
     1     1    11     5    15    21     0     3   -43.0  -12.047  -51.855    961.2    872.3
     1     1    11     5    15    20     0     2   -44.0  -12.101  -51.764   1031.7    865.3
     1     1    11     5    15    19     0     1   -45.0  -12.145  -51.662   1098.6    859.2
     1     1    11     5    15    18     0     0   -46.0  -12.178  -51.548   1159.8    853.8
     1     1    11     5    15    17     0     1   -47.0  -12.204  -51.419   1207.4    849.8
     1     1    11     5    15    16     0     2   -48.0  -12.224  -51.274   1240.7    848.8
     1     1    11     5    15    15     0     3   -49.0  -12.240  -51.114   1273.7    848.1
     1     1    11     5    15    14     0     2   -50.0  -12.253  -50.929   1300.6    844.6
     1     1    11     5    15    13     0     1   -51.0  -12.261  -50.715   1302.0    843.4
     1     1    11     5    15    12     0     0   -52.0  -12.263  -50.471   1276.3    845.4
     1     1    11     5    15    11     0     1   -53.0  -12.265  -50.214   1235.3    849.2
     1     1    11     5    15    10     0     2   -54.0  -12.273  -49.960   1186.3    852.4
     1     1    11     5    15     9     0     3   -55.0  -12.291  -49.703   1137.3    855.3
     1     1    11     5    15     8     0     2   -56.0  -12.316  -49.439   1102.1    856.6
     1     1    11     5    15     7     0     1   -57.0  -12.344  -49.164   1081.5    856.0
     1     1    11     5    15     6     0     0   -58.0  -12.375  -48.879   1072.6    855.6
     1     1    11     5    15     5     0     1   -59.0  -12.410  -48.594   1079.9    856.3
     1     1    11     5    15     4     0     2   -60.0  -12.444  -48.315   1102.9    854.8
     1     1    11     5    15     3     0     3   -61.0  -12.476  -48.035   1131.7    853.0
     1     1    11     5    15     2     0     2   -62.0  -12.515  -47.769   1156.7    845.8
     1     1    11     5    15     1     0     1   -63.0  -12.574  -47.529   1173.6    838.4
     1     1    11     5    15     0     0     0   -64.0  -12.651  -47.304   1171.2    832.8
     1     1    11     5    14    23     0     1   -65.0  -12.733  -47.089   1144.9    829.8
     1     1    11     5    14    22     0     2   -66.0  -12.817  -46.892   1102.2    828.4
     1     1    11     5    14    21     0     3   -67.0  -12.907  -46.719   1047.0    828.1
     1     1    11     5    14    20     0     2   -68.0  -13.003  -46.561    993.7    830.0
     1     1    11     5    14    19     0     1   -69.0  -13.095  -46.413    954.7    830.1
     1     1    11     5    14    18     0     0   -70.0  -13.180  -46.274    926.6    829.2
     1     1    11     5    14    17     0     1   -71.0  -13.253  -46.131    890.3    827.8
     1     1    11     5    14    16     0     2   -72.0  -13.311  -45.973    830.6    831.5
     1     1    11     5    14    15     0     3   -73.0  -13.359  -45.806    758.2    841.4
     1     1    11     5    14    14     0     2   -74.0  -13.400  -45.623    686.4    852.4
     1     1    11     5    14    13     0     1   -75.0  -13.434  -45.418    624.7    862.2
     1     1    11     5    14    12     0     0   -76.0  -13.462  -45.200    571.2    870.7
     1     1    11     5    14    11     0     1   -77.0  -13.490  -44.976    518.1    878.2
     1     1    11     5    14    10     0     2   -78.0  -13.522  -44.746    459.0    888.1
     1     1    11     5    14     9     0     3   -79.0  -13.552  -44.506    390.0    899.1
     1     1    11     5    14     8     0     2   -80.0  -13.587  -44.275    306.3    911.8
     1     1    11     5    14     7     0     1   -81.0  -13.637  -44.074    208.4    926.6
     1     1    11     5    14     6     0     0   -82.0  -13.689  -43.914    122.8    939.7
     1     1    11     5    14     5     0     1   -83.0  -13.734  -43.789     62.5    946.6
     1     1    11     5    14     4     0     2   -84.0  -13.770  -43.691     31.2    950.4
     1     1    11     5    14     3     0     3   -85.0  -13.805  -43.600     12.3    950.6
     1     1    11     5    14     2     0     2   -86.0  -13.838  -43.516      4.2    950.7
     1     1    11     5    14     1     0     1   -87.0  -13.869  -43.435      0.2    950.9
     1     1    11     5    14     0     0     0   -88.0  -13.896  -43.354      0.0    951.1
     1     1    11     5    13    23     0     1   -89.0  -13.925  -43.271      1.8    951.0
     1     1    11     5    13    22     0     2   -90.0  -13.964  -43.186      6.8    951.2
     1     1    11     5    13    21     0     3   -91.0  -14.011  -43.095     19.0    950.6
     1     1    11     5    13    20     0     2   -92.0  -14.068  -42.992     48.5    946.6
     1     1    11     5    13    19     0     1   -93.0  -14.127  -42.884     83.4    940.1
     1     1    11     5    13    18     0     0   -94.0  -14.184  -42.785    104.0    936.8
     1     1    11     5    13    17     0     1   -95.0  -14.234  -42.690    115.8    935.6
     1     1    11     5    13    16     0     2   -96.0  -14.281  -42.587    123.5    934.1
     1     1    11     5    13    15     0     3   -97.0  -14.323  -42.478    126.0    933.2
     1     1    11     5    13    14     0     2   -98.0  -14.365  -42.367    123.9    932.6
     1     1    11     5    13    13     0     1   -99.0  -14.412  -42.258    120.2    931.8
     1     1    11     5    13    12     0     0  -100.0  -14.466  -42.152    117.0    930.8
     1     1    11     5    13    11     0     1  -101.0  -14.524  -42.048    114.2    928.4
     1     1    11     5    13    10     0     2  -102.0  -14.583  -41.950    112.0    926.6
     1     1    11     5    13     9     0     3  -103.0  -14.639  -41.854    113.0    924.7
     1     1    11     5    13     8     0     2  -104.0  -14.695  -41.755    117.3    922.5
     1     1    11     5    13     7     0     1  -105.0  -14.749  -41.650    124.4    919.9
     1     1    11     5    13     6     0     0  -106.0  -14.802  -41.537    134.9    916.9
     1     1    11     5    13     5     0     1  -107.0  -14.856  -41.412    151.2    913.2
     1     1    11     5    13     4     0     2  -108.0  -14.912  -41.272    176.4    907.7
     1     1    11     5    13     3     0     3  -109.0  -14.970  -41.112    211.7    900.8
     1     1    11     5    13     2     0     2  -110.0  -15.031  -40.936    254.3    898.2
     1     1    11     5    13     1     0     1  -111.0  -15.105  -40.761    290.8    903.9
     1     1    11     5    13     0     0     0  -112.0  -15.189  -40.596    308.8    911.6
     1     1    11     5    12    23     0     1  -113.0  -15.280  -40.436    301.3    920.4
     1     1    11     5    12    22     0     2  -114.0  -15.371  -40.277    267.7    932.6
     1     1    11     5    12    21     0     3  -115.0  -15.449  -40.113    221.6    945.6
     1     1    11     5    12    20     0     2  -116.0  -15.514  -39.963    177.2    957.0
     1     1    11     5    12    19     0     1  -117.0  -15.579  -39.844    138.0    965.2
     1     1    11     5    12    18     0     0  -118.0  -15.650  -39.746    102.7    971.7
     1     1    11     5    12    17     0     1  -119.0  -15.727  -39.665     72.7    978.8
     1     1    11     5    12    16     0     2  -120.0  -15.813  -39.598     48.1    984.5
     1     1    11     5    12    15     0     3  -121.0  -15.908  -39.545     28.6    989.0
     1     1    11     5    12    14     0     2  -122.0  -16.005  -39.506     16.3    992.8
     1     1    11     5    12    13     0     1  -123.0  -16.100  -39.481      9.0    994.4
     1     1    11     5    12    12     0     0  -124.0  -16.194  -39.470      4.9    995.4
     1     1    11     5    12    11     0     1  -125.0  -16.286  -39.469      2.3    995.4
     1     1    11     5    12    10     0     2  -126.0  -16.375  -39.472      0.7    995.1
     1     1    11     5    12     9     0     3  -127.0  -16.461  -39.478      0.0    994.4
     1     1    11     5    12     8     0     2  -128.0  -16.550  -39.484      0.0    994.6
     1     1    11     5    12     7     0     1  -129.0  -16.649  -39.490      0.0    994.9
     1     1    11     5    12     6     0     0  -130.0  -16.756  -39.494      0.0    995.3
     1     1    11     5    12     5     0     1  -131.0  -16.867  -39.495      0.0    995.3
     1     1    11     5    12     4     0     2  -132.0  -16.978  -39.492      0.0    995.3
     1     1    11     5    12     3     0     3  -133.0  -17.090  -39.486      0.0    996.7
     1     1    11     5    12     2     0     2  -134.0  -17.207  -39.474      0.0    999.1
     1     1    11     5    12     1     0     1  -135.0  -17.333  -39.453      0.0   1001.6
     1     1    11     5    12     0     0     0  -136.0  -17.465  -39.420      0.0   1004.3
     1     1    11     5    11    23     0     1  -137.0  -17.604  -39.371      0.0   1006.9
     1     1    11     5    11    22     0     2  -138.0  -17.750  -39.301      0.0   1009.2
     1     1    11     5    11    21     0     3  -139.0  -17.904  -39.207      0.0   1011.0
     1     1    11     5    11    20     0     2  -140.0  -18.068  -39.101      0.0   1012.6
     1     1    11     5    11    19     0     1  -141.0  -18.245  -38.991      0.1   1013.6
     1     1    11     5    11    18     0     0  -142.0  -18.428  -38.878      0.2   1013.9
     1     1    11     5    11    17     0     1  -143.0  -18.600  -38.757      0.0   1014.7
     1     1    11     5    11    16     0     2  -144.0  -18.753  -38.622      0.0   1015.6
     1     1    11     5    11    15     0     3  -145.0  -18.885  -38.469      0.0   1016.6
     1     1    11     5    11    14     0     2  -146.0  -19.004  -38.297      0.0   1017.1
     1     1    11     5    11    13     0     1  -147.0  -19.123  -38.114      0.0   1017.3
     1     1    11     5    11    12     0     0  -148.0  -19.251  -37.924      0.0   1017.5
     1     1    11     5    11    11     0     1  -149.0  -19.392  -37.730      0.0   1016.4
     1     1    11     5    11    10     0     2  -150.0  -19.548  -37.535      0.0   1015.3
     1     1    11     5    11     9     0     3  -151.0  -19.720  -37.335      0.0   1014.2
     1     1    11     5    11     8     0     2  -152.0  -19.907  -37.129      0.0   1014.5
     1     1    11     5    11     7     0     1  -153.0  -20.099  -36.925      0.0   1014.8
     1     1    11     5    11     6     0     0  -154.0  -20.296  -36.731      0.0   1015.1
     1     1    11     5    11     5     0     1  -155.0  -20.497  -36.549      0.0   1015.0
     1     1    11     5    11     4     0     2  -156.0  -20.707  -36.370      0.0   1014.8
     1     1    11     5    11     3     0     3  -157.0  -20.932  -36.182      0.0   1014.7
     1     1    11     5    11     2     0     2  -158.0  -21.167  -35.997      0.0   1015.2
     1     1    11     5    11     1     0     1  -159.0  -21.408  -35.833      0.0   1015.7
     1     1    11     5    11     0     0     0  -160.0  -21.661  -35.680      0.0   1016.2
     1     1    11     5    10    23     0     1  -161.0  -21.923  -35.521      0.0   1016.1
     1     1    11     5    10    22     0     2  -162.0  -22.183  -35.362      0.0   1016.0
     1     1    11     5    10    21     0     3  -163.0  -22.438  -35.214      0.0   1015.9
     1     1    11     5    10    20     0     2  -164.0  -22.690  -35.077      0.2   1015.1
     1     1    11     5    10    19     0     1  -165.0  -22.944  -34.939      0.6   1014.2
     1     1    11     5    10    18     0     0  -166.0  -23.203  -34.798      0.9   1013.4
     1     1    11     5    10    17     0     1  -167.0  -23.457  -34.666      1.0   1013.3
     1     1    11     5    10    16     0     2  -168.0  -23.712  -34.539      1.0   1013.2
     1     1    11     5    10    15     0     3  -169.0  -23.974  -34.397      0.8   1013.1
     1     1    11     5    10    14     0     2  -170.0  -24.245  -34.256      0.5   1013.4
     1     1    11     5    10    13     0     1  -171.0  -24.525  -34.143      0.1   1013.5
     1     1    11     5    10    12     0     0  -172.0  -24.823  -34.047      0.0   1013.5
     1     1    11     5    10    11     0     1  -173.0  -25.138  -33.957      0.0   1013.3
     1     1    11     5    10    10     0     2  -174.0  -25.453  -33.879      0.0   1013.0
     1     1    11     5    10     9     0     3  -175.0  -25.767  -33.811      0.0   1012.8
     1     1    11     5    10     8     0     2  -176.0  -26.074  -33.766      0.0   1012.6
     1     1    11     5    10     7     0     1  -177.0  -26.374  -33.758      0.0   1012.4
     1     1    11     5    10     6     0     0  -178.0  -26.678  -33.781      0.1   1012.2
     1     1    11     5    10     5     0     1  -179.0  -26.994  -33.821      0.3   1012.0
     1     1    11     5    10     4     0     2  -180.0  -27.316  -33.873      0.5   1011.8
     1     1    11     5    10     3     0     3  -181.0  -27.651  -33.937      0.7   1011.5
     1     1    11     5    10     2     0     2  -182.0  -27.990  -34.024      1.0   1011.4
     1     1    11     5    10     1     0     1  -183.0  -28.322  -34.141      1.3   1011.3
     1     1    11     5    10     0     0     0  -184.0  -28.665  -34.268      1.6   1011.1
     1     1    11     5     9    23     0     1  -185.0  -29.001  -34.407      2.0   1010.7
     1     1    11     5     9    22     0     2  -186.0  -29.317  -34.551      2.6   1010.2
     1     1    11     5     9    21     0     3  -187.0  -29.642  -34.671      3.3   1009.8
     1     1    11     5     9    20     0     2  -188.0  -29.965  -34.791      3.9   1009.4
     1     1    11     5     9    19     0     1  -189.0  -30.275  -34.933      4.4   1009.3
     1     1    11     5     9    18     0     0  -190.0  -30.616  -35.057      5.3   1009.3
     1     1    11     5     9    17     0     1  -191.0  -30.936  -35.174      5.5   1008.9
     1     1    11     5     9    16     0     2  -192.0  -31.183  -35.326      4.5   1008.4
     1     1    11     5     9    15     0     3  -193.0  -31.440  -35.485      3.0   1008.0
     1     1    11     5     9    14     0     2  -194.0  -31.702  -35.624      1.9   1007.9
     1     1    11     5     9    13     0     1  -195.0  -31.915  -35.773      0.8   1007.7
     1     1    11     5     9    12     0     0  -196.0  -32.119  -35.941      0.0   1007.6
     1     1    11     5     9    11     0     1  -197.0  -32.315  -36.118      0.0   1007.3
     1     1    11     5     9    10     0     2  -198.0  -32.458  -36.320      0.0   1007.1
     1     1    11     5     9     9     0     3  -199.0  -32.564  -36.556      0.0   1006.5
     1     1    11     5     9     8     0     2  -200.0  -32.643  -36.808      0.0   1006.7
     1     1    11     5     9     7     0     1  -201.0  -32.654  -37.090      0.0   1006.8
     1     1    11     5     9     6     0     0  -202.0  -32.561  -37.431      0.0   1007.8
     1     1    11     5     9     5     0     1  -203.0  -32.407  -37.793      0.0   1008.7
     1     1    11     5     9     4     0     2  -204.0  -32.233  -38.127      0.0   1009.0
     1     1    11     5     9     3     0     3  -205.0  -32.029  -38.433      0.0   1009.0
     1     1    11     5     9     2     0     2  -206.0  -31.817  -38.734      0.0   1009.5
     1     1    11     5     9     1     0     1  -207.0  -31.622  -39.052      0.0   1009.9
     1     1    11     5     9     0     0     0  -208.0  -31.443  -39.385      0.0   1011.0
     1     1    11     5     8    23     0     1  -209.0  -31.273  -39.713      0.0   1011.8
     1     1    11     5     8    22     0     2  -210.0  -31.111  -40.023      0.0   1012.2
     1     1    11     5     8    21     0     3  -211.0  -30.956  -40.315      0.0   1012.2
     1     1    11     5     8    20     0     2  -212.0  -30.798  -40.590      0.0   1012.1
     1     1    11     5     8    19     0     1  -213.0  -30.627  -40.852      0.0   1012.1
     1     1    11     5     8    18     0     0  -214.0  -30.446  -41.099      0.0   1012.0
     1     1    11     5     8    17     0     1  -215.0  -30.261  -41.324      0.0   1013.1
     1     1    11     5     8    16     0     2  -216.0  -30.079  -41.522      0.0   1014.2
     1     1    11     5     8    15     0     3  -217.0  -29.900  -41.695      0.0   1015.2
     1     1    11     5     8    14     0     2  -218.0  -29.726  -41.845      0.0   1015.3
     1     1    11     5     8    13     0     1  -219.0  -29.558  -41.977      0.0   1015.2
     1     1    11     5     8    12     0     0  -220.0  -29.397  -42.093      0.0   1015.2
     1     1    11     5     8    11     0     1  -221.0  -29.243  -42.197      0.0   1015.6
     1     1    11     5     8    10     0     2  -222.0  -29.093  -42.292      0.0   1016.1
     1     1    11     5     8     9     0     3  -223.0  -28.949  -42.379      0.0   1016.5
     1     1    11     5     8     8     0     2  -224.0  -28.809  -42.452      0.0   1016.8
     1     1    11     5     8     7     0     1  -225.0  -28.674  -42.504      0.0   1017.3
     1     1    11     5     8     6     0     0  -226.0  -28.546  -42.537      0.0   1017.6
     1     1    11     5     8     5     0     1  -227.0  -28.425  -42.550      0.0   1017.7
     1     1    11     5     8     4     0     2  -228.0  -28.313  -42.540      0.0   1017.8
     1     1    11     5     8     3     0     3  -229.0  -28.209  -42.506      0.1   1017.9
     1     1    11     5     8     2     0     2  -230.0  -28.124  -42.452      0.3   1017.8
     1     1    11     5     8     1     0     1  -231.0  -28.070  -42.384      0.6   1017.7
     1     1    11     5     8     0     0     0  -232.0  -28.046  -42.305      1.0   1017.6
     1     1    11     5     7    23     0     1  -233.0  -28.055  -42.231      1.2   1017.6
     1     1    11     5     7    22     0     2  -234.0  -28.103  -42.175      1.4   1017.5
     1     1    11     5     7    21     0     3  -235.0  -28.187  -42.136      1.4   1017.4
     1     1    11     5     7    20     0     2  -236.0  -28.297  -42.111      1.4   1017.2
     1     1    11     5     7    19     0     1  -237.0  -28.421  -42.093      1.4   1017.0
     1     1    11     5     7    18     0     0  -238.0  -28.559  -42.085      1.4   1016.8
     1     1    11     5     7    17     0     1  -239.0  -28.710  -42.091      1.4   1016.8
     1     1    11     5     7    16     0     2  -240.0  -28.877  -42.117      1.3   1016.7
     1     1    11     5     7    15     0     3  -241.0  -29.059  -42.166      1.3   1016.7
     1     1    11     5     7    14     0     2  -242.0  -29.257  -42.240      1.4   1017.6
     1     1    11     5     7    13     0     1  -243.0  -29.466  -42.343      1.7   1018.5
     1     1    11     5     7    12     0     0  -244.0  -29.687  -42.470      2.0   1019.4
     1     1    11     5     7    11     0     1  -245.0  -29.905  -42.615      2.2   1018.9
     1     1    11     5     7    10     0     2  -246.0  -30.112  -42.772      2.5   1018.4
     1     1    11     5     7     9     0     3  -247.0  -30.319  -42.944      2.9   1017.9
     1     1    11     5     7     8     0     2  -248.0  -30.546  -43.135      3.3   1017.6
     1     1    11     5     7     7     0     1  -249.0  -30.807  -43.345      3.5   1017.2
     1     1    11     5     7     6     0     0  -250.0  -31.098  -43.575      3.8   1016.6
     1     1    11     5     7     5     0     1  -251.0  -31.403  -43.829      4.2   1016.2
     1     1    11     5     7     4     0     2  -252.0  -31.704  -44.102      4.7   1016.0
     1     1    11     5     7     3     0     3  -253.0  -32.000  -44.387      5.3   1015.7
     1     1    11     5     7     2     0     2  -254.0  -32.290  -44.694      6.0   1015.4
     1     1    11     5     7     1     0     1  -255.0  -32.574  -45.034      6.7   1015.1
     1     1    11     5     7     0     0     0  -256.0  -32.849  -45.402      7.4   1014.9
     1     1    11     5     6    23     0     1  -257.0  -33.121  -45.789      8.0   1014.6
     1     1    11     5     6    22     0     2  -258.0  -33.397  -46.181      8.3   1014.4
     1     1    11     5     6    21     0     3  -259.0  -33.673  -46.569      8.4   1014.1
     1     1    11     5     6    20     0     2  -260.0  -33.946  -46.966      8.6   1013.9
     1     1    11     5     6    19     0     1  -261.0  -34.226  -47.387      9.2   1013.3
     1     1    11     5     6    18     0     0  -262.0  -34.516  -47.831      9.9   1013.4
     1     1    11     5     6    17     0     1  -263.0  -34.811  -48.291     10.6   1012.9
     1     1    11     5     6    16     0     2  -264.0  -35.114  -48.753     11.0   1012.8
     1     1    11     5     6    15     0     3  -265.0  -35.430  -49.207     11.6   1012.4
     1     1    11     5     6    14     0     2  -266.0  -35.757  -49.667     12.1   1011.8
     1     1    11     5     6    13     0     1  -267.0  -36.095  -50.148     12.3   1011.3
     1     1    11     5     6    12     0     0  -268.0  -36.453  -50.652     12.4   1011.2
     1     1    11     5     6    11     0     1  -269.0  -36.820  -51.178     12.6   1010.0
     1     1    11     5     6    10     0     2  -270.0  -37.177  -51.710     13.4   1009.6
     1     1    11     5     6     9     0     3  -271.0  -37.531  -52.235     14.9   1008.2
     1     1    11     5     6     8     0     2  -272.0  -37.892  -52.759     16.6   1007.8
     1     1    11     5     6     7     0     1  -273.0  -38.256  -53.291     17.8   1007.4
     1     1    11     5     6     6     0     0  -274.0  -38.616  -53.826     19.4   1006.9
     1     1    11     5     6     5     0     1  -275.0  -38.949  -54.355     21.9   1006.7
     1     1    11     5     6     4     0     2  -276.0  -39.248  -54.879     24.1   1006.3
     1     1    11     5     6     3     0     3  -277.0  -39.541  -55.413     24.9   1005.9
     1     1    11     5     6     2     0     2  -278.0  -39.825  -55.943     25.7   1005.4
     1     1    11     5     6     1     0     1  -279.0  -40.087  -56.449     28.8   1004.8
     1     1    11     5     6     0     0     0  -280.0  -40.328  -56.945     33.5   1004.2
     1     1    11     5     5    23     0     1  -281.0  -40.551  -57.453     37.0   1002.7
     1     1    11     5     5    22     0     2  -282.0  -40.770  -57.978     38.3   1001.8
     1     1    11     5     5    21     0     3  -283.0  -40.998  -58.514     38.6   1001.4
     1     1    11     5     5    20     0     2  -284.0  -41.234  -59.046     37.8   1001.2
     1     1    11     5     5    19     0     1  -285.0  -41.482  -59.584     35.3   1001.1
     1     1    11     5     5    18     0     0  -286.0  -41.764  -60.163     30.8   1001.0
     1     1    11     5     5    17     0     1  -287.0  -42.083  -60.764     26.4   1002.1
     1     1    11     5     5    16     0     2  -288.0  -42.420  -61.370     24.4   1002.5
     1     1    11     5     5    15     0     3  -289.0  -42.734  -62.006     23.9   1002.9
     1     1    11     5     5    14     0     2  -290.0  -43.036  -62.666     23.9   1003.4
     1     1    11     5     5    13     0     1  -291.0  -43.342  -63.315     22.4   1002.6
     1     1    11     5     5    12     0     0  -292.0  -43.626  -63.940     20.5   1002.2
     1     1    11     5     5    11     0     3  -293.0  -43.884  -64.535     36.7   1003.9
     1     1    11     5     5    10     0     6  -294.0  -44.173  -65.135    128.4    991.2
     1     1    11     5     5     9     0     9  -295.0  -44.527  -65.770    219.0    962.3
     1     1    11     5     5     8     0     8  -296.0  -44.881  -66.448    210.1    955.2
     1     1    11     5     5     7     0     7  -297.0  -45.160  -67.166    205.0    951.3
     1     1    11     5     5     6     0     6  -298.0  -45.413  -68.088    335.6    921.9
     1     1    11     5     5     5     0     5  -299.0  -45.709  -69.316    552.9    881.4
     1     1    11     5     5     4     0     4  -300.0  -45.946  -70.583    654.3    855.7
     1     1    11     5     5     3     0     3  -301.0  -46.113  -71.771    899.6    811.3
     1     1    11     5     5     2     0     2  -302.0  -46.293  -72.775   1133.1    774.3
     1     1    11     5     5     1     0     1  -303.0  -46.543  -73.550    946.6    831.5
     1     1    11     5     5     0     0     0  -304.0  -46.800  -74.084    585.5    895.2
     1     1    11     5     4    23     0     1  -305.0  -47.031  -74.577    391.2    958.8
     1     1    11     5     4    22     0     2  -306.0  -47.297  -75.225    439.2    964.8
     1     1    11     5     4    21     0     3  -307.0  -47.589  -75.988    496.1    942.1
     1     1    11     5     4    20     0     2  -308.0  -47.901  -76.814    491.0    950.9
     1     1    11     5     4    19     0     1  -309.0  -48.245  -77.711    498.5    949.3
     1     1    11     5     4    18     0     0  -310.0  -48.597  -78.664    510.4    947.5
     1     1    11     5     4    17     0     1  -311.0  -48.950  -79.695    539.4    943.3
     1     1    11     5     4    16     0     2  -312.0  -49.331  -80.819    580.5    937.8
     1     1    11     5     4    15     0     3  -313.0  -49.755  -82.012    630.5    931.2
     1     1    11     5     4    14     0     2  -314.0  -50.217  -83.260    683.2    923.5
     1     1    11     5     4    13     0     1  -315.0  -50.678  -84.545    724.5    917.7
     1     1    11     5     4    12     0     0  -316.0  -51.144  -85.890    775.1    910.7
     1     1    11     5     4    11     0     3  -317.0  -51.592  -87.243    817.5    905.6
     1     1    11     5     4    10     0     6  -318.0  -52.001  -88.621    831.3    904.7
     1     1    11     5     4     9     0     9  -319.0  -52.357  -90.054    839.9    903.3
     1     1    11     5     4     8     0     8  -320.0  -52.660  -91.472    839.7    902.4
     1     1    11     5     4     7     0     7  -321.0  -52.894  -92.922    788.8    908.7
     1     1    11     5     4     6     0     6  -322.0  -53.066  -94.470    737.3    913.8
     1     1    11     5     4     5     0     5  -323.0  -53.188  -95.985    720.5    915.9
     1     1    11     5     4     4     0     4  -324.0  -53.246  -97.494    689.7    919.6
     1     1    11     5     4     3     0     3  -325.0  -53.246  -99.058    672.1    921.4
     1     1    11     5     4     2     0     2  -326.0  -53.239 -100.566    671.9    921.9
     1     1    11     5     4     1     0     1  -327.0  -53.170 -102.052    663.0    923.1
     1     1    11     5     4     0     0     0  -328.0  -53.053 -103.571    649.6    924.6
     1     1    11     5     3    23     0     1  -329.0  -52.946 -105.107    643.3    925.0
     1     1    11     5     3    22     0     2  -330.0  -52.789 -106.668    622.9    927.7
     1     1    11     5     3    21     0     3  -331.0  -52.555 -108.203    615.7    927.8
     1     1    11     5     3    20     0     2  -332.0  -52.285 -109.700    602.6    930.1
     1     1    11     5     3    19     0     1  -333.0  -52.008 -111.204    582.8    932.5
     1     1    11     5     3    18     0     0  -334.0  -51.720 -112.665    558.8    935.2
     1     1    11     5     3    17     0     1  -335.0  -51.419 -114.106    537.8    938.5
     1     1    11     5     3    16     0     2  -336.0  -51.106 -115.515    526.0    941.0
