     3     1
    GDAS    11     2    15     0     0
    GDAS    11     2    22     0     0
    GDAS    11     3     1     0     0
     1 BACKWARD OMEGA   
  2011     3     1    16   -8.880  -56.780  3505.2
     1 PRESSURE
     1     1    11     3     1    16     0     2     0.0   -8.880  -56.780   3505.2    652.1
     1     1    11     3     1    15     0     3    -1.0   -8.768  -57.003   3359.3    661.5
     1     1    11     3     1    14     0     2    -2.0   -8.658  -57.230   3225.1    677.7
     1     1    11     3     1    13     0     1    -3.0   -8.550  -57.454   3166.1    681.0
     1     1    11     3     1    12     0     0    -4.0   -8.442  -57.679   3140.8    683.1
     1     1    11     3     1    11     0     1    -5.0   -8.348  -57.909   3109.0    686.4
     1     1    11     3     1    10     0     2    -6.0   -8.281  -58.136   3052.0    693.1
     1     1    11     3     1     9     0     3    -7.0   -8.239  -58.350   2986.2    699.3
     1     1    11     3     1     8     0     2    -8.0   -8.213  -58.546   2934.5    704.8
     1     1    11     3     1     7     0     1    -9.0   -8.191  -58.731   2903.7    706.9
     1     1    11     3     1     6     0     0   -10.0   -8.179  -58.914   2881.9    708.3
     1     1    11     3     1     5     0     1   -11.0   -8.177  -59.094   2859.8    710.3
     1     1    11     3     1     4     0     2   -12.0   -8.182  -59.265   2835.7    713.4
     1     1    11     3     1     3     0     3   -13.0   -8.197  -59.425   2810.8    716.2
     1     1    11     3     1     2     0     2   -14.0   -8.223  -59.583   2779.5    718.5
     1     1    11     3     1     1     0     1   -15.0   -8.263  -59.749   2739.9    722.2
     1     1    11     3     1     0     0     0   -16.0   -8.311  -59.924   2698.1    726.0
     1     1    11     2    28    23     0     1   -17.0   -8.366  -60.107   2656.2    729.0
     1     1    11     2    28    22     0     2   -18.0   -8.425  -60.300   2608.7    732.3
     1     1    11     2    28    21     0     3   -19.0   -8.489  -60.506   2549.0    736.8
     1     1    11     2    28    20     0     2   -20.0   -8.555  -60.718   2483.0    743.9
     1     1    11     2    28    19     0     1   -21.0   -8.624  -60.928   2420.5    750.1
     1     1    11     2    28    18     0     0   -22.0   -8.695  -61.137   2364.3    755.4
     1     1    11     2    28    17     0     1   -23.0   -8.768  -61.343   2318.9    759.5
     1     1    11     2    28    16     0     2   -24.0   -8.843  -61.544   2281.8    762.1
     1     1    11     2    28    15     0     3   -25.0   -8.920  -61.745   2240.8    764.8
     1     1    11     2    28    14     0     2   -26.0   -9.009  -61.947   2181.9    768.2
     1     1    11     2    28    13     0     1   -27.0   -9.123  -62.148   2114.8    775.7
     1     1    11     2    28    12     0     0   -28.0   -9.261  -62.349   2057.9    781.5
     1     1    11     2    28    11     0     1   -29.0   -9.409  -62.529   2027.2    785.0
     1     1    11     2    28    10     0     2   -30.0   -9.550  -62.664   2026.7    783.5
     1     1    11     2    28     9     0     3   -31.0   -9.684  -62.752   2041.4    780.3
     1     1    11     2    28     8     0     2   -32.0   -9.817  -62.805   2048.8    777.4
     1     1    11     2    28     7     0     1   -33.0   -9.955  -62.839   2038.0    777.6
     1     1    11     2    28     6     0     0   -34.0  -10.097  -62.855   2011.1    778.9
     1     1    11     2    28     5     0     1   -35.0  -10.244  -62.861   1974.7    782.1
     1     1    11     2    28     4     0     2   -36.0  -10.399  -62.863   1940.3    784.8
     1     1    11     2    28     3     0     3   -37.0  -10.562  -62.857   1916.7    786.5
     1     1    11     2    28     2     0     2   -38.0  -10.740  -62.844   1925.8    785.9
     1     1    11     2    28     1     0     1   -39.0  -10.943  -62.829   1976.0    778.8
     1     1    11     2    28     0     0     0   -40.0  -11.178  -62.813   2056.9    771.9
     1     1    11     2    27    23     0     1   -41.0  -11.431  -62.809   2141.0    763.4
     1     1    11     2    27    22     0     2   -42.0  -11.689  -62.824   2211.2    759.4
     1     1    11     2    27    21     0     3   -43.0  -11.952  -62.849   2285.1    755.5
     1     1    11     2    27    20     0     2   -44.0  -12.217  -62.879   2340.6    749.2
     1     1    11     2    27    19     0     1   -45.0  -12.481  -62.908   2358.3    749.1
     1     1    11     2    27    18     0     0   -46.0  -12.746  -62.932   2365.7    750.4
     1     1    11     2    27    17     0     1   -47.0  -13.007  -62.955   2363.9    748.9
     1     1    11     2    27    16     0     2   -48.0  -13.262  -62.981   2349.9    751.1
     1     1    11     2    27    15     0     3   -49.0  -13.515  -63.014   2351.8    751.7
     1     1    11     2    27    14     0     2   -50.0  -13.760  -63.049   2383.5    748.1
     1     1    11     2    27    13     0     1   -51.0  -13.985  -63.088   2434.6    741.9
     1     1    11     2    27    12     0     0   -52.0  -14.193  -63.131   2484.6    736.0
     1     1    11     2    27    11     0     1   -53.0  -14.389  -63.161   2528.4    731.7
     1     1    11     2    27    10     0     2   -54.0  -14.576  -63.171   2569.8    727.2
     1     1    11     2    27     9     0     3   -55.0  -14.749  -63.171   2609.3    723.0
     1     1    11     2    27     8     0     2   -56.0  -14.908  -63.170   2645.8    719.7
     1     1    11     2    27     7     0     1   -57.0  -15.058  -63.167   2677.8    716.8
     1     1    11     2    27     6     0     0   -58.0  -15.199  -63.158   2703.5    714.4
     1     1    11     2    27     5     0     1   -59.0  -15.325  -63.144   2717.8    712.9
     1     1    11     2    27     4     0     2   -60.0  -15.434  -63.132   2718.6    713.1
     1     1    11     2    27     3     0     3   -61.0  -15.526  -63.127   2709.5    714.2
     1     1    11     2    27     2     0     2   -62.0  -15.601  -63.128   2696.6    715.4
     1     1    11     2    27     1     0     1   -63.0  -15.655  -63.135   2684.9    716.2
     1     1    11     2    27     0     0     0   -64.0  -15.686  -63.151   2675.3    716.9
     1     1    11     2    26    23     0     1   -65.0  -15.704  -63.181   2678.5    717.3
     1     1    11     2    26    22     0     2   -66.0  -15.715  -63.229   2704.9    714.8
     1     1    11     2    26    21     0     3   -67.0  -15.719  -63.295   2754.0    710.5
     1     1    11     2    26    20     0     2   -68.0  -15.717  -63.369   2808.7    705.4
     1     1    11     2    26    19     0     1   -69.0  -15.708  -63.440   2853.1    702.7
     1     1    11     2    26    18     0     0   -70.0  -15.694  -63.511   2888.6    700.7
     1     1    11     2    26    17     0     1   -71.0  -15.676  -63.585   2907.4    699.2
     1     1    11     2    26    16     0     2   -72.0  -15.654  -63.668   2898.9    700.5
     1     1    11     2    26    15     0     3   -73.0  -15.631  -63.761   2858.9    704.6
     1     1    11     2    26    14     0     2   -74.0  -15.609  -63.866   2801.4    711.2
     1     1    11     2    26    13     0     1   -75.0  -15.590  -63.984   2737.7    716.7
     1     1    11     2    26    12     0     0   -76.0  -15.567  -64.115   2673.5    723.3
     1     1    11     2    26    11     0     1   -77.0  -15.527  -64.254   2615.9    727.8
     1     1    11     2    26    10     0     2   -78.0  -15.467  -64.398   2540.5    732.7
     1     1    11     2    26     9     0     3   -79.0  -15.397  -64.547   2404.8    742.6
     1     1    11     2    26     8     0     2   -80.0  -15.330  -64.693   2185.3    763.2
     1     1    11     2    26     7     0     1   -81.0  -15.280  -64.817   1882.2    791.2
     1     1    11     2    26     6     0     0   -82.0  -15.252  -64.900   1504.2    828.3
     1     1    11     2    26     5     0     1   -83.0  -15.236  -64.916   1150.1    872.1
     1     1    11     2    26     4     0     2   -84.0  -15.208  -64.892    886.6    899.6
     1     1    11     2    26     3     0     3   -85.0  -15.156  -64.857    705.0    918.0
     1     1    11     2    26     2     0     2   -86.0  -15.080  -64.822    596.7    928.3
     1     1    11     2    26     1     0     1   -87.0  -14.991  -64.787    556.5    931.3
     1     1    11     2    26     0     0     0   -88.0  -14.891  -64.758    569.0    928.3
     1     1    11     2    25    23     0     1   -89.0  -14.782  -64.745    596.1    922.2
     1     1    11     2    25    22     0     2   -90.0  -14.670  -64.750    608.8    920.8
     1     1    11     2    25    21     0     3   -91.0  -14.559  -64.768    607.7    920.6
     1     1    11     2    25    20     0     2   -92.0  -14.442  -64.797    600.3    923.2
     1     1    11     2    25    19     0     1   -93.0  -14.309  -64.833    599.1    924.8
     1     1    11     2    25    18     0     0   -94.0  -14.156  -64.877    613.6    925.0
     1     1    11     2    25    17     0     1   -95.0  -13.985  -64.930    630.3    922.0
     1     1    11     2    25    16     0     2   -96.0  -13.809  -64.986    629.4    922.6
     1     1    11     2    25    15     0     3   -97.0  -13.630  -65.045    624.3    924.1
     1     1    11     2    25    14     0     2   -98.0  -13.450  -65.121    637.2    922.9
     1     1    11     2    25    13     0     1   -99.0  -13.267  -65.229    670.5    917.3
     1     1    11     2    25    12     0     0  -100.0  -13.077  -65.364    707.9    911.3
     1     1    11     2    25    11     0     1  -101.0  -12.876  -65.519    730.1    907.5
     1     1    11     2    25    10     0     2  -102.0  -12.667  -65.681    734.4    907.6
     1     1    11     2    25     9     0     3  -103.0  -12.448  -65.850    741.9    907.6
     1     1    11     2    25     8     0     2  -104.0  -12.229  -66.018    751.8    904.6
     1     1    11     2    25     7     0     1  -105.0  -12.017  -66.175    728.7    905.0
     1     1    11     2    25     6     0     0  -106.0  -11.812  -66.314    671.0    913.8
     1     1    11     2    25     5     0     1  -107.0  -11.608  -66.417    622.9    922.5
     1     1    11     2    25     4     0     2  -108.0  -11.396  -66.481    602.4    924.4
     1     1    11     2    25     3     0     3  -109.0  -11.174  -66.514    601.1    925.1
     1     1    11     2    25     2     0     2  -110.0  -10.951  -66.531    616.7    923.5
     1     1    11     2    25     1     0     1  -111.0  -10.743  -66.542    644.3    919.8
     1     1    11     2    25     0     0     0  -112.0  -10.546  -66.551    681.2    915.3
     1     1    11     2    24    23     0     1  -113.0  -10.352  -66.568    714.8    909.8
     1     1    11     2    24    22     0     2  -114.0  -10.160  -66.600    730.2    907.8
     1     1    11     2    24    21     0     3  -115.0   -9.970  -66.647    726.1    907.9
     1     1    11     2    24    20     0     2  -116.0   -9.785  -66.693    709.0    912.0
     1     1    11     2    24    19     0     1  -117.0   -9.608  -66.726    686.3    916.1
     1     1    11     2    24    18     0     0  -118.0   -9.436  -66.752    661.3    920.5
     1     1    11     2    24    17     0     1  -119.0   -9.266  -66.772    638.7    924.6
     1     1    11     2    24    16     0     2  -120.0   -9.090  -66.786    619.9    927.6
     1     1    11     2    24    15     0     3  -121.0   -8.909  -66.794    602.7    930.5
     1     1    11     2    24    14     0     2  -122.0   -8.716  -66.789    592.0    932.2
     1     1    11     2    24    13     0     1  -123.0   -8.507  -66.759    592.0    932.3
     1     1    11     2    24    12     0     0  -124.0   -8.280  -66.705    600.5    931.6
     1     1    11     2    24    11     0     1  -125.0   -8.053  -66.644    611.5    930.1
     1     1    11     2    24    10     0     2  -126.0   -7.844  -66.591    619.4    929.0
     1     1    11     2    24     9     0     3  -127.0   -7.652  -66.549    625.2    928.1
     1     1    11     2    24     8     0     2  -128.0   -7.470  -66.505    631.2    927.7
     1     1    11     2    24     7     0     1  -129.0   -7.287  -66.450    638.6    926.9
     1     1    11     2    24     6     0     0  -130.0   -7.100  -66.382    647.8    925.9
     1     1    11     2    24     5     0     1  -131.0   -6.911  -66.300    664.4    924.7
     1     1    11     2    24     4     0     2  -132.0   -6.724  -66.209    694.2    921.5
     1     1    11     2    24     3     0     3  -133.0   -6.542  -66.109    740.8    916.7
     1     1    11     2    24     2     0     2  -134.0   -6.368  -66.007    802.1    909.4
     1     1    11     2    24     1     0     1  -135.0   -6.208  -65.904    868.5    902.3
     1     1    11     2    24     0     0     0  -136.0   -6.062  -65.801    934.0    895.3
     1     1    11     2    23    23     0     1  -137.0   -5.927  -65.696    998.7    888.7
     1     1    11     2    23    22     0     2  -138.0   -5.796  -65.590   1068.6    881.8
     1     1    11     2    23    21     0     3  -139.0   -5.667  -65.485   1152.4    873.7
     1     1    11     2    23    20     0     2  -140.0   -5.526  -65.381   1230.1    864.0
     1     1    11     2    23    19     0     1  -141.0   -5.364  -65.269   1270.2    860.0
     1     1    11     2    23    18     0     0  -142.0   -5.180  -65.144   1272.6    860.6
     1     1    11     2    23    17     0     1  -143.0   -4.970  -65.000   1282.8    863.4
     1     1    11     2    23    16     0     2  -144.0   -4.742  -64.842   1312.3    859.7
     1     1    11     2    23    15     0     3  -145.0   -4.508  -64.675   1325.2    859.4
     1     1    11     2    23    14     0     2  -146.0   -4.279  -64.502   1325.9    861.6
     1     1    11     2    23    13     0     1  -147.0   -4.061  -64.321   1329.2    862.3
     1     1    11     2    23    12     0     0  -148.0   -3.850  -64.130   1338.2    862.3
     1     1    11     2    23    11     0     1  -149.0   -3.637  -63.919   1345.2    860.3
     1     1    11     2    23    10     0     2  -150.0   -3.416  -63.680   1345.0    860.0
     1     1    11     2    23     9     0     3  -151.0   -3.187  -63.418   1339.8    859.7
     1     1    11     2    23     8     0     2  -152.0   -2.960  -63.142   1333.8    861.3
     1     1    11     2    23     7     0     1  -153.0   -2.749  -62.864   1333.7    861.9
     1     1    11     2    23     6     0     0  -154.0   -2.550  -62.588   1337.7    861.7
     1     1    11     2    23     5     0     1  -155.0   -2.364  -62.314   1340.7    861.4
     1     1    11     2    23     4     0     2  -156.0   -2.189  -62.043   1348.4    861.9
     1     1    11     2    23     3     0     3  -157.0   -2.024  -61.774   1365.0    860.1
     1     1    11     2    23     2     0     2  -158.0   -1.869  -61.509   1344.8    857.3
     1     1    11     2    23     1     0     1  -159.0   -1.721  -61.251   1280.3    865.3
     1     1    11     2    23     0     0     0  -160.0   -1.573  -60.987   1226.7    871.5
     1     1    11     2    22    23     0     1  -161.0   -1.429  -60.727   1197.8    871.4
     1     1    11     2    22    22     0     2  -162.0   -1.297  -60.489   1182.1    871.3
     1     1    11     2    22    21     0     3  -163.0   -1.177  -60.261   1179.0    870.6
     1     1    11     2    22    20     0     2  -164.0   -1.065  -60.035   1174.1    869.8
     1     1    11     2    22    19     0     1  -165.0   -0.955  -59.811   1148.7    872.3
     1     1    11     2    22    18     0     0  -166.0   -0.852  -59.593   1109.5    876.7
     1     1    11     2    22    17     0     1  -167.0   -0.751  -59.372   1080.0    880.7
     1     1    11     2    22    16     0     2  -168.0   -0.642  -59.130   1071.9    880.9
     1     1    11     2    22    15     0     3  -169.0   -0.523  -58.863   1076.0    879.3
     1     1    11     2    22    14     0     2  -170.0   -0.400  -58.570   1084.4    876.4
     1     1    11     2    22    13     0     1  -171.0   -0.280  -58.251   1098.0    873.0
     1     1    11     2    22    12     0     0  -172.0   -0.159  -57.909   1121.3    868.8
     1     1    11     2    22    11     0     1  -173.0   -0.043  -57.564   1145.8    864.4
     1     1    11     2    22    10     0     2  -174.0    0.066  -57.240   1158.9    862.7
     1     1    11     2    22     9     0     3  -175.0    0.176  -56.941   1162.4    862.2
     1     1    11     2    22     8     0     2  -176.0    0.285  -56.651   1169.4    860.3
     1     1    11     2    22     7     0     1  -177.0    0.393  -56.356   1189.8    855.8
     1     1    11     2    22     6     0     0  -178.0    0.505  -56.059   1216.4    851.1
     1     1    11     2    22     5     0     1  -179.0    0.616  -55.764   1238.5    847.5
     1     1    11     2    22     4     0     2  -180.0    0.725  -55.471   1257.4    846.2
     1     1    11     2    22     3     0     3  -181.0    0.838  -55.172   1282.6    843.6
     1     1    11     2    22     2     0     2  -182.0    0.948  -54.864   1295.2    840.7
     1     1    11     2    22     1     0     1  -183.0    1.049  -54.551   1279.8    843.7
     1     1    11     2    22     0     0     0  -184.0    1.144  -54.236   1247.2    848.6
     1     1    11     2    21    23     0     1  -185.0    1.235  -53.928   1213.1    853.3
     1     1    11     2    21    22     0     2  -186.0    1.323  -53.632   1182.0    856.1
     1     1    11     2    21    21     0     3  -187.0    1.411  -53.347   1144.3    858.2
     1     1    11     2    21    20     0     2  -188.0    1.491  -53.074   1093.3    862.1
     1     1    11     2    21    19     0     1  -189.0    1.555  -52.816   1035.4    869.1
     1     1    11     2    21    18     0     0  -190.0    1.603  -52.570    974.3    877.3
     1     1    11     2    21    17     0     1  -191.0    1.649  -52.318    913.6    886.9
     1     1    11     2    21    16     0     2  -192.0    1.707  -52.044    853.1    896.0
     1     1    11     2    21    15     0     3  -193.0    1.775  -51.758    795.2    906.5
     1     1    11     2    21    14     0     2  -194.0    1.853  -51.449    739.7    915.7
     1     1    11     2    21    13     0     1  -195.0    1.938  -51.118    672.4    926.9
     1     1    11     2    21    12     0     0  -196.0    2.028  -50.781    593.5    939.6
     1     1    11     2    21    11     0     1  -197.0    2.116  -50.452    531.9    950.0
     1     1    11     2    21    10     0     2  -198.0    2.195  -50.135    490.0    954.4
     1     1    11     2    21     9     0     3  -199.0    2.263  -49.827    449.4    958.8
     1     1    11     2    21     8     0     2  -200.0    2.334  -49.524    415.7    963.5
     1     1    11     2    21     7     0     1  -201.0    2.420  -49.219    396.7    965.2
     1     1    11     2    21     6     0     0  -202.0    2.519  -48.911    386.4    965.9
     1     1    11     2    21     5     0     1  -203.0    2.618  -48.595    378.9    966.9
     1     1    11     2    21     4     0     2  -204.0    2.706  -48.271    372.5    968.1
     1     1    11     2    21     3     0     3  -205.0    2.782  -47.950    367.7    969.2
     1     1    11     2    21     2     0     2  -206.0    2.852  -47.632    363.2    969.5
     1     1    11     2    21     1     0     1  -207.0    2.923  -47.313    357.2    970.0
     1     1    11     2    21     0     0     0  -208.0    2.997  -46.986    348.7    970.8
     1     1    11     2    20    23     0     1  -209.0    3.075  -46.662    343.3    971.3
     1     1    11     2    20    22     0     2  -210.0    3.155  -46.345    345.5    970.3
     1     1    11     2    20    21     0     3  -211.0    3.236  -46.029    353.6    968.7
     1     1    11     2    20    20     0     2  -212.0    3.317  -45.706    361.4    967.3
     1     1    11     2    20    19     0     1  -213.0    3.401  -45.375    365.3    967.1
     1     1    11     2    20    18     0     0  -214.0    3.490  -45.034    370.5    967.0
     1     1    11     2    20    17     0     1  -215.0    3.584  -44.693    376.8    966.7
     1     1    11     2    20    16     0     2  -216.0    3.685  -44.360    381.4    967.0
     1     1    11     2    20    15     0     3  -217.0    3.792  -44.033    388.9    967.2
     1     1    11     2    20    14     0     2  -218.0    3.905  -43.707    398.0    965.7
     1     1    11     2    20    13     0     1  -219.0    4.026  -43.382    405.2    965.0
     1     1    11     2    20    12     0     0  -220.0    4.153  -43.055    414.8    964.3
     1     1    11     2    20    11     0     1  -221.0    4.280  -42.735    428.6    962.5
     1     1    11     2    20    10     0     2  -222.0    4.399  -42.436    442.9    960.2
     1     1    11     2    20     9     0     3  -223.0    4.513  -42.158    454.4    958.2
     1     1    11     2    20     8     0     2  -224.0    4.624  -41.891    463.5    957.4
     1     1    11     2    20     7     0     1  -225.0    4.732  -41.620    472.1    956.3
     1     1    11     2    20     6     0     0  -226.0    4.838  -41.342    478.9    955.3
     1     1    11     2    20     5     0     1  -227.0    4.941  -41.061    482.1    955.2
     1     1    11     2    20     4     0     2  -228.0    5.042  -40.780    483.1    955.5
     1     1    11     2    20     3     0     3  -229.0    5.142  -40.499    483.5    955.7
     1     1    11     2    20     2     0     2  -230.0    5.238  -40.220    484.3    956.0
     1     1    11     2    20     1     0     1  -231.0    5.326  -39.946    486.1    955.9
     1     1    11     2    20     0     0     0  -232.0    5.407  -39.676    487.7    955.8
     1     1    11     2    19    23     0     1  -233.0    5.496  -39.408    491.2    955.3
     1     1    11     2    19    22     0     2  -234.0    5.602  -39.138    500.9    953.9
     1     1    11     2    19    21     0     3  -235.0    5.727  -38.868    519.3    951.4
     1     1    11     2    19    20     0     2  -236.0    5.865  -38.592    539.2    948.1
     1     1    11     2    19    19     0     1  -237.0    6.015  -38.307    551.8    946.5
     1     1    11     2    19    18     0     0  -238.0    6.174  -38.016    557.0    945.8
     1     1    11     2    19    17     0     1  -239.0    6.339  -37.722    561.0    946.3
     1     1    11     2    19    16     0     2  -240.0    6.501  -37.429    568.2    945.8
     1     1    11     2    19    15     0     3  -241.0    6.662  -37.135    576.3    945.2
     1     1    11     2    19    14     0     2  -242.0    6.823  -36.838    585.5    944.8
     1     1    11     2    19    13     0     1  -243.0    6.986  -36.540    596.3    944.0
     1     1    11     2    19    12     0     0  -244.0    7.152  -36.239    608.1    943.2
     1     1    11     2    19    11     0     1  -245.0    7.320  -35.937    623.7    941.5
     1     1    11     2    19    10     0     2  -246.0    7.485  -35.633    646.1    939.0
     1     1    11     2    19     9     0     3  -247.0    7.646  -35.331    674.6    935.2
     1     1    11     2    19     8     0     2  -248.0    7.802  -35.037    701.7    931.5
     1     1    11     2    19     7     0     1  -249.0    7.955  -34.755    722.7    929.1
     1     1    11     2    19     6     0     0  -250.0    8.105  -34.482    738.2    927.3
     1     1    11     2    19     5     0     1  -251.0    8.252  -34.209    747.0    926.5
     1     1    11     2    19     4     0     2  -252.0    8.397  -33.924    747.6    926.8
     1     1    11     2    19     3     0     3  -253.0    8.539  -33.628    742.0    928.0
     1     1    11     2    19     2     0     2  -254.0    8.685  -33.323    736.2    929.2
     1     1    11     2    19     1     0     1  -255.0    8.841  -33.019    733.7    929.4
     1     1    11     2    19     0     0     0  -256.0    9.007  -32.715    733.0    929.6
     1     1    11     2    18    23     0     1  -257.0    9.175  -32.418    735.8    929.2
     1     1    11     2    18    22     0     2  -258.0    9.335  -32.135    743.3    928.1
     1     1    11     2    18    21     0     3  -259.0    9.486  -31.868    754.0    926.7
     1     1    11     2    18    20     0     2  -260.0    9.631  -31.611    765.3    925.1
     1     1    11     2    18    19     0     1  -261.0    9.778  -31.360    774.2    923.9
     1     1    11     2    18    18     0     0  -262.0    9.927  -31.113    778.8    923.0
     1     1    11     2    18    17     0     1  -263.0   10.066  -30.870    782.4    923.9
     1     1    11     2    18    16     0     2  -264.0   10.181  -30.629    789.8    923.8
     1     1    11     2    18    15     0     3  -265.0   10.273  -30.390    800.1    923.3
     1     1    11     2    18    14     0     2  -266.0   10.361  -30.151    808.7    922.2
     1     1    11     2    18    13     0     1  -267.0   10.463  -29.908    812.9    922.0
     1     1    11     2    18    12     0     0  -268.0   10.583  -29.661    813.9    922.1
     1     1    11     2    18    11     0     1  -269.0   10.705  -29.414    816.2    921.9
     1     1    11     2    18    10     0     2  -270.0   10.819  -29.169    822.1    920.8
     1     1    11     2    18     9     0     3  -271.0   10.926  -28.927    830.1    919.6
     1     1    11     2    18     8     0     2  -272.0   11.031  -28.684    841.1    918.4
     1     1    11     2    18     7     0     1  -273.0   11.141  -28.442    855.7    916.5
     1     1    11     2    18     6     0     0  -274.0   11.254  -28.202    871.0    914.5
     1     1    11     2    18     5     0     1  -275.0   11.361  -27.965    882.5    913.4
     1     1    11     2    18     4     0     2  -276.0   11.457  -27.728    889.6    913.2
     1     1    11     2    18     3     0     3  -277.0   11.543  -27.488    894.6    912.9
     1     1    11     2    18     2     0     2  -278.0   11.634  -27.250    901.4    912.9
     1     1    11     2    18     1     0     1  -279.0   11.739  -27.019    913.6    911.8
     1     1    11     2    18     0     0     0  -280.0   11.856  -26.797    931.9    910.2
     1     1    11     2    17    23     0     1  -281.0   11.982  -26.577    950.2    907.1
     1     1    11     2    17    22     0     2  -282.0   12.118  -26.347    961.1    905.7
     1     1    11     2    17    21     0     3  -283.0   12.267  -26.104    965.9    905.0
     1     1    11     2    17    20     0     2  -284.0   12.423  -25.855    971.4    904.7
     1     1    11     2    17    19     0     1  -285.0   12.572  -25.611    981.0    903.2
     1     1    11     2    17    18     0     0  -286.0   12.717  -25.371    992.3    901.6
     1     1    11     2    17    17     0     1  -287.0   12.861  -25.127   1004.9    900.5
     1     1    11     2    17    16     0     2  -288.0   13.007  -24.873   1018.9    899.2
     1     1    11     2    17    15     0     3  -289.0   13.151  -24.615   1034.3    897.9
     1     1    11     2    17    14     0     2  -290.0   13.291  -24.353   1049.8    896.4
     1     1    11     2    17    13     0     1  -291.0   13.432  -24.080   1065.0    895.2
     1     1    11     2    17    12     0     0  -292.0   13.572  -23.795   1083.0    893.9
     1     1    11     2    17    11     0     1  -293.0   13.711  -23.507   1105.8    891.5
     1     1    11     2    17    10     0     2  -294.0   13.850  -23.223   1132.5    888.6
     1     1    11     2    17     9     0     3  -295.0   13.993  -22.940   1160.4    885.6
     1     1    11     2    17     8     0     2  -296.0   14.134  -22.660   1185.3    882.5
     1     1    11     2    17     7     0     1  -297.0   14.271  -22.391   1204.7    880.2
     1     1    11     2    17     6     0     0  -298.0   14.410  -22.129   1217.9    878.5
     1     1    11     2    17     5     0     1  -299.0   14.546  -21.867   1224.0    877.9
     1     1    11     2    17     4     0     2  -300.0   14.678  -21.600   1223.7    878.1
     1     1    11     2    17     3     0     3  -301.0   14.809  -21.326   1219.1    878.7
     1     1    11     2    17     2     0     2  -302.0   14.949  -21.048   1215.4    879.8
     1     1    11     2    17     1     0     1  -303.0   15.098  -20.775   1216.9    880.0
     1     1    11     2    17     0     0     0  -304.0   15.256  -20.510   1224.2    879.6
     1     1    11     2    16    23     0     1  -305.0   15.419  -20.259   1240.4    878.0
     1     1    11     2    16    22     0     2  -306.0   15.578  -20.028   1267.2    875.1
     1     1    11     2    16    21     0     3  -307.0   15.731  -19.820   1303.3    871.2
     1     1    11     2    16    20     0     2  -308.0   15.878  -19.631   1344.8    866.3
     1     1    11     2    16    19     0     1  -309.0   16.017  -19.455   1389.5    861.6
     1     1    11     2    16    18     0     0  -310.0   16.149  -19.297   1438.9    856.4
     1     1    11     2    16    17     0     1  -311.0   16.271  -19.152   1489.6    851.3
     1     1    11     2    16    16     0     2  -312.0   16.383  -19.010   1540.0    846.5
     1     1    11     2    16    15     0     3  -313.0   16.485  -18.870   1592.8    841.3
     1     1    11     2    16    14     0     2  -314.0   16.574  -18.729   1638.7    836.2
     1     1    11     2    16    13     0     1  -315.0   16.652  -18.580   1667.4    833.7
     1     1    11     2    16    12     0     0  -316.0   16.723  -18.422   1677.4    833.0
     1     1    11     2    16    11     0     1  -317.0   16.788  -18.258   1681.7    833.7
     1     1    11     2    16    10     0     2  -318.0   16.845  -18.095   1694.5    832.3
     1     1    11     2    16     9     0     3  -319.0   16.895  -17.934   1717.1    830.0
     1     1    11     2    16     8     0     2  -320.0   16.941  -17.773   1748.1    826.4
     1     1    11     2    16     7     0     1  -321.0   16.987  -17.611   1784.9    822.6
     1     1    11     2    16     6     0     0  -322.0   17.032  -17.448   1827.5    818.2
     1     1    11     2    16     5     0     1  -323.0   17.083  -17.289   1862.2    813.7
     1     1    11     2    16     4     0     2  -324.0   17.147  -17.132   1874.5    812.6
     1     1    11     2    16     3     0     3  -325.0   17.221  -16.977   1864.2    813.7
     1     1    11     2    16     2     0     2  -326.0   17.299  -16.819   1856.4    816.8
     1     1    11     2    16     1     0     1  -327.0   17.370  -16.660   1875.1    815.0
     1     1    11     2    16     0     0     0  -328.0   17.436  -16.503   1919.0    810.6
     1     1    11     2    15    23     0     1  -329.0   17.497  -16.323   1980.6    803.6
     1     1    11     2    15    22     0     2  -330.0   17.558  -16.093   2058.2    796.3
     1     1    11     2    15    21     0     3  -331.0   17.613  -15.810   2157.9    786.6
     1     1    11     2    15    20     0     2  -332.0   17.658  -15.510   2250.9    775.0
     1     1    11     2    15    19     0     1  -333.0   17.698  -15.220   2298.8    768.9
     1     1    11     2    15    18     0     0  -334.0   17.744  -14.939   2283.1    768.9
     1     1    11     2    15    17     0     1  -335.0   17.810  -14.674   2235.5    776.4
     1     1    11     2    15    16     0     2  -336.0   17.903  -14.431   2201.3    779.4
