     3     1
    GDAS    11    10    22     0     0
    GDAS    11    10    29     0     0
    GDAS    11    11     1     0     0
     1 BACKWARD OMEGA   
  2011    11     2    16   -8.860  -57.000   609.6
     1 PRESSURE
     1     1    11    11     2    16     0     2     0.0   -8.860  -57.000    609.6    922.2
     1     1    11    11     2    15     0     3    -1.0   -8.819  -56.992    535.7    928.5
     1     1    11    11     2    14     0     2    -2.0   -8.780  -56.975    474.6    937.4
     1     1    11    11     2    13     0     1    -3.0   -8.726  -56.938    446.3    938.5
     1     1    11    11     2    12     0     0    -4.0   -8.653  -56.880    442.5    936.6
     1     1    11    11     2    11     0     1    -5.0   -8.572  -56.812    447.8    931.7
     1     1    11    11     2    10     0     2    -6.0   -8.496  -56.743    450.4    928.9
     1     1    11    11     2     9     0     3    -7.0   -8.425  -56.673    453.0    926.3
     1     1    11    11     2     8     0     2    -8.0   -8.362  -56.607    458.6    923.9
     1     1    11    11     2     7     0     1    -9.0   -8.306  -56.548    469.3    921.1
     1     1    11    11     2     6     0     0   -10.0   -8.260  -56.497    484.1    918.0
     1     1    11    11     2     5     0     1   -11.0   -8.226  -56.454    500.8    915.2
     1     1    11    11     2     4     0     2   -12.0   -8.205  -56.420    518.3    913.1
     1     1    11    11     2     3     0     3   -13.0   -8.199  -56.394    537.8    911.1
     1     1    11    11     2     2     0     2   -14.0   -8.198  -56.371    562.8    908.7
     1     1    11    11     2     1     0     1   -15.0   -8.189  -56.342    597.8    905.0
     1     1    11    11     2     0     0     0   -16.0   -8.175  -56.308    644.9    899.9
     1     1    11    11     1    23     0     1   -17.0   -8.154  -56.286    690.9    892.1
     1     1    11    11     1    22     0     2   -18.0   -8.127  -56.294    718.9    887.7
     1     1    11    11     1    21     0     3   -19.0   -8.095  -56.334    725.3    885.8
     1     1    11    11     1    20     0     2   -20.0   -8.063  -56.385    711.3    887.9
     1     1    11    11     1    19     0     1   -21.0   -8.037  -56.422    680.8    891.4
     1     1    11    11     1    18     0     0   -22.0   -8.015  -56.447    633.9    896.9
     1     1    11    11     1    17     0     1   -23.0   -7.998  -56.462    586.7    903.8
     1     1    11    11     1    16     0     2   -24.0   -7.985  -56.469    554.6    908.1
     1     1    11    11     1    15     0     3   -25.0   -7.974  -56.469    536.9    910.8
     1     1    11    11     1    14     0     2   -26.0   -7.962  -56.466    525.4    911.4
     1     1    11    11     1    13     0     1   -27.0   -7.944  -56.465    513.4    913.0
     1     1    11    11     1    12     0     0   -28.0   -7.918  -56.467    501.1    914.7
     1     1    11    11     1    11     0     1   -29.0   -7.882  -56.480    490.8    916.3
     1     1    11    11     1    10     0     2   -30.0   -7.833  -56.510    484.3    917.7
     1     1    11    11     1     9     0     3   -31.0   -7.769  -56.561    482.1    919.0
     1     1    11    11     1     8     0     2   -32.0   -7.706  -56.624    487.8    920.1
     1     1    11    11     1     7     0     1   -33.0   -7.655  -56.689    504.9    919.5
     1     1    11    11     1     6     0     0   -34.0   -7.614  -56.755    534.5    917.4
     1     1    11    11     1     5     0     1   -35.0   -7.585  -56.812    576.3    914.4
     1     1    11    11     1     4     0     2   -36.0   -7.566  -56.854    629.1    910.3
     1     1    11    11     1     3     0     3   -37.0   -7.557  -56.881    691.4    904.1
     1     1    11    11     1     2     0     2   -38.0   -7.552  -56.885    764.1    896.4
     1     1    11    11     1     1     0     1   -39.0   -7.543  -56.860    845.3    887.7
     1     1    11    11     1     0     0     0   -40.0   -7.530  -56.811    932.2    878.1
     1     1    11    10    31    23     0     1   -41.0   -7.528  -56.752   1002.1    867.9
     1     1    11    10    31    22     0     2   -42.0   -7.547  -56.693   1040.5    863.3
     1     1    11    10    31    21     0     3   -43.0   -7.587  -56.636   1053.7    860.6
     1     1    11    10    31    20     0     2   -44.0   -7.638  -56.592   1053.4    860.7
     1     1    11    10    31    19     0     1   -45.0   -7.690  -56.575   1044.5    860.6
     1     1    11    10    31    18     0     0   -46.0   -7.741  -56.582   1023.2    862.0
     1     1    11    10    31    17     0     1   -47.0   -7.790  -56.603   1002.0    865.4
     1     1    11    10    31    16     0     2   -48.0   -7.838  -56.624    993.5    866.1
     1     1    11    10    31    15     0     3   -49.0   -7.885  -56.642    995.9    865.6
     1     1    11    10    31    14     0     2   -50.0   -7.933  -56.659   1004.5    863.6
     1     1    11    10    31    13     0     1   -51.0   -7.985  -56.675   1016.3    861.6
     1     1    11    10    31    12     0     0   -52.0   -8.041  -56.689   1033.1    860.6
     1     1    11    10    31    11     0     1   -53.0   -8.106  -56.695   1029.2    859.0
     1     1    11    10    31    10     0     2   -54.0   -8.177  -56.689    987.2    864.5
     1     1    11    10    31     9     0     3   -55.0   -8.254  -56.677    922.4    872.6
     1     1    11    10    31     8     0     2   -56.0   -8.320  -56.679    878.2    882.2
     1     1    11    10    31     7     0     1   -57.0   -8.368  -56.704    878.1    882.6
     1     1    11    10    31     6     0     0   -58.0   -8.401  -56.743    917.4    879.5
     1     1    11    10    31     5     0     1   -59.0   -8.422  -56.772    965.1    872.0
     1     1    11    10    31     4     0     2   -60.0   -8.422  -56.778    983.5    870.1
     1     1    11    10    31     3     0     3   -61.0   -8.398  -56.765    973.3    871.1
     1     1    11    10    31     2     0     2   -62.0   -8.375  -56.745    968.1    874.2
     1     1    11    10    31     1     0     1   -63.0   -8.390  -56.720    987.2    872.0
     1     1    11    10    31     0     0     0   -64.0   -8.449  -56.689   1028.2    868.8
     1     1    11    10    30    23     0     1   -65.0   -8.533  -56.664   1066.8    863.1
     1     1    11    10    30    22     0     2   -66.0   -8.613  -56.657   1076.6    863.0
     1     1    11    10    30    21     0     3   -67.0   -8.683  -56.670   1059.0    865.5
     1     1    11    10    30    20     0     2   -68.0   -8.738  -56.695    991.8    871.4
     1     1    11    10    30    19     0     1   -69.0   -8.767  -56.723    849.5    886.3
     1     1    11    10    30    18     0     0   -70.0   -8.760  -56.746    651.2    908.7
     1     1    11    10    30    17     0     1   -71.0   -8.734  -56.766    493.1    933.3
     1     1    11    10    30    16     0     2   -72.0   -8.727  -56.796    401.7    941.1
     1     1    11    10    30    15     0     3   -73.0   -8.750  -56.838    352.2    946.8
     1     1    11    10    30    14     0     2   -74.0   -8.777  -56.884    330.9    949.4
     1     1    11    10    30    13     0     1   -75.0   -8.773  -56.928    321.1    950.8
     1     1    11    10    30    12     0     0   -76.0   -8.735  -56.969    318.4    951.0
     1     1    11    10    30    11     0     1   -77.0   -8.693  -57.002    318.5    949.1
     1     1    11    10    30    10     0     2   -78.0   -8.676  -57.015    320.9    947.6
     1     1    11    10    30     9     0     3   -79.0   -8.684  -57.011    326.9    946.2
     1     1    11    10    30     8     0     2   -80.0   -8.705  -56.994    339.2    945.4
     1     1    11    10    30     7     0     1   -81.0   -8.725  -56.973    360.6    943.2
     1     1    11    10    30     6     0     0   -82.0   -8.746  -56.950    391.5    940.2
     1     1    11    10    30     5     0     1   -83.0   -8.758  -56.937    427.2    936.5
     1     1    11    10    30     4     0     2   -84.0   -8.755  -56.944    463.4    932.7
     1     1    11    10    30     3     0     3   -85.0   -8.740  -56.971    501.5    928.7
     1     1    11    10    30     2     0     2   -86.0   -8.711  -57.012    546.1    924.2
     1     1    11    10    30     1     0     1   -87.0   -8.670  -57.064    600.5    918.2
     1     1    11    10    30     0     0     0   -88.0   -8.617  -57.122    664.7    911.0
     1     1    11    10    29    23     0     1   -89.0   -8.567  -57.185    714.8    902.3
     1     1    11    10    29    22     0     2   -90.0   -8.529  -57.253    727.8    900.6
     1     1    11    10    29    21     0     3   -91.0   -8.497  -57.329    707.1    902.8
     1     1    11    10    29    20     0     2   -92.0   -8.463  -57.408    670.0    909.3
     1     1    11    10    29    19     0     1   -93.0   -8.422  -57.480    633.1    914.7
     1     1    11    10    29    18     0     0   -94.0   -8.376  -57.546    597.7    919.4
     1     1    11    10    29    17     0     1   -95.0   -8.327  -57.596    568.1    924.2
     1     1    11    10    29    16     0     2   -96.0   -8.276  -57.627    545.1    927.5
     1     1    11    10    29    15     0     3   -97.0   -8.220  -57.637    525.2    930.4
     1     1    11    10    29    14     0     2   -98.0   -8.166  -57.629    514.9    932.3
     1     1    11    10    29    13     0     1   -99.0   -8.116  -57.603    521.4    931.2
     1     1    11    10    29    12     0     0  -100.0   -8.070  -57.561    545.3    927.8
     1     1    11    10    29    11     0     1  -101.0   -8.010  -57.501    572.0    921.0
     1     1    11    10    29    10     0     2  -102.0   -7.924  -57.421    584.1    917.4
     1     1    11    10    29     9     0     3  -103.0   -7.812  -57.321    580.9    915.8
     1     1    11    10    29     8     0     2  -104.0   -7.683  -57.206    571.8    917.0
     1     1    11    10    29     7     0     1  -105.0   -7.546  -57.075    568.5    917.7
     1     1    11    10    29     6     0     0  -106.0   -7.404  -56.926    574.2    918.2
     1     1    11    10    29     5     0     1  -107.0   -7.270  -56.776    561.8    918.8
     1     1    11    10    29     4     0     2  -108.0   -7.151  -56.639    514.6    925.8
     1     1    11    10    29     3     0     3  -109.0   -7.035  -56.506    445.8    935.7
     1     1    11    10    29     2     0     2  -110.0   -6.927  -56.374    379.6    944.8
     1     1    11    10    29     1     0     1  -111.0   -6.842  -56.234    325.4    949.6
     1     1    11    10    29     0     0     0  -112.0   -6.783  -56.077    273.1    954.5
     1     1    11    10    28    23     0     1  -113.0   -6.742  -55.918    228.6    959.2
     1     1    11    10    28    22     0     2  -114.0   -6.707  -55.784    198.0    961.5
     1     1    11    10    28    21     0     3  -115.0   -6.678  -55.669    175.8    962.7
     1     1    11    10    28    20     0     2  -116.0   -6.651  -55.565    157.7    964.6
     1     1    11    10    28    19     0     1  -117.0   -6.622  -55.464    141.5    966.4
     1     1    11    10    28    18     0     0  -118.0   -6.592  -55.367    125.7    967.6
     1     1    11    10    28    17     0     1  -119.0   -6.561  -55.268    111.0    969.5
     1     1    11    10    28    16     0     2  -120.0   -6.524  -55.162     99.0    971.2
     1     1    11    10    28    15     0     3  -121.0   -6.482  -55.051     90.2    972.4
     1     1    11    10    28    14     0     2  -122.0   -6.440  -54.942     85.8    973.0
     1     1    11    10    28    13     0     1  -123.0   -6.405  -54.844     85.5    973.5
     1     1    11    10    28    12     0     0  -124.0   -6.375  -54.755     88.2    973.8
     1     1    11    10    28    11     0     1  -125.0   -6.346  -54.670     93.4    973.0
     1     1    11    10    28    10     0     2  -126.0   -6.317  -54.586    101.1    971.9
     1     1    11    10    28     9     0     3  -127.0   -6.290  -54.501    111.8    970.6
     1     1    11    10    28     8     0     2  -128.0   -6.269  -54.413    121.8    969.4
     1     1    11    10    28     7     0     1  -129.0   -6.260  -54.323    126.9    969.0
     1     1    11    10    28     6     0     0  -130.0   -6.260  -54.228    126.9    969.2
     1     1    11    10    28     5     0     1  -131.0   -6.269  -54.138    127.4    970.5
     1     1    11    10    28     4     0     2  -132.0   -6.290  -54.061    133.5    970.6
     1     1    11    10    28     3     0     3  -133.0   -6.325  -54.000    145.1    970.0
     1     1    11    10    28     2     0     2  -134.0   -6.358  -53.941    161.7    966.9
     1     1    11    10    28     1     0     1  -135.0   -6.375  -53.871    181.1    963.5
     1     1    11    10    28     0     0     0  -136.0   -6.381  -53.795    204.1    959.9
     1     1    11    10    27    23     0     1  -137.0   -6.379  -53.719    227.3    955.6
     1     1    11    10    27    22     0     2  -138.0   -6.374  -53.642    246.4    952.3
     1     1    11    10    27    21     0     3  -139.0   -6.364  -53.559    261.9    949.3
     1     1    11    10    27    20     0     2  -140.0   -6.347  -53.465    273.0    946.9
     1     1    11    10    27    19     0     1  -141.0   -6.316  -53.357    276.9    945.2
     1     1    11    10    27    18     0     0  -142.0   -6.273  -53.234    270.3    944.7
     1     1    11    10    27    17     0     1  -143.0   -6.224  -53.100    256.9    946.2
     1     1    11    10    27    16     0     2  -144.0   -6.176  -52.961    242.4    947.6
     1     1    11    10    27    15     0     3  -145.0   -6.130  -52.818    231.5    949.8
     1     1    11    10    27    14     0     2  -146.0   -6.098  -52.674    226.1    950.3
     1     1    11    10    27    13     0     1  -147.0   -6.087  -52.536    222.7    950.4
     1     1    11    10    27    12     0     0  -148.0   -6.095  -52.403    218.1    950.6
     1     1    11    10    27    11     0     1  -149.0   -6.115  -52.279    220.3    950.5
     1     1    11    10    27    10     0     2  -150.0   -6.144  -52.167    239.6    947.9
     1     1    11    10    27     9     0     3  -151.0   -6.179  -52.065    278.2    943.4
     1     1    11    10    27     8     0     2  -152.0   -6.207  -51.964    324.0    936.6
     1     1    11    10    27     7     0     1  -153.0   -6.215  -51.861    361.1    932.8
     1     1    11    10    27     6     0     0  -154.0   -6.207  -51.754    386.5    930.5
     1     1    11    10    27     5     0     1  -155.0   -6.187  -51.646    393.5    930.2
     1     1    11    10    27     4     0     2  -156.0   -6.163  -51.537    378.2    933.1
     1     1    11    10    27     3     0     3  -157.0   -6.134  -51.423    348.1    937.8
     1     1    11    10    27     2     0     2  -158.0   -6.099  -51.304    315.7    942.6
     1     1    11    10    27     1     0     1  -159.0   -6.055  -51.184    287.2    946.2
     1     1    11    10    27     0     0     0  -160.0   -6.003  -51.061    260.7    949.7
     1     1    11    10    26    23     0     1  -161.0   -5.939  -50.931    239.6    951.4
     1     1    11    10    26    22     0     2  -162.0   -5.868  -50.794    225.3    951.1
     1     1    11    10    26    21     0     3  -163.0   -5.789  -50.660    213.6    951.2
     1     1    11    10    26    20     0     2  -164.0   -5.717  -50.533    198.5    952.8
     1     1    11    10    26    19     0     1  -165.0   -5.666  -50.418    176.5    955.8
     1     1    11    10    26    18     0     0  -166.0   -5.633  -50.312    148.6    959.8
     1     1    11    10    26    17     0     1  -167.0   -5.605  -50.211    119.4    964.6
     1     1    11    10    26    16     0     2  -168.0   -5.572  -50.111     92.6    968.8
     1     1    11    10    26    15     0     3  -169.0   -5.533  -50.012     68.9    973.2
     1     1    11    10    26    14     0     2  -170.0   -5.497  -49.922     51.9    977.4
     1     1    11    10    26    13     0     1  -171.0   -5.470  -49.844     42.3    979.8
     1     1    11    10    26    12     0     0  -172.0   -5.452  -49.778     37.4    981.7
     1     1    11    10    26    11     0     1  -173.0   -5.436  -49.718     34.7    982.0
     1     1    11    10    26    10     0     2  -174.0   -5.416  -49.662     32.5    982.4
     1     1    11    10    26     9     0     3  -175.0   -5.392  -49.609     31.2    982.7
     1     1    11    10    26     8     0     2  -176.0   -5.369  -49.559     30.2    983.0
     1     1    11    10    26     7     0     1  -177.0   -5.352  -49.510     29.0    983.3
     1     1    11    10    26     6     0     0  -178.0   -5.342  -49.463     27.2    983.5
     1     1    11    10    26     5     0     1  -179.0   -5.335  -49.416     25.9    984.7
     1     1    11    10    26     4     0     2  -180.0   -5.330  -49.367     25.8    985.7
     1     1    11    10    26     3     0     3  -181.0   -5.325  -49.315     27.3    986.6
     1     1    11    10    26     2     0     2  -182.0   -5.317  -49.257     30.0    986.5
     1     1    11    10    26     1     0     1  -183.0   -5.298  -49.188     33.9    986.2
     1     1    11    10    26     0     0     0  -184.0   -5.269  -49.108     40.0    985.7
     1     1    11    10    25    23     0     1  -185.0   -5.235  -49.024     49.6    984.6
     1     1    11    10    25    22     0     2  -186.0   -5.206  -48.937     64.5    981.8
     1     1    11    10    25    21     0     3  -187.0   -5.184  -48.843     86.8    977.6
     1     1    11    10    25    20     0     2  -188.0   -5.173  -48.745    111.7    974.0
     1     1    11    10    25    19     0     1  -189.0   -5.177  -48.652    131.1    971.7
     1     1    11    10    25    18     0     0  -190.0   -5.197  -48.573    141.2    970.2
     1     1    11    10    25    17     0     1  -191.0   -5.217  -48.499    145.2    970.6
     1     1    11    10    25    16     0     2  -192.0   -5.226  -48.423    147.3    970.8
     1     1    11    10    25    15     0     3  -193.0   -5.225  -48.341    148.7    971.0
     1     1    11    10    25    14     0     2  -194.0   -5.213  -48.256    154.3    970.4
     1     1    11    10    25    13     0     1  -195.0   -5.186  -48.167    167.8    968.1
     1     1    11    10    25    12     0     0  -196.0   -5.147  -48.075    188.8    965.1
     1     1    11    10    25    11     0     1  -197.0   -5.081  -47.974    220.3    960.6
     1     1    11    10    25    10     0     2  -198.0   -4.971  -47.862    264.1    955.5
     1     1    11    10    25     9     0     3  -199.0   -4.822  -47.736    310.4    949.6
     1     1    11    10    25     8     0     2  -200.0   -4.677  -47.594    340.4    945.7
     1     1    11    10    25     7     0     1  -201.0   -4.562  -47.441    347.2    946.1
     1     1    11    10    25     6     0     0  -202.0   -4.474  -47.285    339.8    947.8
     1     1    11    10    25     5     0     1  -203.0   -4.405  -47.129    320.9    950.7
     1     1    11    10    25     4     0     2  -204.0   -4.344  -46.980    291.2    955.3
     1     1    11    10    25     3     0     3  -205.0   -4.286  -46.839    253.3    962.0
     1     1    11    10    25     2     0     2  -206.0   -4.220  -46.709    215.3    967.9
     1     1    11    10    25     1     0     1  -207.0   -4.133  -46.590    181.5    973.0
     1     1    11    10    25     0     0     0  -208.0   -4.028  -46.486    150.4    978.5
     1     1    11    10    24    23     0     1  -209.0   -3.923  -46.392    127.5    982.3
     1     1    11    10    24    22     0     2  -210.0   -3.833  -46.297    115.2    983.6
     1     1    11    10    24    21     0     3  -211.0   -3.753  -46.200    111.5    983.8
     1     1    11    10    24    20     0     2  -212.0   -3.684  -46.101    110.3    983.7
     1     1    11    10    24    19     0     1  -213.0   -3.631  -46.003    105.6    984.2
     1     1    11    10    24    18     0     0  -214.0   -3.597  -45.904     97.6    985.4
     1     1    11    10    24    17     0     1  -215.0   -3.576  -45.801     86.8    988.2
     1     1    11    10    24    16     0     2  -216.0   -3.561  -45.694     73.6    991.6
     1     1    11    10    24    15     0     3  -217.0   -3.550  -45.581     58.2    995.4
     1     1    11    10    24    14     0     2  -218.0   -3.531  -45.467     44.6    998.5
     1     1    11    10    24    13     0     1  -219.0   -3.494  -45.350     35.4   1000.6
     1     1    11    10    24    12     0     0  -220.0   -3.437  -45.229     29.3   1002.4
     1     1    11    10    24    11     0     1  -221.0   -3.376  -45.114     25.2   1003.2
     1     1    11    10    24    10     0     2  -222.0   -3.326  -45.020     22.7   1003.9
     1     1    11    10    24     9     0     3  -223.0   -3.293  -44.949     22.1   1003.9
     1     1    11    10    24     8     0     2  -224.0   -3.268  -44.890     21.5   1003.4
     1     1    11    10    24     7     0     1  -225.0   -3.242  -44.830     19.3   1003.4
     1     1    11    10    24     6     0     0  -226.0   -3.217  -44.771     16.0   1003.6
     1     1    11    10    24     5     0     1  -227.0   -3.189  -44.715     13.4   1004.4
     1     1    11    10    24     4     0     2  -228.0   -3.156  -44.662     12.0   1004.8
     1     1    11    10    24     3     0     3  -229.0   -3.113  -44.611     11.5   1005.2
     1     1    11    10    24     2     0     2  -230.0   -3.061  -44.563     11.5   1005.3
     1     1    11    10    24     1     0     1  -231.0   -2.996  -44.521     12.0   1005.3
     1     1    11    10    24     0     0     0  -232.0   -2.919  -44.481     12.8   1005.5
     1     1    11    10    23    23     0     1  -233.0   -2.845  -44.428     13.0   1005.1
     1     1    11    10    23    22     0     2  -234.0   -2.785  -44.352     12.0   1004.8
     1     1    11    10    23    21     0     3  -235.0   -2.736  -44.254     10.5   1004.5
     1     1    11    10    23    20     0     2  -236.0   -2.695  -44.137      9.1   1004.8
     1     1    11    10    23    19     0     1  -237.0   -2.661  -44.006      7.9   1005.0
     1     1    11    10    23    18     0     0  -238.0   -2.635  -43.860      6.8   1005.1
     1     1    11    10    23    17     0     1  -239.0   -2.616  -43.706      5.4   1005.9
     1     1    11    10    23    16     0     2  -240.0   -2.603  -43.547      3.7   1006.5
     1     1    11    10    23    15     0     3  -241.0   -2.597  -43.385      1.5   1007.0
     1     1    11    10    23    14     0     2  -242.0   -2.599  -43.220      0.0   1007.2
     1     1    11    10    23    13     0     1  -243.0   -2.608  -43.050      0.0   1007.6
     1     1    11    10    23    12     0     0  -244.0   -2.623  -42.877      0.0   1008.7
     1     1    11    10    23    11     0     1  -245.0   -2.638  -42.700      0.0   1008.4
     1     1    11    10    23    10     0     2  -246.0   -2.647  -42.523      0.0   1008.3
     1     1    11    10    23     9     0     3  -247.0   -2.648  -42.347      0.0   1008.4
     1     1    11    10    23     8     0     2  -248.0   -2.640  -42.169      0.0   1009.1
     1     1    11    10    23     7     0     1  -249.0   -2.624  -41.990      0.0   1009.6
     1     1    11    10    23     6     0     0  -250.0   -2.606  -41.810      0.3   1008.9
     1     1    11    10    23     5     0     1  -251.0   -2.587  -41.629      0.9   1008.4
     1     1    11    10    23     4     0     2  -252.0   -2.566  -41.443      1.4   1008.0
     1     1    11    10    23     3     0     3  -253.0   -2.541  -41.254      1.7   1007.6
     1     1    11    10    23     2     0     2  -254.0   -2.512  -41.061      1.4   1007.5
     1     1    11    10    23     1     0     1  -255.0   -2.477  -40.863      0.7   1008.1
     1     1    11    10    23     0     0     0  -256.0   -2.436  -40.661      0.0   1008.9
     1     1    11    10    22    23     0     1  -257.0   -2.401  -40.458      0.0   1008.6
     1     1    11    10    22    22     0     2  -258.0   -2.381  -40.258      0.0   1008.3
     1     1    11    10    22    21     0     3  -259.0   -2.376  -40.061      0.0   1008.0
     1     1    11    10    22    20     0     2  -260.0   -2.385  -39.863      0.0   1008.4
     1     1    11    10    22    19     0     1  -261.0   -2.406  -39.663      0.0   1008.7
     1     1    11    10    22    18     0     0  -262.0   -2.438  -39.458      0.0   1009.0
     1     1    11    10    22    17     0     1  -263.0   -2.483  -39.253      0.0   1009.0
     1     1    11    10    22    16     0     2  -264.0   -2.545  -39.048      0.4   1008.7
     1     1    11    10    22    15     0     3  -265.0   -2.623  -38.846      1.4   1009.0
     1     1    11    10    22    14     0     2  -266.0   -2.721  -38.645      2.2   1009.8
     1     1    11    10    22    13     0     1  -267.0   -2.838  -38.445      2.7   1010.0
     1     1    11    10    22    12     0     0  -268.0   -2.968  -38.247      2.8   1009.8
     1     1    11    10    22    11     0     1  -269.0   -3.099  -38.037      2.8   1009.6
     1     1    11    10    22    10     0     2  -270.0   -3.219  -37.802      2.7   1009.5
     1     1    11    10    22     9     0     3  -271.0   -3.333  -37.546      2.7   1009.4
     1     1    11    10    22     8     0     2  -272.0   -3.444  -37.281      2.7   1009.7
     1     1    11    10    22     7     0     1  -273.0   -3.559  -37.016      2.8   1010.0
     1     1    11    10    22     6     0     0  -274.0   -3.679  -36.749      2.9   1010.3
     1     1    11    10    22     5     0     1  -275.0   -3.799  -36.485      2.9   1010.3
     1     1    11    10    22     4     0     2  -276.0   -3.914  -36.228      2.7   1010.4
     1     1    11    10    22     3     0     3  -277.0   -4.029  -35.980      2.3   1010.4
     1     1    11    10    22     2     0     2  -278.0   -4.136  -35.735      2.1   1010.8
     1     1    11    10    22     1     0     1  -279.0   -4.228  -35.486      2.2   1011.2
     1     1    11    10    22     0     0     0  -280.0   -4.306  -35.237      2.5   1011.6
