     3     1
    GDAS    11     2    15     0     0
    GDAS    11     2    22     0     0
    GDAS    11     3     1     0     0
     1 BACKWARD OMEGA   
  2011     3     1    16   -8.890  -56.670   609.6
     1 PRESSURE
     1     1    11     3     1    16     0     2     0.0   -8.890  -56.670    609.6    917.8
     1     1    11     3     1    15     0     3    -1.0   -8.676  -56.799    609.7    916.0
     1     1    11     3     1    14     0     2    -2.0   -8.463  -56.925    615.1    912.2
     1     1    11     3     1    13     0     1    -3.0   -8.250  -57.057    623.7    908.3
     1     1    11     3     1    12     0     0    -4.0   -8.037  -57.196    634.2    906.8
     1     1    11     3     1    11     0     1    -5.0   -7.828  -57.334    645.7    910.2
     1     1    11     3     1    10     0     2    -6.0   -7.632  -57.460    656.0    913.6
     1     1    11     3     1     9     0     3    -7.0   -7.451  -57.576    668.7    915.4
     1     1    11     3     1     8     0     2    -8.0   -7.288  -57.684    678.4    915.7
     1     1    11     3     1     7     0     1    -9.0   -7.142  -57.785    676.4    917.1
     1     1    11     3     1     6     0     0   -10.0   -7.011  -57.877    660.3    919.3
     1     1    11     3     1     5     0     1   -11.0   -6.887  -57.958    642.3    924.1
     1     1    11     3     1     4     0     2   -12.0   -6.767  -58.028    635.2    926.1
     1     1    11     3     1     3     0     3   -13.0   -6.651  -58.085    637.6    926.8
     1     1    11     3     1     2     0     2   -14.0   -6.548  -58.143    644.3    925.7
     1     1    11     3     1     1     0     1   -15.0   -6.464  -58.214    649.7    924.8
     1     1    11     3     1     0     0     0   -16.0   -6.396  -58.302    651.5    924.4
     1     1    11     2    28    23     0     1   -17.0   -6.330  -58.399    652.5    924.4
     1     1    11     2    28    22     0     2   -18.0   -6.254  -58.500    654.8    923.8
     1     1    11     2    28    21     0     3   -19.0   -6.169  -58.602    658.6    923.1
     1     1    11     2    28    20     0     2   -20.0   -6.080  -58.705    666.4    923.1
     1     1    11     2    28    19     0     1   -21.0   -5.997  -58.805    682.9    922.2
     1     1    11     2    28    18     0     0   -22.0   -5.919  -58.901    709.0    919.6
     1     1    11     2    28    17     0     1   -23.0   -5.838  -59.002    734.5    916.8
     1     1    11     2    28    16     0     2   -24.0   -5.750  -59.116    748.0    916.1
     1     1    11     2    28    15     0     3   -25.0   -5.659  -59.241    750.0    917.2
     1     1    11     2    28    14     0     2   -26.0   -5.571  -59.376    748.3    918.0
     1     1    11     2    28    13     0     1   -27.0   -5.492  -59.522    749.3    918.2
     1     1    11     2    28    12     0     0   -28.0   -5.424  -59.675    754.4    918.0
     1     1    11     2    28    11     0     1   -29.0   -5.360  -59.834    762.7    916.8
     1     1    11     2    28    10     0     2   -30.0   -5.290  -60.001    771.6    915.7
     1     1    11     2    28     9     0     3   -31.0   -5.208  -60.174    783.4    914.6
     1     1    11     2    28     8     0     2   -32.0   -5.127  -60.355    798.9    913.0
     1     1    11     2    28     7     0     1   -33.0   -5.064  -60.544    811.0    911.6
     1     1    11     2    28     6     0     0   -34.0   -5.023  -60.741    813.1    911.2
     1     1    11     2    28     5     0     1   -35.0   -4.991  -60.939    817.5    912.6
     1     1    11     2    28     4     0     2   -36.0   -4.959  -61.139    840.2    910.7
     1     1    11     2    28     3     0     3   -37.0   -4.933  -61.339    886.7    906.8
     1     1    11     2    28     2     0     2   -38.0   -4.921  -61.539    948.4    898.8
     1     1    11     2    28     1     0     1   -39.0   -4.927  -61.742   1004.6    892.0
     1     1    11     2    28     0     0     0   -40.0   -4.949  -61.947   1040.2    887.4
     1     1    11     2    27    23     0     1   -41.0   -4.980  -62.154   1071.1    886.6
     1     1    11     2    27    22     0     2   -42.0   -5.017  -62.362   1106.5    881.7
     1     1    11     2    27    21     0     3   -43.0   -5.056  -62.569   1116.7    879.3
     1     1    11     2    27    20     0     2   -44.0   -5.088  -62.765   1117.8    883.4
     1     1    11     2    27    19     0     1   -45.0   -5.098  -62.942   1135.8    882.3
     1     1    11     2    27    18     0     0   -46.0   -5.085  -63.101   1174.6    880.2
     1     1    11     2    27    17     0     1   -47.0   -5.057  -63.243   1238.2    873.8
     1     1    11     2    27    16     0     2   -48.0   -5.021  -63.370   1317.0    865.9
     1     1    11     2    27    15     0     3   -49.0   -4.975  -63.481   1399.4    857.8
     1     1    11     2    27    14     0     2   -50.0   -4.938  -63.576   1472.5    849.9
     1     1    11     2    27    13     0     1   -51.0   -4.927  -63.661   1529.9    843.7
     1     1    11     2    27    12     0     0   -52.0   -4.941  -63.736   1573.0    839.2
     1     1    11     2    27    11     0     1   -53.0   -4.960  -63.808   1622.1    835.8
     1     1    11     2    27    10     0     2   -54.0   -4.960  -63.881   1698.9    828.2
     1     1    11     2    27     9     0     3   -55.0   -4.940  -63.952   1811.7    817.4
     1     1    11     2    27     8     0     2   -56.0   -4.908  -64.015   1959.3    802.9
     1     1    11     2    27     7     0     1   -57.0   -4.869  -64.072   2138.5    786.1
     1     1    11     2    27     6     0     0   -58.0   -4.826  -64.127   2352.7    766.4
     1     1    11     2    27     5     0     1   -59.0   -4.777  -64.186   2564.0    743.8
     1     1    11     2    27     4     0     2   -60.0   -4.723  -64.251   2725.3    729.2
     1     1    11     2    27     3     0     3   -61.0   -4.661  -64.316   2835.4    719.5
     1     1    11     2    27     2     0     2   -62.0   -4.588  -64.375   2928.2    713.9
     1     1    11     2    27     1     0     1   -63.0   -4.503  -64.419   3031.7    704.3
     1     1    11     2    27     0     0     0   -64.0   -4.405  -64.442   3137.2    695.0
     1     1    11     2    26    23     0     1   -65.0   -4.305  -64.443   3202.0    686.1
     1     1    11     2    26    22     0     2   -66.0   -4.211  -64.422   3183.7    687.1
     1     1    11     2    26    21     0     3   -67.0   -4.125  -64.382   3069.1    695.9
     1     1    11     2    26    20     0     2   -68.0   -4.038  -64.327   2918.7    715.0
     1     1    11     2    26    19     0     1   -69.0   -3.940  -64.258   2811.6    726.2
     1     1    11     2    26    18     0     0   -70.0   -3.833  -64.177   2764.0    731.1
     1     1    11     2    26    17     0     1   -71.0   -3.718  -64.080   2743.4    730.8
     1     1    11     2    26    16     0     2   -72.0   -3.597  -63.965   2723.2    733.8
     1     1    11     2    26    15     0     3   -73.0   -3.469  -63.829   2708.6    735.5
     1     1    11     2    26    14     0     2   -74.0   -3.332  -63.679   2697.7    735.9
     1     1    11     2    26    13     0     1   -75.0   -3.181  -63.520   2691.0    736.3
     1     1    11     2    26    12     0     0   -76.0   -3.015  -63.353   2692.6    735.9
     1     1    11     2    26    11     0     1   -77.0   -2.842  -63.182   2701.5    734.6
     1     1    11     2    26    10     0     2   -78.0   -2.671  -63.012   2716.2    733.1
     1     1    11     2    26     9     0     3   -79.0   -2.504  -62.840   2734.2    730.9
     1     1    11     2    26     8     0     2   -80.0   -2.337  -62.660   2751.4    729.5
     1     1    11     2    26     7     0     1   -81.0   -2.164  -62.471   2775.5    728.3
     1     1    11     2    26     6     0     0   -82.0   -1.979  -62.277   2812.2    725.0
     1     1    11     2    26     5     0     1   -83.0   -1.798  -62.075   2844.5    721.4
     1     1    11     2    26     4     0     2   -84.0   -1.633  -61.861   2839.2    720.0
     1     1    11     2    26     3     0     3   -85.0   -1.474  -61.630   2756.3    725.4
     1     1    11     2    26     2     0     2   -86.0   -1.317  -61.392   2644.0    739.2
     1     1    11     2    26     1     0     1   -87.0   -1.171  -61.160   2568.3    744.2
     1     1    11     2    26     0     0     0   -88.0   -1.035  -60.938   2511.0    745.4
     1     1    11     2    25    23     0     1   -89.0   -0.905  -60.715   2452.2    749.6
     1     1    11     2    25    22     0     2   -90.0   -0.774  -60.482   2389.6    754.0
     1     1    11     2    25    21     0     3   -91.0   -0.641  -60.240   2326.6    758.0
     1     1    11     2    25    20     0     2   -92.0   -0.515  -59.994   2274.0    762.5
     1     1    11     2    25    19     0     1   -93.0   -0.407  -59.753   2245.9    765.1
     1     1    11     2    25    18     0     0   -94.0   -0.319  -59.520   2240.6    764.9
     1     1    11     2    25    17     0     1   -95.0   -0.243  -59.292   2260.8    763.9
     1     1    11     2    25    16     0     2   -96.0   -0.175  -59.066   2316.3    759.0
     1     1    11     2    25    15     0     3   -97.0   -0.116  -58.839   2404.9    750.3
     1     1    11     2    25    14     0     2   -98.0   -0.062  -58.612   2500.6    738.3
     1     1    11     2    25    13     0     1   -99.0   -0.002  -58.390   2585.9    729.7
     1     1    11     2    25    12     0     0  -100.0    0.070  -58.171   2671.3    721.3
     1     1    11     2    25    11     0     1  -101.0    0.152  -57.945   2748.2    712.4
     1     1    11     2    25    10     0     2  -102.0    0.230  -57.710   2801.4    707.5
     1     1    11     2    25     9     0     3  -103.0    0.295  -57.473   2828.1    705.4
     1     1    11     2    25     8     0     2  -104.0    0.351  -57.239   2805.4    706.0
     1     1    11     2    25     7     0     1  -105.0    0.410  -57.010   2689.5    715.2
     1     1    11     2    25     6     0     0  -106.0    0.478  -56.788   2498.1    733.9
     1     1    11     2    25     5     0     1  -107.0    0.555  -56.567   2297.0    752.8
     1     1    11     2    25     4     0     2  -108.0    0.644  -56.338   2112.7    768.7
     1     1    11     2    25     3     0     3  -109.0    0.754  -56.100   1958.1    783.1
     1     1    11     2    25     2     0     2  -110.0    0.880  -55.854   1879.3    792.9
     1     1    11     2    25     1     0     1  -111.0    1.002  -55.602   1872.4    789.9
     1     1    11     2    25     0     0     0  -112.0    1.115  -55.350   1886.4    785.5
     1     1    11     2    24    23     0     1  -113.0    1.219  -55.099   1891.4    782.8
     1     1    11     2    24    22     0     2  -114.0    1.317  -54.851   1873.5    784.2
     1     1    11     2    24    21     0     3  -115.0    1.416  -54.610   1832.8    788.6
     1     1    11     2    24    20     0     2  -116.0    1.515  -54.381   1785.1    795.3
     1     1    11     2    24    19     0     1  -117.0    1.603  -54.162   1737.9    800.0
     1     1    11     2    24    18     0     0  -118.0    1.679  -53.955   1677.7    805.7
     1     1    11     2    24    17     0     1  -119.0    1.752  -53.746   1614.2    812.6
     1     1    11     2    24    16     0     2  -120.0    1.830  -53.514   1561.6    816.3
     1     1    11     2    24    15     0     3  -121.0    1.919  -53.250   1521.1    818.2
     1     1    11     2    24    14     0     2  -122.0    2.012  -52.957   1486.8    817.7
     1     1    11     2    24    13     0     1  -123.0    2.108  -52.652   1456.0    824.7
     1     1    11     2    24    12     0     0  -124.0    2.211  -52.335   1434.1    832.5
     1     1    11     2    24    11     0     1  -125.0    2.333  -52.016   1422.2    838.8
     1     1    11     2    24    10     0     2  -126.0    2.480  -51.712   1401.4    845.0
     1     1    11     2    24     9     0     3  -127.0    2.649  -51.429   1352.7    853.8
     1     1    11     2    24     8     0     2  -128.0    2.834  -51.166   1265.3    866.9
     1     1    11     2    24     7     0     1  -129.0    3.031  -50.920   1143.5    883.4
     1     1    11     2    24     6     0     0  -130.0    3.234  -50.680   1027.2    898.6
     1     1    11     2    24     5     0     1  -131.0    3.439  -50.430    953.7    906.8
     1     1    11     2    24     4     0     2  -132.0    3.642  -50.167    922.7    910.0
     1     1    11     2    24     3     0     3  -133.0    3.841  -49.891    920.7    909.2
     1     1    11     2    24     2     0     2  -134.0    4.029  -49.605    930.7    907.4
     1     1    11     2    24     1     0     1  -135.0    4.203  -49.310    944.8    905.5
     1     1    11     2    24     0     0     0  -136.0    4.368  -49.005    956.1    903.7
     1     1    11     2    23    23     0     1  -137.0    4.523  -48.702    965.0    903.0
     1     1    11     2    23    22     0     2  -138.0    4.670  -48.411    975.0    901.5
     1     1    11     2    23    21     0     3  -139.0    4.810  -48.135    982.4    900.1
     1     1    11     2    23    20     0     2  -140.0    4.942  -47.863    981.8    900.0
     1     1    11     2    23    19     0     1  -141.0    5.063  -47.582    974.8    901.3
     1     1    11     2    23    18     0     0  -142.0    5.176  -47.290    966.7    902.4
     1     1    11     2    23    17     0     1  -143.0    5.300  -46.987    961.2    903.9
     1     1    11     2    23    16     0     2  -144.0    5.446  -46.677    961.7    904.6
     1     1    11     2    23    15     0     3  -145.0    5.611  -46.361    970.8    904.5
     1     1    11     2    23    14     0     2  -146.0    5.785  -46.042    990.5    902.4
     1     1    11     2    23    13     0     1  -147.0    5.960  -45.720   1020.3    899.1
     1     1    11     2    23    12     0     0  -148.0    6.137  -45.398   1056.6    895.0
     1     1    11     2    23    11     0     1  -149.0    6.318  -45.076   1094.8    890.7
     1     1    11     2    23    10     0     2  -150.0    6.503  -44.758   1138.5    886.5
     1     1    11     2    23     9     0     3  -151.0    6.690  -44.448   1196.2    880.7
     1     1    11     2    23     8     0     2  -152.0    6.869  -44.151   1262.5    873.0
     1     1    11     2    23     7     0     1  -153.0    7.032  -43.869   1316.1    866.4
     1     1    11     2    23     6     0     0  -154.0    7.181  -43.596   1341.0    863.5
     1     1    11     2    23     5     0     1  -155.0    7.325  -43.322   1344.2    864.9
     1     1    11     2    23     4     0     2  -156.0    7.468  -43.037   1340.2    866.1
     1     1    11     2    23     3     0     3  -157.0    7.613  -42.742   1334.6    867.5
     1     1    11     2    23     2     0     2  -158.0    7.756  -42.447   1329.2    867.9
     1     1    11     2    23     1     0     1  -159.0    7.894  -42.158   1322.9    868.4
     1     1    11     2    23     0     0     0  -160.0    8.026  -41.875   1314.9    869.2
     1     1    11     2    22    23     0     1  -161.0    8.151  -41.594   1309.2    869.7
     1     1    11     2    22    22     0     2  -162.0    8.262  -41.315   1312.2    869.3
     1     1    11     2    22    21     0     3  -163.0    8.360  -41.039   1329.6    867.3
     1     1    11     2    22    20     0     2  -164.0    8.447  -40.768   1358.6    864.1
     1     1    11     2    22    19     0     1  -165.0    8.528  -40.504   1395.8    860.8
     1     1    11     2    22    18     0     0  -166.0    8.599  -40.245   1446.7    856.2
     1     1    11     2    22    17     0     1  -167.0    8.663  -39.987   1499.2    850.2
     1     1    11     2    22    16     0     2  -168.0    8.729  -39.727   1536.6    846.7
     1     1    11     2    22    15     0     3  -169.0    8.800  -39.469   1556.3    845.2
     1     1    11     2    22    14     0     2  -170.0    8.870  -39.219   1566.0    845.3
     1     1    11     2    22    13     0     1  -171.0    8.929  -38.981   1573.2    844.5
     1     1    11     2    22    12     0     0  -172.0    8.979  -38.755   1576.2    844.3
     1     1    11     2    22    11     0     1  -173.0    9.032  -38.533   1578.6    844.1
     1     1    11     2    22    10     0     2  -174.0    9.103  -38.310   1584.4    843.2
     1     1    11     2    22     9     0     3  -175.0    9.190  -38.086   1594.2    841.9
     1     1    11     2    22     8     0     2  -176.0    9.281  -37.870   1604.5    840.4
     1     1    11     2    22     7     0     1  -177.0    9.367  -37.668   1610.5    839.8
     1     1    11     2    22     6     0     0  -178.0    9.448  -37.479   1610.9    839.7
     1     1    11     2    22     5     0     1  -179.0    9.515  -37.295   1606.3    840.6
     1     1    11     2    22     4     0     2  -180.0    9.560  -37.107   1598.0    841.9
     1     1    11     2    22     3     0     3  -181.0    9.584  -36.916   1588.3    843.5
     1     1    11     2    22     2     0     2  -182.0    9.589  -36.722   1580.6    844.4
     1     1    11     2    22     1     0     1  -183.0    9.582  -36.527   1576.5    844.7
     1     1    11     2    22     0     0     0  -184.0    9.565  -36.330   1574.9    844.8
     1     1    11     2    21    23     0     1  -185.0    9.544  -36.134   1577.8    844.4
     1     1    11     2    21    22     0     2  -186.0    9.521  -35.940   1586.8    843.2
     1     1    11     2    21    21     0     3  -187.0    9.495  -35.750   1600.0    841.5
     1     1    11     2    21    20     0     2  -188.0    9.466  -35.563   1615.8    839.6
     1     1    11     2    21    19     0     1  -189.0    9.434  -35.382   1635.8    837.6
     1     1    11     2    21    18     0     0  -190.0    9.400  -35.205   1663.7    834.9
     1     1    11     2    21    17     0     1  -191.0    9.366  -35.029   1695.6    831.6
     1     1    11     2    21    16     0     2  -192.0    9.335  -34.845   1724.5    829.1
     1     1    11     2    21    15     0     3  -193.0    9.307  -34.655   1750.7    827.1
     1     1    11     2    21    14     0     2  -194.0    9.284  -34.462   1776.6    825.0
     1     1    11     2    21    13     0     1  -195.0    9.262  -34.272   1801.4    822.8
     1     1    11     2    21    12     0     0  -196.0    9.242  -34.086   1821.3    821.0
     1     1    11     2    21    11     0     1  -197.0    9.222  -33.901   1838.1    819.3
     1     1    11     2    21    10     0     2  -198.0    9.198  -33.718   1856.7    817.2
     1     1    11     2    21     9     0     3  -199.0    9.173  -33.535   1878.0    814.6
     1     1    11     2    21     8     0     2  -200.0    9.153  -33.355   1900.0    811.9
     1     1    11     2    21     7     0     1  -201.0    9.143  -33.180   1920.5    809.6
     1     1    11     2    21     6     0     0  -202.0    9.146  -33.012   1939.5    807.5
     1     1    11     2    21     5     0     1  -203.0    9.141  -32.844   1954.2    806.2
     1     1    11     2    21     4     0     2  -204.0    9.106  -32.670   1961.6    805.8
     1     1    11     2    21     3     0     3  -205.0    9.038  -32.492   1962.1    806.2
     1     1    11     2    21     2     0     2  -206.0    8.957  -32.309   1959.1    806.8
     1     1    11     2    21     1     0     1  -207.0    8.886  -32.118   1955.1    807.2
     1     1    11     2    21     0     0     0  -208.0    8.822  -31.919   1949.7    807.9
     1     1    11     2    20    23     0     1  -209.0    8.756  -31.718   1952.3    808.2
     1     1    11     2    20    22     0     2  -210.0    8.680  -31.521   1971.7    805.9
     1     1    11     2    20    21     0     3  -211.0    8.595  -31.328   2007.1    802.1
     1     1    11     2    20    20     0     2  -212.0    8.506  -31.137   2046.3    797.0
     1     1    11     2    20    19     0     1  -213.0    8.420  -30.943   2078.8    793.9
     1     1    11     2    20    18     0     0  -214.0    8.334  -30.746   2108.7    791.1
     1     1    11     2    20    17     0     1  -215.0    8.240  -30.545   2137.5    788.6
     1     1    11     2    20    16     0     2  -216.0    8.128  -30.339   2162.8    786.5
     1     1    11     2    20    15     0     3  -217.0    8.004  -30.128   2182.2    784.9
     1     1    11     2    20    14     0     2  -218.0    7.880  -29.910   2197.9    784.0
     1     1    11     2    20    13     0     1  -219.0    7.764  -29.689   2214.2    782.9
     1     1    11     2    20    12     0     0  -220.0    7.657  -29.463   2234.9    781.6
     1     1    11     2    20    11     0     1  -221.0    7.554  -29.237   2262.4    778.7
     1     1    11     2    20    10     0     2  -222.0    7.450  -29.019   2294.3    775.1
     1     1    11     2    20     9     0     3  -223.0    7.345  -28.809   2323.9    771.5
     1     1    11     2    20     8     0     2  -224.0    7.238  -28.606   2341.3    769.1
     1     1    11     2    20     7     0     1  -225.0    7.129  -28.407   2342.0    768.8
     1     1    11     2    20     6     0     0  -226.0    7.020  -28.214   2328.8    769.9
     1     1    11     2    20     5     0     1  -227.0    6.912  -28.020   2313.2    772.4
     1     1    11     2    20     4     0     2  -228.0    6.804  -27.821   2305.7    773.2
     1     1    11     2    20     3     0     3  -229.0    6.695  -27.616   2304.0    773.2
     1     1    11     2    20     2     0     2  -230.0    6.593  -27.405   2308.5    773.3
     1     1    11     2    20     1     0     1  -231.0    6.502  -27.194   2322.4    772.4
     1     1    11     2    20     0     0     0  -232.0    6.424  -26.987   2347.0    770.4
     1     1    11     2    19    23     0     1  -233.0    6.353  -26.784   2372.5    766.7
     1     1    11     2    19    22     0     2  -234.0    6.286  -26.584   2389.6    764.8
     1     1    11     2    19    21     0     3  -235.0    6.222  -26.387   2401.4    763.4
     1     1    11     2    19    20     0     2  -236.0    6.162  -26.194   2421.2    762.5
     1     1    11     2    19    19     0     1  -237.0    6.110  -26.009   2461.5    758.8
     1     1    11     2    19    18     0     0  -238.0    6.064  -25.831   2522.6    753.2
     1     1    11     2    19    17     0     1  -239.0    6.019  -25.655   2583.6    746.1
     1     1    11     2    19    16     0     2  -240.0    5.972  -25.474   2623.0    742.8
     1     1    11     2    19    15     0     3  -241.0    5.924  -25.289   2641.3    741.5
     1     1    11     2    19    14     0     2  -242.0    5.879  -25.103   2648.9    742.0
     1     1    11     2    19    13     0     1  -243.0    5.836  -24.919   2655.0    741.8
     1     1    11     2    19    12     0     0  -244.0    5.797  -24.736   2659.1    741.8
     1     1    11     2    19    11     0     1  -245.0    5.745  -24.552   2664.5    741.3
     1     1    11     2    19    10     0     2  -246.0    5.670  -24.367   2675.0    740.1
     1     1    11     2    19     9     0     3  -247.0    5.574  -24.181   2690.6    738.4
     1     1    11     2    19     8     0     2  -248.0    5.467  -23.994   2714.0    736.3
     1     1    11     2    19     7     0     1  -249.0    5.363  -23.812   2747.4    733.0
     1     1    11     2    19     6     0     0  -250.0    5.259  -23.635   2790.9    728.8
     1     1    11     2    19     5     0     1  -251.0    5.155  -23.459   2837.3    724.4
     1     1    11     2    19     4     0     2  -252.0    5.051  -23.279   2879.3    721.2
     1     1    11     2    19     3     0     3  -253.0    4.947  -23.095   2917.3    718.2
     1     1    11     2    19     2     0     2  -254.0    4.845  -22.907   2949.1    715.6
     1     1    11     2    19     1     0     1  -255.0    4.746  -22.717   2970.9    713.9
     1     1    11     2    19     0     0     0  -256.0    4.646  -22.524   2981.1    713.3
     1     1    11     2    18    23     0     1  -257.0    4.547  -22.331   2984.6    713.2
     1     1    11     2    18    22     0     2  -258.0    4.449  -22.137   2988.0    712.8
     1     1    11     2    18    21     0     3  -259.0    4.353  -21.944   2994.6    712.1
     1     1    11     2    18    20     0     2  -260.0    4.257  -21.753   3003.7    710.9
     1     1    11     2    18    19     0     1  -261.0    4.157  -21.568   3010.7    710.0
     1     1    11     2    18    18     0     0  -262.0    4.055  -21.391   3012.0    709.6
     1     1    11     2    18    17     0     1  -263.0    3.954  -21.223   3008.3    710.4
     1     1    11     2    18    16     0     2  -264.0    3.857  -21.058   3006.2    711.1
     1     1    11     2    18    15     0     3  -265.0    3.767  -20.894   3009.2    711.0
     1     1    11     2    18    14     0     2  -266.0    3.679  -20.726   3017.6    710.6
     1     1    11     2    18    13     0     1  -267.0    3.589  -20.553   3033.4    709.8
     1     1    11     2    18    12     0     0  -268.0    3.495  -20.375   3061.2    708.0
     1     1    11     2    18    11     0     1  -269.0    3.404  -20.195   3101.8    704.3
     1     1    11     2    18    10     0     2  -270.0    3.319  -20.018   3156.9    699.9
     1     1    11     2    18     9     0     3  -271.0    3.240  -19.843   3227.1    693.7
     1     1    11     2    18     8     0     2  -272.0    3.160  -19.669   3270.8    686.3
     1     1    11     2    18     7     0     1  -273.0    3.073  -19.497   3251.7    687.7
     1     1    11     2    18     6     0     0  -274.0    2.980  -19.328   3172.0    694.1
     1     1    11     2    18     5     0     1  -275.0    2.889  -19.163   3056.3    706.0
     1     1    11     2    18     4     0     2  -276.0    2.807  -18.998   2936.4    717.1
     1     1    11     2    18     3     0     3  -277.0    2.734  -18.833   2821.3    727.5
     1     1    11     2    18     2     0     2  -278.0    2.672  -18.669   2701.4    737.4
     1     1    11     2    18     1     0     1  -279.0    2.620  -18.508   2566.1    749.7
     1     1    11     2    18     0     0     0  -280.0    2.578  -18.356   2418.4    763.4
     1     1    11     2    17    23     0     1  -281.0    2.541  -18.214   2272.6    777.9
     1     1    11     2    17    22     0     2  -282.0    2.501  -18.079   2142.3    789.5
     1     1    11     2    17    21     0     3  -283.0    2.455  -17.949   2030.8    799.8
     1     1    11     2    17    20     0     2  -284.0    2.407  -17.822   1953.0    808.1
     1     1    11     2    17    19     0     1  -285.0    2.364  -17.696   1911.3    810.8
     1     1    11     2    17    18     0     0  -286.0    2.327  -17.569   1891.3    811.8
     1     1    11     2    17    17     0     1  -287.0    2.300  -17.438   1889.7    812.3
     1     1    11     2    17    16     0     2  -288.0    2.285  -17.299   1906.1    810.5
     1     1    11     2    17    15     0     3  -289.0    2.282  -17.151   1933.9    807.5
     1     1    11     2    17    14     0     2  -290.0    2.293  -16.999   1947.6    804.4
     1     1    11     2    17    13     0     1  -291.0    2.317  -16.849   1932.1    806.7
     1     1    11     2    17    12     0     0  -292.0    2.352  -16.703   1899.1    810.6
     1     1    11     2    17    11     0     1  -293.0    2.391  -16.558   1868.4    815.1
     1     1    11     2    17    10     0     2  -294.0    2.424  -16.414   1850.1    816.6
     1     1    11     2    17     9     0     3  -295.0    2.451  -16.272   1838.4    817.5
     1     1    11     2    17     8     0     2  -296.0    2.473  -16.127   1829.2    817.7
     1     1    11     2    17     7     0     1  -297.0    2.490  -15.980   1821.0    817.9
     1     1    11     2    17     6     0     0  -298.0    2.502  -15.831   1812.2    818.1
     1     1    11     2    17     5     0     1  -299.0    2.513  -15.678   1799.3    819.3
     1     1    11     2    17     4     0     2  -300.0    2.525  -15.523   1778.7    821.2
     1     1    11     2    17     3     0     3  -301.0    2.539  -15.365   1746.3    824.2
     1     1    11     2    17     2     0     2  -302.0    2.554  -15.207   1697.6    829.0
     1     1    11     2    17     1     0     1  -303.0    2.567  -15.051   1636.0    835.9
     1     1    11     2    17     0     0     0  -304.0    2.577  -14.897   1568.7    843.1
     1     1    11     2    16    23     0     1  -305.0    2.583  -14.749   1507.5    850.1
     1     1    11     2    16    22     0     2  -306.0    2.584  -14.608   1463.1    854.3
     1     1    11     2    16    21     0     3  -307.0    2.580  -14.471   1437.5    856.7
     1     1    11     2    16    20     0     2  -308.0    2.575  -14.337   1421.5    856.7
     1     1    11     2    16    19     0     1  -309.0    2.569  -14.206   1404.0    857.9
     1     1    11     2    16    18     0     0  -310.0    2.563  -14.077   1384.3    859.3
     1     1    11     2    16    17     0     1  -311.0    2.560  -13.945   1361.0    861.5
     1     1    11     2    16    16     0     2  -312.0    2.566  -13.806   1335.5    864.3
     1     1    11     2    16    15     0     3  -313.0    2.579  -13.663   1310.5    867.0
     1     1    11     2    16    14     0     2  -314.0    2.592  -13.517   1293.5    869.9
     1     1    11     2    16    13     0     1  -315.0    2.597  -13.369   1288.6    870.6
     1     1    11     2    16    12     0     0  -316.0    2.595  -13.215   1291.8    870.5
     1     1    11     2    16    11     0     1  -317.0    2.587  -13.055   1297.9    869.5
     1     1    11     2    16    10     0     2  -318.0    2.570  -12.894   1303.9    868.7
     1     1    11     2    16     9     0     3  -319.0    2.547  -12.729   1311.8    868.0
     1     1    11     2    16     8     0     2  -320.0    2.521  -12.565   1322.4    866.5
     1     1    11     2    16     7     0     1  -321.0    2.497  -12.403   1333.6    864.9
     1     1    11     2    16     6     0     0  -322.0    2.471  -12.244   1342.5    863.5
     1     1    11     2    16     5     0     1  -323.0    2.449  -12.089   1349.7    863.0
     1     1    11     2    16     4     0     2  -324.0    2.434  -11.936   1357.5    862.1
     1     1    11     2    16     3     0     3  -325.0    2.429  -11.785   1367.3    861.2
     1     1    11     2    16     2     0     2  -326.0    2.429  -11.633   1378.8    860.5
     1     1    11     2    16     1     0     1  -327.0    2.429  -11.481   1392.6    859.9
     1     1    11     2    16     0     0     0  -328.0    2.428  -11.329   1412.3    858.6
     1     1    11     2    15    23     0     1  -329.0    2.438  -11.176   1431.0    855.9
     1     1    11     2    15    22     0     2  -330.0    2.466  -11.025   1437.0    854.9
     1     1    11     2    15    21     0     3  -331.0    2.509  -10.877   1429.6    855.7
     1     1    11     2    15    20     0     2  -332.0    2.562  -10.734   1416.7    857.1
     1     1    11     2    15    19     0     1  -333.0    2.617  -10.595   1403.3    858.0
     1     1    11     2    15    18     0     0  -334.0    2.676  -10.462   1387.1    859.0
     1     1    11     2    15    17     0     1  -335.0    2.736  -10.333   1371.2    861.1
     1     1    11     2    15    16     0     2  -336.0    2.799  -10.202   1359.3    862.4
