     3     1
    GDAS    11     8     8     0     0
    GDAS    11     8    15     0     0
    GDAS    11     8    22     0     0
     1 BACKWARD OMEGA   
  2011     8    23    16   -8.860  -56.770  2133.6
     1 PRESSURE
     1     1    11     8    23    16     0     2     0.0   -8.860  -56.770   2133.6    772.8
     1     1    11     8    23    15     0     3    -1.0   -8.895  -56.462   2186.3    766.1
     1     1    11     8    23    14     0     2    -2.0   -8.918  -56.150   2229.7    760.0
     1     1    11     8    23    13     0     1    -3.0   -8.945  -55.853   2249.9    753.3
     1     1    11     8    23    12     0     0    -4.0   -8.982  -55.574   2228.2    750.7
     1     1    11     8    23    11     0     1    -5.0   -9.002  -55.315   2167.4    751.9
     1     1    11     8    23    10     0     2    -6.0   -8.992  -55.073   2065.6    755.7
     1     1    11     8    23     9     0     3    -7.0   -8.981  -54.838   1922.4    768.6
     1     1    11     8    23     8     0     2    -8.0   -8.972  -54.595   1785.4    786.9
     1     1    11     8    23     7     0     1    -9.0   -8.956  -54.350   1680.9    796.2
     1     1    11     8    23     6     0     0   -10.0   -8.966  -54.119   1567.3    806.1
     1     1    11     8    23     5     0     1   -11.0   -9.001  -53.908   1466.0    820.0
     1     1    11     8    23     4     0     2   -12.0   -9.032  -53.710   1378.5    825.4
     1     1    11     8    23     3     0     3   -13.0   -9.066  -53.526   1253.6    834.9
     1     1    11     8    23     2     0     2   -14.0   -9.114  -53.358   1092.5    853.0
     1     1    11     8    23     1     0     1   -15.0   -9.177  -53.211    940.0    870.8
     1     1    11     8    23     0     0     0   -16.0   -9.244  -53.097    816.6    884.1
     1     1    11     8    22    23     0     1   -17.0   -9.311  -53.008    723.8    894.2
     1     1    11     8    22    22     0     2   -18.0   -9.374  -52.922    660.5    902.0
     1     1    11     8    22    21     0     3   -19.0   -9.427  -52.837    620.7    906.4
     1     1    11     8    22    20     0     2   -20.0   -9.474  -52.750    593.3    909.6
     1     1    11     8    22    19     0     1   -21.0   -9.520  -52.659    571.4    912.9
     1     1    11     8    22    18     0     0   -22.0   -9.563  -52.566    554.7    915.6
     1     1    11     8    22    17     0     1   -23.0   -9.606  -52.468    538.3    918.5
     1     1    11     8    22    16     0     2   -24.0   -9.652  -52.363    519.0    922.4
     1     1    11     8    22    15     0     3   -25.0   -9.698  -52.253    501.1    926.2
     1     1    11     8    22    14     0     2   -26.0   -9.758  -52.135    481.9    928.5
     1     1    11     8    22    13     0     1   -27.0   -9.852  -52.007    460.0    932.2
     1     1    11     8    22    12     0     0   -28.0   -9.983  -51.870    440.9    935.2
     1     1    11     8    22    11     0     1   -29.0  -10.122  -51.732    415.4    935.9
     1     1    11     8    22    10     0     2   -30.0  -10.241  -51.611    376.7    939.3
     1     1    11     8    22     9     0     3   -31.0  -10.355  -51.513    332.9    943.9
     1     1    11     8    22     8     0     2   -32.0  -10.470  -51.428    296.1    949.1
     1     1    11     8    22     7     0     1   -33.0  -10.580  -51.347    269.1    952.1
     1     1    11     8    22     6     0     0   -34.0  -10.682  -51.274    245.0    954.5
     1     1    11     8    22     5     0     1   -35.0  -10.787  -51.212    221.8    958.0
     1     1    11     8    22     4     0     2   -36.0  -10.905  -51.157    199.3    961.5
     1     1    11     8    22     3     0     3   -37.0  -11.037  -51.109    176.9    965.1
     1     1    11     8    22     2     0     2   -38.0  -11.176  -51.075    160.8    967.4
     1     1    11     8    22     1     0     1   -39.0  -11.320  -51.064    158.2    967.3
     1     1    11     8    22     0     0     0   -40.0  -11.463  -51.078    172.4    965.2
     1     1    11     8    21    23     0     1   -41.0  -11.596  -51.089    198.3    960.4
     1     1    11     8    21    22     0     2   -42.0  -11.710  -51.079    227.2    956.6
     1     1    11     8    21    21     0     3   -43.0  -11.801  -51.047    259.7    952.9
     1     1    11     8    21    20     0     2   -44.0  -11.880  -50.996    291.7    949.0
     1     1    11     8    21    19     0     1   -45.0  -11.958  -50.929    314.5    946.3
     1     1    11     8    21    18     0     0   -46.0  -12.034  -50.843    324.8    945.3
     1     1    11     8    21    17     0     1   -47.0  -12.114  -50.749    324.6    946.3
     1     1    11     8    21    16     0     2   -48.0  -12.204  -50.655    317.0    947.5
     1     1    11     8    21    15     0     3   -49.0  -12.298  -50.560    304.4    948.9
     1     1    11     8    21    14     0     2   -50.0  -12.403  -50.469    292.5    949.1
     1     1    11     8    21    13     0     1   -51.0  -12.532  -50.385    286.9    947.6
     1     1    11     8    21    12     0     0   -52.0  -12.684  -50.304    290.1    944.1
     1     1    11     8    21    11     0     1   -53.0  -12.859  -50.234    300.9    937.6
     1     1    11     8    21    10     0     2   -54.0  -13.061  -50.189    320.1    931.9
     1     1    11     8    21     9     0     3   -55.0  -13.288  -50.159    347.3    929.1
     1     1    11     8    21     8     0     2   -56.0  -13.513  -50.127    360.7    927.2
     1     1    11     8    21     7     0     1   -57.0  -13.716  -50.101    350.8    930.3
     1     1    11     8    21     6     0     0   -58.0  -13.913  -50.113    333.3    934.8
     1     1    11     8    21     5     0     1   -59.0  -14.109  -50.137    322.9    934.8
     1     1    11     8    21     4     0     2   -60.0  -14.293  -50.140    320.4    929.7
     1     1    11     8    21     3     0     3   -61.0  -14.470  -50.141    316.3    924.6
     1     1    11     8    21     2     0     2   -62.0  -14.649  -50.160    308.6    920.9
     1     1    11     8    21     1     0     1   -63.0  -14.832  -50.201    301.5    917.8
     1     1    11     8    21     0     0     0   -64.0  -15.013  -50.275    296.8    916.4
     1     1    11     8    20    23     0     1   -65.0  -15.180  -50.363    283.9    917.3
     1     1    11     8    20    22     0     2   -66.0  -15.320  -50.449    259.2    921.6
     1     1    11     8    20    21     0     3   -67.0  -15.425  -50.538    233.2    925.8
     1     1    11     8    20    20     0     2   -68.0  -15.500  -50.624    214.8    930.1
     1     1    11     8    20    19     0     1   -69.0  -15.556  -50.697    204.4    932.7
     1     1    11     8    20    18     0     0   -70.0  -15.595  -50.755    196.5    934.8
     1     1    11     8    20    17     0     1   -71.0  -15.617  -50.803    188.2    937.6
     1     1    11     8    20    16     0     2   -72.0  -15.625  -50.849    179.6    940.6
     1     1    11     8    20    15     0     3   -73.0  -15.621  -50.893    171.3    943.9
     1     1    11     8    20    14     0     2   -74.0  -15.609  -50.926    163.0    946.3
     1     1    11     8    20    13     0     1   -75.0  -15.594  -50.941    153.0    948.4
     1     1    11     8    20    12     0     0   -76.0  -15.576  -50.937    141.5    950.2
     1     1    11     8    20    11     0     1   -77.0  -15.545  -50.909    131.5    950.2
     1     1    11     8    20    10     0     2   -78.0  -15.493  -50.855    124.7    949.1
     1     1    11     8    20     9     0     3   -79.0  -15.420  -50.777    121.3    947.1
     1     1    11     8    20     8     0     2   -80.0  -15.337  -50.684    119.7    945.1
     1     1    11     8    20     7     0     1   -81.0  -15.256  -50.588    117.7    942.9
     1     1    11     8    20     6     0     0   -82.0  -15.178  -50.493    114.0    940.7
     1     1    11     8    20     5     0     1   -83.0  -15.105  -50.400    109.5    939.1
     1     1    11     8    20     4     0     2   -84.0  -15.035  -50.308    104.9    937.3
     1     1    11     8    20     3     0     3   -85.0  -14.969  -50.214     98.8    935.9
     1     1    11     8    20     2     0     2   -86.0  -14.903  -50.129     85.7    935.0
     1     1    11     8    20     1     0     1   -87.0  -14.838  -50.065     65.2    937.0
     1     1    11     8    20     0     0     0   -88.0  -14.774  -50.021     43.5    939.7
     1     1    11     8    19    23     0     1   -89.0  -14.713  -49.991     26.1    942.7
     1     1    11     8    19    22     0     2   -90.0  -14.656  -49.970     15.4    945.9
     1     1    11     8    19    21     0     3   -91.0  -14.599  -49.960      8.0    947.3
     1     1    11     8    19    20     0     2   -92.0  -14.541  -49.955      3.2    949.4
     1     1    11     8    19    19     0     1   -93.0  -14.481  -49.949      0.0    951.7
     1     1    11     8    19    18     0     0   -94.0  -14.417  -49.942      0.0    954.2
     1     1    11     8    19    17     0     1   -95.0  -14.349  -49.929      0.0    956.5
     1     1    11     8    19    16     0     2   -96.0  -14.275  -49.903      0.0    958.7
     1     1    11     8    19    15     0     3   -97.0  -14.196  -49.864      0.0    960.6
     1     1    11     8    19    14     0     2   -98.0  -14.125  -49.809      0.0    961.4
     1     1    11     8    19    13     0     1   -99.0  -14.072  -49.736      0.0    960.9
     1     1    11     8    19    12     0     0  -100.0  -14.037  -49.649      0.0    959.6
     1     1    11     8    19    11     0     1  -101.0  -14.012  -49.558      0.0    957.4
     1     1    11     8    19    10     0     2  -102.0  -13.989  -49.470      0.0    954.8
     1     1    11     8    19     9     0     3  -103.0  -13.966  -49.385      0.0    952.0
     1     1    11     8    19     8     0     2  -104.0  -13.946  -49.305      0.0    949.6
     1     1    11     8    19     7     0     1  -105.0  -13.929  -49.232      0.0    947.4
     1     1    11     8    19     6     0     0  -106.0  -13.917  -49.165      0.0    945.4
     1     1    11     8    19     5     0     1  -107.0  -13.906  -49.103      0.0    944.8
     1     1    11     8    19     4     0     2  -108.0  -13.891  -49.047      0.0    944.5
     1     1    11     8    19     3     0     3  -109.0  -13.874  -48.998      0.0    944.8
     1     1    11     8    19     2     0     2  -110.0  -13.850  -48.953      0.0    945.5
     1     1    11     8    19     1     0     1  -111.0  -13.821  -48.907      0.5    946.4
     1     1    11     8    19     0     0     0  -112.0  -13.786  -48.862      2.4    947.4
     1     1    11     8    18    23     0     1  -113.0  -13.751  -48.814      4.8    947.5
     1     1    11     8    18    22     0     2  -114.0  -13.720  -48.760      6.9    947.6
     1     1    11     8    18    21     0     3  -115.0  -13.691  -48.703      8.5    947.8
     1     1    11     8    18    20     0     2  -116.0  -13.660  -48.646      9.8    949.8
     1     1    11     8    18    19     0     1  -117.0  -13.627  -48.587     11.0    951.6
     1     1    11     8    18    18     0     0  -118.0  -13.591  -48.528     11.9    953.5
     1     1    11     8    18    17     0     1  -119.0  -13.552  -48.460     12.5    955.6
     1     1    11     8    18    16     0     2  -120.0  -13.508  -48.377     12.4    958.1
     1     1    11     8    18    15     0     3  -121.0  -13.461  -48.278     10.5    961.1
     1     1    11     8    18    14     0     2  -122.0  -13.420  -48.168      7.9    964.1
     1     1    11     8    18    13     0     1  -123.0  -13.393  -48.048      8.3    966.7
     1     1    11     8    18    12     0     0  -124.0  -13.377  -47.919     13.0    966.3
     1     1    11     8    18    11     0     1  -125.0  -13.373  -47.786     25.3    961.3
     1     1    11     8    18    10     0     2  -126.0  -13.380  -47.652     44.4    955.6
     1     1    11     8    18     9     0     3  -127.0  -13.400  -47.511     63.8    948.9
     1     1    11     8    18     8     0     2  -128.0  -13.425  -47.366     74.0    943.8
     1     1    11     8    18     7     0     1  -129.0  -13.447  -47.228     71.8    941.0
     1     1    11     8    18     6     0     0  -130.0  -13.467  -47.108     60.6    940.0
     1     1    11     8    18     5     0     1  -131.0  -13.481  -47.006     44.5    940.7
     1     1    11     8    18     4     0     2  -132.0  -13.492  -46.912     29.6    940.6
     1     1    11     8    18     3     0     3  -133.0  -13.498  -46.821     19.3    940.1
     1     1    11     8    18     2     0     2  -134.0  -13.505  -46.729     13.0    938.3
     1     1    11     8    18     1     0     1  -135.0  -13.514  -46.633      9.0    935.5
     1     1    11     8    18     0     0     0  -136.0  -13.526  -46.530      6.3    932.4
     1     1    11     8    17    23     0     1  -137.0  -13.538  -46.423      3.7    929.0
     1     1    11     8    17    22     0     2  -138.0  -13.549  -46.318      1.1    925.7
     1     1    11     8    17    21     0     3  -139.0  -13.558  -46.212      0.0    922.6
     1     1    11     8    17    20     0     2  -140.0  -13.562  -46.106      0.0    919.6
     1     1    11     8    17    19     0     1  -141.0  -13.560  -45.999      0.0    916.6
     1     1    11     8    17    18     0     0  -142.0  -13.556  -45.897      0.0    918.2
     1     1    11     8    17    17     0     1  -143.0  -13.554  -45.793      0.0    920.7
     1     1    11     8    17    16     0     2  -144.0  -13.553  -45.677      0.0    923.4
     1     1    11     8    17    15     0     3  -145.0  -13.554  -45.549      0.0    926.2
     1     1    11     8    17    14     0     2  -146.0  -13.558  -45.418      0.0    928.5
     1     1    11     8    17    13     0     1  -147.0  -13.566  -45.293      0.0    930.8
     1     1    11     8    17    12     0     0  -148.0  -13.576  -45.177      0.0    932.9
     1     1    11     8    17    11     0     1  -149.0  -13.589  -45.070      0.0    934.8
     1     1    11     8    17    10     0     2  -150.0  -13.602  -44.968      0.0    936.8
     1     1    11     8    17     9     0     3  -151.0  -13.615  -44.869      0.0    938.9
     1     1    11     8    17     8     0     2  -152.0  -13.622  -44.772      0.0    940.0
     1     1    11     8    17     7     0     1  -153.0  -13.622  -44.678      0.0    941.0
     1     1    11     8    17     6     0     0  -154.0  -13.614  -44.589      0.0    942.0
     1     1    11     8    17     5     0     1  -155.0  -13.603  -44.499      0.0    944.6
     1     1    11     8    17     4     0     2  -156.0  -13.594  -44.406      0.0    946.9
     1     1    11     8    17     3     0     3  -157.0  -13.584  -44.309      0.0    949.1
     1     1    11     8    17     2     0     2  -158.0  -13.574  -44.209      0.0    950.4
     1     1    11     8    17     1     0     1  -159.0  -13.565  -44.103      0.0    952.0
     1     1    11     8    17     0     0     0  -160.0  -13.558  -43.990      0.0    953.6
     1     1    11     8    16    23     0     1  -161.0  -13.554  -43.876      0.0    952.7
     1     1    11     8    16    22     0     2  -162.0  -13.556  -43.765      0.0    951.9
     1     1    11     8    16    21     0     3  -163.0  -13.564  -43.656      0.0    951.1
     1     1    11     8    16    20     0     2  -164.0  -13.571  -43.542      0.0    950.3
     1     1    11     8    16    19     0     1  -165.0  -13.573  -43.422      2.6    949.5
     1     1    11     8    16    18     0     0  -166.0  -13.571  -43.293      8.1    948.7
     1     1    11     8    16    17     0     1  -167.0  -13.575  -43.151     19.1    948.1
     1     1    11     8    16    16     0     2  -168.0  -13.593  -42.984     51.7    946.2
     1     1    11     8    16    15     0     3  -169.0  -13.627  -42.785    115.7    938.3
     1     1    11     8    16    14     0     2  -170.0  -13.676  -42.565    181.2    928.1
     1     1    11     8    16    13     0     1  -171.0  -13.732  -42.343    219.0    923.2
     1     1    11     8    16    12     0     0  -172.0  -13.797  -42.126    215.4    924.4
     1     1    11     8    16    11     0     1  -173.0  -13.864  -41.922    170.0    934.0
     1     1    11     8    16    10     0     2  -174.0  -13.925  -41.742    107.4    949.8
     1     1    11     8    16     9     0     3  -175.0  -13.974  -41.601     59.3    961.2
     1     1    11     8    16     8     0     2  -176.0  -14.009  -41.492     31.3    966.2
     1     1    11     8    16     7     0     1  -177.0  -14.030  -41.404     15.4    968.0
     1     1    11     8    16     6     0     0  -178.0  -14.039  -41.326      5.6    969.0
     1     1    11     8    16     5     0     1  -179.0  -14.041  -41.249      0.0    970.4
     1     1    11     8    16     4     0     2  -180.0  -14.038  -41.165      0.0    972.0
     1     1    11     8    16     3     0     3  -181.0  -14.031  -41.074      0.0    974.0
     1     1    11     8    16     2     0     2  -182.0  -14.021  -40.974      0.0    975.8
     1     1    11     8    16     1     0     1  -183.0  -14.012  -40.865      0.0    976.7
     1     1    11     8    16     0     0     0  -184.0  -14.007  -40.750      0.0    977.4
     1     1    11     8    15    23     0     1  -185.0  -14.010  -40.633      0.0    976.9
     1     1    11     8    15    22     0     2  -186.0  -14.022  -40.513      0.0    976.5
     1     1    11     8    15    21     0     3  -187.0  -14.042  -40.387      0.0    976.4
     1     1    11     8    15    20     0     2  -188.0  -14.066  -40.254      0.0    976.8
     1     1    11     8    15    19     0     1  -189.0  -14.092  -40.109      0.0    977.3
     1     1    11     8    15    18     0     0  -190.0  -14.123  -39.951      0.0    979.3
     1     1    11     8    15    17     0     1  -191.0  -14.165  -39.794      0.0    985.9
     1     1    11     8    15    16     0     2  -192.0  -14.219  -39.653      0.0    991.6
     1     1    11     8    15    15     0     3  -193.0  -14.281  -39.525      0.0    996.7
     1     1    11     8    15    14     0     2  -194.0  -14.346  -39.410      0.0   1000.8
     1     1    11     8    15    13     0     1  -195.0  -14.413  -39.307      0.0   1004.6
     1     1    11     8    15    12     0     0  -196.0  -14.481  -39.213      0.0   1008.1
     1     1    11     8    15    11     0     1  -197.0  -14.547  -39.135      0.0   1010.0
     1     1    11     8    15    10     0     2  -198.0  -14.608  -39.079      0.0   1011.1
     1     1    11     8    15     9     0     3  -199.0  -14.663  -39.044      0.0   1011.4
     1     1    11     8    15     8     0     2  -200.0  -14.709  -39.017      0.0   1012.7
     1     1    11     8    15     7     0     1  -201.0  -14.742  -38.981      0.0   1013.6
     1     1    11     8    15     6     0     0  -202.0  -14.763  -38.934      0.0   1013.9
     1     1    11     8    15     5     0     1  -203.0  -14.778  -38.877      0.0   1014.2
     1     1    11     8    15     4     0     2  -204.0  -14.793  -38.810      0.0   1014.5
     1     1    11     8    15     3     0     3  -205.0  -14.808  -38.734      0.0   1014.8
     1     1    11     8    15     2     0     2  -206.0  -14.826  -38.647      0.0   1014.4
     1     1    11     8    15     1     0     1  -207.0  -14.847  -38.547      0.0   1014.1
     1     1    11     8    15     0     0     0  -208.0  -14.873  -38.436      0.0   1014.1
     1     1    11     8    14    23     0     1  -209.0  -14.910  -38.314      0.0   1014.0
     1     1    11     8    14    22     0     2  -210.0  -14.960  -38.183      0.0   1013.6
     1     1    11     8    14    21     0     3  -211.0  -15.026  -38.048      0.2   1013.0
     1     1    11     8    14    20     0     2  -212.0  -15.105  -37.922      0.6   1013.5
     1     1    11     8    14    19     0     1  -213.0  -15.191  -37.822      0.9   1013.8
     1     1    11     8    14    18     0     0  -214.0  -15.278  -37.747      1.0   1013.8
     1     1    11     8    14    17     0     1  -215.0  -15.357  -37.699      1.0   1014.4
     1     1    11     8    14    16     0     2  -216.0  -15.423  -37.679      1.0   1015.0
     1     1    11     8    14    15     0     3  -217.0  -15.477  -37.686      1.0   1015.6
     1     1    11     8    14    14     0     2  -218.0  -15.526  -37.696      1.0   1016.0
     1     1    11     8    14    13     0     1  -219.0  -15.575  -37.683      0.9   1016.4
     1     1    11     8    14    12     0     0  -220.0  -15.624  -37.647      0.7   1016.8
     1     1    11     8    14    11     0     1  -221.0  -15.673  -37.596      0.6   1016.2
     1     1    11     8    14    10     0     2  -222.0  -15.721  -37.542      0.5   1015.6
     1     1    11     8    14     9     0     3  -223.0  -15.769  -37.483      0.4   1015.0
     1     1    11     8    14     8     0     2  -224.0  -15.813  -37.419      0.5   1015.2
     1     1    11     8    14     7     0     1  -225.0  -15.847  -37.353      0.6   1015.3
     1     1    11     8    14     6     0     0  -226.0  -15.872  -37.285      0.9   1015.5
     1     1    11     8    14     5     0     1  -227.0  -15.896  -37.208      1.2   1016.1
     1     1    11     8    14     4     0     2  -228.0  -15.926  -37.114      1.5   1016.7
     1     1    11     8    14     3     0     3  -229.0  -15.964  -37.004      1.6   1017.3
     1     1    11     8    14     2     0     2  -230.0  -16.012  -36.885      1.7   1017.6
     1     1    11     8    14     1     0     1  -231.0  -16.072  -36.765      1.9   1017.9
     1     1    11     8    14     0     0     0  -232.0  -16.143  -36.644      2.3   1018.1
     1     1    11     8    13    23     0     1  -233.0  -16.223  -36.523      2.8   1017.0
     1     1    11     8    13    22     0     2  -234.0  -16.307  -36.401      3.1   1015.9
     1     1    11     8    13    21     0     3  -235.0  -16.395  -36.279      3.3   1014.7
     1     1    11     8    13    20     0     2  -236.0  -16.483  -36.157      3.4   1014.9
     1     1    11     8    13    19     0     1  -237.0  -16.567  -36.037      3.5   1015.0
     1     1    11     8    13    18     0     0  -238.0  -16.649  -35.917      3.5   1015.2
     1     1    11     8    13    17     0     1  -239.0  -16.728  -35.801      3.4   1015.3
     1     1    11     8    13    16     0     2  -240.0  -16.802  -35.689      3.2   1015.5
     1     1    11     8    13    15     0     3  -241.0  -16.871  -35.581      2.9   1015.6
     1     1    11     8    13    14     0     2  -242.0  -16.941  -35.466      2.5   1016.9
     1     1    11     8    13    13     0     1  -243.0  -17.016  -35.331      2.2   1018.3
     1     1    11     8    13    12     0     0  -244.0  -17.097  -35.176      2.2   1019.6
     1     1    11     8    13    11     0     1  -245.0  -17.186  -35.011      2.2   1019.3
     1     1    11     8    13    10     0     2  -246.0  -17.286  -34.852      2.4   1019.0
     1     1    11     8    13     9     0     3  -247.0  -17.398  -34.696      2.9   1018.7
     1     1    11     8    13     8     0     2  -248.0  -17.512  -34.545      3.3   1018.3
     1     1    11     8    13     7     0     1  -249.0  -17.623  -34.405      3.5   1018.0
     1     1    11     8    13     6     0     0  -250.0  -17.731  -34.275      3.6   1017.6
     1     1    11     8    13     5     0     1  -251.0  -17.834  -34.148      3.6   1017.5
     1     1    11     8    13     4     0     2  -252.0  -17.935  -34.015      3.5   1017.4
     1     1    11     8    13     3     0     3  -253.0  -18.032  -33.878      3.3   1017.2
     1     1    11     8    13     2     0     2  -254.0  -18.130  -33.738      3.2   1018.0
     1     1    11     8    13     1     0     1  -255.0  -18.233  -33.597      3.3   1018.8
     1     1    11     8    13     0     0     0  -256.0  -18.343  -33.457      3.6   1019.7
     1     1    11     8    12    23     0     1  -257.0  -18.464  -33.317      3.9   1019.4
     1     1    11     8    12    22     0     2  -258.0  -18.596  -33.175      4.1   1019.1
     1     1    11     8    12    21     0     3  -259.0  -18.736  -33.032      4.2   1018.8
     1     1    11     8    12    20     0     2  -260.0  -18.883  -32.894      4.1   1018.0
     1     1    11     8    12    19     0     1  -261.0  -19.033  -32.767      4.1   1017.2
     1     1    11     8    12    18     0     0  -262.0  -19.185  -32.652      4.1   1016.4
     1     1    11     8    12    17     0     1  -263.0  -19.342  -32.539      4.2   1017.2
     1     1    11     8    12    16     0     2  -264.0  -19.503  -32.423      4.4   1018.1
     1     1    11     8    12    15     0     3  -265.0  -19.666  -32.306      4.6   1018.9
     1     1    11     8    12    14     0     2  -266.0  -19.835  -32.193      4.9   1019.4
     1     1    11     8    12    13     0     1  -267.0  -20.016  -32.090      5.4   1019.9
     1     1    11     8    12    12     0     0  -268.0  -20.208  -31.994      6.2   1020.4
     1     1    11     8    12    11     0     1  -269.0  -20.405  -31.902      7.0   1019.7
     1     1    11     8    12    10     0     2  -270.0  -20.597  -31.815      7.7   1018.9
     1     1    11     8    12     9     0     3  -271.0  -20.781  -31.734      8.5   1018.2
     1     1    11     8    12     8     0     2  -272.0  -20.957  -31.662      9.3   1017.5
     1     1    11     8    12     7     0     1  -273.0  -21.132  -31.597      9.9   1016.7
     1     1    11     8    12     6     0     0  -274.0  -21.312  -31.540     10.2   1015.9
     1     1    11     8    12     5     0     1  -275.0  -21.495  -31.485     10.5   1017.0
     1     1    11     8    12     4     0     2  -276.0  -21.679  -31.429     10.6   1018.1
     1     1    11     8    12     3     0     3  -277.0  -21.865  -31.375     10.6   1019.2
     1     1    11     8    12     2     0     2  -278.0  -22.062  -31.324     10.7   1018.9
     1     1    11     8    12     1     0     1  -279.0  -22.281  -31.273     10.8   1018.5
     1     1    11     8    12     0     0     0  -280.0  -22.522  -31.224     11.1   1018.2
     1     1    11     8    11    23     0     1  -281.0  -22.780  -31.184     11.2   1017.9
     1     1    11     8    11    22     0     2  -282.0  -23.049  -31.153     11.3   1017.6
     1     1    11     8    11    21     0     3  -283.0  -23.327  -31.126     11.4   1017.4
     1     1    11     8    11    20     0     2  -284.0  -23.623  -31.106     11.7   1017.1
     1     1    11     8    11    19     0     1  -285.0  -23.945  -31.100     12.1   1016.8
     1     1    11     8    11    18     0     0  -286.0  -24.292  -31.106     12.5   1016.5
     1     1    11     8    11    17     0     1  -287.0  -24.652  -31.111     12.7   1016.7
     1     1    11     8    11    16     0     2  -288.0  -25.014  -31.104     12.6   1017.0
     1     1    11     8    11    15     0     3  -289.0  -25.376  -31.072     12.2   1017.4
     1     1    11     8    11    14     0     2  -290.0  -25.742  -31.008     12.1   1017.7
     1     1    11     8    11    13     0     1  -291.0  -26.121  -30.915     12.3   1017.6
     1     1    11     8    11    12     0     0  -292.0  -26.511  -30.787     12.9   1017.2
     1     1    11     8    11    11     0     1  -293.0  -26.909  -30.605     13.4   1015.9
     1     1    11     8    11    10     0     2  -294.0  -27.308  -30.361     13.6   1015.3
     1     1    11     8    11     9     0     3  -295.0  -27.693  -30.057     13.7   1015.4
     1     1    11     8    11     8     0     2  -296.0  -28.064  -29.707     13.6   1015.4
     1     1    11     8    11     7     0     1  -297.0  -28.421  -29.324     13.5   1016.0
     1     1    11     8    11     6     0     0  -298.0  -28.760  -28.909     14.0   1017.4
     1     1    11     8    11     5     0     1  -299.0  -29.064  -28.468     14.8   1017.0
     1     1    11     8    11     4     0     2  -300.0  -29.327  -28.011     15.5   1017.7
     1     1    11     8    11     3     0     3  -301.0  -29.550  -27.540     16.1   1019.4
     1     1    11     8    11     2     0     2  -302.0  -29.745  -27.067     17.1   1019.7
     1     1    11     8    11     1     0     1  -303.0  -29.926  -26.613     18.9   1019.4
     1     1    11     8    11     0     0     0  -304.0  -30.096  -26.187     21.6   1018.9
     1     1    11     8    10    23     0     1  -305.0  -30.256  -25.798     25.0   1019.3
     1     1    11     8    10    22     0     2  -306.0  -30.405  -25.450     28.6   1019.2
     1     1    11     8    10    21     0     3  -307.0  -30.542  -25.143     32.1   1018.8
     1     1    11     8    10    20     0     2  -308.0  -30.665  -24.869     35.0   1018.6
     1     1    11     8    10    19     0     1  -309.0  -30.773  -24.621     36.2   1018.9
     1     1    11     8    10    18     0     0  -310.0  -30.869  -24.399     35.6   1019.6
     1     1    11     8    10    17     0     1  -311.0  -30.963  -24.204     34.1   1019.3
     1     1    11     8    10    16     0     2  -312.0  -31.067  -24.037     32.9   1018.6
     1     1    11     8    10    15     0     3  -313.0  -31.179  -23.900     32.5   1017.8
     1     1    11     8    10    14     0     2  -314.0  -31.299  -23.796     32.8   1018.2
     1     1    11     8    10    13     0     1  -315.0  -31.427  -23.724     33.8   1018.6
     1     1    11     8    10    12     0     0  -316.0  -31.563  -23.683     35.7   1018.9
     1     1    11     8    10    11     0     1  -317.0  -31.698  -23.665     38.4   1018.6
     1     1    11     8    10    10     0     2  -318.0  -31.821  -23.662     42.0   1018.3
     1     1    11     8    10     9     0     3  -319.0  -31.934  -23.671     46.6   1017.8
     1     1    11     8    10     8     0     2  -320.0  -32.042  -23.689     51.3   1016.8
     1     1    11     8    10     7     0     1  -321.0  -32.152  -23.719     55.0   1015.8
     1     1    11     8    10     6     0     0  -322.0  -32.261  -23.760     57.5   1014.9
     1     1    11     8    10     5     0     1  -323.0  -32.377  -23.809     59.6   1015.6
     1     1    11     8    10     4     0     2  -324.0  -32.506  -23.870     61.5   1016.1
     1     1    11     8    10     3     0     3  -325.0  -32.651  -23.941     62.9   1016.7
     1     1    11     8    10     2     0     2  -326.0  -32.814  -24.020     63.7   1016.9
     1     1    11     8    10     1     0     1  -327.0  -32.997  -24.105     63.9   1017.0
     1     1    11     8    10     0     0     0  -328.0  -33.199  -24.204     64.4   1016.8
     1     1    11     8     9    23     0     1  -329.0  -33.408  -24.322     65.9   1016.1
     1     1    11     8     9    22     0     2  -330.0  -33.619  -24.456     68.9   1015.7
     1     1    11     8     9    21     0     3  -331.0  -33.833  -24.603     74.4   1015.4
     1     1    11     8     9    20     0     2  -332.0  -34.046  -24.757     83.0   1013.8
     1     1    11     8     9    19     0     1  -333.0  -34.249  -24.912     94.1   1011.6
     1     1    11     8     9    18     0     0  -334.0  -34.442  -25.067    106.4   1009.3
     1     1    11     8     9    17     0     1  -335.0  -34.639  -25.213    116.5   1007.6
     1     1    11     8     9    16     0     2  -336.0  -34.853  -25.337    122.1   1006.7
