     3     1
    GDAS    11    12     1     0     0
    GDAS    11    12     8     0     0
    GDAS    11    12    15     0     0
     1 BACKWARD OMEGA   
  2011    12    18    15   -8.860  -56.740  1524.0
     1 PRESSURE
     1     1    11    12    18    15     0     3     0.0   -8.860  -56.740   1524.0    827.9
     1     1    11    12    18    14     0     2    -1.0   -8.667  -56.712   1540.0    821.8
     1     1    11    12    18    13     0     1    -2.0   -8.484  -56.662   1538.7    818.0
     1     1    11    12    18    12     0     0    -3.0   -8.307  -56.588   1518.3    816.2
     1     1    11    12    18    11     0     1    -4.0   -8.132  -56.523   1478.4    816.3
     1     1    11    12    18    10     0     2    -5.0   -7.957  -56.494   1420.6    819.9
     1     1    11    12    18     9     0     3    -6.0   -7.788  -56.498   1359.6    829.5
     1     1    11    12    18     8     0     2    -7.0   -7.619  -56.504   1318.6    838.0
     1     1    11    12    18     7     0     1    -8.0   -7.445  -56.491   1308.5    841.5
     1     1    11    12    18     6     0     0    -9.0   -7.269  -56.463   1321.9    842.7
     1     1    11    12    18     5     0     1   -10.0   -7.102  -56.423   1349.4    842.7
     1     1    11    12    18     4     0     2   -11.0   -6.952  -56.373   1382.4    841.7
     1     1    11    12    18     3     0     3   -12.0   -6.817  -56.315   1414.6    839.4
     1     1    11    12    18     2     0     2   -13.0   -6.684  -56.249   1436.3    837.4
     1     1    11    12    18     1     0     1   -14.0   -6.548  -56.174   1443.5    837.7
     1     1    11    12    18     0     0     0   -15.0   -6.409  -56.091   1441.3    838.9
     1     1    11    12    17    23     0     1   -16.0   -6.274  -55.996   1435.4    839.8
     1     1    11    12    17    22     0     2   -17.0   -6.150  -55.887   1429.6    839.9
     1     1    11    12    17    21     0     3   -18.0   -6.040  -55.767   1430.1    839.0
     1     1    11    12    17    20     0     2   -19.0   -5.938  -55.642   1425.5    837.3
     1     1    11    12    17    19     0     1   -20.0   -5.838  -55.518   1404.3    838.8
     1     1    11    12    17    18     0     0   -21.0   -5.741  -55.394   1373.5    841.4
     1     1    11    12    17    17     0     1   -22.0   -5.637  -55.264   1339.5    844.5
     1     1    11    12    17    16     0     2   -23.0   -5.518  -55.125   1301.2    847.6
     1     1    11    12    17    15     0     3   -24.0   -5.388  -54.975   1250.5    852.6
     1     1    11    12    17    14     0     2   -25.0   -5.248  -54.813   1201.3    860.6
     1     1    11    12    17    13     0     1   -26.0   -5.103  -54.636   1158.9    864.9
     1     1    11    12    17    12     0     0   -27.0   -4.954  -54.444   1106.7    870.2
     1     1    11    12    17    11     0     1   -28.0   -4.805  -54.246   1048.3    877.4
     1     1    11    12    17    10     0     2   -29.0   -4.656  -54.055    995.7    883.2
     1     1    11    12    17     9     0     3   -30.0   -4.501  -53.875    949.7    888.8
     1     1    11    12    17     8     0     2   -31.0   -4.336  -53.701    894.5    895.3
     1     1    11    12    17     7     0     1   -32.0   -4.165  -53.529    820.5    905.8
     1     1    11    12    17     6     0     0   -33.0   -3.995  -53.360    731.8    917.2
     1     1    11    12    17     5     0     1   -34.0   -3.829  -53.186    624.4    929.5
     1     1    11    12    17     4     0     2   -35.0   -3.666  -53.002    512.4    943.4
     1     1    11    12    17     3     0     3   -36.0   -3.501  -52.814    426.4    954.3
     1     1    11    12    17     2     0     2   -37.0   -3.344  -52.620    378.9    958.6
     1     1    11    12    17     1     0     1   -38.0   -3.216  -52.425    350.3    959.6
     1     1    11    12    17     0     0     0   -39.0   -3.133  -52.234    313.7    962.6
     1     1    11    12    16    23     0     1   -40.0   -3.075  -52.064    273.0    968.6
     1     1    11    12    16    22     0     2   -41.0   -3.010  -51.919    246.2    972.2
     1     1    11    12    16    21     0     3   -42.0   -2.939  -51.787    238.6    972.9
     1     1    11    12    16    20     0     2   -43.0   -2.865  -51.652    234.4    972.8
     1     1    11    12    16    19     0     1   -44.0   -2.795  -51.513    221.4    975.3
     1     1    11    12    16    18     0     0   -45.0   -2.730  -51.375    204.4    978.1
     1     1    11    12    16    17     0     1   -46.0   -2.670  -51.238    186.9    982.0
     1     1    11    12    16    16     0     2   -47.0   -2.619  -51.100    169.8    985.5
     1     1    11    12    16    15     0     3   -48.0   -2.576  -50.963    152.0    989.1
     1     1    11    12    16    14     0     2   -49.0   -2.533  -50.829    137.5    992.0
     1     1    11    12    16    13     0     1   -50.0   -2.480  -50.700    129.9    993.4
     1     1    11    12    16    12     0     0   -51.0   -2.419  -50.578    128.7    994.3
     1     1    11    12    16    11     0     1   -52.0   -2.351  -50.455    130.2    993.5
     1     1    11    12    16    10     0     2   -53.0   -2.278  -50.326    130.5    993.1
     1     1    11    12    16     9     0     3   -54.0   -2.202  -50.191    130.2    992.9
     1     1    11    12    16     8     0     2   -55.0   -2.122  -50.051    128.3    992.9
     1     1    11    12    16     7     0     1   -56.0   -2.035  -49.907    124.6    992.9
     1     1    11    12    16     6     0     0   -57.0   -1.940  -49.757    121.1    992.7
     1     1    11    12    16     5     0     1   -58.0   -1.843  -49.601    120.0    992.9
     1     1    11    12    16     4     0     2   -59.0   -1.743  -49.440    121.8    992.8
     1     1    11    12    16     3     0     3   -60.0   -1.642  -49.271    125.1    992.6
     1     1    11    12    16     2     0     2   -61.0   -1.538  -49.094    127.7    992.1
     1     1    11    12    16     1     0     1   -62.0   -1.423  -48.914    129.0    992.2
     1     1    11    12    16     0     0     0   -63.0   -1.299  -48.731    132.6    992.5
     1     1    11    12    15    23     0     1   -64.0   -1.171  -48.544    139.1    991.5
     1     1    11    12    15    22     0     2   -65.0   -1.047  -48.361    144.6    990.4
     1     1    11    12    15    21     0     3   -66.0   -0.922  -48.183    144.2    989.7
     1     1    11    12    15    20     0     2   -67.0   -0.804  -48.008    137.4    991.1
     1     1    11    12    15    19     0     1   -68.0   -0.694  -47.827    127.4    992.4
     1     1    11    12    15    18     0     0   -69.0   -0.588  -47.635    116.5    993.9
     1     1    11    12    15    17     0     1   -70.0   -0.500  -47.426    107.5    995.9
     1     1    11    12    15    16     0     2   -71.0   -0.443  -47.199    101.0    997.3
     1     1    11    12    15    15     0     3   -72.0   -0.413  -46.963     96.2    998.6
     1     1    11    12    15    14     0     2   -73.0   -0.392  -46.718     92.1    999.0
     1     1    11    12    15    13     0     1   -74.0   -0.365  -46.464     88.5    999.4
     1     1    11    12    15    12     0     0   -75.0   -0.328  -46.201     85.8    999.7
     1     1    11    12    15    11     0     1   -76.0   -0.291  -45.928     83.7    999.4
     1     1    11    12    15    10     0     2   -77.0   -0.261  -45.644     82.2    999.1
     1     1    11    12    15     9     0     3   -78.0   -0.238  -45.348     82.0    998.7
     1     1    11    12    15     8     0     2   -79.0   -0.215  -45.048     82.8    998.6
     1     1    11    12    15     7     0     1   -80.0   -0.189  -44.752     83.9    998.4
     1     1    11    12    15     6     0     0   -81.0   -0.162  -44.463     84.6    998.2
     1     1    11    12    15     5     0     1   -82.0   -0.140  -44.167     84.7    998.3
     1     1    11    12    15     4     0     2   -83.0   -0.131  -43.853     84.4    998.5
     1     1    11    12    15     3     0     3   -84.0   -0.136  -43.522     84.0    998.7
     1     1    11    12    15     2     0     2   -85.0   -0.148  -43.182     85.6    998.7
     1     1    11    12    15     1     0     1   -86.0   -0.163  -42.839     90.5    998.0
     1     1    11    12    15     0     0     0   -87.0   -0.179  -42.492     97.2    997.1
     1     1    11    12    14    23     0     1   -88.0   -0.201  -42.144    102.4    996.0
     1     1    11    12    14    22     0     2   -89.0   -0.233  -41.804    106.6    995.3
     1     1    11    12    14    21     0     3   -90.0   -0.272  -41.476    113.1    994.3
     1     1    11    12    14    20     0     2   -91.0   -0.326  -41.147    121.0    993.5
     1     1    11    12    14    19     0     1   -92.0   -0.399  -40.801    127.4    992.9
     1     1    11    12    14    18     0     0   -93.0   -0.488  -40.437    131.5    992.6
     1     1    11    12    14    17     0     1   -94.0   -0.583  -40.069    133.6    993.1
     1     1    11    12    14    16     0     2   -95.0   -0.678  -39.712    134.3    993.6
     1     1    11    12    14    15     0     3   -96.0   -0.772  -39.367    133.6    994.3
     1     1    11    12    14    14     0     2   -97.0   -0.865  -39.030    133.1    994.8
     1     1    11    12    14    13     0     1   -98.0   -0.955  -38.698    133.6    995.0
     1     1    11    12    14    12     0     0   -99.0   -1.042  -38.367    134.5    995.3
     1     1    11    12    14    11     0     1  -100.0   -1.122  -38.036    137.1    994.5
     1     1    11    12    14    10     0     2  -101.0   -1.189  -37.701    143.1    993.3
     1     1    11    12    14     9     0     3  -102.0   -1.244  -37.363    152.8    991.3
     1     1    11    12    14     8     0     2  -103.0   -1.289  -37.021    162.7    989.7
     1     1    11    12    14     7     0     1  -104.0   -1.327  -36.675    168.8    989.2
     1     1    11    12    14     6     0     0  -105.0   -1.360  -36.330    170.9    989.1
     1     1    11    12    14     5     0     1  -106.0   -1.397  -35.992    170.9    989.8
     1     1    11    12    14     4     0     2  -107.0   -1.445  -35.664    170.9    990.1
     1     1    11    12    14     3     0     3  -108.0   -1.502  -35.342    170.9    990.4
     1     1    11    12    14     2     0     2  -109.0   -1.567  -35.022    170.9    990.5
     1     1    11    12    14     1     0     1  -110.0   -1.640  -34.702    170.9    990.7
     1     1    11    12    14     0     0     0  -111.0   -1.723  -34.391    170.9    990.9
     1     1    11    12    13    23     0     1  -112.0   -1.811  -34.088    172.0    990.3
     1     1    11    12    13    22     0     2  -113.0   -1.903  -33.786    174.2    989.3
     1     1    11    12    13    21     0     3  -114.0   -2.000  -33.477    175.0    988.3
     1     1    11    12    13    20     0     2  -115.0   -2.103  -33.161    174.0    988.6
     1     1    11    12    13    19     0     1  -116.0   -2.209  -32.848    173.8    989.0
     1     1    11    12    13    18     0     0  -117.0   -2.317  -32.543    174.3    988.9
     1     1    11    12    13    17     0     1  -118.0   -2.419  -32.250    173.6    989.5
     1     1    11    12    13    16     0     2  -119.0   -2.507  -31.972    171.6    990.3
     1     1    11    12    13    15     0     3  -120.0   -2.581  -31.703    168.2    991.2
     1     1    11    12    13    14     0     2  -121.0   -2.653  -31.438    164.8    992.2
     1     1    11    12    13    13     0     1  -122.0   -2.733  -31.174    162.6    992.9
     1     1    11    12    13    12     0     0  -123.0   -2.820  -30.913    161.9    993.4
     1     1    11    12    13    11     0     1  -124.0   -2.901  -30.649    163.1    993.2
     1     1    11    12    13    10     0     2  -125.0   -2.966  -30.373    166.5    992.4
     1     1    11    12    13     9     0     3  -126.0   -3.013  -30.087    170.3    991.6
     1     1    11    12    13     8     0     2  -127.0   -3.061  -29.799    173.1    990.9
     1     1    11    12    13     7     0     1  -128.0   -3.128  -29.513    174.5    990.3
     1     1    11    12    13     6     0     0  -129.0   -3.215  -29.227    174.1    989.9
     1     1    11    12    13     5     0     1  -130.0   -3.316  -28.943    173.0    990.4
     1     1    11    12    13     4     0     2  -131.0   -3.424  -28.661    172.7    990.8
     1     1    11    12    13     3     0     3  -132.0   -3.538  -28.386    173.3    990.9
     1     1    11    12    13     2     0     2  -133.0   -3.658  -28.118    174.3    991.1
     1     1    11    12    13     1     0     1  -134.0   -3.779  -27.857    175.1    991.2
     1     1    11    12    13     0     0     0  -135.0   -3.903  -27.602    174.9    991.5
     1     1    11    12    12    23     0     1  -136.0   -4.022  -27.346    174.0    991.3
     1     1    11    12    12    22     0     2  -137.0   -4.132  -27.090    173.2    991.1
     1     1    11    12    12    21     0     3  -138.0   -4.234  -26.835    172.9    990.8
     1     1    11    12    12    20     0     2  -139.0   -4.329  -26.587    172.9    990.6
     1     1    11    12    12    19     0     1  -140.0   -4.415  -26.347    172.9    990.4
     1     1    11    12    12    18     0     0  -141.0   -4.493  -26.111    172.9    990.2
     1     1    11    12    12    17     0     1  -142.0   -4.566  -25.873    172.9    990.5
     1     1    11    12    12    16     0     2  -143.0   -4.633  -25.623    172.9    990.9
     1     1    11    12    12    15     0     3  -144.0   -4.697  -25.362    172.9    991.2
     1     1    11    12    12    14     0     2  -145.0   -4.761  -25.090    172.9    991.4
     1     1    11    12    12    13     0     1  -146.0   -4.832  -24.814    172.9    991.7
     1     1    11    12    12    12     0     0  -147.0   -4.910  -24.538    172.9    992.1
     1     1    11    12    12    11     0     1  -148.0   -4.996  -24.269    172.9    992.1
     1     1    11    12    12    10     0     2  -149.0   -5.084  -24.011    172.9    992.0
     1     1    11    12    12     9     0     3  -150.0   -5.173  -23.767    172.9    992.0
     1     1    11    12    12     8     0     2  -151.0   -5.261  -23.532    174.3    991.6
     1     1    11    12    12     7     0     1  -152.0   -5.349  -23.301    178.3    990.8
     1     1    11    12    12     6     0     0  -153.0   -5.437  -23.073    184.9    989.6
     1     1    11    12    12     5     0     1  -154.0   -5.527  -22.846    191.9    988.6
     1     1    11    12    12     4     0     2  -155.0   -5.621  -22.616    196.4    988.2
     1     1    11    12    12     3     0     3  -156.0   -5.722  -22.384    198.4    988.1
     1     1    11    12    12     2     0     2  -157.0   -5.829  -22.151    198.8    988.5
     1     1    11    12    12     1     0     1  -158.0   -5.945  -21.917    198.8    988.8
     1     1    11    12    12     0     0     0  -159.0   -6.068  -21.684    198.8    989.2
     1     1    11    12    11    23     0     1  -160.0   -6.193  -21.450    199.0    988.7
     1     1    11    12    11    22     0     2  -161.0   -6.317  -21.215    200.0    988.3
     1     1    11    12    11    21     0     3  -162.0   -6.444  -20.980    203.0    987.6
     1     1    11    12    11    20     0     2  -163.0   -6.570  -20.749    207.0    986.8
     1     1    11    12    11    19     0     1  -164.0   -6.685  -20.529    209.4    986.3
     1     1    11    12    11    18     0     0  -165.0   -6.788  -20.322    209.5    986.1
     1     1    11    12    11    17     0     1  -166.0   -6.883  -20.128    208.2    986.7
     1     1    11    12    11    16     0     2  -167.0   -6.981  -19.945    206.4    987.3
     1     1    11    12    11    15     0     3  -168.0   -7.084  -19.773    203.7    987.9
     1     1    11    12    11    14     0     2  -169.0   -7.190  -19.604    201.3    988.8
     1     1    11    12    11    13     0     1  -170.0   -7.297  -19.431    200.8    989.4
     1     1    11    12    11    12     0     0  -171.0   -7.409  -19.258    202.5    989.7
     1     1    11    12    11    11     0     1  -172.0   -7.523  -19.083    206.4    989.3
     1     1    11    12    11    10     0     2  -173.0   -7.636  -18.905    213.0    988.7
     1     1    11    12    11     9     0     3  -174.0   -7.747  -18.725    223.3    987.7
     1     1    11    12    11     8     0     2  -175.0   -7.860  -18.549    234.5    985.8
     1     1    11    12    11     7     0     1  -176.0   -7.983  -18.385    243.6    984.5
     1     1    11    12    11     6     0     0  -177.0   -8.115  -18.233    250.5    983.4
     1     1    11    12    11     5     0     1  -178.0   -8.249  -18.080    256.2    982.9
     1     1    11    12    11     4     0     2  -179.0   -8.381  -17.916    261.9    982.3
     1     1    11    12    11     3     0     3  -180.0   -8.506  -17.744    267.2    981.7
     1     1    11    12    11     2     0     2  -181.0   -8.626  -17.569    272.3    981.4
     1     1    11    12    11     1     0     1  -182.0   -8.741  -17.396    277.5    981.1
     1     1    11    12    11     0     0     0  -183.0   -8.853  -17.223    283.0    980.8
     1     1    11    12    10    23     0     1  -184.0   -8.967  -17.048    289.9    979.7
     1     1    11    12    10    22     0     2  -185.0   -9.084  -16.868    298.4    978.4
     1     1    11    12    10    21     0     3  -186.0   -9.206  -16.683    307.8    976.9
     1     1    11    12    10    20     0     2  -187.0   -9.325  -16.497    315.2    975.2
     1     1    11    12    10    19     0     1  -188.0   -9.436  -16.314    318.7    974.3
     1     1    11    12    10    18     0     0  -189.0   -9.540  -16.133    318.9    973.7
     1     1    11    12    10    17     0     1  -190.0   -9.644  -15.946    317.8    974.4
     1     1    11    12    10    16     0     2  -191.0   -9.755  -15.742    316.8    974.8
     1     1    11    12    10    15     0     3  -192.0   -9.871  -15.523    317.1    975.3
     1     1    11    12    10    14     0     2  -193.0   -9.995  -15.302    318.3    975.4
     1     1    11    12    10    13     0     1  -194.0  -10.129  -15.089    319.4    975.7
     1     1    11    12    10    12     0     0  -195.0  -10.276  -14.881    320.2    976.1
     1     1    11    12    10    11     0     1  -196.0  -10.429  -14.673    321.3    976.1
     1     1    11    12    10    10     0     2  -197.0  -10.583  -14.461    322.8    975.9
     1     1    11    12    10     9     0     3  -198.0  -10.738  -14.245    324.3    975.7
     1     1    11    12    10     8     0     2  -199.0  -10.892  -14.027    326.7    975.2
     1     1    11    12    10     7     0     1  -200.0  -11.043  -13.810    331.1    974.3
     1     1    11    12    10     6     0     0  -201.0  -11.191  -13.595    336.8    973.2
     1     1    11    12    10     5     0     1  -202.0  -11.338  -13.382    340.8    972.7
     1     1    11    12    10     4     0     2  -203.0  -11.481  -13.172    341.0    972.9
     1     1    11    12    10     3     0     3  -204.0  -11.620  -12.966    338.5    973.4
     1     1    11    12    10     2     0     2  -205.0  -11.758  -12.755    334.2    974.1
     1     1    11    12    10     1     0     1  -206.0  -11.896  -12.529    328.0    975.1
     1     1    11    12    10     0     0     0  -207.0  -12.035  -12.291    320.5    976.3
     1     1    11    12     9    23     0     1  -208.0  -12.174  -12.044    314.3    977.1
     1     1    11    12     9    22     0     2  -209.0  -12.314  -11.797    311.4    977.4
     1     1    11    12     9    21     0     3  -210.0  -12.453  -11.548    310.9    977.4
     1     1    11    12     9    20     0     2  -211.0  -12.588  -11.301    311.2    976.8
     1     1    11    12     9    19     0     1  -212.0  -12.718  -11.056    311.1    976.5
     1     1    11    12     9    18     0     0  -213.0  -12.842  -10.812    311.0    976.1
     1     1    11    12     9    17     0     1  -214.0  -12.961  -10.572    311.0    976.5
     1     1    11    12     9    16     0     2  -215.0  -13.078  -10.335    311.3    976.9
     1     1    11    12     9    15     0     3  -216.0  -13.192  -10.100    312.4    977.3
     1     1    11    12     9    14     0     2  -217.0  -13.306   -9.862    312.2    977.4
     1     1    11    12     9    13     0     1  -218.0  -13.416   -9.616    309.2    978.1
     1     1    11    12     9    12     0     0  -219.0  -13.523   -9.360    303.9    979.2
     1     1    11    12     9    11     0     1  -220.0  -13.628   -9.095    298.3    980.2
     1     1    11    12     9    10     0     2  -221.0  -13.735   -8.821    294.3    980.8
     1     1    11    12     9     9     0     3  -222.0  -13.848   -8.536    291.8    981.2
     1     1    11    12     9     8     0     2  -223.0  -13.973   -8.245    292.5    980.9
     1     1    11    12     9     7     0     1  -224.0  -14.116   -7.954    297.3    979.8
     1     1    11    12     9     6     0     0  -225.0  -14.271   -7.662    305.4    978.3
     1     1    11    12     9     5     0     1  -226.0  -14.434   -7.369    312.6    977.0
     1     1    11    12     9     4     0     2  -227.0  -14.600   -7.073    314.5    976.7
     1     1    11    12     9     3     0     3  -228.0  -14.770   -6.774    310.8    977.1
     1     1    11    12     9     2     0     2  -229.0  -14.946   -6.473    305.9    978.6
     1     1    11    12     9     1     0     1  -230.0  -15.129   -6.164    304.8    979.3
     1     1    11    12     9     0     0     0  -231.0  -15.318   -5.845    308.6    979.4
     1     1    11    12     8    23     0     1  -232.0  -15.506   -5.527    317.0    978.5
     1     1    11    12     8    22     0     2  -233.0  -15.690   -5.223    327.0    977.2
     1     1    11    12     8    21     0     3  -234.0  -15.872   -4.931    334.1    976.3
     1     1    11    12     8    20     0     2  -235.0  -16.055   -4.647    338.6    975.5
     1     1    11    12     8    19     0     1  -236.0  -16.244   -4.364    343.0    974.4
     1     1    11    12     8    18     0     0  -237.0  -16.439   -4.080    347.9    973.3
     1     1    11    12     8    17     0     1  -238.0  -16.633   -3.794    352.1    973.0
     1     1    11    12     8    16     0     2  -239.0  -16.817   -3.509    352.7    973.1
     1     1    11    12     8    15     0     3  -240.0  -16.990   -3.223    347.9    973.9
     1     1    11    12     8    14     0     2  -241.0  -17.158   -2.935    342.0    975.4
     1     1    11    12     8    13     0     1  -242.0  -17.328   -2.642    340.1    975.8
     1     1    11    12     8    12     0     0  -243.0  -17.500   -2.344    342.1    975.9
     1     1    11    12     8    11     0     1  -244.0  -17.674   -2.045    345.8    975.7
     1     1    11    12     8    10     0     2  -245.0  -17.849   -1.751    348.7    975.8
     1     1    11    12     8     9     0     3  -246.0  -18.022   -1.459    349.8    976.1
     1     1    11    12     8     8     0     2  -247.0  -18.194   -1.165    349.9    975.9
     1     1    11    12     8     7     0     1  -248.0  -18.365   -0.864    350.3    975.6
     1     1    11    12     8     6     0     0  -249.0  -18.536   -0.554    351.2    975.3
     1     1    11    12     8     5     0     1  -250.0  -18.711   -0.238    351.0    975.0
     1     1    11    12     8     4     0     2  -251.0  -18.900    0.075    346.7    975.0
     1     1    11    12     8     3     0     3  -252.0  -19.106    0.383    338.8    976.1
     1     1    11    12     8     2     0     2  -253.0  -19.326    0.681    331.5    977.6
     1     1    11    12     8     1     0     1  -254.0  -19.556    0.962    327.2    978.5
     1     1    11    12     8     0     0     0  -255.0  -19.792    1.225    326.3    978.9
     1     1    11    12     7    23     0     1  -256.0  -20.030    1.481    327.8    978.9
     1     1    11    12     7    22     0     2  -257.0  -20.266    1.741    331.6    978.9
     1     1    11    12     7    21     0     3  -258.0  -20.499    2.011    339.6    978.3
     1     1    11    12     7    20     0     2  -259.0  -20.736    2.283    349.2    976.4
     1     1    11    12     7    19     0     1  -260.0  -20.978    2.550    357.7    975.0
     1     1    11    12     7    18     0     0  -261.0  -21.224    2.811    366.8    973.7
     1     1    11    12     7    17     0     1  -262.0  -21.471    3.060    376.0    972.7
     1     1    11    12     7    16     0     2  -263.0  -21.719    3.298    382.2    972.1
     1     1    11    12     7    15     0     3  -264.0  -21.966    3.525    384.3    972.1
     1     1    11    12     7    14     0     2  -265.0  -22.204    3.746    385.5    972.6
     1     1    11    12     7    13     0     1  -266.0  -22.426    3.963    388.5    972.4
     1     1    11    12     7    12     0     0  -267.0  -22.630    4.173    391.4    972.2
     1     1    11    12     7    11     0     1  -268.0  -22.827    4.380    393.9    972.2
     1     1    11    12     7    10     0     2  -269.0  -23.025    4.586    396.5    972.0
     1     1    11    12     7     9     0     3  -270.0  -23.223    4.791    400.4    971.8
     1     1    11    12     7     8     0     2  -271.0  -23.424    4.991    404.8    970.8
     1     1    11    12     7     7     0     1  -272.0  -23.633    5.180    408.3    970.1
     1     1    11    12     7     6     0     0  -273.0  -23.847    5.359    410.6    969.5
     1     1    11    12     7     5     0     1  -274.0  -24.071    5.522    410.2    969.3
     1     1    11    12     7     4     0     2  -275.0  -24.312    5.663    408.4    969.6
     1     1    11    12     7     3     0     3  -276.0  -24.569    5.780    408.8    969.6
     1     1    11    12     7     2     0     2  -277.0  -24.834    5.870    415.1    969.2
     1     1    11    12     7     1     0     1  -278.0  -25.102    5.936    428.9    967.7
     1     1    11    12     7     0     0     0  -279.0  -25.373    5.979    447.2    965.2
     1     1    11    12     6    23     0     1  -280.0  -25.630    5.999    466.9    963.1
     1     1    11    12     6    22     0     2  -281.0  -25.860    6.000    488.0    960.9
     1     1    11    12     6    21     0     3  -282.0  -26.062    5.982    510.6    958.6
     1     1    11    12     6    20     0     2  -283.0  -26.238    5.947    532.2    955.3
     1     1    11    12     6    19     0     1  -284.0  -26.390    5.894    550.3    952.6
     1     1    11    12     6    18     0     0  -285.0  -26.520    5.823    564.8    950.4
     1     1    11    12     6    17     0     1  -286.0  -26.632    5.743    574.9    949.3
     1     1    11    12     6    16     0     2  -287.0  -26.730    5.660    580.3    948.8
     1     1    11    12     6    15     0     3  -288.0  -26.815    5.572    581.9    948.7
     1     1    11    12     6    14     0     2  -289.0  -26.891    5.484    582.0    948.9
     1     1    11    12     6    13     0     1  -290.0  -26.961    5.396    582.9    948.8
     1     1    11    12     6    12     0     0  -291.0  -27.026    5.312    585.0    948.6
     1     1    11    12     6    11     0     1  -292.0  -27.087    5.233    590.3    948.3
     1     1    11    12     6    10     0     2  -293.0  -27.149    5.163    600.8    947.3
     1     1    11    12     6     9     0     3  -294.0  -27.209    5.102    615.6    945.8
     1     1    11    12     6     8     0     2  -295.0  -27.266    5.048    631.3    943.5
     1     1    11    12     6     7     0     1  -296.0  -27.321    5.001    644.8    941.6
     1     1    11    12     6     6     0     0  -297.0  -27.373    4.961    656.5    939.9
     1     1    11    12     6     5     0     1  -298.0  -27.428    4.920    668.5    938.4
     1     1    11    12     6     4     0     2  -299.0  -27.492    4.871    682.7    936.4
     1     1    11    12     6     3     0     3  -300.0  -27.561    4.815    699.7    934.2
     1     1    11    12     6     2     0     2  -301.0  -27.637    4.757    719.5    932.3
     1     1    11    12     6     1     0     1  -302.0  -27.721    4.699    742.0    930.3
     1     1    11    12     6     0     0     0  -303.0  -27.814    4.642    767.3    928.0
     1     1    11    12     5    23     0     1  -304.0  -27.910    4.591    790.7    924.9
     1     1    11    12     5    22     0     2  -305.0  -28.006    4.548    806.1    923.1
     1     1    11    12     5    21     0     3  -306.0  -28.101    4.514    811.9    922.4
     1     1    11    12     5    20     0     2  -307.0  -28.197    4.481    814.7    922.5
     1     1    11    12     5    19     0     1  -308.0  -28.295    4.441    820.9    921.5
     1     1    11    12     5    18     0     0  -309.0  -28.394    4.395    829.7    920.1
     1     1    11    12     5    17     0     1  -310.0  -28.498    4.345    836.9    918.9
     1     1    11    12     5    16     0     2  -311.0  -28.612    4.289    838.4    918.6
     1     1    11    12     5    15     0     3  -312.0  -28.737    4.228    834.4    918.9
     1     1    11    12     5    14     0     2  -313.0  -28.863    4.164    831.3    920.0
     1     1    11    12     5    13     0     1  -314.0  -28.977    4.103    836.3    919.7
     1     1    11    12     5    12     0     0  -315.0  -29.079    4.047    851.0    918.2
     1     1    11    12     5    11     0     1  -316.0  -29.178    3.998    871.1    916.1
     1     1    11    12     5    10     0     2  -317.0  -29.286    3.957    891.8    914.2
     1     1    11    12     5     9     0     3  -318.0  -29.405    3.924    912.7    912.1
     1     1    11    12     5     8     0     2  -319.0  -29.536    3.902    932.3    909.4
     1     1    11    12     5     7     0     1  -320.0  -29.677    3.896    949.8    907.1
     1     1    11    12     5     6     0     0  -321.0  -29.831    3.904    965.4    905.0
     1     1    11    12     5     5     0     1  -322.0  -29.996    3.908    980.8    903.5
     1     1    11    12     5     4     0     2  -323.0  -30.169    3.890    997.4    901.7
     1     1    11    12     5     3     0     3  -324.0  -30.350    3.852   1014.7    899.8
     1     1    11    12     5     2     0     2  -325.0  -30.537    3.797   1033.4    898.2
     1     1    11    12     5     1     0     1  -326.0  -30.723    3.728   1054.9    896.2
     1     1    11    12     5     0     0     0  -327.0  -30.907    3.644   1078.7    893.9
     1     1    11    12     4    23     0     1  -328.0  -31.078    3.556   1100.7    891.3
     1     1    11    12     4    22     0     2  -329.0  -31.226    3.481   1118.1    889.8
     1     1    11    12     4    21     0     3  -330.0  -31.353    3.422   1133.8    888.5
     1     1    11    12     4    20     0     2  -331.0  -31.467    3.370   1149.0    886.8
     1     1    11    12     4    19     0     1  -332.0  -31.576    3.319   1163.7    885.1
     1     1    11    12     4    18     0     0  -333.0  -31.680    3.269   1176.6    883.5
     1     1    11    12     4    17     0     1  -334.0  -31.783    3.223   1186.3    882.6
     1     1    11    12     4    16     0     2  -335.0  -31.893    3.183   1192.1    882.3
     1     1    11    12     4    15     0     3  -336.0  -32.011    3.150   1194.0    882.4
