     3     1
    GDAS    11     1     8     0     0
    GDAS    11     1    15     0     0
    GDAS    11     1    22     0     0
     1 BACKWARD OMEGA   
  2011     1    24    15   -8.860  -56.740  2590.8
     1 PRESSURE
     1     1    11     1    24    15     0     3     0.0   -8.860  -56.740   2590.8    728.7
     1     1    11     1    24    14     0     2    -1.0   -8.889  -56.544   2624.2    723.7
     1     1    11     1    24    13     0     1    -2.0   -8.912  -56.358   2645.7    721.8
     1     1    11     1    24    12     0     0    -3.0   -8.929  -56.180   2674.9    718.7
     1     1    11     1    24    11     0     3    -4.0   -8.937  -56.004   2697.6    713.0
     1     1    11     1    24    10     0     6    -5.0   -8.937  -55.829   2687.6    710.6
     1     1    11     1    24     9     0     9    -6.0   -8.930  -55.658   2644.4    711.4
     1     1    11     1    24     8     0     8    -7.0   -8.918  -55.489   2584.0    715.3
     1     1    11     1    24     7     0     7    -8.0   -8.899  -55.321   2509.1    718.4
     1     1    11     1    24     6     0     6    -9.0   -8.873  -55.156   2398.2    725.0
     1     1    11     1    24     5     0     5   -10.0   -8.839  -54.993   2261.1    737.4
     1     1    11     1    24     4     0     4   -11.0   -8.793  -54.825   2141.6    751.0
     1     1    11     1    24     3     0     3   -12.0   -8.739  -54.649   2052.6    759.9
     1     1    11     1    24     2     0     2   -13.0   -8.692  -54.469   1992.9    766.3
     1     1    11     1    24     1     0     1   -14.0   -8.663  -54.289   1964.9    769.2
     1     1    11     1    24     0     0     0   -15.0   -8.656  -54.109   1969.7    769.4
     1     1    11     1    23    23     0     1   -16.0   -8.662  -53.932   1976.9    765.6
     1     1    11     1    23    22     0     2   -17.0   -8.671  -53.764   1956.2    767.2
     1     1    11     1    23    21     0     3   -18.0   -8.684  -53.605   1913.6    771.0
     1     1    11     1    23    20     0     2   -19.0   -8.702  -53.456   1852.2    777.1
     1     1    11     1    23    19     0     1   -20.0   -8.726  -53.313   1768.0    784.7
     1     1    11     1    23    18     0     0   -21.0   -8.754  -53.177   1654.4    795.1
     1     1    11     1    23    17     0     1   -22.0   -8.781  -53.048   1544.0    809.2
     1     1    11     1    23    16     0     2   -23.0   -8.800  -52.924   1471.4    817.2
     1     1    11     1    23    15     0     3   -24.0   -8.809  -52.806   1435.8    821.7
     1     1    11     1    23    14     0     2   -25.0   -8.812  -52.682   1426.8    822.2
     1     1    11     1    23    13     0     1   -26.0   -8.815  -52.541   1435.5    822.1
     1     1    11     1    23    12     0     0   -27.0   -8.818  -52.384   1461.5    820.4
     1     1    11     1    23    11     0     1   -28.0   -8.820  -52.227   1495.5    817.0
     1     1    11     1    23    10     0     2   -29.0   -8.822  -52.089   1528.3    814.3
     1     1    11     1    23     9     0     3   -30.0   -8.823  -51.967   1559.1    811.3
     1     1    11     1    23     8     0     2   -31.0   -8.821  -51.854   1590.9    807.8
     1     1    11     1    23     7     0     1   -32.0   -8.816  -51.740   1623.0    803.4
     1     1    11     1    23     6     0     0   -33.0   -8.807  -51.628   1644.0    800.0
     1     1    11     1    23     5     0     1   -34.0   -8.792  -51.515   1615.5    799.2
     1     1    11     1    23     4     0     2   -35.0   -8.764  -51.395   1524.3    809.3
     1     1    11     1    23     3     0     3   -36.0   -8.721  -51.258   1412.2    821.7
     1     1    11     1    23     2     0     2   -37.0   -8.678  -51.109   1338.9    831.4
     1     1    11     1    23     1     0     1   -38.0   -8.652  -50.960   1327.0    831.5
     1     1    11     1    23     0     0     0   -39.0   -8.643  -50.817   1350.8    829.8
     1     1    11     1    22    23     0     1   -40.0   -8.648  -50.685   1377.0    826.8
     1     1    11     1    22    22     0     2   -41.0   -8.664  -50.564   1392.3    826.8
     1     1    11     1    22    21     0     3   -42.0   -8.687  -50.454   1406.3    826.8
     1     1    11     1    22    20     0     2   -43.0   -8.708  -50.352   1421.6    827.4
     1     1    11     1    22    19     0     1   -44.0   -8.717  -50.257   1435.5    828.2
     1     1    11     1    22    18     0     0   -45.0   -8.716  -50.169   1447.5    829.0
     1     1    11     1    22    17     0     1   -46.0   -8.710  -50.077   1460.3    830.0
     1     1    11     1    22    16     0     2   -47.0   -8.704  -49.972   1476.5    830.0
     1     1    11     1    22    15     0     3   -48.0   -8.701  -49.851   1492.8    828.3
     1     1    11     1    22    14     0     2   -49.0   -8.705  -49.719   1499.6    826.5
     1     1    11     1    22    13     0     1   -50.0   -8.716  -49.579   1490.9    827.2
     1     1    11     1    22    12     0     0   -51.0   -8.736  -49.432   1470.9    829.0
     1     1    11     1    22    11     0     1   -52.0   -8.755  -49.297   1449.0    830.9
     1     1    11     1    22    10     0     2   -53.0   -8.765  -49.195   1429.8    831.7
     1     1    11     1    22     9     0     3   -54.0   -8.764  -49.128   1409.9    832.7
     1     1    11     1    22     8     0     2   -55.0   -8.754  -49.081   1394.7    834.7
     1     1    11     1    22     7     0     1   -56.0   -8.734  -49.036   1391.0    835.1
     1     1    11     1    22     6     0     0   -57.0   -8.706  -48.990   1400.3    834.4
     1     1    11     1    22     5     0     1   -58.0   -8.676  -48.940   1400.2    833.0
     1     1    11     1    22     4     0     2   -59.0   -8.647  -48.884   1369.3    837.0
     1     1    11     1    22     3     0     3   -60.0   -8.617  -48.824   1315.1    843.5
     1     1    11     1    22     2     0     2   -61.0   -8.588  -48.770   1256.9    850.9
     1     1    11     1    22     1     0     1   -62.0   -8.564  -48.735   1205.6    855.9
     1     1    11     1    22     0     0     0   -63.0   -8.547  -48.719   1157.6    860.6
     1     1    11     1    21    23     0     1   -64.0   -8.532  -48.720   1112.1    864.3
     1     1    11     1    21    22     0     2   -65.0   -8.516  -48.733   1070.2    867.8
     1     1    11     1    21    21     0     3   -66.0   -8.500  -48.758   1034.5    870.8
     1     1    11     1    21    20     0     2   -67.0   -8.483  -48.785   1000.1    873.9
     1     1    11     1    21    19     0     1   -68.0   -8.463  -48.806    959.0    878.4
     1     1    11     1    21    18     0     0   -69.0   -8.441  -48.819    908.0    884.0
     1     1    11     1    21    17     0     1   -70.0   -8.414  -48.830    862.3    891.0
     1     1    11     1    21    16     0     2   -71.0   -8.381  -48.845    837.0    894.0
     1     1    11     1    21    15     0     3   -72.0   -8.343  -48.863    832.1    895.2
     1     1    11     1    21    14     0     2   -73.0   -8.297  -48.888    837.9    894.1
     1     1    11     1    21    13     0     1   -74.0   -8.241  -48.924    843.7    894.0
     1     1    11     1    21    12     0     0   -75.0   -8.177  -48.970    848.5    894.1
     1     1    11     1    21    11     0     1   -76.0   -8.107  -49.016    836.4    893.3
     1     1    11     1    21    10     0     2   -77.0   -8.034  -49.054    792.8    897.0
     1     1    11     1    21     9     0     3   -78.0   -7.956  -49.090    724.9    903.5
     1     1    11     1    21     8     0     2   -79.0   -7.870  -49.133    666.4    912.2
     1     1    11     1    21     7     0     1   -80.0   -7.773  -49.181    638.2    914.0
     1     1    11     1    21     6     0     0   -81.0   -7.671  -49.231    629.7    913.7
     1     1    11     1    21     5     0     1   -82.0   -7.565  -49.272    618.4    912.8
     1     1    11     1    21     4     0     2   -83.0   -7.453  -49.301    593.4    915.7
     1     1    11     1    21     3     0     3   -84.0   -7.332  -49.319    568.4    918.8
     1     1    11     1    21     2     0     2   -85.0   -7.201  -49.340    550.1    920.0
     1     1    11     1    21     1     0     1   -86.0   -7.060  -49.377    535.2    920.6
     1     1    11     1    21     0     0     0   -87.0   -6.911  -49.431    519.9    921.9
     1     1    11     1    20    23     0     1   -88.0   -6.766  -49.496    502.8    923.3
     1     1    11     1    20    22     0     2   -89.0   -6.637  -49.562    482.8    924.5
     1     1    11     1    20    21     0     3   -90.0   -6.520  -49.628    458.1    926.2
     1     1    11     1    20    20     0     2   -91.0   -6.417  -49.691    430.8    929.1
     1     1    11     1    20    19     0     1   -92.0   -6.336  -49.750    401.1    931.2
     1     1    11     1    20    18     0     0   -93.0   -6.277  -49.806    365.6    933.9
     1     1    11     1    20    17     0     1   -94.0   -6.231  -49.860    327.4    937.8
     1     1    11     1    20    16     0     2   -95.0   -6.186  -49.908    289.7    941.5
     1     1    11     1    20    15     0     3   -96.0   -6.143  -49.952    252.3    945.3
     1     1    11     1    20    14     0     2   -97.0   -6.105  -49.994    223.3    948.6
     1     1    11     1    20    13     0     1   -98.0   -6.077  -50.035    210.3    950.4
     1     1    11     1    20    12     0     0   -99.0   -6.058  -50.076    212.6    950.7
     1     1    11     1    20    11     0     1  -100.0   -6.038  -50.114    218.5    948.3
     1     1    11     1    20    10     0     2  -101.0   -6.008  -50.150    216.1    948.1
     1     1    11     1    20     9     0     3  -102.0   -5.970  -50.182    206.1    949.0
     1     1    11     1    20     8     0     2  -103.0   -5.933  -50.212    195.8    951.5
     1     1    11     1    20     7     0     1  -104.0   -5.908  -50.244    190.7    952.5
     1     1    11     1    20     6     0     0  -105.0   -5.896  -50.278    189.3    953.0
     1     1    11     1    20     5     0     1  -106.0   -5.887  -50.318    190.7    953.7
     1     1    11     1    20     4     0     2  -107.0   -5.868  -50.369    194.6    954.3
     1     1    11     1    20     3     0     3  -108.0   -5.838  -50.433    201.3    954.7
     1     1    11     1    20     2     0     2  -109.0   -5.797  -50.504    212.7    953.9
     1     1    11     1    20     1     0     1  -110.0   -5.748  -50.578    229.8    952.4
     1     1    11     1    20     0     0     0  -111.0   -5.689  -50.657    251.5    950.4
     1     1    11     1    19    23     0     1  -112.0   -5.619  -50.736    273.9    947.2
     1     1    11     1    19    22     0     2  -113.0   -5.542  -50.807    294.9    944.3
     1     1    11     1    19    21     0     3  -114.0   -5.457  -50.868    317.6    941.1
     1     1    11     1    19    20     0     2  -115.0   -5.367  -50.921    335.5    938.1
     1     1    11     1    19    19     0     1  -116.0   -5.277  -50.967    339.8    937.2
     1     1    11     1    19    18     0     0  -117.0   -5.185  -51.005    328.9    937.9
     1     1    11     1    19    17     0     1  -118.0   -5.097  -51.042    310.5    941.3
     1     1    11     1    19    16     0     2  -119.0   -5.014  -51.083    293.9    944.0
     1     1    11     1    19    15     0     3  -120.0   -4.940  -51.130    282.1    947.4
     1     1    11     1    19    14     0     2  -121.0   -4.874  -51.168    275.3    949.5
     1     1    11     1    19    13     0     1  -122.0   -4.812  -51.192    271.6    951.2
     1     1    11     1    19    12     0     0  -123.0   -4.754  -51.202    270.3    952.5
     1     1    11     1    19    11     0     1  -124.0   -4.684  -51.197    271.4    953.2
     1     1    11     1    19    10     0     2  -125.0   -4.591  -51.173    274.0    953.9
     1     1    11     1    19     9     0     3  -126.0   -4.472  -51.134    276.8    955.1
     1     1    11     1    19     8     0     2  -127.0   -4.341  -51.086    275.7    956.7
     1     1    11     1    19     7     0     1  -128.0   -4.216  -51.031    266.8    959.6
     1     1    11     1    19     6     0     0  -129.0   -4.095  -50.968    250.1    963.4
     1     1    11     1    19     5     0     1  -130.0   -3.988  -50.907    233.6    968.2
     1     1    11     1    19     4     0     2  -131.0   -3.899  -50.859    222.8    970.6
     1     1    11     1    19     3     0     3  -132.0   -3.826  -50.821    213.9    972.6
     1     1    11     1    19     2     0     2  -133.0   -3.759  -50.793    203.3    974.3
     1     1    11     1    19     1     0     1  -134.0   -3.691  -50.776    190.0    976.7
     1     1    11     1    19     0     0     0  -135.0   -3.624  -50.769    176.2    979.0
     1     1    11     1    18    23     0     1  -136.0   -3.561  -50.769    164.6    980.4
     1     1    11     1    18    22     0     2  -137.0   -3.507  -50.776    155.9    981.1
     1     1    11     1    18    21     0     3  -138.0   -3.460  -50.788    149.6    981.5
     1     1    11     1    18    20     0     2  -139.0   -3.428  -50.800    143.6    982.7
     1     1    11     1    18    19     0     1  -140.0   -3.418  -50.806    136.4    983.9
     1     1    11     1    18    18     0     0  -141.0   -3.431  -50.808    128.2    984.8
     1     1    11     1    18    17     0     1  -142.0   -3.445  -50.793    118.7    986.5
     1     1    11     1    18    16     0     2  -143.0   -3.441  -50.751    107.4    988.6
     1     1    11     1    18    15     0     3  -144.0   -3.420  -50.681     94.2    991.3
     1     1    11     1    18    14     0     2  -145.0   -3.389  -50.606     82.1    993.7
     1     1    11     1    18    13     0     1  -146.0   -3.355  -50.548     74.5    995.4
     1     1    11     1    18    12     0     0  -147.0   -3.316  -50.506     71.7    996.4
     1     1    11     1    18    11     0     1  -148.0   -3.273  -50.472     71.2    996.0
     1     1    11     1    18    10     0     2  -149.0   -3.225  -50.438     70.6    995.9
     1     1    11     1    18     9     0     3  -150.0   -3.175  -50.403     70.1    995.8
     1     1    11     1    18     8     0     2  -151.0   -3.121  -50.370     69.2    996.0
     1     1    11     1    18     7     0     1  -152.0   -3.064  -50.341     67.5    996.5
     1     1    11     1    18     6     0     0  -153.0   -3.005  -50.318     65.4    997.1
     1     1    11     1    18     5     0     1  -154.0   -2.940  -50.297     61.3    997.8
     1     1    11     1    18     4     0     2  -155.0   -2.870  -50.276     53.8    999.4
     1     1    11     1    18     3     0     3  -156.0   -2.797  -50.254     43.9   1000.7
     1     1    11     1    18     2     0     2  -157.0   -2.728  -50.230     35.9   1002.1
     1     1    11     1    18     1     0     1  -158.0   -2.667  -50.203     31.9   1002.7
     1     1    11     1    18     0     0     0  -159.0   -2.611  -50.172     30.7   1003.1
     1     1    11     1    17    23     0     1  -160.0   -2.556  -50.140     30.8   1002.5
     1     1    11     1    17    22     0     2  -161.0   -2.498  -50.113     31.1   1002.0
     1     1    11     1    17    21     0     3  -162.0   -2.436  -50.091     31.5   1001.5
     1     1    11     1    17    20     0     2  -163.0   -2.373  -50.070     30.4   1001.5
     1     1    11     1    17    19     0     1  -164.0   -2.308  -50.048     26.8   1002.0
     1     1    11     1    17    18     0     0  -165.0   -2.244  -50.026     21.5   1002.7
     1     1    11     1    17    17     0     1  -166.0   -2.181  -50.001     16.7   1004.7
     1     1    11     1    17    16     0     2  -167.0   -2.119  -49.966     13.4   1006.4
     1     1    11     1    17    15     0     3  -168.0   -2.058  -49.922     11.1   1008.0
     1     1    11     1    17    14     0     2  -169.0   -1.998  -49.873      9.4   1008.3
     1     1    11     1    17    13     0     1  -170.0   -1.943  -49.821      8.1   1008.3
     1     1    11     1    17    12     0     0  -171.0   -1.893  -49.766      7.2   1008.5
     1     1    11     1    17    11     0     1  -172.0   -1.849  -49.712      6.7   1008.1
     1     1    11     1    17    10     0     2  -173.0   -1.811  -49.664      6.8   1007.7
     1     1    11     1    17     9     0     3  -174.0   -1.780  -49.621      7.4   1007.2
     1     1    11     1    17     8     0     2  -175.0   -1.751  -49.580      8.2   1006.9
     1     1    11     1    17     7     0     1  -176.0   -1.723  -49.542      8.6   1006.6
     1     1    11     1    17     6     0     0  -177.0   -1.694  -49.504      8.6   1006.3
     1     1    11     1    17     5     0     1  -178.0   -1.662  -49.467      8.3   1006.3
     1     1    11     1    17     4     0     2  -179.0   -1.623  -49.428      8.0   1006.5
     1     1    11     1    17     3     0     3  -180.0   -1.577  -49.385      7.5   1006.7
     1     1    11     1    17     2     0     2  -181.0   -1.526  -49.336      7.1   1006.7
     1     1    11     1    17     1     0     1  -182.0   -1.470  -49.278      6.9   1006.7
     1     1    11     1    17     0     0     0  -183.0   -1.410  -49.209      6.8   1006.8
     1     1    11     1    16    23     0     1  -184.0   -1.345  -49.138      7.0   1005.8
     1     1    11     1    16    22     0     2  -185.0   -1.274  -49.076      7.6   1004.8
     1     1    11     1    16    21     0     3  -186.0   -1.195  -49.026      8.4   1003.8
     1     1    11     1    16    20     0     2  -187.0   -1.109  -48.980      8.5   1003.9
     1     1    11     1    16    19     0     1  -188.0   -1.019  -48.930      7.5   1003.9
     1     1    11     1    16    18     0     0  -189.0   -0.922  -48.875      5.8   1004.1
     1     1    11     1    16    17     0     1  -190.0   -0.824  -48.812      3.7   1005.2
     1     1    11     1    16    16     0     2  -191.0   -0.732  -48.742      1.7   1006.1
     1     1    11     1    16    15     0     3  -192.0   -0.649  -48.664      0.0   1006.7
     1     1    11     1    16    14     0     2  -193.0   -0.570  -48.571      0.0   1006.7
     1     1    11     1    16    13     0     1  -194.0   -0.489  -48.454      0.0   1006.8
     1     1    11     1    16    12     0     0  -195.0   -0.406  -48.310      0.0   1006.8
     1     1    11     1    16    11     0     1  -196.0   -0.309  -48.151      0.0   1006.5
     1     1    11     1    16    10     0     2  -197.0   -0.185  -47.986      0.1   1006.2
     1     1    11     1    16     9     0     3  -198.0   -0.031  -47.813      1.0   1006.0
     1     1    11     1    16     8     0     2  -199.0    0.131  -47.632      1.9   1006.0
     1     1    11     1    16     7     0     1  -200.0    0.284  -47.443      2.1   1006.0
     1     1    11     1    16     6     0     0  -201.0    0.430  -47.245      1.7   1006.0
     1     1    11     1    16     5     0     1  -202.0    0.568  -47.033      1.1   1007.1
     1     1    11     1    16     4     0     2  -203.0    0.696  -46.812      0.7   1008.2
     1     1    11     1    16     3     0     3  -204.0    0.810  -46.585      0.5   1009.3
     1     1    11     1    16     2     0     2  -205.0    0.911  -46.355      0.6   1009.3
     1     1    11     1    16     1     0     1  -206.0    1.003  -46.125      1.0   1009.3
     1     1    11     1    16     0     0     0  -207.0    1.094  -45.891      2.0   1009.2
     1     1    11     1    15    23     0     1  -208.0    1.200  -45.652      3.2   1007.9
     1     1    11     1    15    22     0     2  -209.0    1.338  -45.407      4.1   1007.0
     1     1    11     1    15    21     0     3  -210.0    1.508  -45.157      4.9   1006.6
     1     1    11     1    15    20     0     2  -211.0    1.684  -44.907      5.4   1007.7
     1     1    11     1    15    19     0     1  -212.0    1.841  -44.664      5.6   1008.1
     1     1    11     1    15    18     0     0  -213.0    1.979  -44.430      5.7   1008.2
     1     1    11     1    15    17     0     1  -214.0    2.120  -44.194      5.7   1008.0
     1     1    11     1    15    16     0     2  -215.0    2.281  -43.942      5.7   1007.9
     1     1    11     1    15    15     0     3  -216.0    2.464  -43.673      5.7   1007.7
     1     1    11     1    15    14     0     2  -217.0    2.660  -43.392      5.7   1007.8
     1     1    11     1    15    13     0     1  -218.0    2.861  -43.104      5.7   1007.9
     1     1    11     1    15    12     0     0  -219.0    3.065  -42.808      5.7   1007.9
     1     1    11     1    15    11     0     1  -220.0    3.269  -42.507      5.7   1007.7
     1     1    11     1    15    10     0     2  -221.0    3.472  -42.205      5.8   1007.4
     1     1    11     1    15     9     0     3  -222.0    3.675  -41.901      5.9   1007.1
     1     1    11     1    15     8     0     2  -223.0    3.883  -41.598      6.0   1007.2
     1     1    11     1    15     7     0     1  -224.0    4.098  -41.298      6.0   1007.3
     1     1    11     1    15     6     0     0  -225.0    4.321  -41.004      6.0   1007.4
     1     1    11     1    15     5     0     1  -226.0    4.544  -40.715      6.0   1007.4
     1     1    11     1    15     4     0     2  -227.0    4.760  -40.428      6.0   1007.4
     1     1    11     1    15     3     0     3  -228.0    4.965  -40.138      6.0   1007.4
     1     1    11     1    15     2     0     2  -229.0    5.172  -39.841      6.0   1007.6
     1     1    11     1    15     1     0     1  -230.0    5.396  -39.533      6.1   1007.8
     1     1    11     1    15     0     0     0  -231.0    5.637  -39.216      6.5   1008.0
     1     1    11     1    14    23     0     1  -232.0    5.879  -38.904      7.4   1008.0
     1     1    11     1    14    22     0     2  -233.0    6.109  -38.609      8.4   1008.2
     1     1    11     1    14    21     0     3  -234.0    6.328  -38.330      9.2   1007.5
     1     1    11     1    14    20     0     2  -235.0    6.549  -38.055      9.7   1007.4
     1     1    11     1    14    19     0     1  -236.0    6.781  -37.776      9.9   1007.2
     1     1    11     1    14    18     0     0  -237.0    7.023  -37.495     10.0   1007.1
     1     1    11     1    14    17     0     1  -238.0    7.262  -37.215      9.9   1008.1
     1     1    11     1    14    16     0     2  -239.0    7.487  -36.940      9.9   1009.2
     1     1    11     1    14    15     0     3  -240.0    7.699  -36.669      9.7   1010.3
     1     1    11     1    14    14     0     2  -241.0    7.905  -36.400      9.3   1010.4
     1     1    11     1    14    13     0     1  -242.0    8.109  -36.132      8.9   1010.4
     1     1    11     1    14    12     0     0  -243.0    8.313  -35.862      8.7   1010.5
     1     1    11     1    14    11     0     1  -244.0    8.519  -35.591      8.8   1010.3
     1     1    11     1    14    10     0     2  -245.0    8.729  -35.318      9.0   1010.2
     1     1    11     1    14     9     0     3  -246.0    8.939  -35.045      9.2   1010.0
     1     1    11     1    14     8     0     2  -247.0    9.148  -34.774      9.2   1009.9
     1     1    11     1    14     7     0     1  -248.0    9.355  -34.507      9.0   1009.8
     1     1    11     1    14     6     0     0  -249.0    9.559  -34.245      8.5   1009.7
     1     1    11     1    14     5     0     1  -250.0    9.764  -33.983      8.0   1010.5
     1     1    11     1    14     4     0     2  -251.0    9.971  -33.719      7.9   1011.2
     1     1    11     1    14     3     0     3  -252.0   10.181  -33.452      8.4   1011.4
     1     1    11     1    14     2     0     2  -253.0   10.393  -33.187      8.9   1011.7
     1     1    11     1    14     1     0     1  -254.0   10.604  -32.926      9.1   1012.3
     1     1    11     1    14     0     0     0  -255.0   10.813  -32.668      9.1   1012.5
     1     1    11     1    13    23     0     1  -256.0   11.024  -32.410      9.1   1012.5
     1     1    11     1    13    22     0     2  -257.0   11.238  -32.146      9.1   1012.3
     1     1    11     1    13    21     0     3  -258.0   11.456  -31.879      9.1   1012.1
     1     1    11     1    13    20     0     2  -259.0   11.674  -31.616      9.0   1011.9
     1     1    11     1    13    19     0     1  -260.0   11.894  -31.366      8.5   1011.6
     1     1    11     1    13    18     0     0  -261.0   12.115  -31.133      7.7   1011.3
     1     1    11     1    13    17     0     1  -262.0   12.335  -30.906      6.8   1012.2
     1     1    11     1    13    16     0     2  -263.0   12.550  -30.677      6.1   1013.1
     1     1    11     1    13    15     0     3  -264.0   12.760  -30.447      5.5   1014.0
     1     1    11     1    13    14     0     2  -265.0   12.966  -30.211      5.1   1013.8
     1     1    11     1    13    13     0     1  -266.0   13.168  -29.964      5.0   1013.7
     1     1    11     1    13    12     0     0  -267.0   13.363  -29.709      5.0   1013.5
     1     1    11     1    13    11     0     1  -268.0   13.555  -29.455      5.1   1013.4
     1     1    11     1    13    10     0     2  -269.0   13.748  -29.207      5.4   1013.2
     1     1    11     1    13     9     0     3  -270.0   13.943  -28.960      5.8   1013.1
     1     1    11     1    13     8     0     2  -271.0   14.130  -28.708      6.3   1013.0
     1     1    11     1    13     7     0     1  -272.0   14.303  -28.452      6.6   1012.9
     1     1    11     1    13     6     0     0  -273.0   14.465  -28.192      6.9   1012.8
     1     1    11     1    13     5     0     1  -274.0   14.618  -27.935      7.0   1013.0
     1     1    11     1    13     4     0     2  -275.0   14.767  -27.685      7.1   1013.1
     1     1    11     1    13     3     0     3  -276.0   14.913  -27.439      7.1   1013.2
     1     1    11     1    13     2     0     2  -277.0   15.063  -27.186      7.1   1013.4
     1     1    11     1    13     1     0     1  -278.0   15.221  -26.920      7.1   1013.5
     1     1    11     1    13     0     0     0  -279.0   15.384  -26.646      7.1   1013.7
     1     1    11     1    12    23     0     1  -280.0   15.547  -26.372      7.2   1013.6
     1     1    11     1    12    22     0     2  -281.0   15.704  -26.099      7.4   1013.5
     1     1    11     1    12    21     0     3  -282.0   15.855  -25.826      7.8   1013.4
     1     1    11     1    12    20     0     2  -283.0   16.005  -25.553      8.3   1013.3
     1     1    11     1    12    19     0     1  -284.0   16.159  -25.283      8.6   1013.4
     1     1    11     1    12    18     0     0  -285.0   16.315  -25.018      8.5   1013.3
     1     1    11     1    12    17     0     1  -286.0   16.470  -24.757      8.3   1013.4
     1     1    11     1    12    16     0     2  -287.0   16.623  -24.494      7.9   1013.5
     1     1    11     1    12    15     0     3  -288.0   16.779  -24.229      7.6   1013.6
     1     1    11     1    12    14     0     2  -289.0   16.943  -23.961      7.5   1014.9
     1     1    11     1    12    13     0     1  -290.0   17.116  -23.694      7.5   1016.6
     1     1    11     1    12    12     0     0  -291.0   17.294  -23.431      7.6   1017.8
     1     1    11     1    12    11     0     1  -292.0   17.478  -23.171      7.8   1016.7
     1     1    11     1    12    10     0     2  -293.0   17.668  -22.912      7.9   1015.6
     1     1    11     1    12     9     0     3  -294.0   17.864  -22.654      8.0   1014.5
     1     1    11     1    12     8     0     2  -295.0   18.068  -22.403      7.9   1014.8
     1     1    11     1    12     7     0     1  -296.0   18.279  -22.161      7.5   1015.2
     1     1    11     1    12     6     0     0  -297.0   18.498  -21.926      6.9   1015.1
     1     1    11     1    12     5     0     1  -298.0   18.711  -21.695      6.3   1015.2
     1     1    11     1    12     4     0     2  -299.0   18.910  -21.466      5.8   1015.4
     1     1    11     1    12     3     0     3  -300.0   19.101  -21.240      5.5   1015.7
     1     1    11     1    12     2     0     2  -301.0   19.285  -21.014      5.5   1016.0
     1     1    11     1    12     1     0     1  -302.0   19.461  -20.788      5.5   1016.3
     1     1    11     1    12     0     0     0  -303.0   19.629  -20.564      5.5   1016.7
     1     1    11     1    11    23     0     1  -304.0   19.801  -20.340      5.6   1016.9
     1     1    11     1    11    22     0     2  -305.0   19.989  -20.115      5.9   1017.1
     1     1    11     1    11    21     0     3  -306.0   20.195  -19.897      6.4   1017.4
     1     1    11     1    11    20     0     2  -307.0   20.408  -19.682      6.9   1017.4
     1     1    11     1    11    19     0     1  -308.0   20.615  -19.469      7.4   1017.5
     1     1    11     1    11    18     0     0  -309.0   20.814  -19.261      7.9   1017.5
     1     1    11     1    11    17     0     1  -310.0   21.008  -19.049      8.4   1017.7
     1     1    11     1    11    16     0     2  -311.0   21.194  -18.825      8.9   1017.9
     1     1    11     1    11    15     0     3  -312.0   21.374  -18.593      9.2   1018.0
     1     1    11     1    11    14     0     2  -313.0   21.559  -18.353      9.4   1018.3
     1     1    11     1    11    13     0     1  -314.0   21.759  -18.103      9.7   1018.6
     1     1    11     1    11    12     0     0  -315.0   21.970  -17.845     10.0   1018.9
     1     1    11     1    11    11     0     1  -316.0   22.179  -17.589     10.6   1019.0
     1     1    11     1    11    10     0     2  -317.0   22.372  -17.336     11.5   1018.7
     1     1    11     1    11     9     0     3  -318.0   22.551  -17.071     12.7   1018.2
     1     1    11     1    11     8     0     2  -319.0   22.716  -16.807     14.8   1015.3
     1     1    11     1    11     7     0     1  -320.0   22.863  -16.559     19.2   1012.8
     1     1    11     1    11     6     0     0  -321.0   22.990  -16.328     28.5   1011.3
     1     1    11     1    11     5     0     1  -322.0   23.107  -16.107     45.1   1008.7
     1     1    11     1    11     4     0     2  -323.0   23.232  -15.884     66.4   1004.0
     1     1    11     1    11     3     0     3  -324.0   23.375  -15.654     84.2    997.8
     1     1    11     1    11     2     0     2  -325.0   23.539  -15.428     92.3    994.1
     1     1    11     1    11     1     0     1  -326.0   23.724  -15.218     91.7    992.1
     1     1    11     1    11     0     0     0  -327.0   23.918  -15.030     84.5    991.5
     1     1    11     1    10    23     0     1  -328.0   24.115  -14.864     79.0    992.9
     1     1    11     1    10    22     0     2  -329.0   24.320  -14.714     81.9    993.2
     1     1    11     1    10    21     0     3  -330.0   24.537  -14.574     92.3    992.3
     1     1    11     1    10    20     0     2  -331.0   24.759  -14.446    106.9    991.0
     1     1    11     1    10    19     0     1  -332.0   24.977  -14.328    124.7    989.5
     1     1    11     1    10    18     0     0  -333.0   25.187  -14.216    143.2    987.1
     1     1    11     1    10    17     0     1  -334.0   25.388  -14.107    156.2    985.2
     1     1    11     1    10    16     0     2  -335.0   25.577  -13.999    157.4    985.2
     1     1    11     1    10    15     0     3  -336.0   25.757  -13.892    146.3    987.3
