     3     1
    GDAS    11     1     8     0     0
    GDAS    11     1    15     0     0
    GDAS    11     1    22     0     0
     1 BACKWARD OMEGA   
  2011     1    24    15   -8.910  -56.790  1524.0
     1 PRESSURE
     1     1    11     1    24    15     0     3     0.0   -8.910  -56.790   1524.0    828.3
     1     1    11     1    24    14     0     2    -1.0   -8.875  -56.628   1577.5    819.4
     1     1    11     1    24    13     0     1    -2.0   -8.844  -56.467   1603.1    815.6
     1     1    11     1    24    12     0     0    -3.0   -8.812  -56.303   1615.7    813.3
     1     1    11     1    24    11     0     3    -4.0   -8.778  -56.139   1623.2    809.9
     1     1    11     1    24    10     0     6    -5.0   -8.750  -55.983   1614.5    807.5
     1     1    11     1    24     9     0     9    -6.0   -8.732  -55.837   1577.8    808.2
     1     1    11     1    24     8     0     8    -7.0   -8.715  -55.707   1528.9    813.2
     1     1    11     1    24     7     0     7    -8.0   -8.684  -55.586   1478.4    816.2
     1     1    11     1    24     6     0     6    -9.0   -8.640  -55.473   1417.4    820.4
     1     1    11     1    24     5     0     5   -10.0   -8.584  -55.359   1343.5    826.7
     1     1    11     1    24     4     0     4   -11.0   -8.515  -55.236   1267.0    834.6
     1     1    11     1    24     3     0     3   -12.0   -8.436  -55.102   1205.5    841.5
     1     1    11     1    24     2     0     2   -13.0   -8.356  -54.965   1160.5    845.6
     1     1    11     1    24     1     0     1   -14.0   -8.285  -54.830   1117.9    849.3
     1     1    11     1    24     0     0     0   -15.0   -8.230  -54.697   1073.9    853.9
     1     1    11     1    23    23     0     1   -16.0   -8.191  -54.568   1038.2    857.4
     1     1    11     1    23    22     0     2   -17.0   -8.165  -54.444   1013.4    859.0
     1     1    11     1    23    21     0     3   -18.0   -8.145  -54.324    994.7    859.7
     1     1    11     1    23    20     0     2   -19.0   -8.133  -54.211    961.8    861.5
     1     1    11     1    23    19     0     1   -20.0   -8.131  -54.115    896.3    868.1
     1     1    11     1    23    18     0     0   -21.0   -8.138  -54.039    797.5    878.3
     1     1    11     1    23    17     0     1   -22.0   -8.151  -53.975    701.8    892.5
     1     1    11     1    23    16     0     2   -23.0   -8.169  -53.905    638.0    900.5
     1     1    11     1    23    15     0     3   -24.0   -8.194  -53.826    601.1    905.2
     1     1    11     1    23    14     0     2   -25.0   -8.226  -53.743    580.3    906.7
     1     1    11     1    23    13     0     1   -26.0   -8.265  -53.660    566.5    908.3
     1     1    11     1    23    12     0     0   -27.0   -8.311  -53.576    559.4    909.1
     1     1    11     1    23    11     0     1   -28.0   -8.360  -53.499    556.4    908.9
     1     1    11     1    23    10     0     2   -29.0   -8.404  -53.441    555.1    908.6
     1     1    11     1    23     9     0     3   -30.0   -8.446  -53.403    556.0    907.9
     1     1    11     1    23     8     0     2   -31.0   -8.483  -53.375    553.8    907.4
     1     1    11     1    23     7     0     1   -32.0   -8.512  -53.350    542.7    908.2
     1     1    11     1    23     6     0     0   -33.0   -8.535  -53.330    520.5    910.3
     1     1    11     1    23     5     0     1   -34.0   -8.553  -53.323    493.7    914.0
     1     1    11     1    23     4     0     2   -35.0   -8.568  -53.337    469.6    916.9
     1     1    11     1    23     3     0     3   -36.0   -8.580  -53.374    450.0    919.3
     1     1    11     1    23     2     0     2   -37.0   -8.584  -53.430    434.8    920.5
     1     1    11     1    23     1     0     1   -38.0   -8.575  -53.501    421.5    921.5
     1     1    11     1    23     0     0     0   -39.0   -8.551  -53.587    407.6    922.4
     1     1    11     1    22    23     0     1   -40.0   -8.518  -53.676    394.1    923.0
     1     1    11     1    22    22     0     2   -41.0   -8.480  -53.756    384.1    923.1
     1     1    11     1    22    21     0     3   -42.0   -8.438  -53.829    378.6    922.7
     1     1    11     1    22    20     0     2   -43.0   -8.392  -53.889    371.3    923.0
     1     1    11     1    22    19     0     1   -44.0   -8.346  -53.927    355.6    924.8
     1     1    11     1    22    18     0     0   -45.0   -8.301  -53.939    330.7    927.6
     1     1    11     1    22    17     0     1   -46.0   -8.260  -53.939    306.7    932.1
     1     1    11     1    22    16     0     2   -47.0   -8.225  -53.941    292.4    934.3
     1     1    11     1    22    15     0     3   -48.0   -8.194  -53.945    287.0    935.6
     1     1    11     1    22    14     0     2   -49.0   -8.163  -53.944    287.6    935.0
     1     1    11     1    22    13     0     1   -50.0   -8.128  -53.932    291.8    934.4
     1     1    11     1    22    12     0     0   -51.0   -8.090  -53.908    300.1    933.5
     1     1    11     1    22    11     0     1   -52.0   -8.038  -53.875    312.3    931.9
     1     1    11     1    22    10     0     2   -53.0   -7.966  -53.836    328.2    930.5
     1     1    11     1    22     9     0     3   -54.0   -7.875  -53.793    346.0    929.6
     1     1    11     1    22     8     0     2   -55.0   -7.774  -53.763    361.6    929.5
     1     1    11     1    22     7     0     1   -56.0   -7.670  -53.763    372.8    930.0
     1     1    11     1    22     6     0     0   -57.0   -7.562  -53.791    380.2    931.0
     1     1    11     1    22     5     0     1   -58.0   -7.441  -53.847    379.7    932.8
     1     1    11     1    22     4     0     2   -59.0   -7.300  -53.927    365.4    937.3
     1     1    11     1    22     3     0     3   -60.0   -7.138  -54.031    336.8    944.4
     1     1    11     1    22     2     0     2   -61.0   -6.970  -54.127    310.1    951.5
     1     1    11     1    22     1     0     1   -62.0   -6.805  -54.186    298.0    952.5
     1     1    11     1    22     0     0     0   -63.0   -6.642  -54.214    299.9    951.8
     1     1    11     1    21    23     0     1   -64.0   -6.483  -54.222    311.2    949.4
     1     1    11     1    21    22     0     2   -65.0   -6.330  -54.220    327.7    946.9
     1     1    11     1    21    21     0     3   -66.0   -6.179  -54.207    348.0    944.1
     1     1    11     1    21    20     0     2   -67.0   -6.028  -54.184    374.6    942.2
     1     1    11     1    21    19     0     1   -68.0   -5.878  -54.156    409.1    939.4
     1     1    11     1    21    18     0     0   -69.0   -5.731  -54.122    446.1    936.0
     1     1    11     1    21    17     0     1   -70.0   -5.585  -54.089    472.4    932.7
     1     1    11     1    21    16     0     2   -71.0   -5.442  -54.061    475.1    932.8
     1     1    11     1    21    15     0     3   -72.0   -5.301  -54.041    450.3    936.1
     1     1    11     1    21    14     0     2   -73.0   -5.165  -54.031    415.5    942.0
     1     1    11     1    21    13     0     1   -74.0   -5.029  -54.035    390.7    944.8
     1     1    11     1    21    12     0     0   -75.0   -4.889  -54.047    382.1    946.8
     1     1    11     1    21    11     0     1   -76.0   -4.748  -54.053    377.7    945.8
     1     1    11     1    21    10     0     2   -77.0   -4.617  -54.040    362.7    947.6
     1     1    11     1    21     9     0     3   -78.0   -4.497  -54.010    339.7    950.2
     1     1    11     1    21     8     0     2   -79.0   -4.386  -53.970    316.3    954.3
     1     1    11     1    21     7     0     1   -80.0   -4.280  -53.925    297.7    957.2
     1     1    11     1    21     6     0     0   -81.0   -4.177  -53.878    282.0    959.8
     1     1    11     1    21     5     0     1   -82.0   -4.077  -53.835    266.7    963.1
     1     1    11     1    21     4     0     2   -83.0   -3.975  -53.803    250.0    966.1
     1     1    11     1    21     3     0     3   -84.0   -3.869  -53.779    232.6    968.7
     1     1    11     1    21     2     0     2   -85.0   -3.757  -53.754    216.9    970.7
     1     1    11     1    21     1     0     1   -86.0   -3.643  -53.719    204.8    972.2
     1     1    11     1    21     0     0     0   -87.0   -3.531  -53.674    197.5    973.3
     1     1    11     1    20    23     0     1   -88.0   -3.419  -53.627    193.2    973.4
     1     1    11     1    20    22     0     2   -89.0   -3.306  -53.585    190.3    973.6
     1     1    11     1    20    21     0     3   -90.0   -3.190  -53.553    190.3    973.5
     1     1    11     1    20    20     0     2   -91.0   -3.072  -53.525    196.3    973.7
     1     1    11     1    20    19     0     1   -92.0   -2.947  -53.493    210.0    972.8
     1     1    11     1    20    18     0     0   -93.0   -2.814  -53.455    228.5    971.9
     1     1    11     1    20    17     0     1   -94.0   -2.670  -53.404    245.9    971.1
     1     1    11     1    20    16     0     2   -95.0   -2.516  -53.334    256.9    971.4
     1     1    11     1    20    15     0     3   -96.0   -2.358  -53.255    259.2    972.8
     1     1    11     1    20    14     0     2   -97.0   -2.191  -53.165    250.0    974.7
     1     1    11     1    20    13     0     1   -98.0   -1.998  -53.060    225.9    978.6
     1     1    11     1    20    12     0     0   -99.0   -1.781  -52.945    201.9    979.8
     1     1    11     1    20    11     0     1  -100.0   -1.567  -52.826    197.9    977.2
     1     1    11     1    20    10     0     2  -101.0   -1.369  -52.701    205.7    973.1
     1     1    11     1    20     9     0     3  -102.0   -1.176  -52.567    215.4    970.0
     1     1    11     1    20     8     0     2  -103.0   -0.980  -52.435    224.7    968.6
     1     1    11     1    20     7     0     1  -104.0   -0.773  -52.315    222.5    968.2
     1     1    11     1    20     6     0     0  -105.0   -0.568  -52.206    197.4    970.5
     1     1    11     1    20     5     0     1  -106.0   -0.385  -52.106    161.6    975.5
     1     1    11     1    20     4     0     2  -107.0   -0.229  -52.013    126.4    978.8
     1     1    11     1    20     3     0     3  -108.0   -0.101  -51.928     96.6    982.7
     1     1    11     1    20     2     0     2  -109.0    0.015  -51.862     76.6    985.5
     1     1    11     1    20     1     0     1  -110.0    0.134  -51.820     65.9    987.5
     1     1    11     1    20     0     0     0  -111.0    0.257  -51.792     61.1    988.2
     1     1    11     1    19    23     0     1  -112.0    0.367  -51.769     58.4    988.2
     1     1    11     1    19    22     0     2  -113.0    0.451  -51.752     56.4    988.4
     1     1    11     1    19    21     0     3  -114.0    0.515  -51.741     55.3    988.3
     1     1    11     1    19    20     0     2  -115.0    0.573  -51.735     54.6    988.7
     1     1    11     1    19    19     0     1  -116.0    0.632  -51.732     53.4    989.1
     1     1    11     1    19    18     0     0  -117.0    0.693  -51.734     51.7    989.5
     1     1    11     1    19    17     0     1  -118.0    0.757  -51.736     49.4    990.5
     1     1    11     1    19    16     0     2  -119.0    0.824  -51.735     46.5    991.5
     1     1    11     1    19    15     0     3  -120.0    0.895  -51.730     43.4    992.5
     1     1    11     1    19    14     0     2  -121.0    0.966  -51.720     41.4    993.0
     1     1    11     1    19    13     0     1  -122.0    1.041  -51.704     41.5    993.0
     1     1    11     1    19    12     0     0  -123.0    1.121  -51.683     43.7    992.5
     1     1    11     1    19    11     0     1  -124.0    1.208  -51.665     49.0    991.5
     1     1    11     1    19    10     0     2  -125.0    1.299  -51.659     59.1    989.8
     1     1    11     1    19     9     0     3  -126.0    1.401  -51.664     74.9    986.6
     1     1    11     1    19     8     0     2  -127.0    1.516  -51.672     94.4    982.5
     1     1    11     1    19     7     0     1  -128.0    1.643  -51.676    113.6    979.1
     1     1    11     1    19     6     0     0  -129.0    1.778  -51.675    130.9    976.2
     1     1    11     1    19     5     0     1  -130.0    1.921  -51.664    145.1    974.1
     1     1    11     1    19     4     0     2  -131.0    2.071  -51.638    153.6    973.8
     1     1    11     1    19     3     0     3  -132.0    2.221  -51.601    153.3    976.6
     1     1    11     1    19     2     0     2  -133.0    2.366  -51.550    145.6    980.3
     1     1    11     1    19     1     0     1  -134.0    2.503  -51.486    133.8    984.3
     1     1    11     1    19     0     0     0  -135.0    2.631  -51.412    120.4    988.1
     1     1    11     1    18    23     0     1  -136.0    2.753  -51.333    105.4    991.1
     1     1    11     1    18    22     0     2  -137.0    2.872  -51.252     89.2    994.5
     1     1    11     1    18    21     0     3  -138.0    2.994  -51.168     73.3    998.0
     1     1    11     1    18    20     0     2  -139.0    3.114  -51.079     59.2   1001.5
     1     1    11     1    18    19     0     1  -140.0    3.229  -50.982     47.6   1003.8
     1     1    11     1    18    18     0     0  -141.0    3.342  -50.869     38.1   1004.8
     1     1    11     1    18    17     0     1  -142.0    3.461  -50.727     29.9   1006.4
     1     1    11     1    18    16     0     2  -143.0    3.596  -50.549     23.2   1008.2
     1     1    11     1    18    15     0     3  -144.0    3.747  -50.336     19.0   1009.8
     1     1    11     1    18    14     0     2  -145.0    3.914  -50.093     17.2   1010.1
     1     1    11     1    18    13     0     1  -146.0    4.097  -49.830     16.7   1010.0
     1     1    11     1    18    12     0     0  -147.0    4.294  -49.554     16.5   1010.1
     1     1    11     1    18    11     0     1  -148.0    4.499  -49.276     16.5   1008.8
     1     1    11     1    18    10     0     2  -149.0    4.706  -49.005     16.6   1007.6
     1     1    11     1    18     9     0     3  -150.0    4.917  -48.742     16.6   1006.3
     1     1    11     1    18     8     0     2  -151.0    5.128  -48.480     16.7   1006.4
     1     1    11     1    18     7     0     1  -152.0    5.334  -48.218     16.8   1006.6
     1     1    11     1    18     6     0     0  -153.0    5.528  -47.956     16.8   1006.7
     1     1    11     1    18     5     0     1  -154.0    5.710  -47.692     16.8   1007.5
     1     1    11     1    18     4     0     2  -155.0    5.884  -47.423     16.7   1008.8
     1     1    11     1    18     3     0     3  -156.0    6.054  -47.149     16.6   1010.2
     1     1    11     1    18     2     0     2  -157.0    6.218  -46.872     16.6   1010.3
     1     1    11     1    18     1     0     1  -158.0    6.373  -46.594     16.6   1010.4
     1     1    11     1    18     0     0     0  -159.0    6.522  -46.316     16.6   1010.4
     1     1    11     1    17    23     0     1  -160.0    6.663  -46.043     16.6   1009.5
     1     1    11     1    17    22     0     2  -161.0    6.796  -45.779     16.6   1008.5
     1     1    11     1    17    21     0     3  -162.0    6.918  -45.527     16.6   1007.6
     1     1    11     1    17    20     0     2  -163.0    7.032  -45.277     16.6   1007.7
     1     1    11     1    17    19     0     1  -164.0    7.137  -45.023     16.6   1007.8
     1     1    11     1    17    18     0     0  -165.0    7.233  -44.763     16.6   1007.8
     1     1    11     1    17    17     0     1  -166.0    7.324  -44.499     16.6   1008.9
     1     1    11     1    17    16     0     2  -167.0    7.414  -44.231     16.6   1010.1
     1     1    11     1    17    15     0     3  -168.0    7.502  -43.959     16.5   1011.2
     1     1    11     1    17    14     0     2  -169.0    7.589  -43.676     16.4   1011.2
     1     1    11     1    17    13     0     1  -170.0    7.674  -43.371     16.2   1011.2
     1     1    11     1    17    12     0     0  -171.0    7.758  -43.045     16.1   1011.2
     1     1    11     1    17    11     0     1  -172.0    7.847  -42.710     16.1   1010.0
     1     1    11     1    17    10     0     2  -173.0    7.949  -42.381     16.1   1008.9
     1     1    11     1    17     9     0     3  -174.0    8.064  -42.059     16.1   1007.9
     1     1    11     1    17     8     0     2  -175.0    8.185  -41.736     16.2   1008.3
     1     1    11     1    17     7     0     1  -176.0    8.302  -41.407     16.3   1008.3
     1     1    11     1    17     6     0     0  -177.0    8.411  -41.071     16.4   1008.1
     1     1    11     1    17     5     0     1  -178.0    8.511  -40.736     16.4   1009.0
     1     1    11     1    17     4     0     2  -179.0    8.602  -40.407     16.2   1009.9
     1     1    11     1    17     3     0     3  -180.0    8.688  -40.082     15.7   1010.9
     1     1    11     1    17     2     0     2  -181.0    8.778  -39.763     15.2   1011.0
     1     1    11     1    17     1     0     1  -182.0    8.884  -39.448     14.6   1011.1
     1     1    11     1    17     0     0     0  -183.0    9.006  -39.139     14.0   1011.2
     1     1    11     1    16    23     0     1  -184.0    9.142  -38.832     13.5   1010.2
     1     1    11     1    16    22     0     2  -185.0    9.286  -38.522     13.5   1009.4
     1     1    11     1    16    21     0     3  -186.0    9.436  -38.209     13.6   1008.9
     1     1    11     1    16    20     0     2  -187.0    9.587  -37.895     13.8   1008.6
     1     1    11     1    16    19     0     1  -188.0    9.730  -37.583     14.0   1008.0
     1     1    11     1    16    18     0     0  -189.0    9.863  -37.274     14.4   1007.0
     1     1    11     1    16    17     0     1  -190.0    9.989  -36.966     15.0   1007.9
     1     1    11     1    16    16     0     2  -191.0   10.116  -36.657     15.3   1008.9
     1     1    11     1    16    15     0     3  -192.0   10.247  -36.346     15.3   1009.7
     1     1    11     1    16    14     0     2  -193.0   10.385  -36.040     14.7   1009.8
     1     1    11     1    16    13     0     1  -194.0   10.529  -35.738     13.9   1010.0
     1     1    11     1    16    12     0     0  -195.0   10.679  -35.442     13.2   1010.2
     1     1    11     1    16    11     0     1  -196.0   10.832  -35.143     12.8   1010.0
     1     1    11     1    16    10     0     2  -197.0   10.991  -34.836     12.8   1009.8
     1     1    11     1    16     9     0     3  -198.0   11.155  -34.521     12.8   1010.0
     1     1    11     1    16     8     0     2  -199.0   11.319  -34.202     12.9   1010.2
     1     1    11     1    16     7     0     1  -200.0   11.480  -33.889     12.9   1010.1
     1     1    11     1    16     6     0     0  -201.0   11.641  -33.581     12.9   1009.5
     1     1    11     1    16     5     0     1  -202.0   11.800  -33.276     12.9   1010.6
     1     1    11     1    16     4     0     2  -203.0   11.955  -32.967     12.9   1011.7
     1     1    11     1    16     3     0     3  -204.0   12.103  -32.653     12.9   1012.8
     1     1    11     1    16     2     0     2  -205.0   12.251  -32.332     12.9   1012.8
     1     1    11     1    16     1     0     1  -206.0   12.401  -32.002     12.9   1012.7
     1     1    11     1    16     0     0     0  -207.0   12.550  -31.661     12.9   1012.7
     1     1    11     1    15    23     0     1  -208.0   12.710  -31.324     13.0   1012.5
     1     1    11     1    15    22     0     2  -209.0   12.893  -31.002     13.0   1012.3
     1     1    11     1    15    21     0     3  -210.0   13.102  -30.694     13.0   1012.2
     1     1    11     1    15    20     0     2  -211.0   13.332  -30.393     13.0   1012.0
     1     1    11     1    15    19     0     1  -212.0   13.570  -30.094     13.0   1011.8
     1     1    11     1    15    18     0     0  -213.0   13.811  -29.800     13.0   1011.5
     1     1    11     1    15    17     0     1  -214.0   14.045  -29.516     13.1   1011.5
     1     1    11     1    15    16     0     2  -215.0   14.267  -29.244     13.4   1011.3
     1     1    11     1    15    15     0     3  -216.0   14.481  -28.978     13.5   1011.0
     1     1    11     1    15    14     0     2  -217.0   14.690  -28.713     13.5   1012.0
     1     1    11     1    15    13     0     1  -218.0   14.895  -28.446     13.5   1013.4
     1     1    11     1    15    12     0     0  -219.0   15.095  -28.181     13.5   1014.9
     1     1    11     1    15    11     0     1  -220.0   15.292  -27.920     13.7   1013.9
     1     1    11     1    15    10     0     2  -221.0   15.489  -27.667     14.2   1013.2
     1     1    11     1    15     9     0     3  -222.0   15.688  -27.419     14.8   1012.9
     1     1    11     1    15     8     0     2  -223.0   15.888  -27.174     15.2   1012.5
     1     1    11     1    15     7     0     1  -224.0   16.086  -26.932     15.3   1011.7
     1     1    11     1    15     6     0     0  -225.0   16.284  -26.694     15.3   1010.7
     1     1    11     1    15     5     0     1  -226.0   16.482  -26.461     15.3   1011.5
     1     1    11     1    15     4     0     2  -227.0   16.677  -26.235     15.3   1012.4
     1     1    11     1    15     3     0     3  -228.0   16.869  -26.014     15.3   1013.6
     1     1    11     1    15     2     0     2  -229.0   17.059  -25.795     15.3   1013.5
     1     1    11     1    15     1     0     1  -230.0   17.246  -25.570     15.3   1013.3
     1     1    11     1    15     0     0     0  -231.0   17.434  -25.339     15.3   1013.3
     1     1    11     1    14    23     0     1  -232.0   17.626  -25.101     15.3   1013.3
     1     1    11     1    14    22     0     2  -233.0   17.829  -24.853     15.3   1013.7
     1     1    11     1    14    21     0     3  -234.0   18.048  -24.592     15.3   1014.1
     1     1    11     1    14    20     0     2  -235.0   18.276  -24.332     15.3   1014.0
     1     1    11     1    14    19     0     1  -236.0   18.509  -24.088     15.3   1013.9
     1     1    11     1    14    18     0     0  -237.0   18.748  -23.859     15.3   1013.8
     1     1    11     1    14    17     0     1  -238.0   18.988  -23.638     15.3   1013.7
     1     1    11     1    14    16     0     2  -239.0   19.226  -23.419     15.3   1013.5
     1     1    11     1    14    15     0     3  -240.0   19.461  -23.202     15.3   1013.3
     1     1    11     1    14    14     0     2  -241.0   19.692  -22.989     15.3   1013.4
     1     1    11     1    14    13     0     1  -242.0   19.921  -22.780     15.2   1013.5
     1     1    11     1    14    12     0     0  -243.0   20.149  -22.574     15.2   1013.9
     1     1    11     1    14    11     0     1  -244.0   20.377  -22.370     15.4   1014.0
     1     1    11     1    14    10     0     2  -245.0   20.612  -22.167     16.1   1013.6
     1     1    11     1    14     9     0     3  -246.0   20.854  -21.964     17.5   1013.0
     1     1    11     1    14     8     0     2  -247.0   21.097  -21.764     18.8   1012.9
     1     1    11     1    14     7     0     1  -248.0   21.333  -21.571     19.4   1013.5
     1     1    11     1    14     6     0     0  -249.0   21.565  -21.387     19.5   1014.2
     1     1    11     1    14     5     0     1  -250.0   21.792  -21.210     19.6   1015.1
     1     1    11     1    14     4     0     2  -251.0   22.015  -21.041     19.6   1015.5
     1     1    11     1    14     3     0     3  -252.0   22.233  -20.879     19.8   1015.4
     1     1    11     1    14     2     0     2  -253.0   22.445  -20.725     20.1   1015.3
     1     1    11     1    14     1     0     1  -254.0   22.653  -20.583     20.5   1015.1
     1     1    11     1    14     0     0     0  -255.0   22.859  -20.456     20.6   1015.1
     1     1    11     1    13    23     0     1  -256.0   23.061  -20.340     20.6   1014.9
     1     1    11     1    13    22     0     2  -257.0   23.260  -20.230     20.6   1014.8
     1     1    11     1    13    21     0     3  -258.0   23.457  -20.127     20.6   1014.6
     1     1    11     1    13    20     0     2  -259.0   23.643  -20.023     20.6   1014.3
     1     1    11     1    13    19     0     1  -260.0   23.808  -19.910     20.6   1014.0
     1     1    11     1    13    18     0     0  -261.0   23.952  -19.790     20.6   1013.8
     1     1    11     1    13    17     0     1  -262.0   24.076  -19.663     20.3   1014.7
     1     1    11     1    13    16     0     2  -263.0   24.184  -19.526     19.4   1015.6
     1     1    11     1    13    15     0     3  -264.0   24.274  -19.377     18.1   1016.5
     1     1    11     1    13    14     0     2  -265.0   24.357  -19.215     16.8   1017.3
     1     1    11     1    13    13     0     1  -266.0   24.443  -19.040     16.1   1017.8
     1     1    11     1    13    12     0     0  -267.0   24.530  -18.853     15.9   1018.6
     1     1    11     1    13    11     0     1  -268.0   24.623  -18.654     15.9   1018.4
     1     1    11     1    13    10     0     2  -269.0   24.733  -18.445     16.2   1017.9
     1     1    11     1    13     9     0     3  -270.0   24.863  -18.223     16.8   1016.7
     1     1    11     1    13     8     0     2  -271.0   25.012  -18.000     17.5   1015.9
     1     1    11     1    13     7     0     1  -272.0   25.172  -17.792     17.7   1016.5
     1     1    11     1    13     6     0     0  -273.0   25.341  -17.601     17.3   1016.9
     1     1    11     1    13     5     0     1  -274.0   25.505  -17.417     16.5   1017.7
     1     1    11     1    13     4     0     2  -275.0   25.649  -17.233     15.8   1018.5
     1     1    11     1    13     3     0     3  -276.0   25.774  -17.054     15.3   1019.2
     1     1    11     1    13     2     0     2  -277.0   25.891  -16.882     15.1   1020.0
     1     1    11     1    13     1     0     1  -278.0   26.012  -16.714     15.1   1020.4
     1     1    11     1    13     0     0     0  -279.0   26.136  -16.554     15.4   1020.6
     1     1    11     1    12    23     0     1  -280.0   26.261  -16.397     15.8   1020.4
     1     1    11     1    12    22     0     2  -281.0   26.384  -16.237     16.4   1020.2
     1     1    11     1    12    21     0     3  -282.0   26.506  -16.073     17.2   1019.9
     1     1    11     1    12    20     0     2  -283.0   26.626  -15.909     18.2   1019.7
     1     1    11     1    12    19     0     1  -284.0   26.744  -15.752     19.3   1019.5
     1     1    11     1    12    18     0     0  -285.0   26.862  -15.603     20.6   1019.3
     1     1    11     1    12    17     0     1  -286.0   26.974  -15.457     22.1   1019.2
     1     1    11     1    12    16     0     2  -287.0   27.080  -15.313     23.7   1019.4
     1     1    11     1    12    15     0     3  -288.0   27.182  -15.173     25.2   1019.6
     1     1    11     1    12    14     0     2  -289.0   27.280  -15.033     26.4   1020.2
     1     1    11     1    12    13     0     1  -290.0   27.378  -14.891     27.3   1020.5
     1     1    11     1    12    12     0     0  -291.0   27.471  -14.747     28.2   1020.7
     1     1    11     1    12    11     0     1  -292.0   27.562  -14.598     29.1   1020.3
     1     1    11     1    12    10     0     2  -293.0   27.658  -14.439     29.9   1019.4
     1     1    11     1    12     9     0     3  -294.0   27.759  -14.264     30.8   1017.9
     1     1    11     1    12     8     0     2  -295.0   27.870  -14.079     33.6   1016.4
     1     1    11     1    12     7     0     1  -296.0   27.997  -13.894     40.2   1015.1
     1     1    11     1    12     6     0     0  -297.0   28.138  -13.715     48.9   1014.8
     1     1    11     1    12     5     0     1  -298.0   28.280  -13.534     55.6   1014.8
     1     1    11     1    12     4     0     2  -299.0   28.413  -13.343     58.3   1015.2
     1     1    11     1    12     3     0     3  -300.0   28.543  -13.141     57.9   1016.0
     1     1    11     1    12     2     0     2  -301.0   28.678  -12.931     56.0   1017.0
     1     1    11     1    12     1     0     1  -302.0   28.826  -12.715     54.0   1017.7
     1     1    11     1    12     0     0     0  -303.0   28.993  -12.483     52.4   1019.2
     1     1    11     1    11    23     0     1  -304.0   29.185  -12.242     51.4   1018.7
     1     1    11     1    11    22     0     2  -305.0   29.405  -12.006     51.2   1018.5
     1     1    11     1    11    21     0     3  -306.0   29.641  -11.780     51.2   1018.7
     1     1    11     1    11    20     0     2  -307.0   29.889  -11.578     51.4   1018.6
     1     1    11     1    11    19     0     1  -308.0   30.149  -11.402     52.4   1018.1
     1     1    11     1    11    18     0     0  -309.0   30.426  -11.235     53.4   1018.0
     1     1    11     1    11    17     0     1  -310.0   30.706  -11.057     53.4   1018.2
     1     1    11     1    11    16     0     2  -311.0   30.969  -10.875     51.4   1018.3
     1     1    11     1    11    15     0     3  -312.0   31.209  -10.712     47.8   1018.4
     1     1    11     1    11    14     0     2  -313.0   31.430  -10.559     45.4   1020.0
     1     1    11     1    11    13     0     1  -314.0   31.640  -10.396     45.6   1021.0
     1     1    11     1    11    12     0     0  -315.0   31.836  -10.213     47.7   1021.9
     1     1    11     1    11    11     0     1  -316.0   32.028   -9.998     50.4   1021.3
     1     1    11     1    11    10     0     2  -317.0   32.200   -9.768     54.1   1014.6
     1     1    11     1    11     9     0     3  -318.0   32.336   -9.545     62.1   1009.5
     1     1    11     1    11     8     0     2  -319.0   32.447   -9.335     75.9   1004.6
     1     1    11     1    11     7     0     1  -320.0   32.543   -9.135     95.3   1000.5
     1     1    11     1    11     6     0     0  -321.0   32.631   -8.939    118.3    996.7
     1     1    11     1    11     5     0     1  -322.0   32.717   -8.750    142.7    992.0
     1     1    11     1    11     4     0     2  -323.0   32.799   -8.573    168.0    986.5
     1     1    11     1    11     3     0     3  -324.0   32.876   -8.408    193.0    981.5
     1     1    11     1    11     2     0     2  -325.0   32.950   -8.246    220.6    977.3
     1     1    11     1    11     1     0     1  -326.0   33.026   -8.070    257.5    971.7
     1     1    11     1    11     0     0     0  -327.0   33.100   -7.879    307.6    959.8
     1     1    11     1    10    23     0     1  -328.0   33.171   -7.695    366.2    945.7
     1     1    11     1    10    22     0     2  -329.0   33.237   -7.536    427.0    934.7
     1     1    11     1    10    21     0     3  -330.0   33.291   -7.401    487.8    924.2
     1     1    11     1    10    20     0     2  -331.0   33.327   -7.279    548.7    914.9
     1     1    11     1    10    19     0     1  -332.0   33.343   -7.151    612.2    904.3
     1     1    11     1    10    18     0     0  -333.0   33.336   -7.014    675.5    891.2
     1     1    11     1    10    17     0     1  -334.0   33.335   -6.884    727.9    881.6
     1     1    11     1    10    16     0     2  -335.0   33.369   -6.777    763.2    878.6
     1     1    11     1    10    15     0     3  -336.0   33.441   -6.688    789.6    879.9
