     3     1
    GDAS    11     2    15     0     0
    GDAS    11     2    22     0     0
    GDAS    11     3     1     0     0
     1 BACKWARD OMEGA   
  2011     3     1    16   -8.900  -56.760  3048.0
     1 PRESSURE
     1     1    11     3     1    16     0     2     0.0   -8.900  -56.760   3048.0    689.4
     1     1    11     3     1    15     0     3    -1.0   -8.776  -57.007   2897.8    699.7
     1     1    11     3     1    14     0     2    -2.0   -8.651  -57.251   2773.2    716.4
     1     1    11     3     1    13     0     1    -3.0   -8.523  -57.489   2722.6    718.1
     1     1    11     3     1    12     0     0    -4.0   -8.393  -57.729   2689.2    721.1
     1     1    11     3     1    11     0     1    -5.0   -8.276  -57.977   2636.9    728.1
     1     1    11     3     1    10     0     2    -6.0   -8.184  -58.217   2570.7    736.5
     1     1    11     3     1     9     0     3    -7.0   -8.118  -58.438   2515.0    741.2
     1     1    11     3     1     8     0     2    -8.0   -8.065  -58.642   2472.6    745.3
     1     1    11     3     1     7     0     1    -9.0   -8.020  -58.840   2442.7    747.4
     1     1    11     3     1     6     0     0   -10.0   -7.985  -59.034   2418.7    749.2
     1     1    11     3     1     5     0     1   -11.0   -7.960  -59.220   2403.3    752.0
     1     1    11     3     1     4     0     2   -12.0   -7.946  -59.394   2395.9    753.3
     1     1    11     3     1     3     0     3   -13.0   -7.943  -59.559   2390.0    754.5
     1     1    11     3     1     2     0     2   -14.0   -7.952  -59.724   2375.3    755.3
     1     1    11     3     1     1     0     1   -15.0   -7.973  -59.900   2350.9    758.3
     1     1    11     3     1     0     0     0   -16.0   -8.002  -60.086   2325.8    760.9
     1     1    11     2    28    23     0     1   -17.0   -8.038  -60.280   2297.3    762.4
     1     1    11     2    28    22     0     2   -18.0   -8.079  -60.486   2259.8    765.3
     1     1    11     2    28    21     0     3   -19.0   -8.122  -60.705   2212.4    769.0
     1     1    11     2    28    20     0     2   -20.0   -8.171  -60.929   2159.3    774.5
     1     1    11     2    28    19     0     1   -21.0   -8.229  -61.148   2105.4    779.7
     1     1    11     2    28    18     0     0   -22.0   -8.296  -61.359   2050.5    784.7
     1     1    11     2    28    17     0     1   -23.0   -8.369  -61.561   2006.2    789.9
     1     1    11     2    28    16     0     2   -24.0   -8.447  -61.755   1981.9    791.8
     1     1    11     2    28    15     0     3   -25.0   -8.533  -61.942   1970.1    792.2
     1     1    11     2    28    14     0     2   -26.0   -8.635  -62.127   1946.2    792.2
     1     1    11     2    28    13     0     1   -27.0   -8.762  -62.312   1894.3    797.6
     1     1    11     2    28    12     0     0   -28.0   -8.916  -62.501   1821.4    805.1
     1     1    11     2    28    11     0     1   -29.0   -9.082  -62.673   1760.0    813.3
     1     1    11     2    28    10     0     2   -30.0   -9.237  -62.805   1740.1    814.3
     1     1    11     2    28     9     0     3   -31.0   -9.377  -62.894   1755.4    811.1
     1     1    11     2    28     8     0     2   -32.0   -9.511  -62.954   1772.2    806.1
     1     1    11     2    28     7     0     1   -33.0   -9.647  -62.999   1766.1    805.7
     1     1    11     2    28     6     0     0   -34.0   -9.784  -63.025   1742.7    806.9
     1     1    11     2    28     5     0     1   -35.0   -9.928  -63.039   1709.9    809.6
     1     1    11     2    28     4     0     2   -36.0  -10.082  -63.047   1671.6    811.9
     1     1    11     2    28     3     0     3   -37.0  -10.244  -63.048   1630.9    815.0
     1     1    11     2    28     2     0     2   -38.0  -10.417  -63.045   1623.9    816.9
     1     1    11     2    28     1     0     1   -39.0  -10.611  -63.037   1675.6    809.3
     1     1    11     2    28     0     0     0   -40.0  -10.832  -63.024   1768.6    797.6
     1     1    11     2    27    23     0     1   -41.0  -11.075  -63.025   1853.8    785.1
     1     1    11     2    27    22     0     2   -42.0  -11.324  -63.054   1905.1    784.1
     1     1    11     2    27    21     0     3   -43.0  -11.573  -63.096   1939.1    784.3
     1     1    11     2    27    20     0     2   -44.0  -11.820  -63.133   1980.4    785.2
     1     1    11     2    27    19     0     1   -45.0  -12.074  -63.164   2039.5    781.4
     1     1    11     2    27    18     0     0   -46.0  -12.334  -63.196   2096.4    775.0
     1     1    11     2    27    17     0     1   -47.0  -12.589  -63.226   2128.9    770.5
     1     1    11     2    27    16     0     2   -48.0  -12.837  -63.256   2130.1    770.7
     1     1    11     2    27    15     0     3   -49.0  -13.086  -63.288   2116.5    772.7
     1     1    11     2    27    14     0     2   -50.0  -13.333  -63.309   2115.0    773.7
     1     1    11     2    27    13     0     1   -51.0  -13.570  -63.318   2135.2    770.6
     1     1    11     2    27    12     0     0   -52.0  -13.794  -63.329   2165.8    766.8
     1     1    11     2    27    11     0     1   -53.0  -14.007  -63.339   2200.6    762.9
     1     1    11     2    27    10     0     2   -54.0  -14.211  -63.336   2235.8    758.5
     1     1    11     2    27     9     0     3   -55.0  -14.408  -63.314   2267.2    754.5
     1     1    11     2    27     8     0     2   -56.0  -14.596  -63.281   2293.9    751.7
     1     1    11     2    27     7     0     1   -57.0  -14.779  -63.247   2317.8    749.3
     1     1    11     2    27     6     0     0   -58.0  -14.955  -63.218   2342.2    747.0
     1     1    11     2    27     5     0     1   -59.0  -15.117  -63.195   2359.5    744.5
     1     1    11     2    27     4     0     2   -60.0  -15.257  -63.177   2361.8    744.4
     1     1    11     2    27     3     0     3   -61.0  -15.381  -63.166   2351.2    745.6
     1     1    11     2    27     2     0     2   -62.0  -15.489  -63.159   2335.3    747.2
     1     1    11     2    27     1     0     1   -63.0  -15.576  -63.158   2322.4    748.2
     1     1    11     2    27     0     0     0   -64.0  -15.639  -63.167   2315.9    748.6
     1     1    11     2    26    23     0     1   -65.0  -15.687  -63.192   2324.7    748.1
     1     1    11     2    26    22     0     2   -66.0  -15.724  -63.234   2354.7    745.0
     1     1    11     2    26    21     0     3   -67.0  -15.751  -63.296   2402.6    740.6
     1     1    11     2    26    20     0     2   -68.0  -15.768  -63.366   2452.7    735.9
     1     1    11     2    26    19     0     1   -69.0  -15.777  -63.438   2492.8    733.6
     1     1    11     2    26    18     0     0   -70.0  -15.779  -63.513   2526.8    731.9
     1     1    11     2    26    17     0     1   -71.0  -15.776  -63.596   2548.9    730.3
     1     1    11     2    26    16     0     2   -72.0  -15.766  -63.689   2550.5    731.0
     1     1    11     2    26    15     0     3   -73.0  -15.753  -63.789   2529.7    733.8
     1     1    11     2    26    14     0     2   -74.0  -15.740  -63.897   2496.6    738.1
     1     1    11     2    26    13     0     1   -75.0  -15.725  -64.014   2458.1    741.6
     1     1    11     2    26    12     0     0   -76.0  -15.701  -64.135   2417.0    745.7
     1     1    11     2    26    11     0     1   -77.0  -15.657  -64.261   2371.5    748.8
     1     1    11     2    26    10     0     2   -78.0  -15.597  -64.391   2303.4    754.1
     1     1    11     2    26     9     0     3   -79.0  -15.526  -64.526   2190.5    763.1
     1     1    11     2    26     8     0     2   -80.0  -15.458  -64.651   2019.7    779.0
     1     1    11     2    26     7     0     1   -81.0  -15.402  -64.756   1786.0    800.8
     1     1    11     2    26     6     0     0   -82.0  -15.367  -64.816   1488.2    829.9
     1     1    11     2    26     5     0     1   -83.0  -15.344  -64.815   1193.8    865.0
     1     1    11     2    26     4     0     2   -84.0  -15.316  -64.776    956.0    889.8
     1     1    11     2    26     3     0     3   -85.0  -15.273  -64.721    775.6    908.1
     1     1    11     2    26     2     0     2   -86.0  -15.215  -64.660    655.1    921.0
     1     1    11     2    26     1     0     1   -87.0  -15.146  -64.600    591.9    925.7
     1     1    11     2    26     0     0     0   -88.0  -15.062  -64.554    578.1    926.3
     1     1    11     2    25    23     0     1   -89.0  -14.965  -64.536    594.6    922.1
     1     1    11     2    25    22     0     2   -90.0  -14.861  -64.542    615.9    919.3
     1     1    11     2    25    21     0     3   -91.0  -14.751  -64.567    635.8    917.0
     1     1    11     2    25    20     0     2   -92.0  -14.631  -64.606    649.8    916.4
     1     1    11     2    25    19     0     1   -93.0  -14.494  -64.657    660.5    917.0
     1     1    11     2    25    18     0     0   -94.0  -14.339  -64.718    680.3    916.8
     1     1    11     2    25    17     0     1   -95.0  -14.169  -64.790    704.1    913.8
     1     1    11     2    25    16     0     2   -96.0  -13.987  -64.869    708.4    913.4
     1     1    11     2    25    15     0     3   -97.0  -13.798  -64.947    692.2    916.2
     1     1    11     2    25    14     0     2   -98.0  -13.608  -65.034    687.5    918.3
     1     1    11     2    25    13     0     1   -99.0  -13.419  -65.147    710.1    913.9
     1     1    11     2    25    12     0     0  -100.0  -13.225  -65.288    744.8    908.2
     1     1    11     2    25    11     0     1  -101.0  -13.022  -65.449    772.9    903.2
     1     1    11     2    25    10     0     2  -102.0  -12.809  -65.619    784.1    901.8
     1     1    11     2    25     9     0     3  -103.0  -12.585  -65.796    790.1    902.2
     1     1    11     2    25     8     0     2  -104.0  -12.360  -65.971    798.4    900.3
     1     1    11     2    25     7     0     1  -105.0  -12.143  -66.134    780.3    900.0
     1     1    11     2    25     6     0     0  -106.0  -11.935  -66.284    718.5    907.0
     1     1    11     2    25     5     0     1  -107.0  -11.729  -66.400    657.4    918.8
     1     1    11     2    25     4     0     2  -108.0  -11.516  -66.473    627.6    921.6
     1     1    11     2    25     3     0     3  -109.0  -11.294  -66.513    618.4    923.0
     1     1    11     2    25     2     0     2  -110.0  -11.072  -66.535    628.7    922.3
     1     1    11     2    25     1     0     1  -111.0  -10.861  -66.551    654.3    918.8
     1     1    11     2    25     0     0     0  -112.0  -10.663  -66.564    690.0    914.3
     1     1    11     2    24    23     0     1  -113.0  -10.469  -66.583    722.1    909.0
     1     1    11     2    24    22     0     2  -114.0  -10.279  -66.619    735.9    907.2
     1     1    11     2    24    21     0     3  -115.0  -10.092  -66.671    730.1    907.4
     1     1    11     2    24    20     0     2  -116.0   -9.908  -66.723    710.5    911.2
     1     1    11     2    24    19     0     1  -117.0   -9.728  -66.763    684.1    915.7
     1     1    11     2    24    18     0     0  -118.0   -9.556  -66.793    653.9    920.6
     1     1    11     2    24    17     0     1  -119.0   -9.385  -66.816    626.5    925.4
     1     1    11     2    24    16     0     2  -120.0   -9.208  -66.833    605.0    928.6
     1     1    11     2    24    15     0     3  -121.0   -9.026  -66.846    586.0    931.6
     1     1    11     2    24    14     0     2  -122.0   -8.834  -66.846    572.9    933.7
     1     1    11     2    24    13     0     1  -123.0   -8.627  -66.821    570.3    934.1
     1     1    11     2    24    12     0     0  -124.0   -8.403  -66.773    576.1    933.7
     1     1    11     2    24    11     0     1  -125.0   -8.180  -66.717    584.4    932.5
     1     1    11     2    24    10     0     2  -126.0   -7.976  -66.671    589.0    932.0
     1     1    11     2    24     9     0     3  -127.0   -7.789  -66.634    590.0    931.5
     1     1    11     2    24     8     0     2  -128.0   -7.614  -66.599    590.0    931.7
     1     1    11     2    24     7     0     1  -129.0   -7.443  -66.553    590.8    931.7
     1     1    11     2    24     6     0     0  -130.0   -7.271  -66.496    592.3    931.6
     1     1    11     2    24     5     0     1  -131.0   -7.098  -66.425    600.5    931.3
     1     1    11     2    24     4     0     2  -132.0   -6.924  -66.341    621.8    929.2
     1     1    11     2    24     3     0     3  -133.0   -6.754  -66.248    657.3    925.6
     1     1    11     2    24     2     0     2  -134.0   -6.593  -66.153    705.5    919.7
     1     1    11     2    24     1     0     1  -135.0   -6.447  -66.062    762.0    913.2
     1     1    11     2    24     0     0     0  -136.0   -6.315  -65.972    824.7    906.4
     1     1    11     2    23    23     0     1  -137.0   -6.191  -65.878    891.9    899.5
     1     1    11     2    23    22     0     2  -138.0   -6.068  -65.775    964.2    892.0
     1     1    11     2    23    21     0     3  -139.0   -5.946  -65.668   1046.1    883.8
     1     1    11     2    23    20     0     2  -140.0   -5.816  -65.564   1126.9    875.5
     1     1    11     2    23    19     0     1  -141.0   -5.670  -65.466   1180.8    869.8
     1     1    11     2    23    18     0     0  -142.0   -5.510  -65.363   1192.3    868.8
     1     1    11     2    23    17     0     1  -143.0   -5.333  -65.249   1186.2    872.4
     1     1    11     2    23    16     0     2  -144.0   -5.126  -65.116   1201.8    871.7
     1     1    11     2    23    15     0     3  -145.0   -4.889  -64.959   1251.8    867.1
     1     1    11     2    23    14     0     2  -146.0   -4.645  -64.790   1308.7    860.4
     1     1    11     2    23    13     0     1  -147.0   -4.415  -64.615   1357.7    857.6
     1     1    11     2    23    12     0     0  -148.0   -4.194  -64.428   1407.2    853.9
     1     1    11     2    23    11     0     1  -149.0   -3.974  -64.215   1431.6    849.3
     1     1    11     2    23    10     0     2  -150.0   -3.745  -63.970   1428.5    851.9
     1     1    11     2    23     9     0     3  -151.0   -3.506  -63.699   1420.9    851.8
     1     1    11     2    23     8     0     2  -152.0   -3.275  -63.418   1411.4    853.5
     1     1    11     2    23     7     0     1  -153.0   -3.061  -63.135   1405.4    854.8
     1     1    11     2    23     6     0     0  -154.0   -2.860  -62.848   1405.8    855.3
     1     1    11     2    23     5     0     1  -155.0   -2.674  -62.564   1405.7    854.8
     1     1    11     2    23     4     0     2  -156.0   -2.504  -62.285   1401.1    856.0
     1     1    11     2    23     3     0     3  -157.0   -2.342  -62.009   1405.9    856.8
     1     1    11     2    23     2     0     2  -158.0   -2.187  -61.739   1384.9    854.1
     1     1    11     2    23     1     0     1  -159.0   -2.041  -61.479   1308.8    862.3
     1     1    11     2    23     0     0     0  -160.0   -1.900  -61.220   1220.6    873.4
     1     1    11     2    22    23     0     1  -161.0   -1.763  -60.961   1168.9    879.1
     1     1    11     2    22    22     0     2  -162.0   -1.636  -60.716   1150.1    876.5
     1     1    11     2    22    21     0     3  -163.0   -1.522  -60.490   1140.8    875.3
     1     1    11     2    22    20     0     2  -164.0   -1.415  -60.271   1128.6    875.3
     1     1    11     2    22    19     0     1  -165.0   -1.312  -60.054   1100.6    877.7
     1     1    11     2    22    18     0     0  -166.0   -1.214  -59.843   1054.5    882.8
     1     1    11     2    22    17     0     1  -167.0   -1.117  -59.633   1008.0    890.1
     1     1    11     2    22    16     0     2  -168.0   -1.012  -59.410    978.9    893.9
     1     1    11     2    22    15     0     3  -169.0   -0.899  -59.169    967.6    894.9
     1     1    11     2    22    14     0     2  -170.0   -0.780  -58.898    969.2    892.8
     1     1    11     2    22    13     0     1  -171.0   -0.658  -58.596    975.3    890.2
     1     1    11     2    22    12     0     0  -172.0   -0.535  -58.262    985.4    887.3
     1     1    11     2    22    11     0     1  -173.0   -0.415  -57.922   1000.7    883.1
     1     1    11     2    22    10     0     2  -174.0   -0.304  -57.600   1016.6    879.5
     1     1    11     2    22     9     0     3  -175.0   -0.197  -57.300   1027.0    877.2
     1     1    11     2    22     8     0     2  -176.0   -0.087  -57.011   1027.9    877.0
     1     1    11     2    22     7     0     1  -177.0    0.025  -56.717   1028.1    875.1
     1     1    11     2    22     6     0     0  -178.0    0.140  -56.419   1042.1    871.0
     1     1    11     2    22     5     0     1  -179.0    0.254  -56.125   1041.7    866.6
     1     1    11     2    22     4     0     2  -180.0    0.365  -55.839   1012.6    869.7
     1     1    11     2    22     3     0     3  -181.0    0.474  -55.553    985.6    873.8
     1     1    11     2    22     2     0     2  -182.0    0.578  -55.263    978.2    873.3
     1     1    11     2    22     1     0     1  -183.0    0.672  -54.966    979.0    871.4
     1     1    11     2    22     0     0     0  -184.0    0.757  -54.665    965.7    873.3
     1     1    11     2    21    23     0     1  -185.0    0.837  -54.374    938.8    878.6
     1     1    11     2    21    22     0     2  -186.0    0.915  -54.105    919.8    882.1
     1     1    11     2    21    21     0     3  -187.0    0.988  -53.856    917.8    883.3
     1     1    11     2    21    20     0     2  -188.0    1.052  -53.619    919.5    883.1
     1     1    11     2    21    19     0     1  -189.0    1.106  -53.391    906.3    885.1
     1     1    11     2    21    18     0     0  -190.0    1.146  -53.174    872.6    889.3
     1     1    11     2    21    17     0     1  -191.0    1.189  -52.955    835.3    895.8
     1     1    11     2    21    16     0     2  -192.0    1.250  -52.717    809.6    899.8
     1     1    11     2    21    15     0     3  -193.0    1.327  -52.459    784.5    903.4
     1     1    11     2    21    14     0     2  -194.0    1.413  -52.162    754.6    908.2
     1     1    11     2    21    13     0     1  -195.0    1.503  -51.811    725.3    914.6
     1     1    11     2    21    12     0     0  -196.0    1.596  -51.429    694.2    921.8
     1     1    11     2    21    11     0     1  -197.0    1.682  -51.076    653.7    930.5
     1     1    11     2    21    10     0     2  -198.0    1.759  -50.781    610.6    937.4
     1     1    11     2    21     9     0     3  -199.0    1.825  -50.520    570.1    942.4
     1     1    11     2    21     8     0     2  -200.0    1.889  -50.265    525.9    948.1
     1     1    11     2    21     7     0     1  -201.0    1.962  -49.992    477.1    955.7
     1     1    11     2    21     6     0     0  -202.0    2.048  -49.710    433.2    961.4
     1     1    11     2    21     5     0     1  -203.0    2.135  -49.424    401.6    965.2
     1     1    11     2    21     4     0     2  -204.0    2.212  -49.128    383.7    967.4
     1     1    11     2    21     3     0     3  -205.0    2.282  -48.815    375.7    968.3
     1     1    11     2    21     2     0     2  -206.0    2.349  -48.499    371.9    968.5
     1     1    11     2    21     1     0     1  -207.0    2.414  -48.192    369.7    968.7
     1     1    11     2    21     0     0     0  -208.0    2.480  -47.894    368.6    968.8
     1     1    11     2    20    23     0     1  -209.0    2.545  -47.601    367.9    968.1
     1     1    11     2    20    22     0     2  -210.0    2.613  -47.311    365.7    967.5
     1     1    11     2    20    21     0     3  -211.0    2.682  -47.027    359.4    967.3
     1     1    11     2    20    20     0     2  -212.0    2.753  -46.743    348.4    968.7
     1     1    11     2    20    19     0     1  -213.0    2.827  -46.446    336.7    970.4
     1     1    11     2    20    18     0     0  -214.0    2.903  -46.136    329.1    971.5
     1     1    11     2    20    17     0     1  -215.0    2.983  -45.821    328.8    972.4
     1     1    11     2    20    16     0     2  -216.0    3.072  -45.512    334.5    972.1
     1     1    11     2    20    15     0     3  -217.0    3.169  -45.209    341.9    971.9
     1     1    11     2    20    14     0     2  -218.0    3.272  -44.913    344.9    970.9
     1     1    11     2    20    13     0     1  -219.0    3.379  -44.618    341.7    971.4
     1     1    11     2    20    12     0     0  -220.0    3.493  -44.319    336.9    972.0
     1     1    11     2    20    11     0     1  -221.0    3.610  -44.014    330.5    972.1
     1     1    11     2    20    10     0     2  -222.0    3.726  -43.707    324.6    972.8
     1     1    11     2    20     9     0     3  -223.0    3.839  -43.407    325.2    972.6
     1     1    11     2    20     8     0     2  -224.0    3.948  -43.113    333.3    971.5
     1     1    11     2    20     7     0     1  -225.0    4.058  -42.820    342.7    970.0
     1     1    11     2    20     6     0     0  -226.0    4.173  -42.530    350.6    969.2
     1     1    11     2    20     5     0     1  -227.0    4.287  -42.246    359.5    968.7
     1     1    11     2    20     4     0     2  -228.0    4.393  -41.966    370.7    967.8
     1     1    11     2    20     3     0     3  -229.0    4.493  -41.687    382.2    966.6
     1     1    11     2    20     2     0     2  -230.0    4.591  -41.407    392.6    965.7
     1     1    11     2    20     1     0     1  -231.0    4.687  -41.128    401.7    964.9
     1     1    11     2    20     0     0     0  -232.0    4.774  -40.855    409.0    964.4
     1     1    11     2    19    23     0     1  -233.0    4.862  -40.585    416.4    963.4
     1     1    11     2    19    22     0     2  -234.0    4.962  -40.317    425.2    962.0
     1     1    11     2    19    21     0     3  -235.0    5.074  -40.051    435.2    960.5
     1     1    11     2    19    20     0     2  -236.0    5.199  -39.780    442.2    959.0
     1     1    11     2    19    19     0     1  -237.0    5.340  -39.500    443.2    958.9
     1     1    11     2    19    18     0     0  -238.0    5.497  -39.208    440.7    959.1
     1     1    11     2    19    17     0     1  -239.0    5.666  -38.907    440.0    960.0
     1     1    11     2    19    16     0     2  -240.0    5.842  -38.602    443.8    959.6
     1     1    11     2    19    15     0     3  -241.0    6.022  -38.299    451.2    959.1
     1     1    11     2    19    14     0     2  -242.0    6.203  -37.997    464.4    958.3
     1     1    11     2    19    13     0     1  -243.0    6.383  -37.696    483.9    956.3
     1     1    11     2    19    12     0     0  -244.0    6.562  -37.394    506.7    954.0
     1     1    11     2    19    11     0     1  -245.0    6.734  -37.091    528.5    950.8
     1     1    11     2    19    10     0     2  -246.0    6.899  -36.784    548.3    948.6
     1     1    11     2    19     9     0     3  -247.0    7.062  -36.472    569.9    946.1
     1     1    11     2    19     8     0     2  -248.0    7.223  -36.163    592.7    943.5
     1     1    11     2    19     7     0     1  -249.0    7.382  -35.866    614.3    941.2
     1     1    11     2    19     6     0     0  -250.0    7.538  -35.582    632.7    939.1
     1     1    11     2    19     5     0     1  -251.0    7.690  -35.305    644.9    937.9
     1     1    11     2    19     4     0     2  -252.0    7.839  -35.024    650.3    937.8
     1     1    11     2    19     3     0     3  -253.0    7.988  -34.733    648.7    938.2
     1     1    11     2    19     2     0     2  -254.0    8.140  -34.434    643.0    939.4
     1     1    11     2    19     1     0     1  -255.0    8.302  -34.130    638.3    940.2
     1     1    11     2    19     0     0     0  -256.0    8.475  -33.823    636.5    940.5
     1     1    11     2    18    23     0     1  -257.0    8.649  -33.520    638.5    940.0
     1     1    11     2    18    22     0     2  -258.0    8.818  -33.226    644.5    939.0
     1     1    11     2    18    21     0     3  -259.0    8.982  -32.943    654.4    937.6
     1     1    11     2    18    20     0     2  -260.0    9.143  -32.668    666.0    935.9
     1     1    11     2    18    19     0     1  -261.0    9.302  -32.400    676.9    934.6
     1     1    11     2    18    18     0     0  -262.0    9.463  -32.136    687.1    933.3
     1     1    11     2    18    17     0     1  -263.0    9.616  -31.875    695.9    932.9
     1     1    11     2    18    16     0     2  -264.0    9.748  -31.616    703.2    932.8
     1     1    11     2    18    15     0     3  -265.0    9.857  -31.360    711.5    932.8
     1     1    11     2    18    14     0     2  -266.0    9.959  -31.105    720.8    931.8
     1     1    11     2    18    13     0     1  -267.0   10.069  -30.850    727.7    931.0
     1     1    11     2    18    12     0     0  -268.0   10.191  -30.593    730.0    930.9
     1     1    11     2    18    11     0     1  -269.0   10.318  -30.335    733.1    930.8
     1     1    11     2    18    10     0     2  -270.0   10.443  -30.077    742.1    929.4
     1     1    11     2    18     9     0     3  -271.0   10.561  -29.819    755.8    927.5
     1     1    11     2    18     8     0     2  -272.0   10.678  -29.562    769.7    925.3
     1     1    11     2    18     7     0     1  -273.0   10.799  -29.305    780.7    924.0
     1     1    11     2    18     6     0     0  -274.0   10.925  -29.049    792.2    922.8
     1     1    11     2    18     5     0     1  -275.0   11.046  -28.796    803.7    921.6
     1     1    11     2    18     4     0     2  -276.0   11.156  -28.545    810.8    921.1
     1     1    11     2    18     3     0     3  -277.0   11.256  -28.296    812.2    921.3
     1     1    11     2    18     2     0     2  -278.0   11.359  -28.048    813.3    922.0
     1     1    11     2    18     1     0     1  -279.0   11.481  -27.806    820.0    921.7
     1     1    11     2    18     0     0     0  -280.0   11.621  -27.570    834.1    920.6
     1     1    11     2    17    23     0     1  -281.0   11.773  -27.338    849.5    918.1
     1     1    11     2    17    22     0     2  -282.0   11.934  -27.105    857.6    916.8
     1     1    11     2    17    21     0     3  -283.0   12.108  -26.863    856.7    916.7
     1     1    11     2    17    20     0     2  -284.0   12.289  -26.614    855.6    917.4
     1     1    11     2    17    19     0     1  -285.0   12.465  -26.366    861.0    916.4
     1     1    11     2    17    18     0     0  -286.0   12.634  -26.120    870.3    915.1
     1     1    11     2    17    17     0     1  -287.0   12.800  -25.871    881.7    914.0
     1     1    11     2    17    16     0     2  -288.0   12.968  -25.610    894.4    912.8
     1     1    11     2    17    15     0     3  -289.0   13.135  -25.340    907.3    911.4
     1     1    11     2    17    14     0     2  -290.0   13.302  -25.065    919.3    910.4
     1     1    11     2    17    13     0     1  -291.0   13.468  -24.783    931.7    909.6
     1     1    11     2    17    12     0     0  -292.0   13.635  -24.492    948.5    908.3
     1     1    11     2    17    11     0     1  -293.0   13.801  -24.195    971.0    905.7
     1     1    11     2    17    10     0     2  -294.0   13.966  -23.899    997.8    902.6
     1     1    11     2    17     9     0     3  -295.0   14.132  -23.608   1031.3    899.1
     1     1    11     2    17     8     0     2  -296.0   14.295  -23.327   1071.0    894.3
     1     1    11     2    17     7     0     1  -297.0   14.456  -23.055   1106.1    890.2
     1     1    11     2    17     6     0     0  -298.0   14.618  -22.790   1131.7    887.6
     1     1    11     2    17     5     0     1  -299.0   14.777  -22.527   1147.7    886.0
     1     1    11     2    17     4     0     2  -300.0   14.930  -22.259   1153.7    885.5
     1     1    11     2    17     3     0     3  -301.0   15.083  -21.988   1153.0    885.8
     1     1    11     2    17     2     0     2  -302.0   15.241  -21.714   1154.4    886.5
     1     1    11     2    17     1     0     1  -303.0   15.406  -21.445   1163.9    885.8
     1     1    11     2    17     0     0     0  -304.0   15.578  -21.185   1180.5    884.4
     1     1    11     2    16    23     0     1  -305.0   15.751  -20.940   1203.4    881.8
     1     1    11     2    16    22     0     2  -306.0   15.916  -20.714   1231.9    878.7
     1     1    11     2    16    21     0     3  -307.0   16.071  -20.512   1265.5    875.1
     1     1    11     2    16    20     0     2  -308.0   16.219  -20.325   1303.5    870.7
     1     1    11     2    16    19     0     1  -309.0   16.360  -20.147   1345.5    866.2
     1     1    11     2    16    18     0     0  -310.0   16.493  -19.982   1393.4    861.1
     1     1    11     2    16    17     0     1  -311.0   16.614  -19.828   1441.5    855.9
     1     1    11     2    16    16     0     2  -312.0   16.721  -19.677   1484.4    852.2
     1     1    11     2    16    15     0     3  -313.0   16.816  -19.530   1525.6    848.2
     1     1    11     2    16    14     0     2  -314.0   16.901  -19.383   1564.4    844.5
     1     1    11     2    16    13     0     1  -315.0   16.979  -19.231   1597.5    841.4
     1     1    11     2    16    12     0     0  -316.0   17.050  -19.070   1620.9    839.2
     1     1    11     2    16    11     0     1  -317.0   17.116  -18.905   1637.8    837.8
     1     1    11     2    16    10     0     2  -318.0   17.177  -18.742   1654.9    836.0
     1     1    11     2    16     9     0     3  -319.0   17.234  -18.582   1674.7    833.9
     1     1    11     2    16     8     0     2  -320.0   17.286  -18.422   1698.2    831.3
     1     1    11     2    16     7     0     1  -321.0   17.334  -18.261   1725.2    828.3
     1     1    11     2    16     6     0     0  -322.0   17.379  -18.101   1755.5    825.1
     1     1    11     2    16     5     0     1  -323.0   17.428  -17.944   1778.9    822.0
     1     1    11     2    16     4     0     2  -324.0   17.491  -17.792   1785.3    821.6
     1     1    11     2    16     3     0     3  -325.0   17.566  -17.641   1774.9    822.7
     1     1    11     2    16     2     0     2  -326.0   17.645  -17.486   1764.4    825.6
     1     1    11     2    16     1     0     1  -327.0   17.719  -17.327   1771.3    825.4
     1     1    11     2    16     0     0     0  -328.0   17.785  -17.167   1798.7    823.2
     1     1    11     2    15    23     0     1  -329.0   17.843  -16.981   1845.1    818.3
     1     1    11     2    15    22     0     2  -330.0   17.899  -16.744   1906.7    812.0
     1     1    11     2    15    21     0     3  -331.0   17.959  -16.450   1986.8    804.4
     1     1    11     2    15    20     0     2  -332.0   18.024  -16.127   2082.5    794.5
     1     1    11     2    15    19     0     1  -333.0   18.085  -15.806   2167.3    784.4
     1     1    11     2    15    18     0     0  -334.0   18.140  -15.492   2206.3    778.0
     1     1    11     2    15    17     0     1  -335.0   18.211  -15.205   2199.4    779.2
     1     1    11     2    15    16     0     2  -336.0   18.310  -14.951   2180.7    781.2
